19.779 0.123 151.930 88.000 104.000 28.000
19.778 0.656 151.967 106.000 117.000 45.000
20.313 -0.410 151.925 97.000 110.000 39.000
20.312 0.122 151.961 98.000 113.000 30.000
20.311 0.654 151.998 84.000 101.000 27.000
20.845 0.121 151.992 78.000 93.000 27.000
19.746 1.151 152.535 111.000 122.000 50.000
20.282 -0.447 152.456 74.000 87.000 28.000
20.281 0.086 152.493 90.000 107.000 26.000
20.280 0.618 152.529 73.000 94.000 20.000
20.814 0.084 152.524 113.000 124.000 47.000
20.813 0.617 152.561 91.000 105.000 34.000
21.346 0.083 152.555 91.000 98.000 49.000
19.715 1.115 153.066 100.000 114.000 37.000
19.714 1.647 153.103 119.000 129.000 56.000
20.250 0.049 153.024 104.000 117.000 39.000
20.249 0.581 153.061 106.000 119.000 38.000
20.248 1.114 153.097 101.000 116.000 33.000
20.783 0.048 153.055 119.000 133.000 43.000
20.782 0.580 153.092 114.000 127.000 41.000
20.780 1.113 153.129 109.000 121.000 40.000
21.316 -0.486 153.050 81.000 88.000 41.000
21.315 0.047 153.087 130.000 142.000 58.000
21.314 0.579 153.123 120.000 131.000 54.000
21.313 1.112 153.160 110.000 119.000 52.000
19.684 1.078 153.598 72.000 91.000 20.000
19.683 1.611 153.634 112.000 124.000 45.000
19.682 2.143 153.671 104.000 113.000 50.000
20.219 0.012 153.556 115.000 128.000 43.000
20.218 0.545 153.592 120.000 134.000 42.000
20.217 1.077 153.629 117.000 132.000 39.000
20.216 1.610 153.666 99.000 111.000 35.000
20.215 2.142 153.702 76.000 83.000 36.000
20.753 -0.521 153.550 88.000 96.000 38.000
20.752 0.011 153.587 130.000 145.000 44.000
20.750 0.544 153.624 134.000 148.000 47.000
20.749 1.076 153.660 123.000 139.000 38.000
20.748 1.609 153.697 93.000 108.000 31.000
21.285 -0.522 153.582 95.000 104.000 42.000
21.284 0.010 153.618 132.000 147.000 47.000
21.283 0.543 153.655 128.000 142.000 45.000
21.282 1.075 153.691 125.000 138.000 47.000
21.281 1.608 153.728 71.000 81.000 30.000
21.817 0.009 153.649 125.000 135.000 63.000
21.816 0.542 153.686 116.000 126.000 55.000
21.815 1.074 153.722 92.000 100.000 44.000
19.654 0.509 154.093 104.000 115.000 42.000
19.653 1.042 154.129 86.000 102.000 29.000
19.652 1.574 154.166 98.000 113.000 35.000
19.651 2.107 154.202 114.000 126.000 48.000
20.188 -0.024 154.087 130.000 144.000 50.000
20.187 0.508 154.124 132.000 147.000 49.000
20.186 1.041 154.160 118.000 134.000 36.000
20.185 1.573 154.197 117.000 132.000 38.000
20.183 2.106 154.234 109.000 121.000 41.000
20.720 -0.025 154.118 125.000 142.000 37.000
20.719 0.507 154.155 128.000 144.000 38.000
20.718 1.040 154.192 119.000 135.000 33.000
20.717 1.572 154.228 106.000 123.000 30.000
20.716 2.104 154.265 78.000 95.000 25.000
21.253 -0.026 154.150 125.000 141.000 37.000
21.252 0.506 154.186 130.000 146.000 40.000
21.251 1.039 154.223 127.000 143.000 40.000
21.250 1.571 154.259 114.000 127.000 42.000
21.786 -0.027 154.181 116.000 129.000 43.000
21.785 0.505 154.217 119.000 132.000 45.000
21.784 1.038 154.254 124.000 136.000 50.000
21.783 1.570 154.290 89.000 96.000 44.000
22.319 -0.028 154.212 82.000 89.000 41.000
19.623 0.473 154.624 75.000 88.000 29.000
19.622 1.005 154.661 73.000 88.000 25.000
19.621 1.538 154.697 76.000 94.000 23.000
19.620 2.070 154.734 99.000 111.000 39.000
19.619 2.602 154.770 77.000 84.000 39.000
20.157 -0.061 154.619 124.000 134.000 56.000
20.156 0.472 154.655 119.000 132.000 48.000
20.155 1.004 154.692 95.000 110.000 31.000
20.153 1.537 154.729 110.000 126.000 34.000
20.152 2.069 154.765 118.000 133.000 42.000
20.151 2.601 154.802 82.000 89.000 40.000
20.689 -0.062 154.650 144.000 158.000 67.000
20.688 0.471 154.687 126.000 140.000 49.000
20.687 1.003 154.723 101.000 118.000 28.000
20.686 1.536 154.760 87.000 107.000 23.000
20.685 2.068 154.796 101.000 116.000 35.000
21.222 -0.063 154.681 128.000 141.000 52.000
21.221 0.470 154.718 120.000 134.000 42.000
21.220 1.002 154.754 117.000 131.000 40.000
21.219 1.534 154.791 114.000 127.000 42.000
21.756 -0.596 154.676 90.000 98.000 38.000
21.755 -0.064 154.712 128.000 141.000 52.000
21.754 0.469 154.749 113.000 126.000 41.000
21.753 1.001 154.785 117.000 129.000 46.000
21.752 1.533 154.822 103.000 113.000 46.000
22.289 -0.597 154.707 76.000 82.000 37.000
22.288 -0.065 154.743 112.000 124.000 45.000
22.287 0.468 154.780 110.000 120.000 49.000
22.286 1.000 154.816 97.000 104.000 49.000
19.589 2.034 155.265 86.000 101.000 31.000
20.125 0.435 155.187 109.000 120.000 47.000
20.123 0.968 155.223 94.000 108.000 34.000
20.122 1.500 155.260 103.000 118.000 32.000
20.121 2.032 155.297 115.000 129.000 40.000
20.120 2.565 155.333 102.000 112.000 44.000
20.658 -0.098 155.181 139.000 143.000 73.000
20.657 0.434 155.218 111.000 123.000 48.000
20.656 0.967 155.255 112.000 126.000 38.000
20.655 1.499 155.291 103.000 121.000 29.000
20.654 2.031 155.328 96.000 114.000 27.000
21.191 -0.099 155.213 80.000 87.000 40.000
21.190 0.433 155.249 104.000 115.000 41.000
21.189 0.966 155.286 106.000 119.000 37.000
21.188 1.498 155.322 116.000 131.000 38.000
21.187 2.030 155.359 87.000 103.000 27.000
21.724 -0.100 155.244 122.000 136.000 42.000
21.723 0.432 155.280 123.000 137.000 46.000
21.722 0.964 155.317 123.000 136.000 47.000
21.721 1.497 155.353 123.000 136.000 49.000
22.258 -0.634 155.238 101.000 111.000 44.000
22.257 -0.101 155.275 124.000 138.000 46.000
22.256 0.431 155.311 120.000 133.000 46.000
22.254 0.963 155.348 123.000 134.000 54.000
22.253 1.496 155.384 103.000 112.000 48.000
19.558 1.997 155.797 76.000 92.000 25.000
19.556 2.529 155.833 75.000 86.000 34.000
20.093 0.399 155.718 104.000 116.000 40.000
20.092 0.931 155.755 108.000 122.000 37.000
20.091 1.464 155.792 94.000 112.000 26.000
20.090 1.996 155.828 115.000 130.000 38.000
20.089 2.528 155.865 113.000 123.000 50.000
20.627 -0.135 155.713 118.000 129.000 53.000
20.626 0.398 155.750 124.000 138.000 45.000
20.625 0.930 155.786 126.000 143.000 39.000
20.624 1.462 155.823 119.000 135.000 34.000
20.623 1.995 155.859 118.000 133.000 38.000
20.622 2.527 155.896 89.000 97.000 41.000
21.160 -0.136 155.744 137.000 149.000 59.000
21.159 0.397 155.781 129.000 143.000 46.000
21.158 0.929 155.817 132.000 148.000 43.000
21.157 1.461 155.854 123.000 138.000 39.000
21.156 1.994 155.890 99.000 116.000 31.000
21.693 -0.137 155.775 130.000 144.000 48.000
21.692 0.396 155.812 131.000 146.000 44.000
21.691 0.928 155.848 132.000 148.000 43.000
21.690 1.460 155.885 124.000 138.000 43.000
22.226 -0.138 155.806 131.000 146.000 47.000
22.224 0.394 155.843 131.000 146.000 45.000
22.223 0.927 155.879 129.000 144.000 44.000
22.222 1.459 155.916 126.000 139.000 51.000
22.758 -0.139 155.837 121.000 132.000 58.000
22.757 0.393 155.874 113.000 124.000 51.000
22.756 0.926 155.910 116.000 126.000 52.000
18.998 -0.168 156.151 71.000 87.000 25.000
19.528 1.428 156.292 69.000 82.000 23.000
19.526 1.961 156.328 75.000 90.000 24.000
20.062 0.362 156.250 87.000 101.000 30.000
20.061 0.895 156.286 101.000 116.000 33.000
20.060 1.427 156.323 99.000 118.000 27.000
20.059 1.959 156.360 116.000 131.000 37.000
20.058 2.492 156.396 110.000 121.000 48.000
20.596 -0.171 156.244 100.000 113.000 39.000
20.595 0.361 156.281 123.000 137.000 47.000
20.594 0.894 156.318 115.000 131.000 34.000
20.593 1.426 156.354 115.000 131.000 31.000
20.592 1.958 156.391 119.000 135.000 35.000
20.591 2.491 156.427 101.000 111.000 42.000
21.129 -0.172 156.276 138.000 151.000 61.000
21.128 0.360 156.312 130.000 144.000 47.000
21.127 0.892 156.349 128.000 145.000 37.000
21.126 1.425 156.385 119.000 135.000 33.000
21.125 1.957 156.422 108.000 124.000 33.000
21.662 -0.173 156.307 130.000 144.000 50.000
21.661 0.359 156.343 134.000 150.000 43.000
21.660 0.891 156.380 135.000 152.000 38.000
21.659 1.424 156.416 122.000 138.000 37.000
21.657 1.956 156.453 71.000 83.000 26.000
22.194 -0.174 156.338 144.000 158.000 59.000
22.193 0.358 156.374 146.000 160.000 55.000
22.192 0.890 156.411 135.000 151.000 43.000
22.191 1.423 156.447 129.000 143.000 49.000
22.727 -0.176 156.369 141.000 152.000 67.000
22.726 0.357 156.405 126.000 138.000 53.000
22.725 0.889 156.442 122.000 135.000 47.000
22.724 1.422 156.478 111.000 121.000 54.000
19.498 0.859 156.787 79.000 88.000 37.000
19.496 1.392 156.823 85.000 97.000 34.000
19.495 1.924 156.860 75.000 85.000 28.000
20.031 0.326 156.781 86.000 96.000 36.000
20.030 0.858 156.818 110.000 122.000 46.000
20.029 1.391 156.855 73.000 88.000 20.000
20.028 1.923 156.891 115.000 129.000 39.000
20.027 2.455 156.928 109.000 119.000 50.000
20.564 0.325 156.813 94.000 105.000 37.000
20.563 0.857 156.849 107.000 122.000 36.000
20.562 1.389 156.886 113.000 128.000 35.000
20.561 1.922 156.922 117.000 133.000 37.000
20.560 2.454 156.959 114.000 125.000 49.000
21.098 -0.209 156.807 89.000 96.000 42.000
21.097 0.324 156.844 124.000 137.000 51.000
21.096 0.856 156.880 112.000 126.000 35.000
21.095 1.388 156.917 118.000 134.000 36.000
21.094 1.921 156.953 110.000 124.000 36.000
21.093 2.453 156.990 90.000 98.000 41.000
21.631 -0.210 156.838 113.000 125.000 56.000
21.630 0.322 156.875 132.000 146.000 50.000
21.629 0.855 156.911 130.000 147.000 40.000
21.627 1.387 156.948 121.000 137.000 36.000
22.163 -0.211 156.869 116.000 128.000 60.000
22.162 0.321 156.906 140.000 159.000 56.000
22.161 0.854 156.942 140.000 156.000 45.000
22.160 1.386 156.979 131.000 145.000 47.000
22.159 1.919 157.015 79.000 88.000 37.000
22.696 -0.212 156.900 134.000 146.000 70.000
22.695 0.320 156.937 132.000 145.000 55.000
22.694 0.853 156.973 129.000 143.000 48.000
22.693 1.385 157.010 130.000 141.000 59.000
23.228 0.319 156.968 95.000 104.000 46.000
23.227 0.852 157.004 79.000 89.000 34.000
19.999 0.822 157.349 82.000 91.000 34.000
19.998 1.354 157.386 88.000 103.000 29.000
19.997 1.886 157.423 103.000 118.000 35.000
19.996 2.419 157.459 92.000 101.000 42.000
20.533 0.288 157.344 86.000 99.000 31.000
20.532 0.821 157.381 102.000 114.000 40.000
20.531 1.353 157.417 106.000 120.000 34.000
20.530 1.885 157.454 116.000 131.000 34.000
20.529 2.418 157.490 105.000 117.000 42.000
21.067 -0.245 157.339 71.000 80.000 32.000
21.066 0.287 157.375 120.000 133.000 50.000
21.065 0.819 157.412 125.000 138.000 50.000
21.064 1.352 157.448 116.000 131.000 37.000
21.063 1.884 157.485 119.000 135.000 37.000
21.062 2.417 157.521 111.000 123.000 47.000
21.600 -0.246 157.370 86.000 93.000 48.000
21.599 0.286 157.406 148.000 165.000 70.000
21.597 0.818 157.443 143.000 160.000 59.000
21.596 1.351 157.479 124.000 138.000 43.000
21.595 1.883 157.516 86.000 102.000 28.000
22.131 0.285 157.437 159.000 177.000 73.000
22.130 0.817 157.474 144.000 160.000 49.000
22.129 1.350 157.510 128.000 142.000 46.000
22.128 1.882 157.547 84.000 96.000 33.000
22.665 -0.249 157.432 121.000 131.000 67.000
22.664 0.284 157.468 142.000 155.000 64.000
22.663 0.816 157.505 132.000 146.000 46.000
22.662 1.349 157.541 126.000 138.000 53.000
22.661 1.881 157.578 75.000 81.000 40.000
23.198 -0.250 157.463 85.000 92.000 53.000
23.197 0.283 157.499 113.000 122.000 55.000
23.196 0.815 157.536 107.000 118.000 45.000
19.968 0.785 157.881 80.000 89.000 34.000
19.965 2.382 157.991 76.000 85.000 33.000
20.502 0.252 157.876 75.000 90.000 25.000
20.501 0.784 157.912 88.000 102.000 32.000
20.500 1.316 157.949 78.000 97.000 22.000
20.499 1.849 157.985 102.000 116.000 32.000
20.498 2.381 158.022 116.000 128.000 49.000
21.035 0.251 157.907 114.000 125.000 52.000
21.034 0.783 157.943 113.000 126.000 44.000
21.033 1.315 157.980 113.000 128.000 36.000
21.032 1.848 158.016 115.000 130.000 37.000
21.030 2.380 158.053 117.000 129.000 48.000
21.567 0.249 157.938 146.000 159.000 69.000
21.566 0.782 157.974 135.000 149.000 51.000
21.565 1.314 158.011 123.000 138.000 40.000
21.564 1.847 158.047 114.000 128.000 39.000
22.100 0.248 157.969 159.000 173.000 82.000
22.099 0.781 158.005 145.000 160.000 52.000
22.098 1.313 158.042 131.000 146.000 46.000
22.097 1.846 158.078 102.000 113.000 43.000
22.634 -0.285 157.963 92.000 96.000 58.000
22.633 0.247 158.000 143.000 158.000 73.000
22.632 0.780 158.036 137.000 151.000 49.000
22.631 1.312 158.073 132.000 144.000 59.000
22.630 1.845 158.109 84.000 90.000 46.000
23.166 0.246 158.031 122.000 132.000 65.000
23.165 0.779 158.067 118.000 130.000 50.000
23.164 1.311 158.104 100.000 107.000 52.000
20.470 0.747 158.444 69.000 85.000 23.000
20.468 1.812 158.517 82.000 99.000 24.000
20.467 2.345 158.553 102.000 113.000 44.000
20.466 2.877 158.590 77.000 82.000 44.000
21.004 0.214 158.438 83.000 94.000 32.000
21.003 0.746 158.475 96.000 110.000 33.000
21.002 1.279 158.511 103.000 117.000 34.000
21.000 1.811 158.548 108.000 122.000 36.000
20.999 2.344 158.584 113.000 125.000 47.000
21.536 0.213 158.469 124.000 134.000 57.000
21.535 0.745 158.506 122.000 136.000 44.000
21.534 1.278 158.542 123.000 137.000 43.000
21.533 1.810 158.579 120.000 134.000 45.000
21.532 2.343 158.615 92.000 100.000 44.000
22.069 0.212 158.500 169.000 182.000 92.000
22.068 0.744 158.537 144.000 158.000 55.000
22.067 1.277 158.573 127.000 141.000 43.000
22.066 1.809 158.610 117.000 130.000 48.000
22.602 0.211 158.531 161.000 174.000 85.000
22.601 0.743 158.568 136.000 150.000 51.000
22.600 1.276 158.604 131.000 144.000 54.000
22.599 1.808 158.641 120.000 130.000 62.000
23.135 0.210 158.562 137.000 145.000 82.000
23.134 0.742 158.599 130.000 141.000 60.000
23.133 1.275 158.635 120.000 130.000 60.000
20.437 1.776 159.048 64.000 83.000 18.000
20.970 1.242 159.043 74.000 93.000 19.000
20.969 1.775 159.079 90.000 105.000 27.000
20.968 2.307 159.116 109.000 119.000 48.000
21.504 0.709 159.037 111.000 124.000 39.000
21.503 1.241 159.074 108.000 121.000 38.000
21.502 1.774 159.110 113.000 127.000 40.000
21.501 2.306 159.147 110.000 119.000 52.000
22.038 0.175 159.032 137.000 148.000 65.000
22.037 0.708 159.068 124.000 139.000 42.000
22.036 1.240 159.105 118.000 132.000 40.000
22.035 1.773 159.141 116.000 130.000 40.000
22.034 2.305 159.178 79.000 84.000 43.000
22.571 0.174 159.063 137.000 147.000 69.000
22.570 0.707 159.099 128.000 142.000 46.000
22.569 1.239 159.136 131.000 145.000 51.000
22.568 1.771 159.172 123.000 135.000 56.000
23.104 0.173 159.094 119.000 127.000 67.000
23.103 0.706 159.130 127.000 138.000 56.000
23.101 1.238 159.167 127.000 138.000 60.000
23.100 1.770 159.203 86.000 91.000 52.000
20.938 1.738 159.611 82.000 99.000 26.000
20.937 2.271 159.647 83.000 98.000 30.000
21.472 1.205 159.605 103.000 117.000 32.000
21.471 1.737 159.642 115.000 127.000 44.000
21.470 2.269 159.678 118.000 128.000 56.000
22.006 0.671 159.600 126.000 140.000 44.000
22.005 1.204 159.636 125.000 139.000 45.000
22.004 1.736 159.673 118.000 131.000 45.000
22.003 2.268 159.709 96.000 103.000 52.000
22.540 0.138 159.594 78.000 86.000 38.000
22.539 0.670 159.631 134.000 148.000 53.000
22.538 1.203 159.667 136.000 149.000 57.000
22.537 1.735 159.704 112.000 121.000 56.000
23.071 0.669 159.662 130.000 141.000 61.000
23.070 1.201 159.698 134.000 145.000 69.000
23.069 1.734 159.735 101.000 106.000 62.000
21.440 1.701 160.173 99.000 113.000 36.000
21.439 2.233 160.210 75.000 85.000 33.000
21.974 1.167 160.168 122.000 137.000 43.000
21.973 1.699 160.204 121.000 133.000 52.000
21.972 2.232 160.241 103.000 109.000 64.000
22.507 1.166 160.199 141.000 155.000 70.000
22.506 1.698 160.235 134.000 143.000 71.000
23.040 0.633 160.193 125.000 136.000 61.000
23.039 1.165 160.230 140.000 149.000 77.000
23.038 1.697 160.266 82.000 86.000 53.000
23.008 1.128 160.761 144.000 154.000 85.000
