24.109584744394514 23.597560941833425 125.50318358560257 156.0 171.0 80.0
24.108519508813217 24.12996634268056 125.53971109474763 148.0 166.0 60.0
24.10745427323192 24.6623717435277 125.57623860389269 143.0 159.0 47.0
24.106389037650622 25.194777144374832 125.61276611303775 130.0 148.0 57.0
24.643402152447514 23.06409030540499 125.4977187953054 93.0 95.0 64.0
24.642336916866217 23.596495706252128 125.53424630445046 158.0 174.0 76.0
24.64127168128492 24.128901107099264 125.57077381359552 143.0 163.0 54.0
24.640206445703626 24.661306507946403 125.60730132274058 141.0 158.0 45.0
24.63914121012233 25.193711908793535 125.64382883188564 118.0 135.0 49.0
25.175089089337924 23.59543047067083 125.56530902329835 140.0 153.0 57.0
25.174023853756626 24.127835871517966 125.60183653244341 146.0 162.0 47.0
25.17295861817533 24.66024127236511 125.63836404158847 145.0 162.0 43.0
25.171893382594032 25.19264667321224 125.6748915507335 73.0 82.0 24.0
25.707841261809623 23.594365235089537 125.59637174214622 141.0 153.0 61.0
26.240593434281326 23.59329999950824 125.62743446099411 99.0 106.0 47.0
23.54576985307492 23.56209866826966 126.00362039928113 168.0 181.0 90.0
23.544704617493625 24.094504069116798 126.04014790842619 144.0 158.0 60.0
23.543639381912328 24.626909469963937 126.07667541757125 136.0 151.0 47.0
23.54257414633103 25.15931487081107 126.11320292671631 114.0 127.0 41.0
23.541508910749734 25.69172027165821 126.14973043586137 111.0 124.0 39.0
24.079587261127923 23.028628031841226 125.99815560898396 97.0 96.0 63.0
24.078522025546626 23.561033432688365 126.03468311812902 167.0 183.0 83.0
24.07745678996533 24.0934388335355 126.07121062727408 146.0 165.0 58.0
24.07639155438403 24.62584423438264 126.10773813641912 139.0 154.0 50.0
24.075326318802734 25.158249635229772 126.14426564556418 97.0 106.0 40.0
24.074261083221437 25.69065503607691 126.18079315470924 122.0 135.0 47.0
24.612339433599626 23.02756279625993 126.02921832783183 78.0 81.0 49.0
24.61127419801833 23.559968197107068 126.06574583697689 152.0 168.0 74.0
24.61020896243703 24.092373597954204 126.10227334612195 144.0 161.0 56.0
24.609143726855734 24.624778998801343 126.13880085526701 139.0 156.0 52.0
24.60807849127444 25.157184399648475 126.17532836441207 103.0 115.0 50.0
25.14509160607133 23.026497560678635 126.06028104667972 108.0 114.0 71.0
25.14402637049003 23.55890296152577 126.09680855582478 154.0 171.0 69.0
25.142961134908738 24.091308362372907 126.13333606496984 143.0 159.0 47.0
25.14189589932744 24.623713763220046 126.1698635741149 140.0 159.0 42.0
25.676778542961735 23.557837725944474 126.12787127467267 149.0 165.0 67.0
25.675713307380438 24.09024312679161 126.16439878381773 147.0 167.0 48.0
25.67464807179914 24.62264852763875 126.20092629296279 145.0 162.0 39.0
26.209530715433438 23.556772490363176 126.15893399352056 144.0 157.0 68.0
26.20846547985214 24.089177891210312 126.1954615026656 141.0 157.0 53.0
26.207400244270843 24.62158329205745 126.23198901181068 111.0 124.0 32.0
23.51577236980833 22.993165758277456 126.49859242266247 130.0 138.0 81.0
23.514707134227034 23.525571159124596 126.53511993180756 157.0 174.0 77.0
23.513641898645737 24.05797655997173 126.57164744095262 146.0 164.0 62.0
23.512576663064443 24.59038196081887 126.60817495009768 142.0 156.0 53.0
23.511511427483146 25.122787361666003 126.64470245924274 121.0 137.0 39.0
23.51044619190185 25.655192762513142 126.6812299683878 133.0 148.0 44.0
23.509380956320552 26.187598163360274 126.71775747753286 126.0 142.0 37.0
24.048524542280035 22.99210052269616 126.52965514151039 115.0 120.0 72.0
24.04745930669874 23.5245059235433 126.56618265065545 166.0 181.0 84.0
24.046394071117444 24.056911324390434 126.60271015980051 151.0 170.0 68.0
24.045328835536147 24.589316725237573 126.63923766894557 142.0 162.0 56.0
24.04426359995485 25.121722126084705 126.67576517809063 113.0 128.0 38.0
24.043198364373552 25.65412752693185 126.71229268723569 124.0 140.0 39.0
24.042133128792255 26.18653292777898 126.74882019638078 120.0 136.0 35.0
24.580211479170444 23.523440687962 126.59724536950334 170.0 184.0 90.0
24.579146243589147 24.055846088809137 126.6337728786484 149.0 164.0 73.0
24.57808100800785 24.58825148965628 126.67030038779346 143.0 161.0 63.0
24.577015772426552 25.12065689050341 126.70682789693852 102.0 113.0 41.0
24.57595053684526 25.65306229135055 126.74335540608358 103.0 118.0 32.0
24.57488530126396 26.185467692197683 126.77988291522864 113.0 128.0 35.0
25.114028887223444 22.989970051533568 126.59178057920617 78.0 83.0 51.0
25.112963651642147 23.522375452380707 126.6283080883512 155.0 171.0 75.0
25.11189841606085 24.054780853227843 126.66483559749626 155.0 174.0 66.0
25.110833180479556 24.587186254074982 126.70136310664132 145.0 166.0 49.0
25.10976794489826 25.119591654922115 126.73789061578641 121.0 137.0 42.0
25.646781059695144 22.988904815952274 126.62284329805404 90.0 93.0 58.0
25.64571582411385 23.52131021679941 126.6593708071991 147.0 163.0 63.0
25.644650588532553 24.053715617646546 126.69589831634416 145.0 166.0 50.0
25.643585352951256 24.586121018493685 126.73242582548922 145.0 165.0 41.0
26.178467996585553 23.520244981218113 126.69043352604699 145.0 158.0 66.0
26.177402761004256 24.05265038206525 126.72696103519205 136.0 150.0 46.0
26.17633752542296 24.585055782912388 126.76348854433714 119.0 134.0 35.0
23.484709650960443 22.956638249132396 127.03009195518892 90.0 94.0 55.0
23.483644415379146 23.489043649979536 127.06661946433401 152.0 165.0 79.0
23.48257917979785 24.02144905082667 127.10314697347907 158.0 175.0 74.0
23.48151394421655 24.55385445167381 127.13967448262413 134.0 148.0 48.0
23.480448708635258 25.086259852520943 127.17620199176916 132.0 148.0 41.0
23.47938347305396 25.618665253368082 127.21272950091422 137.0 153.0 42.0
23.478318237472664 26.151070654215214 127.24925701005928 127.0 143.0 38.0
24.017461823432146 22.9555730135511 127.06115467403681 156.0 166.0 91.0
24.01639658785085 23.48797841439824 127.09768218318187 169.0 184.0 89.0
24.015331352269556 24.020383815245374 127.13420969232693 167.0 181.0 81.0
24.01426611668826 24.552789216092513 127.170737201472 134.0 147.0 56.0
24.01320088110696 25.085194616939646 127.20726471061705 125.0 142.0 36.0
24.012135645525664 25.617600017786785 127.24379221976211 124.0 142.0 32.0
24.011070409944367 26.150005418633917 127.2803197289072 120.0 137.0 34.0
24.550213995903853 22.954507777969802 127.0922173928847 90.0 94.0 56.0
24.549148760322556 23.48691317881694 127.12874490202977 170.0 180.0 93.0
24.54808352474126 24.019318579664077 127.16527241117483 145.0 154.0 81.0
24.54701828915996 24.551723980511216 127.20179992031989 115.0 127.0 54.0
24.545953053578664 25.08412938135835 127.23832742946495 121.0 137.0 36.0
24.544887817997367 25.616534782205488 127.27485493861003 116.0 133.0 31.0
24.543822582416073 26.14894018305262 127.3113824477551 112.0 128.0 32.0
25.082966168375556 22.95344254238851 127.1232801117326 110.0 115.0 76.0
25.08190093279426 23.485847943235644 127.15980762087766 168.0 185.0 82.0
25.08083569721296 24.01825334408278 127.19633513002272 155.0 175.0 68.0
25.079770461631664 24.55065874492992 127.23286263916778 146.0 168.0 56.0
25.07870522605037 25.08306414577705 127.26939014831287 126.0 142.0 38.0
25.077639990469073 25.61546954662419 127.30591765745793 107.0 123.0 32.0
25.615718340847256 22.95237730680721 127.15434283058049 93.0 98.0 59.0
25.61465310526596 23.484782707654347 127.19087033972555 153.0 171.0 63.0
25.61358786968466 24.017188108501482 127.22739784887061 149.0 166.0 45.0
25.612522634103367 24.549593509348625 127.26392535801564 145.0 162.0 43.0
25.61145739852207 25.081998910195757 127.30045286716073 93.0 105.0 29.0
25.610392162940773 25.614404311042897 127.33698037630579 99.0 111.0 34.0
26.147405277737665 23.483717472073053 127.22193305857341 149.0 163.0 65.0
26.146340042156368 24.01612287292019 127.25846056771847 136.0 151.0 45.0
26.14527480657507 24.548528273767328 127.29498807686356 127.0 143.0 40.0
26.67909221462807 24.01505763733889 127.28952328656639 80.0 91.0 31.0
23.453646932112555 22.92011073998733 127.56159148771535 98.0 105.0 55.0
23.452581696531258 23.45251614083447 127.59811899686044 166.0 179.0 86.0
23.45151646094996 23.984921541681604 127.6346465060055 168.0 185.0 81.0
23.450451225368663 24.517326942528744 127.67117401515056 127.0 142.0 44.0
23.449385989787366 25.049732343375876 127.70770152429562 142.0 159.0 48.0
23.44832075420607 25.58213774422302 127.74422903344067 146.0 163.0 49.0
23.447255518624775 26.11454314507015 127.78075654258573 129.0 146.0 40.0
23.446190283043478 26.64694854591729 127.81728405173082 117.0 132.0 38.0
23.986399104584258 22.919045504406032 127.59265420656327 164.0 174.0 90.0
23.98533386900296 23.45145090525317 127.62918171570833 182.0 196.0 92.0
23.984268633421664 23.983856306100307 127.66570922485339 178.0 190.0 80.0
23.983203397840366 24.51626170694745 127.70223673399845 135.0 152.0 41.0
23.982138162259073 25.048667107794582 127.7387642431435 137.0 156.0 32.0
23.981072926677776 25.58107250864172 127.77529175228857 131.0 150.0 29.0
23.98000769109648 26.113477909488854 127.81181926143363 130.0 146.0 40.0
23.97894245551518 26.645883310335993 127.84834677057869 101.0 116.0 33.0
24.51915127705596 22.917980268824735 127.62371692541116 181.0 191.0 110.0
24.518086041474664 23.450385669671878 127.66024443455622 190.0 200.0 99.0
24.51702080589337 23.982791070519013 127.69677194370125 185.0 182.0 105.0
24.515955570312073 24.515196471366153 127.73329945284631 144.0 164.0 51.0
24.514890334730776 25.047601872213285 127.76982696199137 132.0 151.0 32.0
24.51382509914948 25.580007273060424 127.80635447113646 117.0 138.0 22.0
24.51275986356818 26.112412673907556 127.84288198028152 111.0 126.0 31.0
25.051903449527668 22.916915033243445 127.65477964425902 170.0 180.0 101.0
25.05083821394637 23.44932043409058 127.69130715340408 177.0 192.0 86.0
25.049772978365073 23.981725834937716 127.72783466254914 175.0 187.0 82.0
25.048707742783776 24.514131235784856 127.7643621716942 129.0 143.0 44.0
25.04764250720248 25.046536636631988 127.80088968083929 123.0 141.0 32.0
25.04657727162118 25.578942037479127 127.83741718998435 111.0 128.0 28.0
25.584655621999367 22.915849797662148 127.68584236310691 149.0 158.0 88.0
25.58359038641807 23.448255198509283 127.72236987225197 172.0 188.0 78.0
25.582525150836773 23.98066059935642 127.75889738139703 159.0 178.0 66.0
25.581459915255476 24.51306600020356 127.79542489054212 112.0 124.0 37.0
25.580394679674182 25.04547140105069 127.83195239968718 112.0 128.0 32.0
25.579329444092885 25.57787680189783 127.86847990883224 104.0 117.0 34.0
26.116342558889773 23.447189962927986 127.75343259109987 164.0 180.0 80.0
26.11527732330848 23.979595363775122 127.78996010024495 142.0 154.0 54.0
26.648029495780182 23.978530128193825 127.82102281909282 68.0 80.0 25.0
23.42151897768337 23.41598863168941 128.12961852938685 165.0 175.0 92.0
23.420453742102072 23.948394032536545 128.1661460385319 119.0 129.0 56.0
23.419388506520775 24.480799433383684 128.20267354767697 124.0 137.0 47.0
23.418323270939478 25.013204834230816 128.23920105682203 136.0 151.0 47.0
23.41725803535818 25.545610235077955 128.27572856596709 135.0 150.0 45.0
23.416192799776884 26.078015635925087 128.31225607511215 121.0 133.0 46.0
23.41512756419559 26.610421036772227 128.34878358425723 71.0 85.0 22.0
23.95533638573637 22.882517995260972 128.12415373908968 131.0 140.0 71.0
23.954271150155073 23.41492339610811 128.16068124823474 186.0 199.0 92.0
23.953205914573775 23.947328796955247 128.1972087573798 156.0 171.0 76.0
23.95214067899248 24.479734197802387 128.23373626652486 119.0 134.0 39.0
23.95107544341118 25.01213959864952 128.27026377566992 141.0 159.0 37.0
23.950010207829887 25.544544999496658 128.30679128481498 136.0 155.0 33.0
23.94894497224859 26.07695040034379 128.34331879396007 124.0 140.0 38.0
24.488088558208073 22.881452759679675 128.15521645793757 116.0 123.0 70.0
24.487023322626776 23.413858160526814 128.19174396708263 185.0 199.0 92.0
24.48595808704548 23.94626356137395 128.2282714762277 185.0 191.0 94.0
24.484892851464185 24.47866896222109 128.26479898537275 115.0 127.0 38.0
24.483827615882888 25.01107436306822 128.3013264945178 138.0 157.0 34.0
24.48276238030159 25.543479763915364 128.3378540036629 133.0 152.0 29.0
24.481697144720293 26.075885164762497 128.37438151280796 94.0 108.0 26.0
24.480631909138996 26.608290565609636 128.41090902195302 68.0 82.0 22.0
25.020840730679776 22.88038752409838 128.18627917678546 176.0 186.0 103.0
25.019775495098482 23.412792924945517 128.22280668593052 191.0 200.0 97.0
25.018710259517185 23.945198325792653 128.25933419507558 175.0 180.0 89.0
25.017645023935888 24.477603726639796 128.29586170422064 103.0 115.0 37.0
25.01657978835459 25.010009127486928 128.3323892133657 125.0 142.0 32.0
25.015514552773293 25.542414528334067 128.36891672251076 111.0 127.0 27.0
25.55359290315148 22.879322288517088 128.21734189563333 180.0 190.0 111.0
25.552527667570182 23.411727689364223 128.25386940477838 178.0 191.0 95.0
25.551462431988885 23.94413309021136 128.29039691392344 145.0 156.0 79.0
25.550397196407587 24.4765384910585 128.32692442306853 77.0 84.0 30.0
25.54933196082629 25.00894389190563 128.3634519322136 117.0 133.0 34.0
25.548266725244993 25.54134929275277 128.39997944135865 78.0 93.0 19.0
26.085279840041885 23.410662453782926 128.28493212362628 158.0 172.0 78.0
26.084214604460588 23.943067854630062 128.32145963277137 99.0 108.0 45.0
26.082084133297997 25.007878656324333 128.39451465106148 124.0 139.0 43.0
26.0810188977167 25.540284057171473 128.43104216020654 76.0 92.0 21.0
23.390456258835478 23.379461122544342 128.6611180619133 78.0 82.0 38.0
23.38939102325418 23.91186652339148 128.69764557105836 69.0 82.0 25.0
23.388325787672887 24.44427192423862 128.73417308020342 136.0 148.0 59.0
23.38726055209159 24.976677325085753 128.77070058934848 143.0 163.0 55.0
23.386195316510292 25.509082725932892 128.80722809849354 130.0 147.0 38.0
23.385130080928995 26.041488126780024 128.84375560763863 127.0 141.0 45.0
23.924273666888478 22.845990486115905 128.65565327161613 114.0 120.0 73.0
23.923208431307184 23.378395886963048 128.6921807807612 177.0 187.0 93.0
23.922143195725887 23.910801287810184 128.72870828990625 82.0 94.0 31.0
23.92107796014459 24.443206688657323 128.76523579905128 125.0 139.0 45.0
23.920012724563293 24.975612089504455 128.80176330819634 142.0 161.0 44.0
23.918947488981996 25.508017490351595 128.8382908173414 135.0 152.0 38.0
23.9178822534007 26.040422891198727 128.8748183264865 112.0 126.0 39.0
24.457025839360185 22.84492525053461 128.686715990464 157.0 162.0 102.0
24.455960603778887 23.37733065138175 128.72324349960905 207.0 214.0 119.0
24.45489536819759 23.909736052228887 128.75977100875411 98.0 107.0 41.0
24.453830132616293 24.442141453076026 128.79629851789917 110.0 127.0 33.0
24.452764897034996 24.974546853923158 128.83282602704423 133.0 151.0 37.0
24.451699661453702 25.506952254770297 128.86935353618932 132.0 150.0 34.0
24.450634425872405 26.03935765561743 128.90588104533438 84.0 97.0 28.0
24.989778011831888 22.843860014953318 128.7177787093119 154.0 160.0 110.0
24.98871277625059 23.376265415800454 128.75430621845695 210.0 216.0 131.0
24.987647540669293 23.90867081664759 128.790833727602 91.0 97.0 44.0
24.986582305088 24.44107621749473 128.82736123674707 101.0 116.0 30.0
24.985517069506702 24.97348161834186 128.86388874589215 125.0 144.0 32.0
24.984451833925405 25.505887019189 128.90041625503721 114.0 131.0 29.0
25.522530184303587 22.84279477937202 128.74884142815978 184.0 188.0 138.0
25.521464948722294 23.375200180219156 128.78536893730484 213.0 219.0 138.0
25.5193344775597 24.44001098191343 128.858423955595 106.0 118.0 37.0
25.518269241978402 24.972416382760564 128.89495146474005 113.0 132.0 27.0
25.517204006397105 25.504821783607703 128.9314789738851 103.0 118.0 28.0
26.054217121193997 23.37413494463786 128.81643165615273 192.0 194.0 117.0
22.824510896353296 24.408809650674854 129.23460989388195 142.0 159.0 71.0
22.823445660772 24.941215051521986 129.271137403027 136.0 151.0 48.0
22.8223804251907 25.473620452369126 129.30766491217207 144.0 158.0 58.0
22.821315189609408 26.006025853216258 129.34419242131713 125.0 137.0 51.0
23.358328304406296 23.875339014246418 129.22914510358478 95.0 103.0 46.0
23.357263068825 24.407744415093557 129.26567261272984 152.0 169.0 72.0
23.356197833243705 24.94014981594069 129.3022001218749 144.0 163.0 53.0
23.355132597662408 25.47255521678783 129.33872763101996 143.0 158.0 47.0
23.35406736208111 26.00496061763496 129.37525514016505 118.0 132.0 42.0
23.890015241296705 24.40667917951226 129.29673533157774 135.0 149.0 48.0
23.888950005715408 24.939084580359392 129.3332628407228 148.0 167.0 51.0
23.88788477013411 25.471489981206535 129.36979034986788 130.0 147.0 37.0
23.886819534552814 26.003895382053667 129.40631785901294 88.0 100.0 30.0
24.42276741376841 24.405613943930966 129.32779805042563 113.0 126.0 37.0
24.42170217818711 24.9380193447781 129.36432555957072 137.0 154.0 40.0
24.420636942605814 25.470424745625238 129.40085306871575 105.0 121.0 27.0
24.95551958624011 24.40454870834967 129.3588607692735 99.0 111.0 33.0
25.491467465455703 22.80626727022696 129.2803409606862 196.0 196.0 168.0
25.490402229874405 23.338672671074097 129.31686846983126 210.0 213.0 146.0
26.023154402346112 23.3376074354928 129.34793118867915 197.0 196.0 136.0
22.793448177505407 24.37228214152979 129.7661094264084 135.0 148.0 58.0
22.79238294192411 24.904687542376923 129.80263693555347 145.0 159.0 56.0
22.791317706342813 25.437092943224062 129.83916444469853 144.0 159.0 58.0
22.790252470761516 25.969498344071194 129.87569195384359 120.0 132.0 50.0
23.327265585558408 23.838811505101354 129.76064463611124 146.0 159.0 83.0
23.32406987881452 25.436027707642765 129.8702271635464 134.0 151.0 40.0
23.323004643233222 25.968433108489897 129.90675467269148 121.0 135.0 42.0
23.86001775803011 23.837746269520057 129.7917073549591 117.0 127.0 59.0
23.855756815704925 25.9673678729086 129.93781739153937 78.0 94.0 24.0
23.604699584026807 25.232369889101193 125.05020386166343 159.0 170.0 67.0
23.041949928288513 24.664502214690295 125.51411316619694 133.0 147.0 49.0
23.575767336341514 24.131031578261858 125.50864837589974 146.0 161.0 54.0
23.574702100760216 24.663436979108997 125.5451758850448 143.0 159.0 49.0
22.479200272550216 24.09663454027939 125.97802247073038 119.0 130.0 65.0
23.013017680603216 23.563163903850956 125.97255768043321 147.0 159.0 84.0
23.01195244502192 24.095569304698092 126.0090851895783 135.0 149.0 65.0
23.01088720944062 24.62797470554523 126.04561269872336 129.0 142.0 51.0
23.009821973859328 25.160380106392363 126.08214020786842 77.0 89.0 26.0
23.00875673827803 25.692785507239506 126.11866771701348 72.0 86.0 21.0
23.007691502696733 26.22519090808664 126.15519522615854 100.0 119.0 26.0
22.44813755370233 24.060107031134326 126.50952200325683 94.0 101.0 54.0
22.44494184695844 25.657323233675736 126.61910453069204 125.0 138.0 49.0
22.443876611377142 26.18972863452287 126.6556320398371 71.0 87.0 20.0
22.98195496175533 23.526636394705893 126.50405721295967 113.0 122.0 64.0
22.980889726174034 24.05904179555303 126.54058472210473 151.0 167.0 77.0
22.979824490592737 24.591447196400168 126.57711223124979 131.0 144.0 54.0
22.97875925501144 25.1238525972473 126.61363974039485 108.0 120.0 40.0
22.977694019430146 25.65625799809444 126.6501672495399 139.0 154.0 54.0
22.97662878384885 26.18866339894157 126.68669475868496 125.0 140.0 41.0
22.41494436369185 25.088390323683537 127.1140765540734 94.0 103.0 49.0
22.41387912811055 25.620795724530677 127.15060406321847 124.0 138.0 53.0
22.412813892529254 26.15320112537781 127.18713157236353 109.0 121.0 40.0
22.411748656947957 26.685606526224948 127.22365908150859 83.0 101.0 23.0
22.950892242907443 23.490108885560833 127.03555674548609 103.0 109.0 59.0
22.949827007326146 24.02251428640797 127.07208425463118 160.0 174.0 85.0
22.94876177174485 24.554919687255108 127.10861176377624 132.0 143.0 61.0
22.94769653616355 25.08732508810224 127.1451392729213 135.0 149.0 53.0
22.946631300582254 25.61973048894938 127.18166678206636 144.0 162.0 55.0
22.94556606500096 26.15213588979651 127.21819429121142 129.0 145.0 42.0
22.944500829419663 26.68454129064365 127.25472180035648 116.0 131.0 38.0
22.382816409262663 25.58426821538561 127.68210359574489 123.0 137.0 48.0
22.381751173681366 26.11667361623274 127.71863110488995 122.0 135.0 45.0
22.38068593810007 26.64907901707988 127.75515861403501 71.0 92.0 18.0
22.918764288478258 23.9859867772629 127.6035837871576 138.0 150.0 76.0
22.91769905289696 24.51839217811004 127.64011129630266 100.0 109.0 43.0
22.916633817315663 25.050797578957173 127.67663880544772 143.0 160.0 59.0
22.915568581734366 25.583202979804312 127.71316631459278 143.0 161.0 54.0
22.91450334615307 26.115608380651445 127.74969382373784 121.0 136.0 39.0
22.91343811057177 26.648013781498587 127.7862213328829 109.0 124.0 34.0
22.35281892599607 25.01533530539341 128.17707561912627 91.0 99.0 38.0
22.351753690414775 25.54774070624055 128.21360312827133 142.0 159.0 53.0
22.350688454833477 26.080146107087682 128.2501306374164 130.0 141.0 52.0
22.886636334049072 24.48186466896498 128.1716108288291 104.0 114.0 44.0
22.885571098467775 25.014270069812113 128.20813833797416 129.0 142.0 49.0
22.884505862886478 25.546675470659252 128.2446658471192 132.0 147.0 45.0
22.88344062730518 26.079080871506385 128.28119335626425 108.0 119.0 42.0
22.882375391723883 26.611486272353524 128.31772086540934 68.0 82.0 22.0
21.78793879909518 25.51227843267678 128.71403994194986 93.0 102.0 40.0
21.786873563513883 26.044683833523912 128.75056745109492 89.0 101.0 34.0
22.32175620714818 24.978807796248343 128.7085751516527 92.0 102.0 34.0
22.320690971566883 25.511213197095483 128.74510266079776 145.0 161.0 62.0
22.319625735985586 26.043618597942615 128.78163016994282 137.0 148.0 63.0
22.85557361520118 24.445337159819914 128.70311036135553 154.0 171.0 76.0
22.854508379619883 24.977742560667046 128.7396378705006 144.0 162.0 54.0
22.85344314403859 25.51014796151419 128.77616537964565 133.0 148.0 47.0
22.852377908457292 26.04255336236132 128.8126928887907 145.0 158.0 63.0
22.851312672875995 26.57495876320846 128.8492203979358 103.0 115.0 41.0
22.290693488300295 24.942280287103284 129.24007468417915 116.0 127.0 49.0
22.289628252718998 25.474685687950423 129.2766021933242 141.0 154.0 63.0
22.259630769452407 24.90575277795822 129.77157421670557 116.0 125.0 51.0
22.25856553387111 25.43815817880536 129.80810172585063 129.0 141.0 65.0
