24.148 -1.642 177.784 74.000 90.000 24.000
24.681 -1.643 177.815 87.000 106.000 25.000
24.118 -2.211 178.279 143.000 152.000 78.000
24.117 -1.678 178.316 86.000 99.000 28.000
24.651 -2.212 178.310 138.000 148.000 68.000
24.650 -1.680 178.347 112.000 127.000 35.000
25.184 -2.213 178.341 115.000 127.000 49.000
24.087 -2.247 178.811 133.000 145.000 61.000
24.086 -1.715 178.847 101.000 118.000 30.000
24.621 -2.781 178.805 82.000 86.000 51.000
24.620 -2.248 178.842 128.000 140.000 55.000
24.619 -1.716 178.878 110.000 124.000 35.000
25.153 -2.250 178.873 128.000 140.000 54.000
25.152 -1.717 178.909 113.000 128.000 34.000
25.686 -2.251 178.904 125.000 135.000 64.000
24.056 -2.284 179.342 125.000 137.000 52.000
24.055 -1.752 179.379 100.000 119.000 27.000
24.590 -2.817 179.337 86.000 92.000 49.000
24.589 -2.285 179.373 128.000 141.000 51.000
24.588 -1.753 179.410 110.000 126.000 31.000
25.122 -2.286 179.404 125.000 139.000 48.000
25.121 -1.754 179.441 120.000 136.000 34.000
25.655 -2.287 179.435 123.000 135.000 54.000
26.187 -2.288 179.466 105.000 113.000 54.000
24.026 -2.853 179.837 120.000 130.000 56.000
24.025 -2.320 179.873 122.000 136.000 46.000
24.024 -1.788 179.910 99.000 118.000 26.000
24.559 -2.854 179.868 115.000 124.000 54.000
24.558 -2.322 179.905 121.000 135.000 44.000
24.557 -1.789 179.941 100.000 119.000 25.000
25.092 -2.855 179.899 100.000 107.000 53.000
25.091 -2.323 179.936 123.000 136.000 46.000
25.090 -1.790 179.972 119.000 135.000 37.000
25.624 -2.324 179.967 124.000 136.000 52.000
26.156 -2.325 179.998 120.000 131.000 53.000
23.995 -2.889 180.368 125.000 137.000 53.000
23.994 -2.357 180.405 118.000 132.000 41.000
23.993 -1.825 180.442 100.000 119.000 25.000
24.528 -2.890 180.400 125.000 137.000 57.000
24.527 -2.358 180.436 119.000 133.000 42.000
24.526 -1.826 180.473 106.000 124.000 29.000
25.061 -2.892 180.431 121.000 131.000 57.000
25.060 -2.359 180.467 123.000 137.000 47.000
25.059 -1.827 180.504 118.000 132.000 40.000
25.594 -2.893 180.462 104.000 111.000 56.000
25.592 -2.360 180.498 131.000 143.000 54.000
26.125 -2.361 180.529 130.000 142.000 56.000
23.964 -2.926 180.900 109.000 120.000 48.000
23.963 -2.394 180.936 114.000 128.000 39.000
23.962 -1.861 180.973 85.000 96.000 27.000
24.497 -2.927 180.931 127.000 138.000 58.000
24.496 -2.395 180.968 123.000 137.000 44.000
24.495 -1.862 181.004 115.000 131.000 33.000
25.030 -2.928 180.962 126.000 136.000 63.000
25.029 -2.396 180.999 126.000 140.000 45.000
25.028 -1.863 181.035 116.000 132.000 33.000
25.562 -2.929 180.993 102.000 110.000 51.000
25.561 -2.397 181.030 125.000 138.000 47.000
26.094 -2.398 181.061 125.000 137.000 55.000
26.627 -2.399 181.092 81.000 87.000 44.000
23.933 -2.962 181.431 123.000 136.000 52.000
23.932 -2.430 181.468 126.000 138.000 51.000
24.466 -2.964 181.463 127.000 139.000 57.000
24.465 -2.431 181.499 131.000 145.000 49.000
24.464 -1.899 181.536 131.000 147.000 42.000
24.999 -2.965 181.494 118.000 130.000 51.000
24.998 -2.432 181.530 125.000 139.000 42.000
24.997 -1.900 181.567 125.000 141.000 37.000
25.530 -2.433 181.561 127.000 141.000 46.000
25.529 -1.901 181.598 131.000 147.000 42.000
26.063 -2.434 181.592 127.000 138.000 59.000
23.902 -2.999 181.963 114.000 125.000 47.000
23.901 -2.467 181.999 120.000 130.000 57.000
23.900 -1.934 182.036 107.000 117.000 49.000
24.435 -3.000 181.994 126.000 138.000 54.000
24.434 -2.468 182.031 136.000 149.000 53.000
24.433 -1.935 182.067 137.000 153.000 43.000
24.968 -3.001 182.025 131.000 143.000 59.000
24.967 -2.469 182.062 130.000 146.000 42.000
24.965 -1.936 182.098 134.000 151.000 35.000
25.500 -3.002 182.056 103.000 112.000 49.000
25.499 -2.470 182.093 122.000 136.000 41.000
25.498 -1.937 182.129 130.000 146.000 41.000
26.032 -2.471 182.124 114.000 124.000 56.000
26.565 -2.472 182.155 79.000 84.000 43.000
23.870 -2.503 182.531 134.000 143.000 70.000
23.869 -1.971 182.568 105.000 114.000 56.000
24.404 -3.037 182.526 128.000 139.000 60.000
24.403 -2.504 182.562 135.000 148.000 59.000
24.402 -1.972 182.599 142.000 155.000 56.000
24.401 -1.439 182.635 115.000 128.000 44.000
24.937 -3.038 182.557 136.000 147.000 63.000
24.935 -2.505 182.593 135.000 150.000 48.000
24.934 -1.973 182.630 142.000 158.000 43.000
25.469 -3.039 182.588 107.000 117.000 49.000
25.468 -2.506 182.624 125.000 140.000 44.000
25.467 -1.974 182.661 134.000 150.000 44.000
26.001 -2.507 182.655 118.000 130.000 52.000
26.534 -2.508 182.686 86.000 92.000 46.000
24.373 -3.073 183.057 122.000 133.000 58.000
24.372 -2.541 183.094 136.000 146.000 68.000
24.371 -2.008 183.130 135.000 146.000 62.000
24.370 -1.476 183.167 112.000 124.000 43.000
24.905 -3.074 183.088 139.000 151.000 63.000
24.904 -2.542 183.125 143.000 156.000 63.000
24.903 -2.009 183.161 141.000 155.000 55.000
24.902 -1.477 183.198 109.000 127.000 30.000
25.438 -3.075 183.119 134.000 145.000 63.000
25.437 -2.543 183.156 139.000 152.000 59.000
25.436 -2.010 183.192 142.000 156.000 55.000
25.970 -2.544 183.187 129.000 142.000 52.000
25.969 -2.011 183.223 138.000 151.000 54.000
26.503 -2.545 183.218 129.000 139.000 65.000
26.502 -2.013 183.254 140.000 153.000 57.000
27.035 -2.546 183.249 98.000 101.000 59.000
27.034 -2.014 183.285 141.000 152.000 70.000
27.567 -2.015 183.316 92.000 97.000 56.000
24.342 -3.110 183.589 106.000 115.000 56.000
24.341 -2.577 183.625 118.000 127.000 62.000
24.340 -2.045 183.662 99.000 106.000 53.000
24.874 -3.111 183.620 138.000 150.000 64.000
24.873 -2.578 183.656 136.000 148.000 60.000
24.872 -2.046 183.693 133.000 145.000 58.000
24.871 -1.513 183.729 112.000 126.000 40.000
24.870 -0.981 183.766 74.000 91.000 19.000
25.407 -3.112 183.651 122.000 133.000 54.000
25.406 -2.579 183.687 143.000 155.000 64.000
25.405 -2.047 183.724 136.000 149.000 56.000
25.404 -1.515 183.760 92.000 110.000 31.000
25.939 -2.580 183.718 135.000 148.000 54.000
25.938 -2.048 183.755 139.000 154.000 51.000
25.937 -1.516 183.791 113.000 126.000 42.000
26.472 -2.581 183.749 137.000 147.000 70.000
26.471 -2.049 183.786 143.000 156.000 62.000
26.469 -1.517 183.822 126.000 138.000 55.000
27.004 -2.583 183.780 120.000 126.000 72.000
27.003 -2.050 183.817 142.000 154.000 65.000
27.002 -1.518 183.853 136.000 148.000 60.000
27.536 -2.051 183.848 126.000 132.000 74.000
27.535 -1.519 183.884 134.000 143.000 73.000
24.843 -3.147 184.151 122.000 132.000 58.000
24.842 -2.615 184.188 132.000 143.000 63.000
24.841 -2.082 184.224 112.000 122.000 53.000
25.376 -3.148 184.182 113.000 122.000 53.000
25.375 -2.616 184.219 143.000 154.000 65.000
25.374 -2.083 184.255 138.000 150.000 64.000
25.373 -1.551 184.292 85.000 99.000 34.000
25.909 -3.149 184.213 76.000 82.000 35.000
25.908 -2.617 184.250 149.000 160.000 62.000
25.907 -2.085 184.286 131.000 143.000 54.000
25.906 -1.552 184.323 91.000 106.000 36.000
26.441 -2.618 184.281 142.000 153.000 70.000
26.439 -2.086 184.317 136.000 149.000 59.000
26.438 -1.553 184.354 116.000 127.000 54.000
26.973 -2.619 184.312 138.000 144.000 87.000
26.972 -2.087 184.348 141.000 152.000 71.000
26.971 -1.554 184.385 136.000 147.000 69.000
26.970 -1.022 184.421 119.000 128.000 63.000
27.505 -2.088 184.379 136.000 144.000 82.000
27.504 -1.555 184.416 137.000 146.000 83.000
24.811 -2.651 184.719 99.000 106.000 53.000
24.810 -2.119 184.756 94.000 101.000 47.000
25.345 -3.185 184.714 111.000 119.000 61.000
25.344 -2.652 184.750 143.000 153.000 71.000
25.343 -2.120 184.787 129.000 141.000 59.000
25.342 -1.588 184.823 98.000 108.000 42.000
25.878 -3.186 184.745 109.000 117.000 58.000
25.877 -2.653 184.781 142.000 154.000 63.000
25.876 -2.121 184.818 132.000 145.000 55.000
25.875 -1.589 184.854 94.000 111.000 33.000
25.874 -1.056 184.891 62.000 80.000 17.000
26.409 -2.655 184.812 146.000 155.000 77.000
26.408 -2.122 184.849 142.000 153.000 68.000
26.407 -1.590 184.885 109.000 121.000 42.000
26.942 -2.656 184.843 121.000 126.000 78.000
26.941 -2.123 184.880 141.000 154.000 75.000
26.940 -1.591 184.916 140.000 151.000 73.000
26.939 -1.058 184.953 82.000 90.000 39.000
27.474 -2.124 184.911 118.000 124.000 75.000
27.473 -1.592 184.947 116.000 124.000 65.000
25.312 -2.157 185.318 84.000 93.000 39.000
25.846 -2.690 185.313 138.000 150.000 66.000
25.845 -2.158 185.349 131.000 143.000 57.000
25.844 -1.625 185.386 116.000 130.000 41.000
26.378 -2.691 185.344 125.000 135.000 70.000
26.377 -2.159 185.380 142.000 153.000 70.000
26.376 -1.626 185.417 120.000 132.000 47.000
26.910 -2.160 185.411 153.000 162.000 88.000
26.909 -1.627 185.448 128.000 138.000 65.000
26.908 -1.095 185.484 70.000 82.000 28.000
27.443 -2.161 185.442 143.000 148.000 98.000
27.442 -1.628 185.479 120.000 126.000 76.000
25.275 -1.039 176.820 69.000 81.000 29.000
25.214 -1.644 177.846 94.000 112.000 28.000
25.213 -1.112 177.883 76.000 96.000 21.000
25.747 -1.645 177.877 106.000 115.000 50.000
25.746 -1.113 177.914 95.000 105.000 45.000
24.649 -1.147 178.383 75.000 97.000 18.000
25.183 -1.681 178.378 106.000 121.000 31.000
25.182 -1.148 178.414 91.000 111.000 24.000
25.716 -1.682 178.409 122.000 134.000 54.000
25.715 -1.149 178.445 113.000 124.000 49.000
26.248 -1.683 178.440 130.000 137.000 83.000
26.247 -1.150 178.476 126.000 132.000 80.000
24.618 -1.184 178.915 61.000 85.000 12.000
25.151 -1.185 178.946 93.000 113.000 22.000
25.150 -0.652 178.982 89.000 110.000 21.000
25.685 -1.718 178.940 119.000 132.000 45.000
25.684 -1.186 178.977 97.000 114.000 29.000
25.682 -0.653 179.013 94.000 111.000 29.000
26.217 -1.719 178.971 126.000 136.000 62.000
26.216 -1.187 179.008 116.000 126.000 55.000
26.749 -1.188 179.039 120.000 126.000 79.000
24.587 -1.220 179.446 74.000 98.000 15.000
25.120 -1.221 179.477 103.000 122.000 24.000
25.119 -0.689 179.514 89.000 111.000 18.000
25.654 -1.755 179.472 120.000 134.000 41.000
25.652 -1.222 179.508 106.000 122.000 30.000
25.651 -0.690 179.545 102.000 120.000 27.000
26.186 -1.756 179.503 121.000 133.000 49.000
26.185 -1.223 179.539 112.000 125.000 41.000
26.184 -0.691 179.576 109.000 123.000 36.000
26.719 -1.757 179.534 96.000 102.000 55.000
26.718 -1.224 179.570 111.000 120.000 53.000
24.556 -1.257 179.978 74.000 97.000 15.000
25.089 -1.258 180.009 94.000 114.000 23.000
25.088 -0.725 180.045 61.000 85.000 10.000
25.622 -1.791 180.003 120.000 135.000 40.000
25.621 -1.259 180.040 113.000 128.000 36.000
25.620 -0.726 180.076 90.000 110.000 21.000
26.155 -1.792 180.034 121.000 136.000 41.000
26.154 -1.260 180.071 113.000 127.000 35.000
26.153 -0.727 180.107 114.000 130.000 33.000
26.688 -1.793 180.065 122.000 133.000 57.000
26.687 -1.261 180.102 111.000 123.000 45.000
27.220 -1.262 180.133 81.000 88.000 46.000
25.058 -1.294 180.540 77.000 100.000 17.000
25.591 -1.828 180.535 125.000 139.000 43.000
25.590 -1.295 180.571 106.000 123.000 29.000
25.589 -0.763 180.608 75.000 98.000 16.000
26.124 -1.829 180.566 126.000 141.000 42.000
26.123 -1.296 180.602 115.000 131.000 34.000
26.122 -0.764 180.639 112.000 128.000 31.000
26.657 -1.830 180.597 123.000 134.000 53.000
26.656 -1.297 180.633 113.000 126.000 43.000
26.655 -0.765 180.670 117.000 130.000 42.000
27.189 -1.299 180.664 109.000 117.000 56.000
24.494 -1.330 181.041 83.000 103.000 22.000
25.027 -1.331 181.072 85.000 109.000 18.000
25.560 -1.864 181.066 120.000 135.000 38.000
25.559 -1.332 181.103 113.000 130.000 30.000
25.558 -0.799 181.139 77.000 102.000 15.000
26.093 -1.865 181.097 120.000 135.000 41.000
26.092 -1.333 181.134 126.000 141.000 42.000
26.091 -0.801 181.170 122.000 138.000 35.000
26.626 -1.866 181.128 130.000 142.000 55.000
26.625 -1.334 181.165 123.000 136.000 48.000
26.624 -0.802 181.201 117.000 132.000 39.000
27.159 -1.867 181.159 88.000 93.000 53.000
27.158 -1.335 181.196 114.000 123.000 55.000
27.156 -0.803 181.232 110.000 120.000 50.000
24.463 -1.366 181.572 103.000 118.000 31.000
24.995 -1.367 181.603 99.000 120.000 23.000
24.994 -0.835 181.640 75.000 98.000 16.000
25.528 -1.368 181.634 102.000 122.000 25.000
25.527 -0.836 181.671 94.000 114.000 24.000
26.062 -1.902 181.629 128.000 142.000 48.000
26.061 -1.369 181.665 123.000 138.000 41.000
26.060 -0.837 181.702 124.000 139.000 40.000
26.595 -1.903 181.660 133.000 145.000 60.000
26.594 -1.371 181.696 129.000 142.000 53.000
26.593 -0.838 181.733 127.000 141.000 47.000
27.128 -1.904 181.691 121.000 130.000 63.000
27.126 -1.372 181.727 120.000 131.000 55.000
27.125 -0.839 181.764 120.000 132.000 51.000
27.659 -1.373 181.758 86.000 91.000 49.000
27.658 -0.840 181.795 95.000 104.000 47.000
24.432 -1.403 182.104 106.000 118.000 37.000
24.964 -1.404 182.135 120.000 137.000 35.000
24.963 -0.871 182.171 87.000 104.000 28.000
25.497 -1.405 182.166 120.000 134.000 40.000
25.496 -0.873 182.202 101.000 116.000 36.000
26.031 -1.938 182.160 126.000 138.000 54.000
26.030 -1.406 182.197 116.000 128.000 46.000
26.029 -0.874 182.233 98.000 113.000 34.000
26.564 -1.939 182.191 126.000 137.000 59.000
26.563 -1.407 182.228 123.000 134.000 54.000
26.562 -0.875 182.264 96.000 107.000 37.000
27.096 -1.941 182.222 141.000 151.000 71.000
27.095 -1.408 182.259 129.000 140.000 61.000
27.094 -0.876 182.295 123.000 134.000 53.000
27.628 -1.409 182.290 118.000 126.000 64.000
27.627 -0.877 182.327 106.000 115.000 51.000
24.933 -1.440 182.666 118.000 134.000 33.000
25.466 -1.441 182.697 119.000 133.000 41.000
26.000 -1.975 182.692 131.000 144.000 54.000
25.999 -1.443 182.728 124.000 136.000 54.000
25.998 -0.910 182.765 80.000 93.000 31.000
26.533 -1.976 182.723 133.000 144.000 61.000
26.532 -1.444 182.759 130.000 142.000 61.000
27.065 -1.977 182.754 139.000 150.000 67.000
27.064 -1.445 182.790 133.000 144.000 62.000
27.063 -0.912 182.827 118.000 129.000 50.000
27.598 -1.978 182.785 78.000 82.000 48.000
27.597 -1.446 182.821 126.000 134.000 68.000
27.596 -0.913 182.858 119.000 128.000 62.000
24.901 -0.945 183.234 80.000 105.000 16.000
25.435 -1.478 183.229 105.000 123.000 30.000
25.434 -0.946 183.265 59.000 82.000 13.000
25.968 -1.479 183.260 120.000 133.000 45.000
26.501 -1.480 183.291 130.000 142.000 60.000
27.033 -1.481 183.322 134.000 146.000 63.000
27.032 -0.949 183.358 105.000 115.000 46.000
27.566 -1.482 183.353 128.000 137.000 70.000
27.565 -0.950 183.390 125.000 135.000 62.000
27.001 -0.985 183.890 99.000 108.000 45.000
27.534 -0.986 183.921 106.000 115.000 53.000
24.962 -0.339 182.208 101.000 116.000 35.000
25.464 -0.377 182.770 97.000 112.000 35.000
24.900 -0.412 183.271 66.000 80.000 19.000
25.433 -0.413 183.302 83.000 95.000 29.000
26.346 -2.195 185.912 99.000 109.000 43.000
26.879 -2.196 185.943 137.000 146.000 77.000
27.411 -1.665 186.010 96.000 102.000 58.000
24.679 -0.578 177.888 66.000 83.000 20.000
25.212 -0.579 177.919 77.000 94.000 24.000
25.181 -0.616 178.451 98.000 113.000 31.000
24.554 -0.192 180.051 72.000 99.000 11.000
25.024 -0.266 181.145 98.000 120.000 22.000
24.993 -0.303 181.676 120.000 135.000 41.000
25.526 -0.304 181.707 137.000 152.000 52.000
25.495 -0.340 182.239 123.000 137.000 45.000
26.028 -0.341 182.270 129.000 143.000 47.000
25.997 -0.378 182.801 122.000 135.000 49.000
25.966 -0.414 183.333 76.000 85.000 31.000
