26.04995617886881 25.50375654802641 128.96254169273297 89.0 103.0 26.0
25.48614128754922 25.468294274462643 129.46297850641153 81.0 101.0 16.0
26.018893460020923 25.467229038881346 129.49404122525942 74.0 84.0 21.0
26.552710868073927 24.93375840245291 129.48857643496223 103.0 117.0 38.0
24.922326396229632 25.432832000898873 129.9634153200901 98.0 112.0 28.0
24.921261160648335 25.965237401746016 129.99994282923515 68.0 84.0 19.0
25.45614380428263 24.89936136447044 129.9579505297929 124.0 141.0 35.0
25.988895976754332 24.898296128889143 129.9890132486408 125.0 142.0 36.0
26.522713384807332 24.364825492460714 129.98354845834362 130.0 143.0 57.0
26.521648149226035 24.897230893307846 130.02007596748868 103.0 117.0 35.0
24.359576740491335 24.86496432648797 130.42732462462357 129.0 145.0 40.0
24.358511504910037 25.39736972733511 130.46385213376863 130.0 146.0 40.0
24.35744626932874 25.929775128182243 130.50037964291369 85.0 102.0 27.0
24.893394148544335 24.331493690059542 130.4218598343264 130.0 145.0 43.0
24.892328912963038 24.863899090906674 130.45838734347146 125.0 142.0 35.0
24.89126367738174 25.396304491753813 130.49491485261652 121.0 138.0 35.0
24.890198441800447 25.928709892600953 130.53144236176158 75.0 96.0 19.0
25.426146321016034 24.330428454478245 130.4529225531743 131.0 147.0 40.0
25.425081085434737 24.862833855325377 130.48945006231935 127.0 144.0 37.0
25.424015849853443 25.395239256172516 130.5259775714644 76.0 90.0 20.0
25.422950614272146 25.927644657019655 130.56250508060947 71.0 87.0 19.0
25.95889849348774 24.329363218896948 130.48398527202218 130.0 146.0 44.0
25.957833257906444 24.86176861974408 130.5205127811672 132.0 148.0 38.0
26.491650665959444 24.32829798331565 130.51504799087004 130.0 143.0 56.0
26.490585430378147 24.860703384162782 130.5515755000151 109.0 124.0 33.0
22.731322739809627 24.299227123239664 130.82910849146128 132.0 144.0 78.0
22.730257504228334 24.831632524086796 130.86563600060634 176.0 189.0 96.0
23.26514014786263 23.765756486811227 130.8236437011641 124.0 136.0 67.0
23.264074912281334 24.298161887658367 130.86017121030915 147.0 164.0 67.0
23.263009676700037 24.8305672885055 130.8966987194542 142.0 158.0 63.0
23.26194444111874 25.362972689352638 130.93322622859927 140.0 154.0 53.0
23.797892320334334 23.76469125122993 130.85470642001198 165.0 179.0 90.0
23.796827084753037 24.29709665207707 130.89123392915704 152.0 171.0 65.0
23.79576184917174 24.8295020529242 130.9277614383021 144.0 159.0 51.0
23.794696613590443 25.36190745377134 130.9642889474472 145.0 161.0 54.0
23.79363137800915 25.894312854618473 131.00081645659225 124.0 138.0 47.0
24.330644492806037 23.763626015648633 130.88576913885987 163.0 177.0 87.0
24.32957925722474 24.296031416495772 130.92229664800493 149.0 168.0 62.0
24.328514021643446 24.828436817342904 130.95882415715002 143.0 160.0 51.0
24.32744878606215 25.360842218190047 130.99535166629508 135.0 150.0 45.0
24.326383550480852 25.89324761903718 131.03187917544014 112.0 126.0 39.0
24.863396665277744 23.762560780067336 130.91683185770776 145.0 159.0 67.0
24.862331429696447 24.29496618091448 130.95335936685285 142.0 158.0 52.0
24.86126619411515 24.82737158176161 130.98988687599788 132.0 149.0 39.0
24.860200958533852 25.35977698260875 131.02641438514294 121.0 139.0 31.0
24.859135722952555 25.89218238345589 131.062941894288 88.0 108.0 24.0
25.396148837749443 23.761495544486042 130.94789457655565 147.0 160.0 63.0
25.395083602168146 24.29390094533318 130.98442208570071 140.0 156.0 44.0
25.39401836658685 24.826306346180314 131.02094959484577 121.0 140.0 27.0
25.39295313100555 25.358711747027453 131.05747710399083 96.0 119.0 18.0
25.391887895424258 25.891117147874592 131.0940046131359 75.0 98.0 16.0
25.928901010221146 23.760430308904745 130.97895729540355 144.0 158.0 67.0
25.92783577463985 24.292835709751884 131.0154848045486 132.0 148.0 41.0
25.926770539058555 24.825241110599016 131.05201231369367 108.0 125.0 24.0
25.925705303477258 25.357646511446156 131.08853982283873 92.0 110.0 20.0
25.92464006789596 25.890051912293295 131.1250673319838 78.0 92.0 24.0
26.461653182692853 23.759365073323448 131.01002001425144 144.0 156.0 70.0
26.460587947111556 24.291770474170587 131.0465475233965 129.0 143.0 46.0
26.45952271153026 24.82417587501772 131.08307503254156 70.0 81.0 20.0
22.70026002096174 24.262699614094604 131.3606080239877 87.0 91.0 55.0
22.699194785380442 24.795105014941736 131.39713553313277 78.0 83.0 50.0
23.233012193433446 24.261634378513307 131.3916707428356 165.0 179.0 83.0
23.23194695785215 24.79403977936044 131.42819825198066 159.0 176.0 80.0
23.23088172227085 25.32644518020758 131.46472576112575 144.0 156.0 67.0
23.229816486689554 25.85885058105471 131.5012532702708 136.0 148.0 70.0
23.766829601486446 23.72816374208487 131.38620595253843 147.0 161.0 79.0
23.76576436590515 24.26056914293201 131.42273346168346 158.0 177.0 72.0
23.76469913032385 24.792974543779142 131.45926097082852 158.0 179.0 65.0
23.763633894742554 25.32537994462628 131.4957884799736 142.0 156.0 54.0
23.762568659161257 25.857785345473413 131.53231598911867 148.0 164.0 67.0
24.29958177395815 23.727098506503573 131.4172686713863 160.0 171.0 89.0
24.29851653837685 24.259503907350712 131.45379618053136 145.0 164.0 59.0
24.297451302795555 24.791909308197845 131.49032368967644 145.0 163.0 47.0
24.29638606721426 25.324314709044984 131.5268511988215 142.0 157.0 46.0
24.295320831632964 25.856720109892116 131.56337870796656 129.0 144.0 47.0
24.832333946429852 23.726033270922276 131.4483313902342 159.0 173.0 79.0
24.83126871084856 24.258438671769415 131.48485889937928 155.0 174.0 70.0
24.83020347526726 24.790844072616547 131.52138640852434 133.0 150.0 40.0
24.829138239685964 25.323249473463687 131.5579139176694 128.0 145.0 37.0
24.828073004104667 25.855654874310826 131.59444142681446 94.0 112.0 27.0
25.365086118901555 23.72496803534098 131.4793941090821 156.0 172.0 77.0
25.364020883320258 24.257373436188118 131.51592161822717 145.0 164.0 52.0
25.36295564773896 24.78977883703525 131.55244912737223 122.0 140.0 29.0
25.361890412157663 25.32218423788239 131.5889766365173 112.0 132.0 26.0
25.360825176576366 25.854589638729532 131.62550414566232 65.0 86.0 15.0
25.897838291373258 23.72390279975968 131.51045682792997 144.0 158.0 69.0
25.89677305579196 24.256308200606824 131.54698433707503 145.0 164.0 51.0
25.895707820210664 24.788713601453956 131.5835118462201 104.0 126.0 21.0
25.894642584629366 25.321119002301096 131.62003935536515 102.0 125.0 21.0
25.893577349048073 25.853524403148235 131.6565668645102 78.0 97.0 20.0
26.43059046384496 23.722837564178388 131.54151954677786 144.0 156.0 69.0
26.429525228263664 24.255242965025527 131.57804705592292 133.0 149.0 44.0
26.42845999268237 24.78764836587266 131.61457456506798 117.0 135.0 30.0
26.427394757101073 25.3200537667198 131.65110207421304 100.0 113.0 29.0
23.201949474585557 24.22510686936824 131.92317027536203 144.0 154.0 81.0
23.200884239004264 24.757512270215372 131.95969778450709 142.0 156.0 67.0
23.199819003422967 25.28991767106251 131.99622529365217 155.0 172.0 70.0
23.19875376784167 25.822323071909643 132.03275280279723 166.0 181.0 83.0
23.73576688263856 23.691636232939803 131.91770548506486 105.0 111.0 62.0
23.734701647057264 24.224041633786943 131.95423299420992 174.0 185.0 88.0
23.733636411475967 24.756447034634075 131.990760503355 154.0 174.0 67.0
23.73257117589467 25.288852435481218 132.02728801250007 134.0 149.0 44.0
23.731505940313372 25.82125783632835 132.06381552164513 146.0 163.0 60.0
24.268519055110264 23.690570997358506 131.94876820391275 100.0 108.0 57.0
24.267453819528967 24.22297639820565 131.98529571305784 170.0 182.0 83.0
24.26638858394767 24.75538179905278 132.0218232222029 151.0 173.0 57.0
24.265323348366373 25.28778719989992 132.05835073134793 128.0 144.0 39.0
24.26425811278508 25.820192600747053 132.094878240493 125.0 140.0 43.0
24.801271227581967 23.689505761777212 131.9798309227606 145.0 158.0 74.0
24.80020599200067 24.22191116262435 132.0163584319057 147.0 163.0 63.0
24.799140756419376 24.754316563471484 132.05288594105076 130.0 145.0 43.0
24.79807552083808 25.286721964318623 132.08941345019582 131.0 146.0 42.0
24.797010285256782 25.819127365165762 132.12594095934088 96.0 112.0 33.0
25.334023400053667 23.688440526195915 132.01089364160853 164.0 179.0 86.0
25.332958164472373 24.220845927043055 132.0474211507536 148.0 167.0 56.0
25.331892928891076 24.753251327890187 132.08394865989865 120.0 136.0 35.0
25.33082769330978 25.285656728737326 132.1204761690437 107.0 123.0 34.0
25.32976245772848 25.818062129584465 132.15700367818877 73.0 89.0 25.0
25.866775572525373 23.687375290614618 132.04195636045642 166.0 181.0 87.0
25.865710336944076 24.219780691461757 132.07848386960148 140.0 156.0 47.0
25.86464510136278 24.75218609230889 132.11501137874654 118.0 136.0 29.0
25.86357986578148 25.28459149315603 132.1515388878916 123.0 140.0 33.0
25.862514630200184 25.816996894003168 132.1880663970367 97.0 111.0 33.0
26.399527744997076 23.68631005503332 132.07301907930432 151.0 162.0 78.0
26.39846250941578 24.21871545588046 132.10954658844935 123.0 137.0 43.0
26.397397273834482 24.751120856727592 132.1460740975944 123.0 140.0 34.0
26.39633203825319 25.28352625757473 132.18260160673947 117.0 136.0 27.0
26.39526680267189 25.815931658421874 132.21912911588456 73.0 91.0 17.0
26.931214681887486 24.217650220299163 132.14060930729724 82.0 92.0 36.0
26.93014944630619 24.750055621146295 132.1771368164423 81.0 90.0 31.0
26.92908421072489 25.282461021993438 132.2136643255874 79.0 94.0 24.0
23.169821520156372 24.720984761070312 132.4911973170335 116.0 128.0 50.0
23.168756284575075 25.25339016191745 132.5277248261786 152.0 170.0 75.0
23.16769104899378 25.785795562764584 132.56425233532366 138.0 151.0 74.0
23.70470416379067 23.655108723794743 132.44920501759128 125.0 131.0 75.0
23.703638928209372 24.187514124641883 132.48573252673634 155.0 171.0 74.0
23.70257369262808 24.719919525489015 132.52226003588143 136.0 152.0 43.0
23.70150845704678 25.252324926336154 132.5587875450265 149.0 169.0 56.0
23.700443221465484 25.784730327183286 132.59531505417155 155.0 172.0 75.0
24.237456336262376 23.654043488213446 132.48026773643917 166.0 172.0 99.0
24.23639110068108 24.186448889060586 132.51679524558426 180.0 190.0 83.0
24.23532586509978 24.718854289907718 132.55332275472932 141.0 157.0 42.0
24.234260629518484 25.251259690754857 132.58985026387438 135.0 152.0 38.0
24.233195393937187 25.78366509160199 132.62637777301944 120.0 132.0 48.0
24.77020850873408 23.65297825263215 132.5113304552871 187.0 192.0 108.0
24.769143273152782 24.18538365347929 132.54785796443215 180.0 188.0 81.0
24.768078037571485 24.71778905432642 132.5843854735772 147.0 165.0 49.0
24.767012801990187 25.250194455173563 132.62091298272227 139.0 155.0 49.0
24.765947566408894 25.782599856020703 132.65744049186733 92.0 106.0 37.0
25.30296068120578 23.651913017050852 132.54239317413496 192.0 197.0 110.0
25.30189544562448 24.184318417897995 132.57892068328002 175.0 183.0 84.0
25.300830210043188 24.716723818745127 132.61544819242508 139.0 156.0 48.0
25.29976497446189 25.249129219592266 132.65197570157014 132.0 148.0 44.0
25.298699738880593 25.781534620439405 132.6885032107152 69.0 85.0 25.0
25.835712853677485 23.650847781469558 132.57345589298285 199.0 203.0 115.0
25.834647618096188 24.183253182316697 132.6099834021279 148.0 166.0 58.0
25.83358238251489 24.71565858316383 132.64651091127297 126.0 145.0 31.0
25.832517146933593 25.24806398401097 132.68303842041803 129.0 147.0 33.0
25.831451911352296 25.780469384858108 132.71956592956312 66.0 83.0 18.0
26.368465026149188 23.64978254588826 132.60451861183074 164.0 170.0 88.0
26.36739979056789 24.1821879467354 132.6410461209758 130.0 146.0 40.0
26.366334554986594 24.714593347582532 132.67757363012086 122.0 142.0 25.0
26.365269319405296 25.24699874842967 132.71410113926595 124.0 144.0 26.0
26.364204083824003 25.77940414927681 132.750628648411 70.0 86.0 17.0
26.900151963039594 24.181122711154103 132.6721088398237 88.0 98.0 34.0
26.8990867274583 24.713528112001235 132.70863634896878 119.0 133.0 41.0
26.898021491877003 25.245933512848374 132.7451638581138 90.0 109.0 23.0
23.138758801308484 24.684457251925245 133.02269684955996 143.0 155.0 71.0
23.137693565727186 25.216862652772388 133.05922435870505 153.0 168.0 83.0
23.672576209361484 24.15098661549682 133.0172320592628 117.0 131.0 41.0
23.671510973780187 24.68339201634395 133.05375956840788 142.0 157.0 47.0
23.670445738198893 25.21579741719109 133.09028707755294 146.0 165.0 58.0
23.669380502617596 25.748202818038223 133.12681458669798 121.0 133.0 57.0
24.206393617414484 23.617515979068383 133.0117672689656 156.0 157.0 94.0
24.20532838183319 24.149921379915522 133.0482947781107 152.0 170.0 59.0
24.204263146251893 24.682326780762654 133.08482228725575 130.0 148.0 32.0
24.203197910670596 25.214732181609794 133.1213497964008 145.0 163.0 40.0
24.2021326750893 25.747137582456926 133.15787730554587 151.0 166.0 68.0
24.73914578988619 23.616450743487086 133.04282998781352 103.0 106.0 60.0
24.738080554304894 24.148856144334225 133.07935749695858 152.0 169.0 63.0
24.737015318723596 24.681261545181357 133.11588500610364 136.0 153.0 37.0
24.7359500831423 25.213666946028496 133.1524125152487 136.0 153.0 41.0
24.734884847561002 25.746072346875636 133.18894002439376 90.0 99.0 37.0
25.270832726776593 24.147790908752928 133.11042021580647 126.0 140.0 44.0
25.269767491195296 24.68019630960006 133.14694772495153 123.0 141.0 31.0
25.268702255614002 25.2126017104472 133.1834752340966 128.0 145.0 37.0
25.267637020032705 25.74500711129434 133.22000274324165 68.0 85.0 23.0
25.804650134829593 23.61432027232449 133.1049554255093 198.0 196.0 119.0
25.8035848992483 24.14672567317163 133.14148293465436 104.0 122.0 29.0
25.802519663667002 24.679131074018763 133.1780104437994 116.0 138.0 22.0
25.801454428085705 25.211536474865902 133.21453795294445 132.0 152.0 32.0
25.800389192504408 25.743941875713045 133.25106546208954 61.0 83.0 13.0
26.3374023073013 23.613255036743194 133.13601814435717 192.0 189.0 117.0
26.336337071720003 24.145660437590333 133.17254565350223 124.0 140.0 38.0
26.335271836138705 24.678065838437465 133.2090731626473 124.0 144.0 25.0
26.33420660055741 25.210471239284608 133.24560067179237 128.0 148.0 27.0
26.869089244191706 24.14459520200904 133.20360837235012 131.0 143.0 55.0
26.86802400861041 24.67700060285617 133.2401358814952 119.0 135.0 37.0
27.400776181082115 24.675935367274874 133.2711986003431 83.0 95.0 33.0
23.108761318041893 24.115524341933053 133.51766887294133 84.0 91.0 39.0
23.107696082460595 24.647929742780185 133.5541963820864 136.0 148.0 68.0
23.1066308468793 25.180335143627325 133.59072389123148 158.0 170.0 89.0
23.641513490513596 24.114459106351756 133.54873159178922 136.0 149.0 50.0
23.6404482549323 24.646864507198888 133.5852591009343 154.0 172.0 63.0
23.639383019351 25.179269908046027 133.62178661007937 168.0 184.0 80.0
24.175330898566596 23.58098846992332 133.54326680149205 166.0 175.0 94.0
24.1742656629853 24.11339387077046 133.57979431063714 151.0 169.0 61.0
24.173200427404005 24.64579927161759 133.6163218197822 146.0 163.0 47.0
24.172135191822708 25.178204672464734 133.65284932892726 149.0 167.0 54.0
24.17106995624141 25.710610073311866 133.68937683807232 97.0 102.0 51.0
24.708083071038303 23.579923234342022 133.57432952033997 147.0 156.0 81.0
24.707017835457005 24.112328635189165 133.61085702948503 153.0 169.0 62.0
24.705952599875708 24.644734036036297 133.64738453863006 141.0 158.0 43.0
24.70488736429441 25.177139436883436 133.68391204777512 142.0 158.0 47.0
24.703822128713114 25.709544837730576 133.72043955692018 91.0 99.0 41.0
25.239770007928705 24.111263399607868 133.6419197483329 137.0 151.0 47.0
25.238704772347408 24.643668800455 133.67844725747796 138.0 155.0 42.0
25.23763953676611 25.17607420130214 133.71497476662302 125.0 141.0 36.0
25.236574301184813 25.70847960214928 133.75150227576808 78.0 93.0 28.0
25.772522180400408 24.11019816402657 133.6729824671808 120.0 138.0 32.0
25.77145694481911 24.642603564873703 133.70950997632585 135.0 154.0 32.0
25.770391709237817 25.175008965720842 133.7460374854709 125.0 144.0 29.0
25.76932647365652 25.70741436656798 133.782564994616 73.0 93.0 19.0
26.305274352872114 24.109132928445273 133.70404518602868 125.0 141.0 38.0
26.304209117290817 24.641538329292406 133.74057269517374 125.0 145.0 26.0
26.30314388170952 25.173943730139545 133.77710020431883 127.0 146.0 29.0
26.302078646128223 25.706349130986684 133.81362771346386 89.0 107.0 24.0
26.838026525343817 24.108067692863976 133.73510790487654 125.0 138.0 50.0
26.83696128976252 24.64047309371111 133.77163541402163 115.0 131.0 33.0
26.835896054181223 25.172878494558248 133.8081629231667 100.0 117.0 26.0
27.37077869781552 24.10700245728268 133.76617062372446 102.0 110.0 53.0
27.369713462234223 24.63940785812981 133.80269813286952 99.0 111.0 38.0
23.077698599194004 24.07899683278799 134.04916840546778 109.0 117.0 51.0
23.07663336361271 24.611402233635122 134.08569591461287 86.0 91.0 44.0
23.61151600724701 23.545526196359553 134.0437036151706 108.0 117.0 50.0
23.61045077166571 24.077931597206693 134.08023112431565 149.0 162.0 63.0
23.609385536084414 24.610336998053825 134.11675863346073 169.0 183.0 86.0
23.608320300503117 25.142742398900964 134.1532861426058 169.0 177.0 93.0
24.14426817971871 23.544460960778256 134.07476633401848 166.0 179.0 92.0
24.143202944137414 24.076866361625395 134.11129384316357 148.0 163.0 57.0
24.142137708556117 24.609271762472527 134.14782135230863 147.0 164.0 60.0
24.141072472974823 25.141677163319667 134.18434886145369 175.0 186.0 88.0
24.677020352190414 23.54339572519696 134.1058290528664 169.0 176.0 90.0
24.67595511660912 24.075801126044098 134.14235656201146 152.0 167.0 56.0
24.674889881027823 24.60820652689123 134.17888407115652 152.0 167.0 63.0
24.673824645446526 25.14061192773837 134.21541158030158 147.0 164.0 59.0
25.209772524662117 23.54233048961566 134.1368917717143 113.0 115.0 56.0
25.20870728908082 24.0747358904628 134.17341928085935 139.0 156.0 42.0
25.207642053499523 24.607141291309933 134.2099467900044 140.0 158.0 48.0
25.206576817918226 25.139546692157072 134.24647429914944 127.0 143.0 40.0
25.741459461552523 24.073670654881507 134.2044819997072 127.0 144.0 37.0
25.740394225971226 24.60607605572864 134.24100950885227 127.0 145.0 33.0
25.73932899038993 25.13848145657578 134.27753701799733 116.0 134.0 29.0
25.738263754808635 25.670886857422918 134.31406452714242 72.0 93.0 19.0
26.275276869605523 23.54020001845307 134.19901720941004 93.0 102.0 43.0
26.274211634024226 24.07260541930021 134.2355447185551 129.0 145.0 40.0
26.273146398442933 24.605010820147342 134.27207222770016 123.0 143.0 27.0
26.272081162861635 25.13741622099448 134.30859973684525 106.0 127.0 22.0
26.271015927280338 25.66982162184162 134.3451272459903 62.0 84.0 14.0
26.80802904207723 23.539134782871773 134.23007992825794 123.0 133.0 69.0
26.806963806495933 24.071540183718913 134.266607437403 128.0 141.0 48.0
26.805898570914636 24.603945584566045 134.30313494654808 113.0 130.0 31.0
26.80483333533334 25.136350985413184 134.33966245569314 110.0 126.0 33.0
27.339715978967636 24.070474948137615 134.29767015625092 125.0 137.0 54.0
27.33865074338634 24.602880348984748 134.33419766539595 98.0 114.0 31.0
27.33758550780504 25.135285749831887 134.370725174541 103.0 116.0 37.0
23.580453288399116 23.50899868721449 134.57520314769704 108.0 113.0 61.0
23.579388052817823 24.04140408806163 134.61173065684213 146.0 158.0 70.0
23.578322817236526 24.57380948890876 134.6482581659872 162.0 171.0 100.0
23.57725758165523 25.106214889755904 134.68478567513225 78.0 82.0 49.0
24.11427069645212 22.975528050786057 134.56973835739987 200.0 192.0 148.0
24.113205460870823 23.507933451633196 134.60626586654496 182.0 189.0 109.0
24.112140225289526 24.040338852480335 134.64279337569002 148.0 165.0 62.0
24.11107498970823 24.572744253327468 134.67932088483508 151.0 168.0 72.0
24.11000975412693 25.105149654174607 134.7158483939801 165.0 174.0 89.0
24.647022868923823 22.974462815204763 134.60080107624773 191.0 178.0 147.0
24.645957633342526 23.5068682160519 134.63732858539282 203.0 207.0 123.0
24.64489239776123 24.039273616899038 134.67385609453788 150.0 164.0 59.0
24.64382716217993 24.57167901774617 134.71038360368294 145.0 159.0 60.0
24.642761926598638 25.10408441859331 134.746911112828 141.0 156.0 68.0
25.178709805814226 23.5058029804706 134.6683913042407 160.0 165.0 86.0
25.177644570232932 24.03820838131774 134.70491881338577 141.0 156.0 47.0
25.176579334651635 24.570613782164873 134.74144632253083 149.0 168.0 61.0
25.175514099070337 25.103019183012012 134.7779738316759 124.0 138.0 43.0
25.711461978285932 23.504737744889304 134.6994540230886 101.0 108.0 45.0
25.710396742704635 24.037143145736444 134.73598153223367 125.0 142.0 35.0
25.709331507123338 24.569548546583576 134.77250904137873 136.0 154.0 35.0
25.70826627154204 25.101953947430715 134.80903655052379 117.0 135.0 28.0
26.244214150757635 23.503672509308007 134.7305167419365 104.0 114.0 45.0
26.243148915176338 24.036077910155146 134.76704425108153 105.0 123.0 24.0
26.24208367959504 24.56848331100228 134.8035717602266 122.0 143.0 24.0
26.241018444013747 25.100888711849418 134.84009926937168 99.0 123.0 18.0
26.77696632322934 23.50260727372671 134.76157946078436 138.0 150.0 73.0
26.775901087648045 24.035012674573853 134.79810696992942 129.0 143.0 45.0
26.774835852066747 24.56741807542098 134.8346344790745 112.0 130.0 27.0
27.309718495701045 23.501542038145416 134.79264217963225 79.0 84.0 48.0
27.308653260119748 24.033947438992556 134.82916968877734 115.0 128.0 45.0
23.54939056955123 23.472471178069426 135.10670268022346 93.0 98.0 52.0
23.54832533396993 24.004876578916566 135.14323018936855 141.0 151.0 78.0
24.08320797760423 22.939000541640993 135.1012378899263 166.0 166.0 126.0
24.082142742022935 23.47140594248813 135.13776539907138 185.0 196.0 111.0
24.081077506441638 24.00381134333527 135.17429290821644 152.0 168.0 75.0
24.08001227086034 24.5362167441824 135.2108204173615 151.0 164.0 84.0
24.078947035279043 25.06862214502954 135.24734792650656 79.0 89.0 34.0
24.615960150075935 22.937935306059696 135.13230060877422 219.0 215.0 169.0
24.614894914494638 23.470340706906832 135.16882811791928 190.0 197.0 114.0
24.61382967891334 24.00274610775397 135.20535562706434 155.0 172.0 67.0
24.612764443332043 24.535151508601103 135.2418831362094 128.0 140.0 52.0
24.611699207750746 25.067556909448246 135.27841064535446 93.0 107.0 35.0
25.147647086966337 23.469275471325535 135.19989083676714 166.0 174.0 91.0
25.14658185138504 24.001680872172678 135.2364183459122 150.0 167.0 57.0
25.145516615803743 24.53408627301981 135.27294585505726 132.0 145.0 48.0
25.14445138022245 25.06649167386695 135.30947336420232 119.0 132.0 45.0
25.68039925943804 23.46821023574424 135.23095355561503 105.0 114.0 44.0
25.679334023856747 24.00061563659138 135.2674810647601 141.0 157.0 43.0
25.67826878827545 24.533021037438512 135.30400857390515 133.0 152.0 34.0
25.677203552694152 25.06542643828565 135.34053608305024 108.0 129.0 23.0
26.213151431909747 23.467145000162944 135.26201627446292 119.0 132.0 41.0
26.21208619632845 23.999550401010083 135.29854378360798 128.0 147.0 31.0
26.211020960747152 24.531955801857215 135.33507129275304 123.0 145.0 21.0
26.74590360438145 23.466079764581647 135.29307899331081 129.0 139.0 59.0
26.744838368800153 23.998485165428786 135.32960650245587 127.0 143.0 42.0
26.743773133218856 24.530890566275918 135.36613401160096 124.0 143.0 31.0
27.278655776853153 23.46501452900035 135.32414171215868 94.0 99.0 62.0
27.27759054127186 23.99741992984749 135.36066922130377 127.0 139.0 57.0
23.517262615122043 23.968349069771506 135.674729721895 90.0 96.0 53.0
24.05214525875634 22.902473032495934 135.63273742245275 194.0 194.0 154.0
24.051080023175043 23.43487843334307 135.6692649315978 183.0 190.0 118.0
24.050014787593746 23.96728383419021 135.70579244074287 164.0 178.0 92.0
24.048949552012452 24.49968923503734 135.74231994988793 168.0 171.0 97.0
24.584897431228043 22.901407796914636 135.66380014130064 218.0 214.0 160.0
24.58383219564675 23.433813197761772 135.7003276504457 185.0 191.0 113.0
24.582766960065452 23.96621859860891 135.73685515959076 149.0 161.0 65.0
24.581701724484155 24.498623999456044 135.77338266873582 150.0 163.0 74.0
24.580636488902858 25.031029400303183 135.80991017788088 153.0 166.0 83.0
25.117649603699746 22.90034256133334 135.69486286014853 131.0 130.0 95.0
25.11658436811845 23.432747962180475 135.7313903692936 174.0 185.0 96.0
25.115519132537152 23.965153363027614 135.76791787843865 149.0 164.0 59.0
25.114453896955855 24.497558763874746 135.8044453875837 145.0 160.0 60.0
25.113388661374557 25.029964164721886 135.84097289672877 136.0 151.0 61.0
25.649336540590152 23.431682726599178 135.76245308814148 144.0 154.0 64.0
25.648271305008855 23.964088127446317 135.79898059728654 142.0 157.0 46.0
25.64720606942756 24.49649352829345 135.83550810643158 135.0 153.0 37.0
26.18208871306186 23.43061749101788 135.79351580698935 148.0 160.0 63.0
26.18102347748056 23.963022891865023 135.8300433161344 141.0 158.0 40.0
26.71484088553356 23.429552255436587 135.82457852583724 146.0 157.0 82.0
26.713775649952265 23.961957656283726 135.8611060349823 128.0 144.0 42.0
27.247593058005265 23.42848701985529 135.85564124468513 97.0 101.0 61.0
24.018952068745858 23.93075632504514 136.23729197326932 176.0 181.0 111.0
24.01788683316456 24.463161725892274 136.27381948241438 134.0 123.0 85.0
24.552769476798858 23.397285688616705 136.23182718297215 169.0 174.0 106.0
24.551704241217564 23.929691089463848 136.26835469211719 176.0 182.0 96.0
24.550639005636267 24.46209649031098 136.30488220126225 170.0 174.0 93.0
24.54957377005497 24.99450189115812 136.3414097104073 97.0 105.0 50.0
25.08552164927056 23.39622045303541 136.26288990182002 174.0 185.0 99.0
25.084456413689264 23.92862585388255 136.29941741096508 161.0 176.0 85.0
25.083391178107966 24.461031254729683 136.33594492011014 153.0 169.0 72.0
25.618273821742264 23.395155217454114 136.2939526206679 166.0 180.0 92.0
25.617208586160967 23.927560618301253 136.33048012981297 151.0 170.0 59.0
26.151025994213967 23.394089981872817 136.3250153395158 166.0 180.0 88.0
26.149960758632673 23.926495382719956 136.36154284866086 154.0 174.0 54.0
26.683778166685673 23.39302474629152 136.35607805836366 159.0 170.0 96.0
23.987889349897973 23.89422881590008 136.76879150579575 93.0 97.0 55.0
24.521706757950973 23.360758179471645 136.76332671549858 191.0 191.0 127.0
24.520641522369676 23.893163580318785 136.79985422464364 176.0 181.0 103.0
24.519576286788382 24.425568981165917 136.8363817337887 134.0 148.0 68.0
25.054458930422676 23.359692943890348 136.79438943434647 186.0 190.0 109.0
25.05339369484138 23.892098344737487 136.83091694349153 172.0 184.0 86.0
25.58721110289438 23.35862770830905 136.82545215319433 181.0 188.0 107.0
26.119963275366082 23.357562472727757 136.85651487204223 189.0 195.0 113.0
24.490644039103085 23.324230670326582 137.294826248025 200.0 200.0 144.0
24.489578803521788 23.85663607117372 137.33135375717006 120.0 126.0 72.0
25.02446144715608 22.79076003389815 137.28936145772784 163.0 161.0 127.0
25.023396211574784 23.323165434745285 137.3258889668729 217.0 218.0 146.0
25.55614838404649 23.322100199163987 137.3569516857208 204.0 209.0 130.0
24.459581320255197 23.28770316118152 137.82632578055146 214.0 217.0 165.0
24.992333492726896 23.28663792560022 137.85738849939932 221.0 225.0 155.0
24.42851860140731 23.25117565203646 138.35782531307788 206.0 210.0 168.0
