35.06101579414336 27.53685458788854 185.35473820957958 100.0 110.0 44.0
35.059950558562065 28.06925998873568 185.39126571872464 106.0 118.0 41.0
35.59270273103377 28.068194753154387 185.4223284375725 91.0 112.0 22.0
36.12545490350547 28.06712951757309 185.4533911564204 98.0 114.0 31.0
34.49613566724247 28.033797715171918 185.89170253240317 75.0 83.0 40.0
35.029953075295474 27.50032707874348 185.886237742106 112.0 122.0 51.0
35.02888783971417 28.03273247959062 185.92276525125106 116.0 127.0 50.0
35.02782260413288 28.565137880437753 185.95929276039612 100.0 109.0 47.0
35.56270524776718 27.499261843162184 185.9173004609539 102.0 118.0 32.0
35.561640012185876 28.031667244009324 185.95382797009896 95.0 114.0 23.0
35.56057477660458 28.564072644856456 185.99035547924402 68.0 84.0 18.0
36.09545742023888 27.498196607580887 185.94836317980176 121.0 135.0 47.0
36.09439218465758 28.030602008428026 185.98489068894682 102.0 118.0 33.0
36.62820959271058 27.49713137199959 185.97942589864965 137.0 146.0 77.0
36.62714435712929 28.029536772846733 186.0159534077947 113.0 122.0 57.0
34.46613818397588 27.46486480517971 186.38667455578457 82.0 87.0 50.0
34.46507294839458 27.99727020602685 186.42320206492963 96.0 101.0 59.0
34.99889035644758 27.463799569598418 186.41773727463243 119.0 129.0 56.0
34.99782512086628 27.996204970445557 186.4542647837775 115.0 126.0 52.0
34.99675988528499 28.52861037129269 186.49079229292255 98.0 107.0 46.0
35.53270776450058 26.93032893316998 186.41227248433526 99.0 112.0 38.0
35.531642528919285 27.46273433401712 186.44879999348032 115.0 130.0 38.0
35.53057729333799 27.99513973486426 186.48532750262538 116.0 131.0 38.0
35.52951205775669 28.527545135711392 186.52185501177044 112.0 127.0 37.0
36.06545993697229 26.929263697588684 186.44333520318315 85.0 95.0 32.0
36.06439470139099 27.461669098435824 186.4798627123282 119.0 132.0 47.0
36.063329465809694 27.994074499282963 186.51639022147327 113.0 127.0 41.0
36.062264230228394 28.526479900130095 186.55291773061836 85.0 95.0 34.0
36.59821210944399 26.928198462007387 186.47439792203105 116.0 125.0 57.0
36.59714687386269 27.460603862854526 186.5109254311761 138.0 149.0 78.0
36.5960816382814 27.993009263701666 186.54745294032116 110.0 119.0 57.0
37.1298990463344 27.45953862727323 186.54198815002397 124.0 131.0 82.0
37.1288338107531 27.99194402812037 186.57851565916906 86.0 91.0 56.0
34.43507546512799 27.428337296034652 186.918174088311 101.0 107.0 60.0
34.43401022954669 27.96074269688179 186.95470159745605 103.0 110.0 59.0
34.96889287318099 26.894866659606215 186.91270929801382 97.0 105.0 48.0
34.96782763759969 27.427272060453355 186.94923680715888 126.0 137.0 60.0
34.9667624020184 27.959677461300494 186.98576431630394 114.0 125.0 50.0
34.965697166437096 28.492082862147626 187.022291825449 107.0 118.0 44.0
35.501645045652694 26.893801424024918 186.94377201686171 122.0 135.0 48.0
35.50057981007139 27.426206824872057 186.98029952600675 131.0 144.0 51.0
35.4995145744901 27.958612225719197 187.0168270351518 127.0 141.0 47.0
35.498449338908806 28.49101762656633 187.05335454429687 91.0 101.0 35.0
36.0343972181244 26.89273618844362 186.97483473570958 120.0 133.0 44.0
36.0333319825431 27.425141589290764 187.01136224485464 124.0 138.0 47.0
36.0322667469618 27.957546990137903 187.0478897539997 132.0 145.0 55.0
36.03120151138051 28.489952390985035 187.0844172631448 74.0 82.0 30.0
36.5671493905961 26.891670952862327 187.00589745455747 127.0 139.0 53.0
36.566084155014806 27.424076353709467 187.04242496370253 130.0 142.0 56.0
36.565018919433506 27.956481754556606 187.07895247284762 123.0 134.0 52.0
37.0999015630678 26.89060571728103 187.03696017340536 124.0 133.0 66.0
37.09883632748651 27.42301111812817 187.07348768255045 138.0 147.0 81.0
37.097771091905216 27.95541651897531 187.1100151916955 127.0 136.0 69.0
34.4040127462801 27.39180978688959 187.44967362083742 105.0 112.0 57.0
34.4029475106988 27.924215187736728 187.48620112998248 118.0 126.0 65.0
34.40188227511751 28.45662058858386 187.52272863912754 102.0 111.0 51.0
34.9378301543331 26.858339150461152 187.44420883054025 90.0 99.0 40.0
34.936764918751805 27.39074455130829 187.4807363396853 125.0 136.0 56.0
34.935699683170505 27.92314995215543 187.51726384883037 121.0 132.0 54.0
34.93463444758921 28.455555353002563 187.55379135797543 113.0 125.0 45.0
35.4716475623861 26.324868514032723 187.43874404024308 77.0 84.0 35.0
35.4705823268048 26.857273914879855 187.47527154938814 124.0 137.0 47.0
35.46951709122351 27.389679315726994 187.5117990585332 127.0 141.0 47.0
35.46845185564221 27.922084716574133 187.54832656767826 119.0 133.0 44.0
35.467386620060914 28.454490117421265 187.58485407682332 91.0 106.0 30.0
36.004399734857806 26.323803278451425 187.46980675909097 101.0 110.0 44.0
36.003334499276505 26.856208679298557 187.50633426823603 132.0 147.0 47.0
36.00226926369521 27.388614080145697 187.5428617773811 131.0 145.0 49.0
36.00120402811392 27.921019480992836 187.57938928652615 139.0 151.0 55.0
36.00013879253262 28.453424881839968 187.6159167956712 112.0 123.0 46.0
36.536086671748215 26.85514344371726 187.5373969870839 117.0 131.0 41.0
36.535021436166915 27.3875488445644 187.57392449622895 128.0 141.0 47.0
36.53395620058562 27.91995424541154 187.61045200537404 131.0 143.0 51.0
36.53289096500432 28.45235964625867 187.6469795145191 78.0 86.0 34.0
37.06883884421992 26.854078208135963 187.5684597059318 123.0 134.0 58.0
37.06777360863862 27.386483608983102 187.60498721507687 129.0 141.0 56.0
37.066708373057324 27.918889009830245 187.64151472422193 120.0 131.0 50.0
37.60052578111033 27.38541837340181 187.63604993392477 118.0 125.0 70.0
37.59946054552903 27.917823774248948 187.67257744306983 83.0 88.0 47.0
34.37295002743222 27.355282277744525 187.98117315336387 84.0 91.0 45.0
34.371884791850924 27.887687678591664 188.01770066250893 112.0 121.0 57.0
34.37081955626962 28.420093079438796 188.054228171654 98.0 107.0 44.0
34.90676743548522 26.82181164131609 187.9757083630667 115.0 125.0 54.0
34.90570219990392 27.354217042163228 188.01223587221176 121.0 132.0 57.0
34.90463696432263 27.88662244301037 188.04876338135682 120.0 132.0 51.0
34.903571728741326 28.4190278438575 188.08529089050185 83.0 93.0 32.0
35.44058484353822 26.28834100488766 187.9702435727695 82.0 89.0 41.0
35.439519607956925 26.82074640573479 188.00677108191456 125.0 139.0 43.0
35.438454372375624 27.353151806581934 188.04329859105962 119.0 133.0 42.0
35.43738913679433 27.885557207429073 188.07982610020468 117.0 130.0 46.0
35.43632390121303 28.417962608276206 188.11635360934974 83.0 95.0 29.0
35.97333701600992 26.287275769306365 188.0013062916174 105.0 114.0 51.0
35.97227178042863 26.819681170153498 188.03783380076246 133.0 147.0 50.0
35.97120654484733 27.352086571000637 188.07436130990752 129.0 143.0 47.0
35.97014130926603 27.884491971847776 188.11088881905258 129.0 142.0 48.0
35.96907607368474 28.41689737269491 188.14741632819766 115.0 126.0 48.0
36.506089188481624 26.286210533725068 188.0323690104653 75.0 82.0 35.0
36.50502395290033 26.8186159345722 188.06889651961035 129.0 142.0 49.0
36.50395871731904 27.35102133541934 188.1054240287554 125.0 139.0 44.0
36.502893481737736 27.88342673626648 188.1419515379005 129.0 142.0 50.0
36.50182824615644 28.41583213711361 188.17847904704556 132.0 143.0 61.0
37.037776125372034 26.817550698990903 188.09995923845824 130.0 141.0 62.0
37.03671088979074 27.349956099838042 188.1364867476033 127.0 139.0 55.0
37.03564565420944 27.88236150068518 188.17301425674836 126.0 137.0 50.0
37.56946306226244 27.348890864256745 188.1675494664512 117.0 126.0 59.0
37.56839782668115 27.881296265103884 188.20407697559625 104.0 114.0 49.0
34.341887308584326 27.31875476859946 188.5126726858903 86.0 95.0 42.0
34.34082207300303 27.8511601694466 188.54920019503535 105.0 115.0 49.0
34.33975683742174 28.383565570293733 188.5857277041804 100.0 109.0 45.0
34.87570471663733 26.785284132171025 188.50720789559313 110.0 119.0 53.0
34.874639481056036 27.317689533018164 188.5437354047382 120.0 132.0 51.0
34.873574245474735 27.850094933865304 188.58026291388325 113.0 125.0 45.0
34.87250900989344 28.382500334712436 188.6167904230283 107.0 117.0 45.0
35.409522124690334 26.251813495742596 188.50174310529596 88.0 94.0 50.0
35.40845688910903 26.784218896589728 188.53827061444102 126.0 140.0 44.0
35.40739165352774 27.316624297436867 188.57479812358608 119.0 133.0 42.0
35.40632641794644 27.849029698284006 188.61132563273114 108.0 121.0 38.0
35.405261182365145 28.38143509913114 188.64785314187623 80.0 91.0 30.0
35.94227429716204 26.2507482601613 188.53280582414385 118.0 126.0 70.0
35.941209061580736 26.78315366100843 188.56933333328888 141.0 154.0 57.0
35.94014382599944 27.31555906185557 188.60586084243394 125.0 139.0 44.0
35.93907859041814 27.84796446270271 188.642388351579 124.0 137.0 45.0
35.93801335483685 28.38036986354984 188.6789158607241 102.0 112.0 42.0
36.47502646963374 26.24968302458 188.5638685429917 108.0 116.0 60.0
36.47396123405244 26.782088425427133 188.60039605213677 133.0 146.0 52.0
36.472895998471145 27.314493826274273 188.63692356128183 124.0 138.0 43.0
36.47183076288985 27.846899227121416 188.67345107042692 130.0 143.0 50.0
36.47076552730855 28.379304627968548 188.70997857957198 139.0 150.0 66.0
37.00671340652415 26.781023189845836 188.63145877098466 127.0 139.0 58.0
37.00564817094285 27.31342859069298 188.66798628012975 131.0 143.0 54.0
37.004582935361555 27.84583399154012 188.7045137892748 130.0 142.0 52.0
37.003517699780254 28.37823939238725 188.74104129841987 111.0 122.0 48.0
37.53946557899585 26.779957954264543 188.66252148983259 77.0 83.0 46.0
37.53840034341455 27.312363355111682 188.69904899897764 128.0 138.0 65.0
37.53733510783326 27.84476875595882 188.7355765081227 115.0 125.0 51.0
34.31082458973644 27.282227259454398 189.04417221841675 102.0 111.0 51.0
34.30975935415514 27.81463266030154 189.0806997275618 102.0 111.0 46.0
34.30869411857385 28.347038061148673 189.11722723670687 79.0 87.0 38.0
34.84464199778944 26.74875662302596 189.03870742811955 114.0 124.0 51.0
34.843576762208144 27.281162023873105 189.0752349372646 119.0 131.0 48.0
34.84251152662684 27.813567424720244 189.11176244640967 115.0 128.0 46.0
34.84144629104555 28.345972825567376 189.14828995555473 95.0 105.0 41.0
35.37845940584244 26.215285986597536 189.03324263782238 77.0 82.0 47.0
35.37739417026114 26.747691387444668 189.06977014696744 128.0 141.0 49.0
35.37632893467985 27.280096788291807 189.1062976561125 124.0 138.0 45.0
35.375263699098554 27.812502189138947 189.14282516525756 111.0 125.0 36.0
35.37419846351725 28.34490758998608 189.17935267440265 94.0 108.0 34.0
35.911211578314145 26.21422075101624 189.06430535667027 103.0 110.0 60.0
35.91014634273285 26.74662615186337 189.10083286581533 136.0 149.0 56.0
35.90908110715155 27.27903155271051 189.1373603749604 127.0 141.0 45.0
35.90801587157026 27.81143695355765 189.17388788410548 123.0 137.0 41.0
35.906950635988956 28.34384235440478 189.21041539325054 120.0 133.0 49.0
36.44396375078585 26.21315551543494 189.09536807551817 96.0 103.0 56.0
36.442898515204554 26.745560916282074 189.13189558466323 136.0 148.0 61.0
36.44183327962325 27.277966317129213 189.16842309380831 126.0 140.0 44.0
36.44076804404196 27.810371717976352 189.20495060295335 127.0 141.0 42.0
36.439702808460666 28.342777118823484 189.2414781120984 135.0 147.0 58.0
36.97565068767626 26.744495680700776 189.1629583035111 130.0 141.0 60.0
36.97458545209496 27.276901081547916 189.19948581265618 137.0 149.0 57.0
36.97352021651366 27.809306482395055 189.23601332180124 131.0 143.0 53.0
36.97245498093237 28.341711883242187 189.2725408309463 115.0 125.0 48.0
37.50840286014796 26.74343044511948 189.194021022359 122.0 130.0 71.0
37.50733762456667 27.27583584596662 189.23054853150407 132.0 142.0 68.0
37.506272388985366 27.80824124681376 189.26707604064913 121.0 132.0 53.0
34.27976187088855 27.245699750309335 189.57567175094317 110.0 119.0 55.0
34.278696635307256 27.778105151156474 189.61219926008823 102.0 111.0 48.0
34.81357927894155 26.7122291138809 189.570206960646 120.0 131.0 53.0
34.81251404336025 27.244634514728038 189.60673446979106 122.0 134.0 49.0
34.81144880777896 27.777039915575177 189.64326197893612 116.0 128.0 45.0
34.81038357219766 28.30944531642231 189.67978948808118 88.0 96.0 38.0
35.346331451413256 26.7111638782996 189.6012696794939 128.0 141.0 50.0
35.345266215831955 27.24356927914674 189.63779718863893 120.0 134.0 41.0
35.34420098025066 27.77597467999388 189.674324697784 116.0 131.0 38.0
35.34313574466937 28.30838008084101 189.71085220692908 106.0 118.0 40.0
35.88014885946625 26.17769324187117 189.5958048891967 93.0 99.0 54.0
35.87908362388496 26.710098642718304 189.63233239834176 136.0 148.0 60.0
35.878018388303666 27.242504043565443 189.66885990748682 127.0 140.0 46.0
35.876953152722365 27.774909444412586 189.7053874166319 128.0 141.0 46.0
35.87588791714107 28.307314845259718 189.74191492577697 120.0 133.0 47.0
36.41290103193796 26.176628006289878 189.6268676080446 90.0 96.0 52.0
36.41183579635666 26.70903340713701 189.66339511718965 135.0 146.0 61.0
36.41077056077537 27.24143880798415 189.69992262633474 137.0 150.0 56.0
36.40970532519407 27.77384420883129 189.7364501354798 137.0 150.0 51.0
36.408640089612774 28.30624960967842 189.77297764462486 132.0 144.0 55.0
36.944587968828365 26.707968171555713 189.69445783603757 129.0 140.0 58.0
36.94352273324707 27.240373572402852 189.73098534518263 138.0 150.0 61.0
36.94245749766578 27.77277897324999 189.7675128543277 132.0 145.0 50.0
36.94139226208448 28.305184374097124 189.80404036347275 130.0 142.0 54.0
37.477340141300076 26.706902935974416 189.72552055488543 119.0 127.0 69.0
37.476274905718775 27.239308336821555 189.7620480640305 136.0 146.0 70.0
37.47520967013748 27.771713737668694 189.79857557317555 132.0 143.0 60.0
37.47414443455618 28.304119138515826 189.83510308232061 77.0 84.0 35.0
38.00902707819048 27.238243101240258 189.7931107828784 98.0 105.0 58.0
38.007961842609184 27.770648502087397 189.82963829202345 90.0 98.0 43.0
34.24869915204066 27.209172241164275 190.1071712834696 108.0 117.0 56.0
34.247633916459364 27.741577642011414 190.14369879261466 97.0 107.0 44.0
34.78251656009366 26.67570160473584 190.10170649317243 121.0 132.0 53.0
34.78145132451237 27.208107005582978 190.1382340023175 126.0 138.0 54.0
34.78038608893107 27.740512406430117 190.17476151146255 121.0 132.0 51.0
35.315268732565364 26.67463636915454 190.13276921202032 117.0 130.0 43.0
35.31420349698407 27.20704177000168 190.16929672116538 124.0 138.0 46.0
35.31313826140277 27.73944717084882 190.20582423031044 117.0 131.0 41.0
35.312073025821476 28.271852571695952 190.24235173945553 100.0 111.0 41.0
35.84802090503707 26.673571133573244 190.1638319308682 136.0 148.0 61.0
35.846955669455774 27.205976534420383 190.20035944001327 128.0 141.0 51.0
35.84589043387448 27.738381935267522 190.23688694915836 123.0 137.0 41.0
35.84482519829318 28.270787336114655 190.2734144583034 109.0 120.0 43.0
36.38183831309007 26.140100497144815 190.15836714057102 119.0 128.0 73.0
36.38077307750878 26.672505897991947 190.19489464971608 140.0 150.0 72.0
36.37970784192748 27.204911298839086 190.23142215886116 141.0 154.0 60.0
36.37864260634618 27.737316699686225 190.26794966800622 138.0 151.0 52.0
36.37757737076488 28.269722100533357 190.30447717715128 140.0 151.0 64.0
36.91352524998048 26.67144066241065 190.225957368564 116.0 126.0 54.0
36.91246001439918 27.20384606325779 190.26248487770906 137.0 149.0 56.0
36.911394778817886 27.73625146410493 190.29901238685412 132.0 145.0 50.0
36.91032954323659 28.268656864952064 190.33553989599918 132.0 144.0 58.0
37.446277422452184 26.670375426829356 190.2570200874119 120.0 128.0 68.0
37.44521218687089 27.202780827676495 190.29354759655695 139.0 149.0 77.0
37.44414695128959 27.735186228523634 190.330075105702 137.0 148.0 65.0
37.443081715708296 28.267591629370767 190.36660261484707 87.0 96.0 36.0
37.97796435934259 27.201715592095198 190.3246103154048 120.0 128.0 66.0
37.97689912376129 27.734120992942337 190.36113782454987 120.0 130.0 57.0
34.21763643319277 27.172644732019208 190.63867081599605 104.0 113.0 53.0
34.21657119761147 27.705050132866347 190.6751983251411 90.0 97.0 45.0
34.75145384124577 26.63917409559077 190.63320602569888 132.0 142.0 65.0
34.750388605664476 27.17157949643791 190.66973353484394 130.0 141.0 61.0
34.74932337008318 27.70398489728505 190.70626104398897 122.0 133.0 54.0
35.28420601371748 26.638108860009474 190.66426874454675 125.0 136.0 55.0
35.28314077813618 27.170514260856617 190.7007962536918 124.0 137.0 48.0
35.282075542554885 27.702919661703756 190.73732376283687 128.0 141.0 49.0
35.281010306973585 28.23532506255089 190.77385127198195 88.0 97.0 37.0
35.81695818618918 26.63704362442818 190.69533146339464 137.0 149.0 59.0
35.81589295060788 27.16944902527532 190.7318589725397 128.0 141.0 49.0
35.81482771502659 27.70185442612246 190.7683864816848 129.0 142.0 48.0
35.813762479445295 28.23425982696959 190.80491399082985 124.0 137.0 49.0
36.35077559424218 26.10357298799975 190.68986667309747 95.0 101.0 60.0
36.349710358660886 26.635978388846883 190.72639418224253 139.0 149.0 72.0
36.34864512307959 27.168383789694023 190.76292169138762 135.0 148.0 54.0
36.34757988749829 27.700789190541162 190.79944920053268 139.0 153.0 50.0
36.346514651917 28.233194591388294 190.83597670967774 140.0 151.0 65.0
36.88246253113259 26.634913153265586 190.75745690109045 123.0 132.0 62.0
36.881397295551295 27.167318554112725 190.79398441023548 141.0 152.0 64.0
36.880332059969994 27.699723954959865 190.83051191938054 134.0 147.0 49.0
36.8792668243887 28.232129355806997 190.8670394285256 134.0 146.0 56.0
37.41521470360429 26.63384791768429 190.7885196199383 87.0 94.0 48.0
37.414149468023 27.166253318531428 190.82504712908337 138.0 148.0 67.0
37.4130842324417 27.698658719378567 190.86157463822843 138.0 149.0 61.0
37.412018996860404 28.2310641202257 190.8981021473735 102.0 112.0 44.0
37.9469016404947 27.16518808295013 190.85610984793126 129.0 137.0 74.0
37.94583640491341 27.697593483797274 190.89263735707632 125.0 134.0 62.0
34.18657371434488 27.136117222874148 191.17017034852248 79.0 85.0 45.0
34.720391122397885 26.60264658644571 191.1647055582253 108.0 117.0 52.0
34.719325886816584 27.13505198729285 191.20123306737037 121.0 131.0 56.0
34.71826065123529 27.66745738813999 191.23776057651543 126.0 137.0 58.0
35.25314329486959 26.601581350864414 191.1957682770732 129.0 141.0 57.0
35.252078059288294 27.133986751711554 191.23229578621826 134.0 146.0 59.0
35.25101282370699 27.666392152558693 191.26882329536335 132.0 144.0 55.0
35.2499475881257 28.198797553405825 191.3053508045084 74.0 82.0 31.0
35.78589546734129 26.600516115283117 191.22683099592106 127.0 139.0 57.0
35.78483023176 27.132921516130256 191.26335850506612 125.0 138.0 51.0
35.7837649961787 27.665326916977396 191.2998860142112 129.0 142.0 48.0
35.7826997605974 28.197732317824528 191.33641352335627 121.0 132.0 51.0
36.318647639812994 26.59945087970182 191.25789371476895 135.0 145.0 70.0
36.3175824042317 27.131856280548963 191.29442122391404 143.0 155.0 62.0
36.31651716865041 27.664261681396102 191.3309487330591 144.0 157.0 60.0
36.315451933069106 28.196667082243234 191.36747624220416 142.0 153.0 67.0
36.851399812284704 26.598385644120526 191.28895643361687 124.0 133.0 67.0
36.8503345767034 27.130791044967665 191.32548394276193 140.0 152.0 63.0
36.84926934112211 27.663196445814805 191.362011451907 141.0 153.0 55.0
36.84820410554081 28.195601846661937 191.39853896105205 142.0 153.0 68.0
37.38415198475641 26.59732040853923 191.32001915246477 123.0 131.0 73.0
37.383086749175106 27.12972580938637 191.35654666160983 141.0 151.0 72.0
37.38202151359381 27.662131210233508 191.3930741707549 140.0 151.0 61.0
37.38095627801251 28.19453661108064 191.42960167989992 107.0 116.0 49.0
37.91583892164681 27.12866057380507 191.3876093804577 132.0 140.0 80.0
37.914773686065516 27.66106597465221 191.42413688960275 123.0 132.0 61.0
34.155510995496996 27.09958971372908 191.70166988104893 76.0 81.0 48.0
34.68932840354999 26.566119077300645 191.69620509075173 106.0 112.0 61.0
34.6882631679687 27.098524478147787 191.7327325998968 128.0 138.0 67.0
34.6871979323874 27.630929878994927 191.76926010904185 116.0 127.0 54.0
35.222080576021696 26.56505384171935 191.72726780959962 135.0 146.0 60.0
35.2210153404404 27.09745924256649 191.76379531874468 135.0 147.0 61.0
35.21995010485911 27.62986464341363 191.80032282788977 127.0 139.0 52.0
35.754832748493406 26.563988606138054 191.75833052844752 128.0 139.0 60.0
35.753767512912106 27.096394006985193 191.7948580375926 132.0 144.0 57.0
35.75270227733081 27.628799407832332 191.83138554673766 134.0 146.0 57.0
35.75163704174951 28.161204808679464 191.86791305588272 116.0 126.0 54.0
36.28758492096511 26.562923370556756 191.78939324729544 130.0 141.0 63.0
36.28651968538381 27.095328771403896 191.8259207564405 136.0 148.0 59.0
36.285454449802515 27.627734172251035 191.86244826558553 142.0 153.0 67.0
36.284389214221214 28.160139573098167 191.8989757747306 140.0 149.0 72.0
36.82033709343681 26.56185813497546 191.8204559661433 102.0 111.0 51.0
36.81927185785551 27.0942635358226 191.85698347528836 132.0 144.0 55.0
36.81820662227422 27.626668936669738 191.89351098443342 140.0 152.0 59.0
36.817141386692924 28.15907433751687 191.93003849357848 137.0 147.0 71.0
37.353089265908515 26.560792899394162 191.8515186849912 100.0 106.0 63.0
37.35202403032722 27.0931983002413 191.88804619413625 139.0 148.0 74.0
37.35095879474592 27.625603701088444 191.9245737032813 136.0 147.0 61.0
37.34989355916463 28.158009101935576 191.96110121242637 109.0 118.0 54.0
37.884776202798925 27.092133064660008 191.91910891298414 126.0 133.0 79.0
37.883710967217624 27.624538465507147 191.9556364221292 126.0 135.0 68.0
34.65720044912081 27.061996969002724 192.26423213242325 121.0 130.0 68.0
34.656135213539514 27.594402369849863 192.3007596415683 98.0 106.0 50.0
35.19101785717381 26.528526332574287 192.25876734212608 136.0 146.0 70.0
35.18995262159251 27.060931733421427 192.2952948512711 142.0 153.0 68.0
35.18888738601122 27.59333713426857 192.3318223604162 123.0 135.0 49.0
35.723770029645515 26.52746109699299 192.28983006097394 128.0 140.0 57.0
35.72270479406422 27.059866497840133 192.32635757011903 131.0 142.0 57.0
35.72163955848292 27.592271898687272 192.3628850792641 133.0 145.0 58.0
36.25652220211722 26.526395861411697 192.32089277982186 127.0 138.0 58.0
36.255456966535924 27.058801262258836 192.35742028896692 138.0 149.0 64.0
36.25439173095462 27.591206663105975 192.39394779811198 141.0 151.0 70.0
36.25332649537333 28.123612063953107 192.43047530725704 129.0 138.0 69.0
36.78927437458892 26.5253306258304 192.35195549866975 139.0 149.0 76.0
36.78820913900763 27.05773602667754 192.3884830078148 136.0 147.0 68.0
36.787143903426326 27.590141427524678 192.42501051695987 140.0 150.0 73.0
36.78607866784503 28.12254682837181 192.46153802610493 142.0 150.0 83.0
37.322026547060624 26.524265390249102 192.38301821751762 114.0 121.0 72.0
37.32096131147933 27.05667079109624 192.41954572666268 138.0 147.0 79.0
37.319896075898036 27.58907619194338 192.45607323580774 135.0 145.0 68.0
37.318830840316735 28.121481592790513 192.4926007449528 114.0 121.0 62.0
37.85371348395103 27.055605555514944 192.45060844551057 104.0 110.0 64.0
37.85264824836974 27.588010956362083 192.48713595465563 114.0 122.0 61.0
35.15995513832593 26.491998823429224 192.7902668746525 117.0 126.0 61.0
35.15888990274463 27.024404224276363 192.82679438379756 139.0 149.0 77.0
35.15782466716333 27.556809625123503 192.86332189294265 120.0 129.0 62.0
35.69270731079763 26.490933587847927 192.8213295935004 134.0 145.0 68.0
35.691642075216336 27.023338988695066 192.85785710264548 136.0 146.0 69.0
35.69057683963504 27.555744389542205 192.89438461179054 127.0 137.0 63.0
36.22545948326934 26.48986835226663 192.8523923123483 124.0 133.0 66.0
36.22439424768804 27.02227375311377 192.88891982149335 141.0 150.0 80.0
36.223329012106745 27.554679153960908 192.9254473306384 144.0 151.0 83.0
36.75821165574104 26.488803116685332 192.88345503119618 127.0 135.0 73.0
36.75714642015974 27.02120851753247 192.91998254034124 139.0 148.0 80.0
36.75608118457845 27.553613918379614 192.9565100494863 150.0 156.0 91.0
36.75501594899715 28.086019319226747 192.99303755863136 137.0 142.0 89.0
37.290963828212746 26.48773788110404 192.91451775004407 110.0 115.0 71.0
37.289898592631445 27.020143281951178 192.95104525918913 134.0 142.0 77.0
37.28883335705015 27.552548682798317 192.9875727683342 139.0 146.0 83.0
37.28776812146886 28.08495408364545 193.02410027747925 98.0 103.0 63.0
35.12782718389674 26.987876715131303 193.358293916324 82.0 86.0 53.0
35.12676194831545 27.520282115978443 193.39482142546908 85.0 90.0 58.0
35.661644591949745 26.454406078702867 193.35282912602682 96.0 100.0 61.0
35.660579356368444 26.986811479550006 193.3893566351719 152.0 160.0 97.0
35.65951412078715 27.519216880397146 193.42588414431697 93.0 98.0 61.0
36.19439676442145 26.45334084312157 193.38389184487474 128.0 135.0 85.0
36.193331528840154 26.98574624396871 193.4204193540198 164.0 171.0 104.0
36.192266293258854 27.51815164481585 193.45694686316486 144.0 153.0 94.0
36.72714893689315 26.452275607540273 193.41495456372263 136.0 141.0 92.0
36.72608370131186 26.984681008387412 193.45148207286766 160.0 167.0 105.0
36.72501846573056 27.51708640923455 193.48800958201272 152.0 158.0 102.0
37.25883587378356 26.983615772806115 193.48254479171555 150.0 155.0 104.0
37.25777063820226 27.516021173653254 193.5190723008606 150.0 154.0 105.0
36.695020982463966 26.948153499242352 193.98298160539412 127.0 132.0 97.0
36.69395574688267 27.48055890008949 194.01950911453918 131.0 136.0 96.0
37.22777315493567 26.947088263661055 194.014044324242 151.0 154.0 111.0
37.226707919354375 27.479493664508194 194.05057183338707 131.0 135.0 98.0
