4.240 6.639 88.525 97.000 107.000 47.000
4.214 6.631 88.971 88.000 97.000 45.000
4.214 7.078 88.980 85.000 103.000 35.000
4.660 6.631 88.997 77.000 90.000 36.000
4.660 7.078 89.006 92.000 107.000 32.000
5.106 7.078 89.032 96.000 116.000 32.000
4.188 6.623 89.418 86.000 95.000 48.000
4.188 7.070 89.426 85.000 100.000 39.000
4.187 7.517 89.434 76.000 94.000 33.000
4.634 6.623 89.444 90.000 100.000 46.000
4.634 7.070 89.452 88.000 103.000 33.000
4.634 7.517 89.460 91.000 107.000 32.000
5.080 6.623 89.470 89.000 102.000 39.000
5.080 7.070 89.478 126.000 139.000 45.000
5.080 7.516 89.486 119.000 134.000 40.000
5.527 6.622 89.496 110.000 120.000 49.000
5.526 7.069 89.504 114.000 134.000 36.000
5.973 7.069 89.530 86.000 101.000 30.000
4.162 6.615 89.864 116.000 121.000 75.000
4.162 7.062 89.872 95.000 108.000 48.000
4.161 7.509 89.880 72.000 87.000 34.000
4.608 7.062 89.898 88.000 105.000 35.000
4.608 7.509 89.906 78.000 95.000 27.000
4.607 7.955 89.914 70.000 89.000 24.000
5.054 6.615 89.916 104.000 115.000 47.000
5.054 7.061 89.924 119.000 130.000 39.000
5.054 7.508 89.932 123.000 138.000 44.000
5.054 7.955 89.940 100.000 119.000 30.000
5.501 6.614 89.942 158.000 171.000 80.000
5.500 7.061 89.950 176.000 180.000 72.000
5.500 7.508 89.958 129.000 145.000 43.000
5.947 6.614 89.968 70.000 84.000 27.000
5.947 7.061 89.976 110.000 127.000 38.000
5.946 7.508 89.984 110.000 127.000 37.000
4.136 6.607 90.310 110.000 116.000 70.000
4.136 7.054 90.318 97.000 109.000 49.000
4.136 7.501 90.326 84.000 99.000 39.000
4.135 7.948 90.334 68.000 83.000 29.000
4.582 6.607 90.336 89.000 99.000 47.000
4.582 7.054 90.344 102.000 118.000 44.000
4.582 7.500 90.352 91.000 110.000 33.000
4.581 7.947 90.360 87.000 107.000 28.000
4.581 8.394 90.368 104.000 122.000 34.000
4.581 8.841 90.376 120.000 133.000 46.000
5.028 6.606 90.362 89.000 101.000 38.000
5.028 7.053 90.370 103.000 122.000 35.000
5.028 7.500 90.378 114.000 130.000 36.000
5.028 7.947 90.386 120.000 136.000 40.000
5.027 8.394 90.394 115.000 132.000 32.000
5.475 6.606 90.388 180.000 186.000 98.000
5.474 7.053 90.396 172.000 183.000 77.000
5.474 7.500 90.404 127.000 143.000 40.000
5.474 7.947 90.412 116.000 132.000 33.000
5.474 8.394 90.420 119.000 135.000 34.000
5.921 6.606 90.414 130.000 141.000 59.000
5.921 7.053 90.422 133.000 147.000 53.000
5.920 7.500 90.430 115.000 131.000 38.000
5.920 7.947 90.438 109.000 126.000 34.000
6.367 7.053 90.448 97.000 112.000 36.000
6.367 7.500 90.456 92.000 108.000 32.000
6.366 7.946 90.464 107.000 121.000 39.000
4.110 6.599 90.756 107.000 114.000 65.000
4.110 7.046 90.764 104.000 115.000 54.000
4.110 7.493 90.772 104.000 118.000 48.000
4.109 7.940 90.780 109.000 124.000 46.000
4.109 8.386 90.788 87.000 103.000 32.000
4.556 6.599 90.782 83.000 92.000 44.000
4.556 7.046 90.790 93.000 108.000 41.000
4.556 7.492 90.798 100.000 118.000 38.000
4.555 7.939 90.806 106.000 125.000 36.000
4.555 8.386 90.814 106.000 125.000 32.000
4.555 8.833 90.822 115.000 129.000 41.000
4.555 9.280 90.831 119.000 131.000 51.000
5.002 7.045 90.816 88.000 106.000 31.000
5.002 7.492 90.824 107.000 126.000 34.000
5.002 7.939 90.832 114.000 135.000 31.000
5.001 8.386 90.840 115.000 134.000 29.000
5.001 8.833 90.848 126.000 141.000 43.000
5.449 6.598 90.834 178.000 188.000 100.000
5.448 7.045 90.842 156.000 169.000 69.000
5.448 7.492 90.850 123.000 141.000 37.000
5.448 7.939 90.858 119.000 138.000 31.000
5.448 8.386 90.866 123.000 141.000 31.000
5.447 8.833 90.874 116.000 132.000 32.000
5.895 6.598 90.860 163.000 173.000 92.000
5.895 7.045 90.868 152.000 163.000 71.000
5.894 7.492 90.876 119.000 135.000 39.000
5.894 7.939 90.884 104.000 125.000 28.000
5.894 8.385 90.892 115.000 132.000 31.000
6.341 6.598 90.886 112.000 125.000 46.000
6.341 7.045 90.894 129.000 143.000 48.000
6.341 7.491 90.902 109.000 125.000 36.000
6.340 7.938 90.910 108.000 124.000 35.000
6.340 8.385 90.918 124.000 137.000 47.000
6.787 7.044 90.920 94.000 107.000 35.000
6.787 7.491 90.928 88.000 100.000 33.000
6.787 7.938 90.936 103.000 114.000 40.000
4.084 7.038 91.210 115.000 123.000 64.000
4.084 7.485 91.218 115.000 126.000 56.000
4.083 7.931 91.226 110.000 125.000 47.000
4.083 8.378 91.235 104.000 120.000 39.000
4.530 6.591 91.228 75.000 84.000 38.000
4.530 7.037 91.236 96.000 110.000 44.000
4.530 7.484 91.244 106.000 121.000 42.000
4.530 7.931 91.252 116.000 131.000 41.000
4.529 8.378 91.261 117.000 134.000 38.000
4.529 8.825 91.269 121.000 135.000 46.000
4.529 9.272 91.277 110.000 124.000 46.000
4.976 7.037 91.262 88.000 105.000 33.000
4.976 7.484 91.270 108.000 126.000 36.000
4.976 7.931 91.278 116.000 135.000 33.000
4.975 8.378 91.287 120.000 137.000 33.000
4.975 8.825 91.295 117.000 132.000 36.000
4.975 9.272 91.303 105.000 118.000 35.000
4.975 9.718 91.311 79.000 92.000 31.000
5.423 6.590 91.280 129.000 142.000 55.000
5.422 7.037 91.288 135.000 149.000 55.000
5.422 7.484 91.296 117.000 134.000 36.000
5.422 7.931 91.304 117.000 135.000 30.000
5.422 8.378 91.312 118.000 137.000 28.000
5.421 8.824 91.321 114.000 130.000 31.000
5.421 9.271 91.329 92.000 102.000 32.000
5.869 6.590 91.306 165.000 175.000 93.000
5.869 7.037 91.314 159.000 170.000 80.000
5.868 7.484 91.322 121.000 137.000 39.000
5.868 7.930 91.330 107.000 128.000 29.000
5.868 8.377 91.338 113.000 131.000 30.000
5.868 8.824 91.347 111.000 126.000 33.000
5.867 9.271 91.355 88.000 98.000 30.000
6.315 6.590 91.332 138.000 149.000 66.000
6.315 7.036 91.340 142.000 156.000 57.000
6.315 7.483 91.348 119.000 135.000 37.000
6.314 7.930 91.356 111.000 128.000 34.000
6.314 8.377 91.364 123.000 137.000 42.000
6.314 8.824 91.373 113.000 125.000 40.000
6.761 6.589 91.358 76.000 88.000 32.000
6.761 7.036 91.366 105.000 121.000 35.000
6.761 7.483 91.374 114.000 128.000 40.000
6.761 7.930 91.382 93.000 106.000 31.000
6.760 8.377 91.390 101.000 112.000 39.000
4.057 7.923 91.673 110.000 122.000 54.000
4.057 8.370 91.681 93.000 108.000 40.000
4.057 8.817 91.689 79.000 91.000 33.000
4.504 7.029 91.682 92.000 103.000 42.000
4.504 7.476 91.690 119.000 131.000 53.000
4.504 7.923 91.699 119.000 132.000 49.000
4.503 8.370 91.707 114.000 129.000 42.000
4.503 8.817 91.715 99.000 117.000 36.000
4.503 9.264 91.723 100.000 118.000 37.000
4.950 7.476 91.716 91.000 109.000 30.000
4.950 7.923 91.725 120.000 135.000 41.000
4.950 8.370 91.733 120.000 135.000 39.000
4.949 8.817 91.741 107.000 126.000 31.000
4.949 9.263 91.749 111.000 128.000 35.000
4.949 9.710 91.757 73.000 87.000 27.000
5.396 7.029 91.734 72.000 88.000 23.000
5.396 7.476 91.742 102.000 117.000 31.000
5.396 7.923 91.751 114.000 134.000 32.000
5.396 8.369 91.759 114.000 132.000 30.000
5.395 8.816 91.767 114.000 131.000 31.000
5.395 9.263 91.775 119.000 134.000 36.000
5.395 9.710 91.783 101.000 114.000 34.000
5.843 6.582 91.752 161.000 171.000 89.000
5.843 7.029 91.760 153.000 165.000 70.000
5.842 7.475 91.768 131.000 145.000 47.000
5.842 7.922 91.776 118.000 134.000 36.000
5.842 8.369 91.785 115.000 132.000 32.000
5.842 8.816 91.793 124.000 138.000 42.000
5.841 9.263 91.801 92.000 105.000 28.000
5.841 9.710 91.809 85.000 94.000 34.000
6.289 6.581 91.778 152.000 161.000 87.000
6.289 7.028 91.786 145.000 158.000 59.000
6.289 7.475 91.794 132.000 147.000 46.000
6.288 7.922 91.802 116.000 132.000 36.000
6.288 8.369 91.811 121.000 136.000 39.000
6.288 8.816 91.819 123.000 136.000 47.000
6.735 6.581 91.804 81.000 90.000 38.000
6.735 7.028 91.812 118.000 132.000 40.000
6.735 7.475 91.820 125.000 139.000 46.000
6.735 7.922 91.828 96.000 111.000 31.000
6.734 8.369 91.837 100.000 111.000 38.000
4.031 8.362 92.127 93.000 106.000 47.000
4.031 8.809 92.135 67.000 83.000 28.000
4.478 7.468 92.137 117.000 128.000 56.000
4.478 7.915 92.145 119.000 129.000 57.000
4.477 8.362 92.153 111.000 123.000 48.000
4.477 8.809 92.161 85.000 103.000 31.000
4.924 7.468 92.163 88.000 106.000 32.000
4.924 7.915 92.171 115.000 130.000 42.000
4.924 8.362 92.179 119.000 133.000 43.000
4.923 8.809 92.187 104.000 122.000 32.000
4.923 9.255 92.195 122.000 138.000 39.000
4.923 9.702 92.203 112.000 128.000 42.000
4.923 10.149 92.211 72.000 83.000 34.000
5.370 7.915 92.197 99.000 117.000 29.000
5.370 8.361 92.205 117.000 134.000 34.000
5.370 8.808 92.213 123.000 139.000 37.000
5.369 9.255 92.221 117.000 134.000 32.000
5.369 9.702 92.229 118.000 132.000 41.000
5.369 10.149 92.237 94.000 105.000 41.000
5.817 6.574 92.198 125.000 131.000 78.000
5.817 7.020 92.206 155.000 167.000 69.000
5.816 7.467 92.215 149.000 162.000 62.000
5.816 7.914 92.223 127.000 142.000 43.000
5.816 8.361 92.231 120.000 136.000 37.000
5.816 8.808 92.239 124.000 138.000 42.000
5.815 9.255 92.247 121.000 135.000 43.000
5.815 9.702 92.255 121.000 132.000 49.000
6.263 6.573 92.224 154.000 160.000 95.000
6.263 7.020 92.232 153.000 165.000 65.000
6.263 7.467 92.240 142.000 156.000 54.000
6.262 7.914 92.249 113.000 129.000 33.000
6.262 8.361 92.257 114.000 130.000 35.000
6.262 8.808 92.265 120.000 132.000 45.000
6.262 9.255 92.273 107.000 117.000 45.000
6.261 9.702 92.281 85.000 96.000 34.000
6.709 6.573 92.250 129.000 133.000 75.000
6.709 7.020 92.258 136.000 148.000 54.000
6.709 7.467 92.266 134.000 147.000 52.000
6.709 7.914 92.275 102.000 116.000 32.000
6.708 8.361 92.283 82.000 94.000 27.000
7.155 7.020 92.284 84.000 96.000 34.000
7.155 7.467 92.292 73.000 82.000 30.000
4.452 7.460 92.583 89.000 100.000 38.000
4.452 7.907 92.591 108.000 120.000 49.000
4.451 8.354 92.599 96.000 111.000 39.000
4.451 8.801 92.607 80.000 96.000 29.000
4.899 6.566 92.592 73.000 84.000 32.000
4.898 7.907 92.617 63.000 82.000 19.000
4.898 8.354 92.625 86.000 105.000 26.000
4.897 8.800 92.633 109.000 126.000 32.000
4.897 9.247 92.641 111.000 128.000 31.000
4.897 9.694 92.649 112.000 126.000 39.000
4.897 10.141 92.657 94.000 104.000 45.000
5.344 7.013 92.627 81.000 101.000 28.000
5.344 7.460 92.635 79.000 98.000 23.000
5.344 7.906 92.643 69.000 88.000 17.000
5.344 8.353 92.651 73.000 96.000 16.000
5.344 8.800 92.659 111.000 130.000 27.000
5.343 9.247 92.667 119.000 136.000 30.000
5.343 9.694 92.675 117.000 133.000 37.000
5.343 10.141 92.683 102.000 116.000 44.000
5.791 7.012 92.653 152.000 164.000 73.000
5.790 7.459 92.661 143.000 157.000 58.000
5.790 7.906 92.669 113.000 131.000 33.000
5.790 8.353 92.677 101.000 123.000 26.000
5.790 8.800 92.685 117.000 133.000 35.000
5.790 9.247 92.693 117.000 133.000 36.000
5.789 9.694 92.701 119.000 133.000 45.000
5.789 10.141 92.709 88.000 95.000 42.000
6.237 7.012 92.679 152.000 163.000 70.000
6.237 7.459 92.687 138.000 152.000 53.000
6.236 7.906 92.695 122.000 138.000 40.000
6.236 8.353 92.703 118.000 133.000 38.000
6.236 8.800 92.711 114.000 128.000 37.000
6.236 9.247 92.719 122.000 134.000 49.000
6.235 9.693 92.727 92.000 100.000 41.000
6.683 6.565 92.696 127.000 129.000 87.000
6.683 7.012 92.704 141.000 152.000 65.000
6.683 7.459 92.713 137.000 149.000 59.000
6.683 7.906 92.721 119.000 131.000 45.000
6.682 8.353 92.729 107.000 120.000 37.000
6.682 8.799 92.737 93.000 104.000 36.000
7.129 7.012 92.730 88.000 97.000 40.000
7.129 7.459 92.739 80.000 88.000 34.000
4.426 7.899 93.037 122.000 136.000 53.000
4.425 8.346 93.045 93.000 111.000 35.000
4.425 8.793 93.053 85.000 104.000 29.000
4.873 6.558 93.039 168.000 176.000 104.000
4.872 7.005 93.047 159.000 170.000 82.000
4.872 7.452 93.055 132.000 147.000 51.000
4.872 7.899 93.063 87.000 109.000 25.000
4.872 8.345 93.071 85.000 109.000 21.000
4.871 8.792 93.079 110.000 128.000 29.000
4.871 9.239 93.087 101.000 119.000 25.000
4.871 9.686 93.095 93.000 112.000 28.000
4.871 10.133 93.103 97.000 107.000 45.000
5.319 6.558 93.065 137.000 147.000 69.000
5.319 7.005 93.073 122.000 136.000 48.000
5.318 7.451 93.081 107.000 125.000 33.000
5.318 7.898 93.089 93.000 110.000 22.000
5.318 8.345 93.097 83.000 103.000 16.000
5.318 8.792 93.105 109.000 130.000 23.000
5.317 9.239 93.113 90.000 115.000 18.000
5.317 9.686 93.121 102.000 122.000 27.000
5.317 10.133 93.129 102.000 116.000 45.000
5.765 7.004 93.099 85.000 101.000 29.000
5.764 7.451 93.107 97.000 114.000 30.000
5.764 7.898 93.115 102.000 121.000 28.000
5.764 8.345 93.123 101.000 123.000 23.000
5.764 8.792 93.131 101.000 123.000 25.000
5.764 9.239 93.139 111.000 128.000 30.000
5.763 9.686 93.147 120.000 132.000 44.000
5.763 10.132 93.155 91.000 97.000 47.000
6.211 7.004 93.125 153.000 163.000 78.000
6.211 7.451 93.133 142.000 154.000 61.000
6.210 7.898 93.141 122.000 137.000 43.000
6.210 8.345 93.149 104.000 123.000 29.000
6.210 8.792 93.157 109.000 126.000 33.000
6.210 9.238 93.165 123.000 135.000 47.000
6.210 9.685 93.173 115.000 125.000 51.000
6.657 7.004 93.151 151.000 159.000 83.000
6.657 7.451 93.159 136.000 147.000 62.000
6.657 7.898 93.167 122.000 134.000 47.000
6.656 8.344 93.175 114.000 127.000 40.000
6.656 8.791 93.183 112.000 123.000 46.000
6.656 9.238 93.191 90.000 96.000 46.000
6.656 9.685 93.199 82.000 86.000 47.000
7.103 7.004 93.177 114.000 120.000 61.000
7.103 7.450 93.185 103.000 113.000 45.000
7.103 7.897 93.193 85.000 94.000 33.000
7.103 8.344 93.201 94.000 104.000 39.000
4.399 8.784 93.499 83.000 100.000 29.000
4.846 6.997 93.493 150.000 162.000 68.000
4.846 7.444 93.501 116.000 134.000 39.000
4.846 7.890 93.509 82.000 104.000 22.000
4.846 8.337 93.517 82.000 108.000 18.000
4.845 8.784 93.525 103.000 123.000 25.000
4.845 9.231 93.533 99.000 117.000 24.000
4.845 9.678 93.541 110.000 124.000 36.000
5.293 6.550 93.511 124.000 136.000 57.000
5.293 6.996 93.519 114.000 131.000 40.000
5.292 7.443 93.527 96.000 112.000 25.000
5.292 8.337 93.543 64.000 84.000 11.000
5.292 8.784 93.551 111.000 132.000 23.000
5.291 9.231 93.559 100.000 124.000 19.000
5.291 9.678 93.567 115.000 132.000 32.000
5.291 10.125 93.576 104.000 117.000 45.000
5.291 10.572 93.584 93.000 96.000 63.000
5.739 7.443 93.553 68.000 87.000 18.000
5.738 7.890 93.561 85.000 107.000 22.000
5.738 8.337 93.569 92.000 115.000 21.000
5.738 8.784 93.577 111.000 128.000 29.000
5.738 9.231 93.585 113.000 130.000 31.000
5.737 9.678 93.593 119.000 132.000 43.000
5.737 10.124 93.602 117.000 126.000 61.000
6.185 6.996 93.571 130.000 141.000 59.000
6.185 7.443 93.579 122.000 136.000 47.000
6.184 7.890 93.587 115.000 130.000 38.000
6.184 8.337 93.595 114.000 130.000 35.000
6.184 8.784 93.603 110.000 128.000 34.000
6.184 9.230 93.611 121.000 133.000 45.000
6.184 9.677 93.619 123.000 132.000 58.000
6.631 6.996 93.597 154.000 161.000 89.000
6.631 7.443 93.605 137.000 146.000 68.000
6.631 7.889 93.613 124.000 136.000 52.000
6.630 8.336 93.621 123.000 134.000 47.000
6.630 8.783 93.629 106.000 116.000 44.000
6.630 9.230 93.637 105.000 111.000 54.000
6.630 9.677 93.645 98.000 102.000 59.000
7.077 6.995 93.623 116.000 120.000 69.000
7.077 7.442 93.631 117.000 125.000 56.000
7.077 7.889 93.639 123.000 133.000 56.000
7.077 8.336 93.647 120.000 131.000 51.000
7.076 8.783 93.655 75.000 80.000 39.000
7.523 7.889 93.665 75.000 82.000 36.000
4.820 7.882 93.955 113.000 132.000 33.000
4.820 8.329 93.963 102.000 124.000 25.000
4.819 8.776 93.971 111.000 129.000 30.000
4.819 9.223 93.979 100.000 117.000 26.000
4.819 9.670 93.988 85.000 103.000 26.000
5.266 7.435 93.973 137.000 155.000 43.000
5.266 7.882 93.981 117.000 140.000 28.000
5.266 8.329 93.989 107.000 133.000 20.000
5.266 8.776 93.997 112.000 133.000 23.000
5.265 9.223 94.005 110.000 130.000 24.000
5.265 9.670 94.014 104.000 124.000 28.000
5.265 10.117 94.022 107.000 120.000 45.000
5.265 10.563 94.030 105.000 109.000 69.000
5.713 6.988 93.991 108.000 126.000 35.000
5.713 7.435 93.999 120.000 136.000 37.000
5.712 7.882 94.007 120.000 137.000 36.000
5.712 8.329 94.015 114.000 132.000 30.000
5.712 8.776 94.023 107.000 124.000 27.000
5.712 9.223 94.031 122.000 138.000 36.000
5.711 9.669 94.040 118.000 132.000 41.000
5.711 10.116 94.048 120.000 130.000 59.000
5.711 10.563 94.056 125.000 128.000 92.000
6.159 6.988 94.017 94.000 111.000 31.000
6.159 7.435 94.025 111.000 127.000 38.000
6.159 7.882 94.033 118.000 133.000 41.000
6.158 8.329 94.041 115.000 130.000 36.000
6.158 8.775 94.049 113.000 127.000 37.000
6.158 9.222 94.057 122.000 134.000 46.000
6.158 9.669 94.066 121.000 131.000 55.000
6.157 10.116 94.074 102.000 108.000 57.000
6.605 6.988 94.043 106.000 116.000 45.000
6.605 7.435 94.051 120.000 132.000 53.000
6.605 7.881 94.059 114.000 127.000 45.000
6.604 8.328 94.067 121.000 132.000 47.000
6.604 8.775 94.075 111.000 120.000 49.000
6.604 9.222 94.083 108.000 115.000 54.000
6.604 9.669 94.091 107.000 112.000 65.000
7.051 7.434 94.077 108.000 115.000 60.000
7.051 7.881 94.085 112.000 120.000 54.000
7.051 8.328 94.093 119.000 128.000 53.000
7.050 8.775 94.101 90.000 95.000 47.000
4.793 8.768 94.418 129.000 144.000 42.000
4.793 9.215 94.426 119.000 134.000 38.000
4.793 9.662 94.434 99.000 113.000 33.000
5.240 7.874 94.427 161.000 178.000 53.000
5.240 8.321 94.435 156.000 175.000 44.000
5.240 8.768 94.443 133.000 152.000 32.000
5.239 9.215 94.452 117.000 136.000 29.000
5.239 9.662 94.460 105.000 125.000 29.000
5.239 10.108 94.468 91.000 106.000 34.000
5.239 10.555 94.476 86.000 95.000 49.000
5.687 7.427 94.445 148.000 163.000 55.000
5.686 7.874 94.453 136.000 152.000 44.000
5.686 8.321 94.461 124.000 141.000 35.000
5.686 8.768 94.469 122.000 137.000 37.000
5.686 9.214 94.478 125.000 140.000 39.000
5.685 9.661 94.486 115.000 129.000 40.000
5.685 10.108 94.494 120.000 131.000 57.000
5.685 10.555 94.502 123.000 129.000 78.000
6.133 7.427 94.471 116.000 134.000 37.000
6.133 7.874 94.479 109.000 126.000 33.000
6.132 8.320 94.487 114.000 130.000 37.000
6.132 8.767 94.495 121.000 134.000 45.000
6.132 9.214 94.504 121.000 133.000 46.000
6.132 9.661 94.512 123.000 133.000 55.000
6.131 10.108 94.520 121.000 129.000 65.000
6.131 10.555 94.528 104.000 109.000 69.000
6.579 7.426 94.497 82.000 92.000 31.000
6.579 7.873 94.505 112.000 123.000 47.000
6.578 8.320 94.513 116.000 128.000 46.000
6.578 8.767 94.521 117.000 127.000 51.000
6.578 9.214 94.530 121.000 128.000 61.000
6.578 9.661 94.538 114.000 120.000 67.000
6.578 10.108 94.546 88.000 92.000 54.000
7.025 7.873 94.531 101.000 108.000 52.000
7.025 8.320 94.539 118.000 126.000 57.000
7.024 8.767 94.547 94.000 100.000 50.000
7.024 9.214 94.555 86.000 90.000 52.000
4.767 9.654 94.880 99.000 112.000 32.000
5.214 8.760 94.890 133.000 151.000 33.000
5.213 9.207 94.898 129.000 146.000 35.000
5.213 9.653 94.906 120.000 135.000 37.000
5.660 8.313 94.907 125.000 143.000 32.000
5.660 8.759 94.916 128.000 143.000 38.000
5.660 9.206 94.924 125.000 139.000 39.000
5.659 9.653 94.932 120.000 133.000 44.000
5.659 10.100 94.940 110.000 120.000 51.000
6.107 7.865 94.925 123.000 140.000 37.000
6.106 8.312 94.933 117.000 134.000 32.000
6.106 8.759 94.942 120.000 135.000 39.000
6.106 9.206 94.950 129.000 141.000 51.000
6.106 9.653 94.958 131.000 141.000 61.000
6.105 10.100 94.966 124.000 132.000 65.000
6.553 7.418 94.943 116.000 132.000 39.000
6.553 7.865 94.951 116.000 130.000 40.000
6.553 8.312 94.959 113.000 127.000 37.000
6.552 8.759 94.968 123.000 134.000 51.000
6.552 9.206 94.976 134.000 142.000 69.000
6.552 9.653 94.984 131.000 138.000 73.000
6.552 10.100 94.992 96.000 102.000 55.000
6.999 7.865 94.977 84.000 91.000 38.000
6.999 8.312 94.985 93.000 101.000 41.000
6.998 8.759 94.994 85.000 91.000 44.000
5.187 9.645 95.352 120.000 132.000 45.000
5.634 8.751 95.362 126.000 143.000 35.000
5.634 9.198 95.370 105.000 115.000 34.000
5.633 9.645 95.378 145.000 155.000 67.000
5.633 10.092 95.386 91.000 99.000 44.000
6.080 8.304 95.380 124.000 142.000 31.000
6.080 8.751 95.388 123.000 139.000 37.000
6.080 9.198 95.396 125.000 138.000 45.000
6.080 9.645 95.404 151.000 159.000 79.000
6.079 10.092 95.412 138.000 146.000 77.000
6.527 8.304 95.406 119.000 135.000 35.000
6.526 8.751 95.414 125.000 138.000 45.000
6.526 9.198 95.422 117.000 126.000 53.000
6.526 9.645 95.430 144.000 152.000 78.000
6.526 10.092 95.438 120.000 124.000 77.000
6.973 8.304 95.432 84.000 93.000 33.000
4.714 11.425 95.805 201.000 187.000 163.000
5.607 9.637 95.824 103.000 113.000 37.000
5.607 10.084 95.832 95.000 105.000 41.000
6.054 9.190 95.842 91.000 105.000 24.000
6.054 9.637 95.850 119.000 130.000 47.000
6.053 10.084 95.858 98.000 106.000 49.000
6.500 8.743 95.860 131.000 146.000 43.000
6.947 8.296 95.878 108.000 121.000 39.000
6.947 8.743 95.886 88.000 95.000 40.000
6.474 9.182 96.314 126.000 141.000 45.000
3.794 6.640 88.499 115.000 120.000 76.000
3.793 7.086 88.507 86.000 94.000 44.000
3.321 7.079 88.928 90.000 94.000 57.000
3.767 7.078 88.954 96.000 107.000 49.000
3.742 6.623 89.392 90.000 95.000 59.000
3.741 7.070 89.400 74.000 84.000 38.000
3.741 7.517 89.408 73.000 83.000 37.000
4.084 6.591 91.202 85.000 90.000 53.000
4.058 7.030 91.656 113.000 120.000 67.000
4.058 7.476 91.664 119.000 128.000 63.000
4.032 7.021 92.103 88.000 91.000 59.000
4.032 7.468 92.111 122.000 129.000 72.000
4.031 7.915 92.119 116.000 124.000 66.000
3.559 8.354 92.547 73.000 83.000 34.000
4.006 7.460 92.557 152.000 156.000 105.000
4.005 7.907 92.565 135.000 143.000 80.000
4.005 8.354 92.573 103.000 113.000 52.000
3.980 7.452 93.003 107.000 111.000 70.000
3.979 7.899 93.011 134.000 140.000 84.000
3.979 8.346 93.019 117.000 127.000 63.000
3.979 8.793 93.027 73.000 88.000 31.000
4.426 7.452 93.029 128.000 140.000 57.000
4.400 7.891 93.483 91.000 106.000 35.000
4.399 8.338 93.491 93.000 110.000 34.000
4.373 8.776 93.945 107.000 121.000 41.000
