-10.459 -13.109 156.433 67.000 89.000 36.000
-10.027 -13.109 156.434 95.000 114.000 68.000
-10.027 -12.677 156.438 99.000 121.000 58.000
-9.594 -12.677 156.439 109.000 126.000 78.000
-11.758 -13.114 156.865 86.000 96.000 62.000
-11.325 -13.114 156.865 123.000 141.000 86.000
-11.325 -12.681 156.870 129.000 147.000 78.000
-10.893 -13.114 156.866 108.000 127.000 70.000
-10.893 -12.681 156.870 124.000 143.000 70.000
-10.893 -12.249 156.875 145.000 163.000 77.000
-10.460 -13.114 156.866 99.000 121.000 61.000
-10.460 -12.681 156.871 119.000 140.000 64.000
-10.460 -12.249 156.875 163.000 181.000 95.000
-10.460 -11.816 156.880 170.000 187.000 104.000
-10.460 -11.383 156.884 111.000 125.000 67.000
-10.027 -13.114 156.866 93.000 112.000 65.000
-10.027 -12.681 156.871 110.000 128.000 66.000
-10.027 -12.249 156.876 153.000 170.000 98.000
-10.027 -11.816 156.880 187.000 200.000 132.000
-10.027 -11.383 156.885 175.000 184.000 127.000
-9.595 -12.681 156.871 101.000 116.000 73.000
-9.595 -12.249 156.876 144.000 158.000 103.000
-9.595 -11.816 156.881 116.000 128.000 81.000
-12.191 -13.119 157.297 94.000 101.000 73.000
-11.758 -13.551 157.293 141.000 145.000 114.000
-11.758 -13.119 157.297 194.000 203.000 147.000
-11.758 -12.686 157.302 150.000 168.000 93.000
-11.326 -13.119 157.298 159.000 174.000 112.000
-11.326 -12.686 157.302 148.000 168.000 91.000
-11.326 -12.253 157.307 130.000 150.000 65.000
-11.326 -11.821 157.312 105.000 121.000 55.000
-11.326 -11.388 157.316 92.000 104.000 55.000
-10.893 -13.119 157.298 117.000 134.000 74.000
-10.893 -12.686 157.303 127.000 147.000 69.000
-10.893 -12.253 157.307 149.000 168.000 78.000
-10.893 -11.821 157.312 147.000 166.000 78.000
-10.893 -11.388 157.317 139.000 156.000 81.000
-10.893 -10.955 157.321 92.000 105.000 53.000
-10.460 -13.119 157.299 102.000 123.000 60.000
-10.460 -12.686 157.303 109.000 132.000 53.000
-10.460 -12.253 157.308 152.000 172.000 83.000
-10.460 -11.821 157.312 187.000 202.000 117.000
-10.460 -11.388 157.317 175.000 189.000 111.000
-10.460 -10.955 157.322 80.000 90.000 46.000
-10.028 -13.119 157.299 108.000 123.000 81.000
-10.028 -12.686 157.304 116.000 133.000 74.000
-10.028 -12.253 157.308 140.000 158.000 87.000
-10.028 -11.821 157.313 212.000 220.000 154.000
-10.028 -11.388 157.317 232.000 236.000 186.000
-10.028 -10.955 157.322 93.000 101.000 60.000
-9.595 -12.686 157.304 92.000 109.000 65.000
-9.595 -12.253 157.309 114.000 126.000 78.000
-12.191 -13.556 157.725 166.000 171.000 139.000
-12.191 -13.123 157.730 193.000 201.000 150.000
-12.191 -12.690 157.734 153.000 169.000 103.000
-12.191 -12.258 157.739 71.000 81.000 42.000
-11.759 -13.556 157.725 185.000 194.000 147.000
-11.759 -13.123 157.730 198.000 208.000 143.000
-11.759 -12.690 157.735 161.000 181.000 97.000
-11.759 -12.258 157.739 157.000 177.000 84.000
-11.759 -11.825 157.744 131.000 148.000 76.000
-11.759 -11.393 157.748 108.000 121.000 68.000
-11.326 -13.556 157.726 95.000 105.000 72.000
-11.326 -13.123 157.730 158.000 174.000 107.000
-11.326 -12.690 157.735 151.000 171.000 86.000
-11.326 -12.258 157.740 150.000 171.000 78.000
-11.326 -11.825 157.744 149.000 168.000 80.000
-11.326 -11.393 157.749 114.000 128.000 65.000
-11.326 -10.960 157.753 88.000 98.000 53.000
-10.893 -13.123 157.731 116.000 133.000 72.000
-10.893 -12.690 157.735 130.000 151.000 71.000
-10.893 -12.258 157.740 156.000 175.000 80.000
-10.893 -11.825 157.745 163.000 182.000 89.000
-10.893 -11.393 157.749 173.000 192.000 101.000
-10.893 -10.960 157.754 121.000 136.000 69.000
-10.461 -13.123 157.731 100.000 121.000 59.000
-10.461 -12.690 157.736 109.000 131.000 56.000
-10.461 -12.258 157.740 143.000 165.000 77.000
-10.461 -11.825 157.745 176.000 194.000 106.000
-10.461 -11.393 157.750 204.000 216.000 135.000
-10.461 -10.960 157.754 176.000 192.000 109.000
-10.461 -10.527 157.759 110.000 125.000 63.000
-10.028 -13.123 157.732 113.000 126.000 89.000
-10.028 -12.690 157.736 117.000 134.000 79.000
-10.028 -12.258 157.741 148.000 164.000 92.000
-10.028 -11.825 157.745 205.000 215.000 146.000
-10.028 -11.393 157.750 238.000 241.000 190.000
-10.028 -10.960 157.755 219.000 222.000 164.000
-9.595 -12.690 157.737 68.000 83.000 44.000
-9.595 -12.258 157.741 84.000 96.000 55.000
-12.192 -13.560 158.158 207.000 212.000 172.000
-12.192 -13.128 158.162 203.000 212.000 152.000
-12.192 -12.695 158.167 182.000 198.000 121.000
-12.192 -12.262 158.171 174.000 191.000 106.000
-12.192 -11.830 158.176 89.000 97.000 59.000
-11.759 -13.560 158.158 195.000 204.000 152.000
-11.759 -13.128 158.163 183.000 197.000 122.000
-11.759 -12.695 158.167 176.000 195.000 102.000
-11.759 -12.262 158.172 178.000 198.000 93.000
-11.759 -11.830 158.176 174.000 194.000 100.000
-11.759 -11.397 158.181 135.000 152.000 81.000
-11.326 -13.560 158.158 101.000 113.000 73.000
-11.326 -13.128 158.163 142.000 159.000 88.000
-11.326 -12.695 158.168 147.000 167.000 76.000
-11.326 -12.262 158.172 167.000 187.000 85.000
-11.326 -11.830 158.177 170.000 188.000 93.000
-11.326 -11.397 158.181 173.000 190.000 103.000
-11.326 -10.964 158.186 171.000 181.000 114.000
-10.894 -13.128 158.163 122.000 139.000 76.000
-10.894 -12.695 158.168 141.000 160.000 77.000
-10.894 -12.262 158.173 166.000 185.000 84.000
-10.894 -11.830 158.177 177.000 196.000 96.000
-10.894 -11.397 158.182 178.000 198.000 100.000
-10.894 -10.964 158.186 185.000 202.000 111.000
-10.894 -10.532 158.191 105.000 120.000 57.000
-10.461 -13.128 158.164 112.000 128.000 76.000
-10.461 -12.695 158.168 134.000 151.000 80.000
-10.461 -12.262 158.173 159.000 178.000 86.000
-10.461 -11.830 158.178 181.000 199.000 105.000
-10.461 -11.397 158.182 215.000 226.000 141.000
-10.461 -10.964 158.187 212.000 222.000 135.000
-10.461 -10.532 158.191 168.000 179.000 102.000
-10.028 -13.128 158.164 107.000 120.000 84.000
-10.028 -12.695 158.169 118.000 134.000 80.000
-10.028 -12.262 158.173 149.000 164.000 95.000
-10.028 -11.830 158.178 192.000 204.000 131.000
-10.028 -11.397 158.183 229.000 234.000 169.000
-10.028 -10.964 158.187 244.000 245.000 192.000
-10.028 -10.532 158.192 172.000 174.000 127.000
-9.596 -12.695 158.169 71.000 84.000 48.000
-9.596 -11.830 158.178 76.000 84.000 50.000
-12.625 -13.565 158.590 177.000 182.000 150.000
-12.625 -13.132 158.594 194.000 200.000 152.000
-12.625 -12.700 158.599 163.000 174.000 119.000
-12.625 -12.267 158.604 167.000 177.000 118.000
-12.192 -13.565 158.590 190.000 199.000 149.000
-12.192 -13.132 158.595 189.000 201.000 134.000
-12.192 -12.700 158.599 179.000 196.000 113.000
-12.192 -12.267 158.604 182.000 200.000 109.000
-12.192 -11.834 158.609 194.000 208.000 129.000
-12.192 -11.402 158.613 145.000 151.000 106.000
-11.760 -13.565 158.591 141.000 156.000 95.000
-11.760 -13.132 158.595 169.000 187.000 105.000
-11.760 -12.700 158.600 179.000 198.000 103.000
-11.760 -12.267 158.604 174.000 196.000 89.000
-11.760 -11.834 158.609 172.000 192.000 94.000
-11.760 -11.402 158.614 176.000 192.000 107.000
-11.760 -10.969 158.618 88.000 98.000 54.000
-11.327 -13.132 158.596 131.000 149.000 73.000
-11.327 -12.700 158.600 144.000 165.000 74.000
-11.327 -12.267 158.605 158.000 179.000 74.000
-11.327 -11.834 158.609 160.000 181.000 82.000
-11.327 -11.402 158.614 174.000 193.000 98.000
-11.327 -10.969 158.619 197.000 210.000 124.000
-11.327 -10.536 158.623 150.000 156.000 98.000
-10.894 -13.132 158.596 127.000 144.000 79.000
-10.894 -12.700 158.601 142.000 161.000 78.000
-10.894 -12.267 158.605 162.000 180.000 81.000
-10.894 -11.834 158.610 171.000 190.000 89.000
-10.894 -11.402 158.614 187.000 205.000 104.000
-10.894 -10.969 158.619 195.000 211.000 112.000
-10.894 -10.536 158.624 202.000 213.000 128.000
-10.894 -10.104 158.628 96.000 101.000 44.000
-10.462 -13.132 158.597 110.000 128.000 76.000
-10.462 -12.700 158.601 134.000 151.000 83.000
-10.462 -12.267 158.606 163.000 180.000 92.000
-10.462 -11.834 158.610 186.000 203.000 111.000
-10.462 -11.402 158.615 216.000 226.000 139.000
-10.462 -10.969 158.619 217.000 227.000 140.000
-10.462 -10.536 158.624 212.000 221.000 135.000
-10.462 -10.104 158.629 113.000 117.000 53.000
-10.029 -13.132 158.597 84.000 102.000 58.000
-10.029 -12.700 158.602 121.000 136.000 83.000
-10.029 -12.267 158.606 145.000 161.000 89.000
-10.029 -11.834 158.611 195.000 207.000 134.000
-10.029 -11.402 158.615 236.000 239.000 177.000
-10.029 -10.969 158.620 243.000 245.000 188.000
-10.029 -10.536 158.624 231.000 233.000 182.000
-10.029 -10.104 158.629 108.000 109.000 65.000
-12.625 -13.569 159.023 160.000 170.000 126.000
-12.625 -13.137 159.027 177.000 190.000 129.000
-12.625 -12.704 159.032 187.000 201.000 129.000
-12.625 -12.272 159.036 179.000 196.000 118.000
-12.625 -11.839 159.041 169.000 177.000 123.000
-12.193 -13.569 159.023 156.000 173.000 108.000
-12.193 -13.137 159.028 166.000 184.000 105.000
-12.193 -12.704 159.032 170.000 190.000 100.000
-12.193 -12.272 159.037 165.000 187.000 89.000
-12.193 -11.839 159.041 184.000 200.000 112.000
-12.193 -11.406 159.046 196.000 207.000 137.000
-12.193 -10.974 159.050 84.000 90.000 60.000
-11.760 -13.569 159.023 132.000 153.000 80.000
-11.760 -13.137 159.028 153.000 177.000 83.000
-11.760 -12.704 159.033 167.000 190.000 86.000
-11.760 -12.272 159.037 162.000 187.000 76.000
-11.760 -11.839 159.042 169.000 191.000 89.000
-11.760 -11.406 159.046 177.000 195.000 101.000
-11.760 -10.974 159.051 160.000 178.000 98.000
-11.327 -13.569 159.024 117.000 132.000 79.000
-11.327 -13.137 159.028 144.000 164.000 86.000
-11.327 -12.704 159.033 154.000 176.000 82.000
-11.327 -12.272 159.038 165.000 187.000 81.000
-11.327 -11.839 159.042 165.000 186.000 82.000
-11.327 -11.406 159.047 168.000 188.000 89.000
-11.327 -10.974 159.051 177.000 196.000 100.000
-11.327 -10.541 159.056 155.000 164.000 99.000
-10.895 -13.570 159.024 82.000 94.000 59.000
-10.895 -13.137 159.029 138.000 154.000 92.000
-10.895 -12.704 159.033 143.000 163.000 81.000
-10.895 -12.272 159.038 165.000 185.000 86.000
-10.895 -11.839 159.043 175.000 194.000 93.000
-10.895 -11.406 159.047 180.000 199.000 94.000
-10.895 -10.974 159.052 192.000 210.000 104.000
-10.895 -10.541 159.056 201.000 212.000 121.000
-10.895 -10.108 159.061 133.000 140.000 69.000
-10.462 -13.137 159.029 116.000 132.000 84.000
-10.462 -12.704 159.034 130.000 148.000 81.000
-10.462 -12.272 159.038 165.000 182.000 96.000
-10.462 -11.839 159.043 184.000 201.000 108.000
-10.462 -11.406 159.048 213.000 224.000 134.000
-10.462 -10.974 159.052 221.000 231.000 140.000
-10.462 -10.541 159.057 226.000 230.000 143.000
-10.462 -10.108 159.061 189.000 188.000 114.000
-10.029 -13.137 159.030 67.000 85.000 43.000
-10.029 -12.704 159.034 108.000 126.000 69.000
-10.029 -12.272 159.039 140.000 155.000 90.000
-10.029 -11.839 159.043 182.000 196.000 121.000
-10.029 -11.406 159.048 223.000 230.000 161.000
-10.029 -10.974 159.053 240.000 242.000 178.000
-10.029 -10.541 159.057 240.000 242.000 183.000
-10.029 -10.108 159.062 186.000 186.000 139.000
-9.597 -12.272 159.039 77.000 87.000 53.000
-13.058 -13.141 159.459 147.000 156.000 116.000
-13.058 -12.709 159.464 161.000 170.000 121.000
-13.058 -12.276 159.469 115.000 125.000 82.000
-12.626 -13.574 159.455 154.000 168.000 112.000
-12.626 -13.141 159.460 170.000 186.000 115.000
-12.626 -12.709 159.464 172.000 190.000 110.000
-12.626 -12.276 159.469 168.000 187.000 102.000
-12.626 -11.844 159.474 180.000 196.000 119.000
-12.626 -11.411 159.478 162.000 172.000 119.000
-12.193 -13.574 159.456 148.000 168.000 92.000
-12.193 -13.141 159.460 160.000 181.000 93.000
-12.193 -12.709 159.465 165.000 187.000 91.000
-12.193 -12.276 159.469 162.000 186.000 81.000
-12.193 -11.844 159.474 172.000 192.000 98.000
-12.193 -11.411 159.479 182.000 198.000 114.000
-12.193 -10.978 159.483 143.000 156.000 97.000
-11.760 -13.574 159.456 128.000 152.000 70.000
-11.760 -13.141 159.461 152.000 176.000 76.000
-11.760 -12.709 159.465 164.000 187.000 79.000
-11.760 -12.276 159.470 161.000 186.000 70.000
-11.760 -11.844 159.474 166.000 189.000 83.000
-11.760 -11.411 159.479 177.000 196.000 100.000
-11.760 -10.978 159.484 167.000 186.000 96.000
-11.760 -10.546 159.488 123.000 136.000 75.000
-11.328 -13.574 159.456 129.000 146.000 85.000
-11.328 -13.141 159.461 149.000 170.000 86.000
-11.328 -12.709 159.466 160.000 181.000 84.000
-11.328 -12.276 159.470 169.000 190.000 85.000
-11.328 -11.844 159.475 171.000 191.000 86.000
-11.328 -11.411 159.479 172.000 192.000 89.000
-11.328 -10.978 159.484 177.000 197.000 96.000
-11.328 -10.546 159.489 186.000 199.000 114.000
-11.328 -10.113 159.493 86.000 93.000 50.000
-10.895 -13.574 159.457 91.000 103.000 66.000
-10.895 -13.141 159.461 136.000 153.000 89.000
-10.895 -12.709 159.466 150.000 169.000 85.000
-10.895 -12.276 159.471 169.000 188.000 88.000
-10.895 -11.844 159.475 176.000 196.000 91.000
-10.895 -11.411 159.480 185.000 204.000 96.000
-10.895 -10.978 159.484 204.000 219.000 113.000
-10.895 -10.546 159.489 205.000 217.000 124.000
-10.895 -10.113 159.494 171.000 180.000 100.000
-10.462 -13.141 159.462 116.000 131.000 84.000
-10.462 -12.709 159.466 123.000 141.000 77.000
-10.462 -12.276 159.471 156.000 174.000 88.000
-10.462 -11.844 159.476 176.000 195.000 98.000
-10.462 -11.411 159.480 205.000 219.000 121.000
-10.462 -10.978 159.485 229.000 236.000 143.000
-10.462 -10.546 159.489 225.000 231.000 141.000
-10.462 -10.113 159.494 222.000 224.000 144.000
-10.030 -12.709 159.467 107.000 125.000 69.000
-10.030 -12.276 159.471 133.000 149.000 84.000
-10.030 -11.844 159.476 169.000 185.000 106.000
-10.030 -11.411 159.481 211.000 220.000 145.000
-10.030 -10.978 159.485 238.000 241.000 172.000
-10.030 -10.546 159.490 240.000 242.000 178.000
-10.030 -10.113 159.494 222.000 224.000 154.000
-9.597 -12.276 159.472 77.000 91.000 52.000
-9.597 -10.113 159.495 141.000 141.000 109.000
-13.059 -13.146 159.892 154.000 166.000 116.000
-13.059 -12.713 159.897 180.000 193.000 127.000
-13.059 -12.281 159.901 162.000 176.000 109.000
-13.059 -11.848 159.906 130.000 136.000 98.000
-12.626 -13.579 159.888 148.000 164.000 107.000
-12.626 -13.146 159.892 164.000 180.000 108.000
-12.626 -12.713 159.897 162.000 182.000 99.000
-12.626 -12.281 159.902 165.000 185.000 95.000
-12.626 -11.848 159.906 173.000 191.000 108.000
-12.626 -11.415 159.911 171.000 186.000 117.000
-12.193 -13.579 159.888 137.000 156.000 85.000
-12.193 -13.146 159.893 158.000 178.000 92.000
-12.193 -12.713 159.897 161.000 183.000 88.000
-12.193 -12.281 159.902 156.000 180.000 76.000
-12.193 -11.848 159.907 159.000 182.000 85.000
-12.193 -11.415 159.911 171.000 189.000 100.000
-12.193 -10.983 159.916 160.000 175.000 101.000
-12.193 -10.550 159.920 91.000 101.000 59.000
-11.761 -13.579 159.889 116.000 137.000 62.000
-11.761 -13.146 159.893 144.000 167.000 75.000
-11.761 -12.713 159.898 154.000 177.000 75.000
-11.761 -12.281 159.902 151.000 178.000 65.000
-11.761 -11.848 159.907 161.000 184.000 76.000
-11.761 -11.415 159.912 163.000 186.000 86.000
-11.761 -10.983 159.916 165.000 186.000 88.000
-11.761 -10.550 159.921 155.000 174.000 90.000
-11.328 -13.579 159.889 115.000 128.000 75.000
-11.328 -13.146 159.894 145.000 164.000 87.000
-11.328 -12.713 159.898 149.000 169.000 80.000
-11.328 -12.281 159.903 163.000 184.000 82.000
-11.328 -11.848 159.907 168.000 188.000 86.000
-11.328 -11.415 159.912 180.000 199.000 95.000
-11.328 -10.983 159.917 188.000 207.000 102.000
-11.328 -10.550 159.921 197.000 211.000 118.000
-11.328 -10.118 159.926 152.000 157.000 97.000
-10.895 -13.579 159.889 83.000 93.000 61.000
-10.895 -13.146 159.894 131.000 147.000 86.000
-10.895 -12.713 159.899 139.000 158.000 79.000
-10.895 -12.281 159.903 155.000 175.000 84.000
-10.895 -11.848 159.908 176.000 195.000 93.000
-10.895 -11.415 159.912 185.000 204.000 99.000
-10.895 -10.983 159.917 207.000 221.000 119.000
-10.895 -10.550 159.922 209.000 221.000 128.000
-10.895 -10.118 159.926 211.000 216.000 134.000
-10.463 -13.146 159.894 105.000 122.000 74.000
-10.463 -12.713 159.899 121.000 137.000 78.000
-10.463 -12.281 159.904 139.000 158.000 80.000
-10.463 -11.848 159.908 174.000 193.000 97.000
-10.463 -11.415 159.913 202.000 217.000 121.000
-10.463 -10.983 159.917 227.000 235.000 146.000
-10.463 -10.550 159.922 224.000 232.000 146.000
-10.463 -10.118 159.927 213.000 221.000 138.000
-10.463 -9.685 159.931 110.000 112.000 55.000
-10.030 -12.713 159.899 107.000 125.000 71.000
-10.030 -12.281 159.904 118.000 136.000 70.000
-10.030 -11.848 159.909 145.000 162.000 87.000
-10.030 -11.415 159.913 205.000 215.000 139.000
-10.030 -10.983 159.918 235.000 239.000 170.000
-10.030 -10.550 159.922 239.000 241.000 176.000
-10.030 -10.118 159.927 226.000 229.000 167.000
-10.030 -9.685 159.932 97.000 95.000 60.000
-13.059 -13.583 160.320 129.000 137.000 105.000
-13.059 -13.151 160.325 159.000 173.000 114.000
-13.059 -12.718 160.329 166.000 182.000 107.000
-13.059 -12.285 160.334 161.000 179.000 98.000
-13.059 -11.853 160.338 159.000 176.000 108.000
-13.059 -11.420 160.343 119.000 127.000 93.000
-12.627 -13.583 160.320 149.000 164.000 108.000
-12.627 -13.151 160.325 162.000 182.000 106.000
-12.627 -12.718 160.330 170.000 190.000 102.000
-12.627 -12.285 160.334 156.000 178.000 86.000
-12.627 -11.853 160.339 166.000 186.000 99.000
-12.627 -11.420 160.343 180.000 197.000 120.000
-12.627 -10.987 160.348 150.000 160.000 109.000
-12.194 -13.583 160.321 132.000 150.000 85.000
-12.194 -13.151 160.325 149.000 172.000 86.000
-12.194 -12.718 160.330 157.000 180.000 85.000
-12.194 -12.285 160.335 152.000 176.000 74.000
-12.194 -11.853 160.339 155.000 179.000 80.000
-12.194 -11.420 160.344 170.000 191.000 96.000
-12.194 -10.987 160.348 165.000 184.000 98.000
-12.194 -10.555 160.353 117.000 127.000 75.000
-11.761 -13.583 160.321 128.000 147.000 74.000
-11.761 -13.151 160.326 133.000 158.000 70.000
-11.761 -12.718 160.330 137.000 163.000 68.000
-11.761 -12.285 160.335 139.000 166.000 60.000
-11.761 -11.853 160.340 147.000 173.000 66.000
-11.761 -11.420 160.344 159.000 184.000 76.000
-11.761 -10.987 160.349 161.000 184.000 81.000
-11.761 -10.555 160.353 164.000 185.000 89.000
-11.329 -13.583 160.322 128.000 140.000 88.000
-11.329 -13.151 160.326 153.000 170.000 95.000
-11.329 -12.718 160.331 154.000 172.000 88.000
-11.329 -12.285 160.335 159.000 179.000 84.000
-11.329 -11.853 160.340 163.000 186.000 84.000
-11.329 -11.420 160.345 177.000 198.000 90.000
-11.329 -10.987 160.349 184.000 204.000 97.000
-11.329 -10.555 160.354 215.000 225.000 133.000
-11.329 -10.122 160.358 194.000 198.000 124.000
-10.896 -13.151 160.327 142.000 156.000 100.000
-10.896 -12.718 160.331 136.000 154.000 84.000
-10.896 -12.285 160.336 149.000 168.000 83.000
-10.896 -11.853 160.340 169.000 189.000 91.000
-10.896 -11.420 160.345 188.000 205.000 103.000
-10.896 -10.987 160.350 211.000 223.000 126.000
-10.896 -10.555 160.354 214.000 225.000 133.000
-10.896 -10.122 160.359 221.000 226.000 141.000
-10.896 -9.689 160.363 98.000 100.000 45.000
-10.463 -13.151 160.327 95.000 110.000 68.000
-10.463 -12.718 160.332 112.000 130.000 71.000
-10.463 -12.285 160.336 133.000 149.000 78.000
-10.463 -11.853 160.341 172.000 190.000 99.000
-10.463 -11.420 160.345 213.000 224.000 135.000
-10.463 -10.987 160.350 226.000 234.000 147.000
-10.463 -10.555 160.355 224.000 231.000 146.000
-10.463 -10.122 160.359 225.000 229.000 147.000
-10.463 -9.690 160.364 146.000 144.000 85.000
-10.031 -12.718 160.332 87.000 107.000 56.000
-10.031 -12.285 160.337 105.000 126.000 62.000
-10.031 -11.853 160.341 142.000 159.000 85.000
-10.031 -11.420 160.346 200.000 211.000 136.000
-10.031 -10.987 160.350 231.000 236.000 166.000
-10.031 -10.555 160.355 233.000 237.000 172.000
-10.031 -10.122 160.360 221.000 225.000 166.000
-10.031 -9.690 160.364 90.000 94.000 55.000
-13.492 -12.723 160.761 103.000 111.000 73.000
-13.492 -12.290 160.766 111.000 120.000 76.000
-13.060 -13.588 160.753 151.000 163.000 118.000
-13.060 -13.155 160.757 163.000 179.000 110.000
-13.060 -12.723 160.762 167.000 185.000 103.000
-13.060 -12.290 160.766 166.000 185.000 97.000
-13.060 -11.857 160.771 177.000 193.000 117.000
-13.060 -11.425 160.776 185.000 195.000 141.000
-12.627 -13.588 160.753 147.000 164.000 105.000
-12.627 -13.155 160.758 156.000 175.000 100.000
-12.627 -12.723 160.762 157.000 177.000 92.000
-12.627 -12.290 160.767 150.000 172.000 79.000
-12.627 -11.857 160.771 162.000 182.000 92.000
-12.627 -11.425 160.776 175.000 193.000 112.000
-12.627 -10.992 160.781 174.000 187.000 122.000
-12.194 -13.588 160.753 130.000 149.000 84.000
-12.194 -13.155 160.758 142.000 164.000 85.000
-12.194 -12.723 160.763 144.000 167.000 78.000
-12.194 -12.290 160.767 138.000 165.000 65.000
-12.194 -11.857 160.772 147.000 172.000 72.000
-12.194 -11.425 160.776 160.000 184.000 84.000
-12.194 -10.992 160.781 168.000 189.000 95.000
-12.194 -10.559 160.786 96.000 110.000 55.000
-11.762 -13.588 160.754 109.000 129.000 63.000
-11.762 -13.155 160.759 131.000 153.000 73.000
-11.762 -12.723 160.763 130.000 156.000 65.000
-11.762 -12.290 160.768 136.000 162.000 63.000
-11.762 -11.857 160.772 139.000 168.000 63.000
-11.762 -11.425 160.777 147.000 177.000 65.000
-11.762 -10.992 160.781 170.000 194.000 82.000
-11.762 -10.559 160.786 170.000 192.000 89.000
-11.329 -13.588 160.754 107.000 116.000 76.000
-11.329 -13.155 160.759 153.000 169.000 100.000
-11.329 -12.723 160.764 143.000 161.000 86.000
-11.329 -12.290 160.768 150.000 170.000 81.000
-11.329 -11.857 160.773 164.000 185.000 86.000
-11.329 -11.425 160.777 172.000 194.000 89.000
-11.329 -10.992 160.782 192.000 211.000 103.000
-11.329 -10.559 160.786 214.000 225.000 132.000
-11.329 -10.127 160.791 203.000 209.000 127.000
-10.896 -13.155 160.759 126.000 139.000 90.000
-10.896 -12.723 160.764 133.000 148.000 86.000
-10.896 -12.290 160.769 141.000 157.000 83.000
-10.896 -11.857 160.773 168.000 186.000 93.000
-10.896 -11.425 160.778 194.000 210.000 112.000
-10.896 -10.992 160.782 216.000 228.000 133.000
-10.896 -10.559 160.787 219.000 229.000 138.000
-10.896 -10.127 160.791 218.000 226.000 139.000
-10.896 -9.694 160.796 134.000 135.000 67.000
-10.464 -13.155 160.760 69.000 83.000 47.000
-10.464 -12.723 160.764 112.000 130.000 76.000
-10.464 -12.290 160.769 119.000 138.000 69.000
-10.464 -11.857 160.774 160.000 177.000 95.000
-10.464 -11.425 160.778 202.000 216.000 129.000
-10.464 -10.992 160.783 225.000 235.000 148.000
-10.464 -10.559 160.787 228.000 235.000 154.000
-10.464 -10.127 160.792 227.000 232.000 152.000
-10.464 -9.694 160.796 199.000 200.000 126.000
-10.031 -12.723 160.765 62.000 82.000 37.000
-10.031 -12.290 160.769 100.000 124.000 57.000
-10.031 -11.857 160.774 119.000 138.000 69.000
-10.031 -11.425 160.779 154.000 167.000 98.000
-10.031 -10.992 160.783 236.000 239.000 173.000
-10.031 -10.559 160.788 239.000 241.000 183.000
-10.031 -10.127 160.792 231.000 233.000 179.000
-13.493 -13.160 161.189 101.000 109.000 78.000
-13.493 -12.727 161.194 128.000 137.000 94.000
-13.493 -12.295 161.199 129.000 139.000 87.000
-13.493 -11.862 161.203 80.000 86.000 58.000
-13.060 -13.592 161.185 142.000 154.000 109.000
-13.060 -13.160 161.190 161.000 178.000 106.000
-13.060 -12.727 161.194 166.000 184.000 103.000
-13.060 -12.295 161.199 169.000 187.000 100.000
-13.060 -11.862 161.204 178.000 194.000 117.000
-13.060 -11.429 161.208 188.000 200.000 138.000
-12.627 -13.592 161.186 127.000 142.000 90.000
-12.627 -13.160 161.190 151.000 170.000 96.000
-12.627 -12.727 161.195 160.000 179.000 95.000
-12.627 -12.295 161.199 149.000 170.000 78.000
-12.627 -11.862 161.204 157.000 178.000 88.000
-12.627 -11.429 161.209 168.000 187.000 101.000
-12.627 -10.997 161.213 179.000 193.000 120.000
-12.195 -13.592 161.186 99.000 114.000 64.000
-12.195 -13.160 161.191 141.000 162.000 83.000
-12.195 -12.727 161.195 143.000 166.000 76.000
-12.195 -12.295 161.200 146.000 169.000 70.000
-12.195 -11.862 161.204 149.000 174.000 73.000
-12.195 -11.429 161.209 157.000 182.000 80.000
-12.195 -10.997 161.214 168.000 190.000 91.000
-12.195 -10.564 161.218 136.000 156.000 75.000
-11.762 -13.160 161.191 134.000 157.000 75.000
-11.762 -12.727 161.196 137.000 162.000 69.000
-11.762 -12.295 161.200 144.000 168.000 68.000
-11.762 -11.862 161.205 151.000 177.000 69.000
-11.762 -11.429 161.209 160.000 186.000 73.000
-11.762 -10.997 161.214 171.000 195.000 80.000
-11.762 -10.564 161.219 170.000 191.000 85.000
-11.762 -10.131 161.223 117.000 125.000 64.000
-11.329 -13.160 161.192 147.000 165.000 98.000
-11.329 -12.727 161.196 144.000 163.000 88.000
-11.329 -12.295 161.201 144.000 165.000 79.000
-11.329 -11.862 161.205 160.000 180.000 85.000
-11.329 -11.429 161.210 183.000 202.000 99.000
-11.329 -10.997 161.214 203.000 218.000 119.000
-11.329 -10.564 161.219 214.000 226.000 131.000
-11.329 -10.131 161.224 208.000 219.000 128.000
-10.897 -13.160 161.192 116.000 130.000 87.000
-10.897 -12.727 161.197 128.000 142.000 89.000
-10.897 -12.295 161.201 130.000 146.000 82.000
-10.897 -11.862 161.206 160.000 177.000 90.000
-10.897 -11.429 161.210 184.000 201.000 106.000
-10.897 -10.997 161.215 215.000 227.000 137.000
-10.897 -10.564 161.219 218.000 228.000 140.000
-10.897 -10.131 161.224 219.000 227.000 140.000
-10.897 -9.699 161.229 153.000 156.000 77.000
-10.464 -12.727 161.197 109.000 126.000 75.000
-10.464 -12.295 161.202 115.000 133.000 71.000
-10.464 -11.862 161.206 150.000 165.000 91.000
-10.464 -11.429 161.211 185.000 201.000 116.000
-10.464 -10.997 161.215 222.000 232.000 149.000
-10.464 -10.564 161.220 223.000 232.000 153.000
-10.464 -10.131 161.225 232.000 236.000 159.000
-10.464 -9.699 161.229 202.000 206.000 129.000
-10.031 -12.727 161.197 70.000 89.000 45.000
-10.031 -12.295 161.202 98.000 122.000 59.000
-10.031 -11.862 161.207 115.000 132.000 70.000
-10.031 -11.429 161.211 102.000 112.000 64.000
-10.031 -10.997 161.216 202.000 205.000 153.000
-10.031 -10.564 161.220 234.000 236.000 180.000
-10.031 -10.131 161.225 231.000 232.000 184.000
-10.031 -9.699 161.230 107.000 108.000 79.000
-13.493 -13.164 161.622 108.000 117.000 84.000
-13.493 -12.732 161.627 109.000 117.000 79.000
-13.493 -12.299 161.631 132.000 142.000 91.000
-13.493 -11.866 161.636 105.000 109.000 80.000
-13.060 -13.597 161.618 149.000 161.000 113.000
-13.060 -13.164 161.623 167.000 183.000 113.000
-13.060 -12.732 161.627 171.000 187.000 109.000
-13.060 -12.299 161.632 172.000 188.000 106.000
-13.060 -11.866 161.636 178.000 193.000 117.000
-13.060 -11.434 161.641 183.000 196.000 130.000
-13.060 -11.001 161.645 80.000 88.000 60.000
-12.628 -13.597 161.618 95.000 105.000 67.000
-12.628 -13.164 161.623 156.000 173.000 101.000
-12.628 -12.732 161.628 160.000 179.000 94.000
-12.628 -12.299 161.632 160.000 180.000 87.000
-12.628 -11.866 161.637 165.000 184.000 95.000
-12.628 -11.434 161.641 167.000 186.000 101.000
-12.628 -11.001 161.646 167.000 184.000 105.000
-12.628 -10.569 161.650 92.000 107.000 57.000
-12.195 -13.164 161.623 134.000 154.000 81.000
-12.195 -12.732 161.628 144.000 167.000 78.000
-12.195 -12.299 161.633 149.000 172.000 76.000
-12.195 -11.866 161.637 154.000 177.000 79.000
-12.195 -11.434 161.642 162.000 186.000 86.000
-12.195 -11.001 161.646 169.000 191.000 92.000
-12.195 -10.569 161.651 161.000 182.000 88.000
-11.762 -13.164 161.624 133.000 155.000 77.000
-11.762 -12.732 161.628 137.000 163.000 71.000
-11.762 -12.299 161.633 149.000 171.000 71.000
-11.762 -11.866 161.638 154.000 179.000 76.000
-11.762 -11.434 161.642 174.000 196.000 88.000
-11.762 -11.001 161.647 169.000 193.000 80.000
-11.762 -10.569 161.651 192.000 210.000 104.000
-11.762 -10.136 161.656 109.000 114.000 58.000
-11.330 -13.164 161.624 141.000 160.000 98.000
-11.330 -12.732 161.629 143.000 164.000 90.000
-11.330 -12.299 161.633 141.000 161.000 77.000
-11.330 -11.866 161.638 162.000 181.000 89.000
-11.330 -11.434 161.643 193.000 209.000 116.000
-11.330 -11.001 161.647 211.000 222.000 134.000
-11.330 -10.569 161.652 218.000 228.000 138.000
-11.330 -10.136 161.656 224.000 228.000 139.000
-11.330 -9.703 161.661 136.000 135.000 66.000
-10.897 -13.164 161.625 89.000 104.000 63.000
-10.897 -12.732 161.629 123.000 138.000 87.000
-10.897 -12.299 161.634 128.000 143.000 81.000
-10.897 -11.866 161.638 150.000 167.000 89.000
-10.897 -11.434 161.643 176.000 194.000 106.000
-10.897 -11.001 161.648 214.000 225.000 142.000
-10.897 -10.569 161.652 221.000 230.000 146.000
-10.897 -10.136 161.657 224.000 231.000 147.000
-10.897 -9.703 161.661 161.000 171.000 83.000
-10.464 -12.732 161.630 107.000 124.000 77.000
-10.464 -12.299 161.634 104.000 123.000 69.000
-10.464 -11.866 161.639 141.000 155.000 94.000
-10.464 -11.434 161.643 177.000 193.000 116.000
-10.464 -11.001 161.648 216.000 226.000 151.000
-10.464 -10.569 161.653 224.000 232.000 161.000
-10.464 -10.136 161.657 234.000 238.000 168.000
-10.464 -9.703 161.662 198.000 199.000 133.000
-10.032 -12.732 161.630 85.000 102.000 62.000
-10.032 -12.299 161.635 94.000 117.000 61.000
-10.032 -11.866 161.639 110.000 126.000 72.000
-10.032 -11.434 161.644 132.000 143.000 89.000
-10.032 -11.001 161.648 167.000 172.000 123.000
-10.032 -10.569 161.653 204.000 206.000 155.000
-10.032 -10.136 161.658 205.000 206.000 161.000
-10.032 -9.703 161.662 101.000 102.000 75.000
-13.494 -13.169 162.055 145.000 155.000 111.000
-13.494 -12.736 162.059 140.000 151.000 101.000
-13.494 -12.304 162.064 155.000 165.000 107.000
-13.494 -11.871 162.069 148.000 156.000 112.000
-13.061 -13.602 162.051 142.000 158.000 105.000
-13.061 -13.169 162.055 162.000 178.000 110.000
-13.061 -12.736 162.060 163.000 180.000 104.000
-13.061 -12.304 162.064 173.000 189.000 111.000
-13.061 -11.871 162.069 184.000 198.000 127.000
-13.061 -11.438 162.074 211.000 219.000 156.000
-13.061 -11.006 162.078 136.000 139.000 106.000
-12.628 -13.602 162.051 99.000 112.000 71.000
-12.628 -13.169 162.056 149.000 166.000 95.000
-12.628 -12.736 162.060 158.000 176.000 95.000
-12.628 -12.304 162.065 160.000 180.000 90.000
-12.628 -11.871 162.069 168.000 186.000 101.000
-12.628 -11.438 162.074 173.000 190.000 108.000
-12.628 -11.006 162.079 181.000 197.000 117.000
-12.628 -10.573 162.083 70.000 80.000 43.000
-12.196 -13.169 162.056 113.000 129.000 68.000
-12.196 -12.736 162.061 150.000 171.000 85.000
-12.196 -12.304 162.065 151.000 174.000 77.000
-12.196 -11.871 162.070 162.000 183.000 86.000
-12.196 -11.438 162.074 170.000 191.000 93.000
-12.196 -11.006 162.079 177.000 197.000 98.000
-12.196 -10.573 162.084 149.000 166.000 83.000
-11.763 -12.736 162.061 139.000 161.000 75.000
-11.763 -12.304 162.066 149.000 172.000 73.000
-11.763 -11.871 162.070 164.000 187.000 83.000
-11.763 -11.438 162.075 174.000 197.000 90.000
-11.763 -11.006 162.079 183.000 204.000 97.000
-11.763 -10.573 162.084 194.000 208.000 111.000
-11.763 -10.140 162.089 128.000 132.000 66.000
-11.330 -12.736 162.061 135.000 153.000 83.000
-11.330 -12.304 162.066 142.000 162.000 80.000
-11.330 -11.871 162.071 161.000 179.000 92.000
-11.330 -11.438 162.075 184.000 201.000 110.000
-11.330 -11.006 162.080 207.000 218.000 132.000
-11.330 -10.573 162.084 218.000 227.000 143.000
-11.330 -10.140 162.089 218.000 222.000 134.000
-11.330 -9.708 162.094 122.000 127.000 54.000
-10.898 -12.736 162.062 121.000 135.000 89.000
-10.898 -12.304 162.066 129.000 144.000 88.000
-10.898 -11.871 162.071 147.000 161.000 92.000
-10.898 -11.438 162.076 165.000 181.000 103.000
-10.898 -11.006 162.080 194.000 207.000 127.000
-10.898 -10.573 162.085 225.000 231.000 154.000
-10.898 -10.140 162.089 230.000 235.000 156.000
-10.898 -9.708 162.094 204.000 207.000 124.000
-10.465 -12.736 162.062 111.000 126.000 87.000
-10.465 -12.304 162.067 121.000 132.000 93.000
-10.465 -11.871 162.071 137.000 149.000 99.000
-10.465 -11.438 162.076 152.000 168.000 101.000
-10.465 -11.006 162.081 184.000 198.000 128.000
-10.465 -10.573 162.085 225.000 231.000 165.000
-10.465 -10.140 162.090 242.000 243.000 184.000
-10.465 -9.708 162.094 214.000 215.000 154.000
-10.032 -12.304 162.067 111.000 126.000 83.000
-10.032 -11.871 162.072 136.000 149.000 101.000
-10.032 -11.438 162.076 136.000 149.000 95.000
-10.032 -10.573 162.086 140.000 143.000 105.000
-10.032 -10.140 162.090 133.000 133.000 106.000
-13.494 -13.174 162.487 118.000 124.000 93.000
-13.494 -12.741 162.492 167.000 174.000 126.000
-13.494 -12.308 162.497 176.000 185.000 126.000
-13.494 -11.876 162.501 158.000 166.000 120.000
-13.061 -13.606 162.483 117.000 129.000 91.000
-13.061 -13.174 162.488 171.000 184.000 121.000
-13.061 -12.741 162.492 169.000 184.000 112.000
-13.061 -12.308 162.497 174.000 190.000 109.000
-13.061 -11.876 162.502 178.000 193.000 118.000
-13.061 -11.443 162.506 198.000 207.000 143.000
-13.061 -11.010 162.511 157.000 163.000 120.000
-12.629 -13.174 162.488 151.000 166.000 101.000
-12.629 -12.741 162.493 161.000 178.000 102.000
-12.629 -12.308 162.497 149.000 169.000 85.000
-12.629 -11.876 162.502 154.000 172.000 91.000
-12.629 -11.443 162.507 165.000 182.000 102.000
-12.629 -11.010 162.511 164.000 181.000 104.000
-12.196 -13.174 162.489 116.000 132.000 75.000
-12.196 -12.741 162.493 149.000 170.000 89.000
-12.196 -12.308 162.498 144.000 165.000 76.000
-12.196 -11.876 162.502 153.000 174.000 83.000
-12.196 -11.443 162.507 159.000 179.000 88.000
-12.196 -11.010 162.512 166.000 187.000 92.000
-12.196 -10.578 162.516 131.000 148.000 74.000
-11.763 -13.174 162.489 69.000 82.000 41.000
-11.763 -12.741 162.494 141.000 162.000 85.000
-11.763 -12.308 162.498 145.000 168.000 78.000
-11.763 -11.876 162.503 155.000 178.000 82.000
-11.763 -11.443 162.507 167.000 190.000 91.000
-11.763 -11.010 162.512 177.000 199.000 94.000
-11.763 -10.578 162.517 202.000 216.000 122.000
-11.763 -10.145 162.521 199.000 209.000 122.000
-11.331 -12.741 162.494 133.000 150.000 89.000
-11.331 -12.308 162.499 142.000 159.000 85.000
-11.331 -11.876 162.503 144.000 163.000 81.000
-11.331 -11.443 162.508 155.000 175.000 87.000
-11.331 -11.010 162.512 189.000 206.000 116.000
-11.331 -10.578 162.517 221.000 229.000 150.000
-11.331 -10.145 162.522 228.000 233.000 153.000
-11.331 -9.712 162.526 180.000 185.000 110.000
-10.898 -12.741 162.494 107.000 125.000 75.000
-10.898 -12.308 162.499 125.000 139.000 88.000
-10.898 -11.876 162.504 139.000 154.000 89.000
-10.898 -11.443 162.508 148.000 165.000 89.000
-10.898 -11.010 162.513 176.000 193.000 110.000
-10.898 -10.578 162.517 223.000 230.000 158.000
-10.898 -10.145 162.522 237.000 240.000 172.000
-10.898 -9.712 162.527 228.000 230.000 158.000
-10.465 -12.741 162.495 97.000 115.000 72.000
-10.465 -12.308 162.499 117.000 130.000 90.000
-10.465 -11.876 162.504 140.000 151.000 104.000
-10.465 -11.443 162.509 151.000 166.000 103.000
-10.465 -11.010 162.513 157.000 174.000 101.000
-10.465 -10.578 162.518 222.000 227.000 163.000
-10.465 -10.145 162.522 233.000 235.000 175.000
-10.465 -9.712 162.527 202.000 203.000 155.000
-10.033 -12.308 162.500 103.000 122.000 76.000
-10.033 -11.876 162.504 117.000 131.000 85.000
-10.033 -11.443 162.509 83.000 93.000 56.000
-13.494 -12.745 162.925 171.000 176.000 132.000
-13.494 -12.313 162.929 182.000 191.000 132.000
-13.494 -11.880 162.934 169.000 174.000 128.000
-13.062 -13.178 162.920 175.000 187.000 132.000
-13.062 -12.745 162.925 183.000 196.000 128.000
-13.062 -12.313 162.930 179.000 195.000 115.000
-13.062 -11.880 162.934 184.000 199.000 126.000
-13.062 -11.448 162.939 201.000 211.000 144.000
-13.062 -11.015 162.943 150.000 158.000 114.000
-12.629 -13.178 162.921 144.000 161.000 102.000
-12.629 -12.745 162.925 169.000 186.000 112.000
-12.629 -12.313 162.930 164.000 181.000 99.000
-12.629 -11.880 162.935 157.000 174.000 97.000
-12.629 -11.448 162.939 167.000 182.000 105.000
-12.629 -11.015 162.944 157.000 174.000 102.000
-12.629 -10.582 162.948 76.000 83.000 53.000
-12.196 -13.178 162.921 119.000 134.000 80.000
-12.196 -12.746 162.926 152.000 171.000 96.000
-12.196 -12.313 162.930 152.000 171.000 91.000
-12.196 -11.880 162.935 160.000 177.000 94.000
-12.196 -11.448 162.940 164.000 182.000 96.000
-12.196 -11.015 162.944 165.000 184.000 97.000
-12.196 -10.582 162.949 156.000 173.000 97.000
-11.764 -12.746 162.926 142.000 160.000 93.000
-11.764 -12.313 162.931 151.000 170.000 92.000
-11.764 -11.880 162.935 163.000 181.000 97.000
-11.764 -11.448 162.940 166.000 185.000 97.000
-11.764 -11.015 162.945 169.000 190.000 95.000
-11.764 -10.582 162.949 199.000 212.000 129.000
-11.764 -10.150 162.954 215.000 220.000 143.000
-11.331 -12.746 162.927 120.000 137.000 82.000
-11.331 -12.313 162.931 138.000 154.000 88.000
-11.331 -11.880 162.936 139.000 157.000 84.000
-11.331 -11.448 162.940 143.000 163.000 83.000
-11.331 -11.015 162.945 173.000 193.000 106.000
-11.331 -10.582 162.950 215.000 225.000 151.000
-11.331 -10.150 162.954 230.000 235.000 167.000
-11.331 -9.717 162.959 178.000 181.000 119.000
-10.898 -12.746 162.927 106.000 124.000 76.000
-10.898 -12.313 162.932 115.000 130.000 78.000
-10.898 -11.880 162.936 132.000 147.000 87.000
-10.898 -11.448 162.941 134.000 154.000 83.000
-10.898 -11.015 162.945 149.000 169.000 89.000
-10.898 -10.582 162.950 215.000 224.000 155.000
-10.898 -10.150 162.955 239.000 241.000 183.000
-10.898 -9.717 162.959 225.000 227.000 174.000
-10.466 -12.746 162.928 105.000 120.000 85.000
-10.466 -12.313 162.932 107.000 123.000 79.000
-10.466 -11.880 162.937 126.000 139.000 93.000
-10.466 -11.448 162.941 139.000 155.000 96.000
-10.466 -11.015 162.946 131.000 151.000 80.000
-10.466 -10.582 162.950 182.000 193.000 127.000
-10.466 -10.150 162.955 214.000 216.000 164.000
-10.033 -11.880 162.937 90.000 106.000 64.000
-10.033 -11.448 162.942 74.000 86.000 49.000
-13.495 -12.750 163.357 120.000 124.000 91.000
-13.495 -12.317 163.362 165.000 170.000 121.000
-13.495 -11.885 163.366 133.000 137.000 101.000
-13.062 -13.183 163.353 166.000 175.000 130.000
-13.062 -12.750 163.358 199.000 209.000 146.000
-13.062 -12.317 163.362 201.000 213.000 139.000
-13.062 -11.885 163.367 200.000 212.000 144.000
-13.062 -11.452 163.371 220.000 226.000 165.000
-13.062 -11.020 163.376 146.000 150.000 114.000
-12.629 -13.183 163.354 152.000 165.000 113.000
-12.629 -12.750 163.358 184.000 198.000 131.000
-12.629 -12.317 163.363 181.000 196.000 119.000
-12.629 -11.885 163.367 173.000 190.000 115.000
-12.629 -11.452 163.372 193.000 205.000 136.000
-12.629 -11.020 163.376 184.000 198.000 131.000
-12.629 -10.587 163.381 149.000 157.000 112.000
-12.197 -13.183 163.354 80.000 93.000 52.000
-12.197 -12.750 163.359 154.000 170.000 105.000
-12.197 -12.317 163.363 168.000 183.000 111.000
-12.197 -11.885 163.368 167.000 182.000 109.000
-12.197 -11.452 163.372 170.000 186.000 110.000
-12.197 -11.020 163.377 182.000 197.000 121.000
-12.197 -10.587 163.381 190.000 202.000 134.000
-12.197 -10.154 163.386 133.000 141.000 96.000
-11.764 -12.750 163.359 94.000 105.000 62.000
-11.764 -12.317 163.364 120.000 131.000 76.000
-11.764 -11.885 163.368 166.000 180.000 109.000
-11.764 -11.452 163.373 168.000 183.000 105.000
-11.764 -11.020 163.377 176.000 192.000 109.000
-11.764 -10.587 163.382 201.000 212.000 138.000
-11.764 -10.154 163.386 204.000 211.000 143.000
-11.331 -12.750 163.359 104.000 122.000 69.000
-11.331 -12.317 163.364 126.000 142.000 84.000
-11.331 -11.885 163.369 139.000 156.000 88.000
-11.331 -11.452 163.373 142.000 161.000 87.000
-11.331 -11.020 163.378 149.000 169.000 89.000
-11.331 -10.587 163.382 198.000 210.000 137.000
-11.331 -10.154 163.387 222.000 227.000 163.000
-11.331 -9.722 163.391 175.000 178.000 124.000
-10.899 -12.317 163.364 113.000 129.000 80.000
-10.899 -11.885 163.369 129.000 144.000 88.000
-10.899 -11.452 163.374 134.000 152.000 85.000
-10.899 -11.020 163.378 123.000 144.000 72.000
-10.899 -10.587 163.383 169.000 186.000 111.000
-10.899 -10.154 163.387 231.000 233.000 178.000
-10.899 -9.722 163.392 129.000 130.000 103.000
-10.466 -11.885 163.369 118.000 133.000 87.000
-10.466 -11.452 163.374 132.000 149.000 92.000
-10.466 -11.020 163.379 106.000 129.000 61.000
-10.466 -10.587 163.383 120.000 141.000 74.000
-10.466 -10.154 163.388 117.000 121.000 83.000
-10.033 -11.020 163.379 65.000 85.000 34.000
-13.495 -12.755 163.790 108.000 114.000 81.000
-13.495 -12.322 163.794 143.000 145.000 114.000
-13.495 -11.889 163.799 173.000 176.000 141.000
-13.063 -12.755 163.790 177.000 186.000 131.000
-13.063 -12.322 163.795 211.000 220.000 153.000
-13.063 -11.889 163.800 219.000 227.000 164.000
-13.063 -11.457 163.804 233.000 236.000 184.000
-13.063 -11.024 163.809 185.000 187.000 153.000
-12.630 -13.187 163.786 74.000 84.000 51.000
-12.630 -12.755 163.791 183.000 193.000 138.000
-12.630 -12.322 163.795 201.000 213.000 147.000
-12.630 -11.889 163.800 208.000 217.000 152.000
-12.630 -11.457 163.805 219.000 225.000 164.000
-12.630 -11.024 163.809 222.000 227.000 169.000
-12.630 -10.591 163.814 149.000 159.000 111.000
-12.197 -12.755 163.791 140.000 155.000 96.000
-12.197 -12.322 163.796 180.000 194.000 125.000
-12.197 -11.889 163.800 184.000 198.000 129.000
-12.197 -11.457 163.805 187.000 201.000 132.000
-12.197 -11.024 163.810 208.000 218.000 151.000
-12.197 -10.591 163.814 196.000 206.000 140.000
-12.197 -10.159 163.819 127.000 133.000 94.000
-11.765 -12.322 163.796 141.000 156.000 89.000
-11.765 -11.889 163.801 154.000 170.000 98.000
-11.765 -11.457 163.805 160.000 177.000 100.000
-11.765 -11.024 163.810 178.000 194.000 115.000
-11.765 -10.591 163.815 199.000 210.000 139.000
-11.765 -10.159 163.819 179.000 190.000 128.000
-11.332 -12.322 163.797 134.000 150.000 90.000
-11.332 -11.889 163.801 135.000 153.000 84.000
-11.332 -11.457 163.806 133.000 151.000 78.000
-11.332 -11.024 163.810 116.000 137.000 62.000
-11.332 -10.591 163.815 140.000 160.000 86.000
-11.332 -10.159 163.820 168.000 183.000 116.000
-10.899 -11.457 163.806 136.000 155.000 86.000
-10.899 -11.024 163.811 126.000 145.000 70.000
-10.899 -10.591 163.815 121.000 141.000 71.000
-10.899 -10.159 163.820 102.000 116.000 64.000
-10.467 -10.591 163.816 98.000 114.000 58.000
-13.496 -12.327 164.227 138.000 143.000 105.000
-13.496 -11.894 164.232 168.000 172.000 134.000
-13.063 -12.759 164.223 74.000 81.000 50.000
-13.063 -12.327 164.228 226.000 231.000 170.000
-13.063 -11.894 164.232 227.000 232.000 175.000
-13.063 -11.461 164.237 225.000 230.000 175.000
-13.063 -11.029 164.241 191.000 194.000 154.000
-12.630 -12.759 164.223 104.000 116.000 67.000
-12.630 -12.327 164.228 202.000 211.000 145.000
-12.630 -11.894 164.233 220.000 226.000 165.000
-12.630 -11.461 164.237 215.000 222.000 162.000
-12.630 -11.029 164.242 205.000 213.000 154.000
-12.630 -10.596 164.246 111.000 121.000 83.000
-12.198 -12.759 164.224 100.000 111.000 67.000
-12.198 -12.327 164.228 163.000 177.000 109.000
-12.198 -11.894 164.233 188.000 199.000 135.000
-12.198 -11.461 164.238 203.000 212.000 147.000
-12.198 -11.029 164.242 193.000 205.000 137.000
-12.198 -10.596 164.247 160.000 172.000 117.000
-11.765 -12.327 164.229 141.000 153.000 91.000
-11.765 -11.894 164.233 131.000 144.000 83.000
-11.765 -11.461 164.238 154.000 168.000 99.000
-11.765 -11.029 164.243 173.000 190.000 112.000
-11.765 -10.596 164.247 167.000 179.000 113.000
-11.765 -10.163 164.252 85.000 97.000 56.000
-11.332 -11.461 164.238 146.000 165.000 90.000
-11.332 -11.029 164.243 150.000 170.000 89.000
-11.332 -10.596 164.248 142.000 161.000 87.000
-11.332 -10.163 164.252 91.000 105.000 57.000
-10.900 -10.596 164.248 152.000 171.000 94.000
-10.900 -10.163 164.253 84.000 95.000 52.000
-13.063 -12.331 164.660 226.000 231.000 172.000
-13.063 -11.899 164.665 234.000 237.000 186.000
-13.063 -11.466 164.669 217.000 223.000 166.000
-13.063 -11.033 164.674 106.000 110.000 84.000
-12.631 -12.331 164.661 168.000 180.000 114.000
-12.631 -11.899 164.665 214.000 221.000 158.000
-12.631 -11.466 164.670 191.000 199.000 142.000
-12.631 -11.033 164.674 104.000 112.000 74.000
-12.198 -11.899 164.666 159.000 172.000 106.000
-12.198 -11.466 164.670 154.000 166.000 107.000
-12.198 -11.033 164.675 137.000 149.000 91.000
-11.765 -11.033 164.675 165.000 182.000 106.000
-11.765 -10.601 164.680 94.000 104.000 62.000
-13.064 -12.336 165.093 173.000 180.000 130.000
-13.064 -11.903 165.097 205.000 210.000 159.000
-13.064 -11.471 165.102 179.000 183.000 143.000
-12.631 -12.336 165.093 115.000 127.000 72.000
-12.631 -11.903 165.098 115.000 127.000 76.000
-12.631 -11.471 165.102 102.000 110.000 73.000
-12.198 -11.038 165.107 79.000 87.000 51.000
