-17.913 15.054 138.745 79.000 88.000 34.000
-18.361 14.629 139.154 74.000 87.000 35.000
-18.361 15.057 139.152 83.000 95.000 38.000
-17.934 13.772 139.180 87.000 98.000 48.000
-17.934 14.200 139.178 74.000 86.000 34.000
-17.933 15.057 139.172 71.000 82.000 34.000
-18.810 14.203 139.564 84.000 99.000 38.000
-18.810 14.631 139.561 78.000 92.000 37.000
-18.382 13.774 139.587 86.000 100.000 41.000
-18.382 14.203 139.585 85.000 100.000 39.000
-18.382 14.631 139.582 67.000 81.000 32.000
-17.955 13.774 139.608 80.000 92.000 44.000
-17.954 14.203 139.606 71.000 84.000 35.000
-19.687 15.062 139.945 103.000 118.000 44.000
-19.259 14.205 139.971 116.000 131.000 34.000
-19.259 14.634 139.968 103.000 119.000 36.000
-19.259 15.062 139.965 84.000 99.000 40.000
-18.831 13.348 139.997 85.000 99.000 40.000
-18.831 13.777 139.994 97.000 111.000 41.000
-18.831 14.205 139.992 108.000 122.000 46.000
-18.831 14.634 139.989 88.000 102.000 40.000
-18.831 15.062 139.986 73.000 84.000 40.000
-18.403 13.777 140.015 94.000 108.000 44.000
-18.403 14.205 140.013 113.000 127.000 52.000
-18.403 14.634 140.010 77.000 91.000 38.000
-17.975 13.777 140.036 78.000 90.000 43.000
-17.975 14.205 140.033 92.000 104.000 45.000
-20.136 14.636 140.354 115.000 125.000 39.000
-20.136 15.064 140.352 98.000 107.000 39.000
-19.708 13.779 140.380 129.000 139.000 49.000
-19.708 14.208 140.378 128.000 137.000 47.000
-19.708 14.636 140.375 105.000 116.000 37.000
-19.708 15.065 140.372 128.000 141.000 55.000
-19.708 15.493 140.370 100.000 111.000 50.000
-19.280 13.351 140.404 88.000 99.000 38.000
-19.280 13.779 140.401 107.000 120.000 40.000
-19.280 14.208 140.399 128.000 141.000 43.000
-19.280 14.636 140.396 110.000 125.000 39.000
-19.280 15.065 140.393 120.000 134.000 53.000
-19.280 15.493 140.391 140.000 149.000 80.000
-18.852 13.351 140.425 85.000 94.000 44.000
-18.852 13.779 140.422 119.000 130.000 48.000
-18.852 14.208 140.419 122.000 134.000 46.000
-18.852 14.636 140.417 105.000 120.000 40.000
-18.852 15.065 140.414 125.000 136.000 59.000
-18.852 15.493 140.412 117.000 125.000 67.000
-18.424 13.780 140.443 117.000 129.000 55.000
-18.424 14.208 140.440 118.000 133.000 49.000
-18.424 14.636 140.438 100.000 115.000 42.000
-18.424 15.065 140.435 90.000 101.000 44.000
-17.996 13.780 140.464 81.000 94.000 42.000
-17.996 14.208 140.461 130.000 141.000 64.000
-17.996 14.636 140.459 69.000 80.000 34.000
-20.585 14.210 140.764 151.000 159.000 70.000
-20.585 14.639 140.761 96.000 98.000 48.000
-20.157 13.782 140.787 132.000 145.000 46.000
-20.157 14.210 140.785 134.000 146.000 46.000
-20.157 14.639 140.782 134.000 144.000 55.000
-20.157 15.067 140.779 135.000 147.000 53.000
-20.157 15.495 140.777 128.000 139.000 55.000
-20.156 15.924 140.774 78.000 85.000 36.000
-19.729 13.782 140.808 112.000 123.000 40.000
-19.729 14.210 140.806 129.000 140.000 48.000
-19.729 14.639 140.803 128.000 139.000 53.000
-19.729 15.067 140.800 140.000 152.000 61.000
-19.729 15.496 140.798 157.000 169.000 75.000
-19.729 15.924 140.795 135.000 146.000 70.000
-19.301 13.782 140.829 116.000 127.000 45.000
-19.301 14.210 140.826 125.000 138.000 43.000
-19.301 14.639 140.824 124.000 137.000 43.000
-19.301 15.067 140.821 141.000 154.000 59.000
-19.301 15.496 140.819 157.000 167.000 82.000
-19.301 15.924 140.816 140.000 149.000 82.000
-18.873 13.782 140.850 101.000 116.000 39.000
-18.873 14.210 140.847 129.000 143.000 44.000
-18.873 14.639 140.845 123.000 135.000 48.000
-18.873 15.067 140.842 135.000 145.000 59.000
-18.873 15.496 140.840 149.000 158.000 81.000
-18.873 15.924 140.837 81.000 83.000 54.000
-18.445 13.782 140.871 88.000 104.000 38.000
-18.445 14.211 140.868 114.000 130.000 41.000
-18.445 14.639 140.866 125.000 137.000 51.000
-18.445 15.067 140.863 121.000 131.000 55.000
-18.445 15.496 140.860 89.000 94.000 48.000
-18.017 14.211 140.889 84.000 99.000 35.000
-18.017 14.639 140.887 90.000 101.000 39.000
-21.033 14.213 141.171 126.000 130.000 57.000
-21.033 14.641 141.168 80.000 82.000 43.000
-20.606 13.356 141.197 149.000 161.000 53.000
-20.606 13.784 141.194 145.000 157.000 50.000
-20.606 14.213 141.192 122.000 132.000 43.000
-20.605 14.641 141.189 122.000 130.000 47.000
-20.605 15.070 141.186 116.000 123.000 46.000
-20.605 15.498 141.184 92.000 97.000 37.000
-20.605 15.926 141.181 85.000 90.000 42.000
-20.178 12.928 141.220 148.000 160.000 65.000
-20.178 13.356 141.218 143.000 156.000 52.000
-20.178 13.784 141.215 135.000 148.000 43.000
-20.178 14.213 141.213 137.000 150.000 47.000
-20.178 14.641 141.210 143.000 154.000 55.000
-20.177 15.070 141.207 137.000 149.000 50.000
-20.177 15.498 141.205 139.000 150.000 53.000
-20.177 15.926 141.202 123.000 134.000 55.000
-19.750 12.928 141.241 128.000 130.000 83.000
-19.750 13.356 141.239 157.000 168.000 77.000
-19.750 13.785 141.236 163.000 172.000 71.000
-19.750 14.213 141.233 149.000 159.000 56.000
-19.750 14.641 141.231 137.000 148.000 52.000
-19.750 15.070 141.228 142.000 156.000 53.000
-19.750 15.498 141.226 151.000 163.000 66.000
-19.749 15.927 141.223 144.000 155.000 73.000
-19.749 16.355 141.220 92.000 100.000 50.000
-19.322 13.356 141.260 127.000 135.000 68.000
-19.322 13.785 141.257 139.000 151.000 56.000
-19.322 14.213 141.254 152.000 162.000 61.000
-19.322 14.641 141.252 140.000 152.000 53.000
-19.322 15.070 141.249 147.000 158.000 62.000
-19.322 15.498 141.247 139.000 149.000 65.000
-19.322 15.927 141.244 164.000 174.000 96.000
-19.322 16.355 141.241 135.000 143.000 84.000
-18.894 13.356 141.280 98.000 106.000 55.000
-18.894 13.785 141.278 125.000 137.000 54.000
-18.894 14.213 141.275 146.000 156.000 67.000
-18.894 14.641 141.273 144.000 156.000 63.000
-18.894 15.070 141.270 128.000 137.000 59.000
-18.894 15.498 141.267 108.000 115.000 58.000
-18.894 15.927 141.265 89.000 93.000 58.000
-18.466 13.785 141.299 96.000 110.000 44.000
-18.466 14.213 141.296 144.000 157.000 62.000
-18.466 14.642 141.294 118.000 129.000 56.000
-18.038 14.213 141.317 83.000 97.000 35.000
-21.482 13.787 141.580 171.000 176.000 89.000
-21.482 14.215 141.578 134.000 138.000 64.000
-21.482 14.644 141.575 141.000 146.000 74.000
-21.482 15.072 141.572 91.000 94.000 47.000
-21.055 12.930 141.606 171.000 179.000 77.000
-21.054 13.359 141.604 178.000 185.000 77.000
-21.054 13.787 141.601 162.000 170.000 61.000
-21.054 14.215 141.599 157.000 166.000 57.000
-21.054 14.644 141.596 164.000 171.000 67.000
-21.054 15.072 141.593 140.000 148.000 55.000
-21.054 15.501 141.591 135.000 141.000 57.000
-21.054 15.929 141.588 109.000 112.000 54.000
-20.627 12.502 141.630 133.000 144.000 65.000
-20.627 12.930 141.627 172.000 182.000 73.000
-20.627 13.359 141.625 178.000 188.000 71.000
-20.626 13.787 141.622 166.000 176.000 59.000
-20.626 14.215 141.619 154.000 166.000 51.000
-20.626 14.644 141.617 155.000 163.000 58.000
-20.626 15.072 141.614 142.000 151.000 52.000
-20.626 15.501 141.612 130.000 138.000 45.000
-20.626 15.929 141.609 127.000 134.000 54.000
-20.626 16.357 141.606 120.000 125.000 66.000
-20.199 12.502 141.651 79.000 83.000 39.000
-20.199 12.930 141.648 192.000 200.000 92.000
-20.199 13.359 141.646 177.000 188.000 72.000
-20.199 13.787 141.643 177.000 188.000 67.000
-20.199 14.215 141.640 158.000 168.000 56.000
-20.198 14.644 141.638 161.000 170.000 59.000
-20.198 15.072 141.635 145.000 156.000 49.000
-20.198 15.501 141.633 142.000 153.000 50.000
-20.198 15.929 141.630 137.000 147.000 59.000
-20.198 16.357 141.627 123.000 131.000 60.000
-19.771 12.930 141.669 172.000 178.000 102.000
-19.771 13.359 141.667 172.000 180.000 84.000
-19.771 13.787 141.664 161.000 171.000 67.000
-19.771 14.216 141.661 161.000 172.000 59.000
-19.771 14.644 141.659 146.000 157.000 52.000
-19.771 15.072 141.656 143.000 155.000 53.000
-19.770 15.501 141.653 145.000 156.000 61.000
-19.770 15.929 141.651 156.000 167.000 79.000
-19.770 16.358 141.648 135.000 144.000 73.000
-19.343 13.359 141.687 163.000 171.000 90.000
-19.343 13.787 141.685 157.000 166.000 75.000
-19.343 14.216 141.682 159.000 171.000 66.000
-19.343 14.644 141.680 148.000 159.000 61.000
-19.343 15.072 141.677 135.000 145.000 60.000
-19.343 15.501 141.674 130.000 140.000 57.000
-19.342 15.929 141.672 143.000 153.000 76.000
-19.342 16.358 141.669 143.000 149.000 90.000
-18.915 13.359 141.708 103.000 108.000 66.000
-18.915 13.787 141.706 130.000 139.000 63.000
-18.915 14.216 141.703 150.000 161.000 70.000
-18.915 14.644 141.701 151.000 162.000 72.000
-18.915 15.072 141.698 124.000 134.000 60.000
-18.915 15.501 141.695 74.000 80.000 39.000
-18.487 13.787 141.727 87.000 100.000 40.000
-18.487 14.216 141.724 135.000 148.000 61.000
-18.487 14.644 141.721 107.000 114.000 56.000
-21.931 13.361 141.990 96.000 100.000 59.000
-21.931 13.789 141.987 94.000 99.000 47.000
-21.931 15.075 141.979 85.000 91.000 49.000
-21.503 12.933 142.013 105.000 111.000 46.000
-21.503 13.361 142.011 151.000 160.000 69.000
-21.503 13.790 142.008 161.000 170.000 68.000
-21.503 14.218 142.006 154.000 163.000 60.000
-21.503 14.646 142.003 129.000 140.000 46.000
-21.503 15.075 142.000 130.000 139.000 51.000
-21.503 15.503 141.998 135.000 141.000 63.000
-21.503 15.931 141.995 102.000 105.000 58.000
-21.075 12.504 142.037 125.000 137.000 59.000
-21.075 12.933 142.034 167.000 175.000 76.000
-21.075 13.361 142.032 180.000 187.000 77.000
-21.075 13.790 142.029 172.000 179.000 62.000
-21.075 14.218 142.026 153.000 164.000 44.000
-21.075 14.646 142.024 146.000 158.000 45.000
-21.075 15.075 142.021 131.000 141.000 40.000
-21.075 15.503 142.019 128.000 137.000 42.000
-21.075 15.932 142.016 133.000 140.000 56.000
-21.075 16.360 142.013 128.000 134.000 68.000
-20.648 12.504 142.058 137.000 146.000 73.000
-20.648 12.933 142.055 195.000 203.000 92.000
-20.647 13.361 142.053 191.000 199.000 81.000
-20.647 13.790 142.050 184.000 192.000 68.000
-20.647 14.218 142.047 161.000 171.000 48.000
-20.647 14.646 142.045 158.000 167.000 52.000
-20.647 15.075 142.042 148.000 159.000 48.000
-20.647 15.503 142.040 140.000 149.000 47.000
-20.647 15.932 142.037 134.000 143.000 52.000
-20.647 16.360 142.034 136.000 143.000 68.000
-20.647 16.788 142.032 89.000 92.000 52.000
-20.220 12.505 142.079 140.000 143.000 85.000
-20.220 12.933 142.076 209.000 209.000 98.000
-20.220 13.361 142.073 203.000 207.000 88.000
-20.220 13.790 142.071 181.000 192.000 69.000
-20.219 14.218 142.068 174.000 185.000 65.000
-20.219 14.647 142.066 168.000 176.000 63.000
-20.219 15.075 142.063 152.000 162.000 53.000
-20.219 15.503 142.060 153.000 163.000 55.000
-20.219 15.932 142.058 148.000 158.000 62.000
-20.219 16.360 142.055 138.000 148.000 67.000
-20.219 16.788 142.053 108.000 114.000 61.000
-19.792 12.933 142.097 183.000 187.000 100.000
-19.792 13.361 142.094 194.000 200.000 99.000
-19.792 13.790 142.092 181.000 190.000 80.000
-19.792 14.218 142.089 169.000 180.000 67.000
-19.791 14.647 142.087 158.000 168.000 60.000
-19.791 15.075 142.084 150.000 160.000 57.000
-19.791 15.503 142.081 152.000 163.000 61.000
-19.791 15.932 142.079 160.000 171.000 76.000
-19.791 16.360 142.076 152.000 162.000 82.000
-19.791 16.789 142.074 94.000 101.000 56.000
-19.364 13.361 142.115 165.000 170.000 98.000
-19.364 13.790 142.113 162.000 171.000 80.000
-19.364 14.218 142.110 166.000 177.000 76.000
-19.364 14.647 142.107 158.000 169.000 71.000
-19.364 15.075 142.105 143.000 154.000 61.000
-19.363 15.503 142.102 128.000 137.000 59.000
-19.363 15.932 142.100 118.000 125.000 65.000
-19.363 16.360 142.097 115.000 117.000 69.000
-18.936 13.362 142.136 110.000 112.000 80.000
-18.936 13.790 142.134 127.000 134.000 65.000
-18.936 14.218 142.131 152.000 164.000 73.000
-18.936 14.647 142.128 146.000 156.000 76.000
-18.936 15.075 142.126 113.000 122.000 54.000
-18.508 13.790 142.155 73.000 86.000 29.000
-18.508 14.218 142.152 108.000 121.000 50.000
-18.508 14.647 142.149 88.000 94.000 48.000
-21.952 13.364 142.418 88.000 94.000 39.000
-21.952 13.792 142.415 135.000 144.000 65.000
-21.952 14.220 142.412 130.000 139.000 58.000
-21.952 14.649 142.410 120.000 128.000 49.000
-21.952 15.077 142.407 121.000 128.000 54.000
-21.952 15.506 142.405 123.000 129.000 62.000
-21.524 12.507 142.444 81.000 89.000 34.000
-21.524 12.935 142.441 148.000 157.000 74.000
-21.524 13.364 142.439 168.000 177.000 75.000
-21.524 13.792 142.436 171.000 180.000 69.000
-21.524 14.221 142.433 162.000 173.000 57.000
-21.524 14.649 142.431 138.000 151.000 43.000
-21.524 15.077 142.428 133.000 144.000 44.000
-21.524 15.506 142.426 137.000 146.000 52.000
-21.524 15.934 142.423 125.000 133.000 61.000
-21.524 16.362 142.420 91.000 95.000 52.000
-21.096 12.507 142.465 149.000 160.000 81.000
-21.096 12.935 142.462 192.000 199.000 97.000
-21.096 13.364 142.460 197.000 203.000 90.000
-21.096 13.792 142.457 194.000 202.000 77.000
-21.096 14.221 142.454 173.000 182.000 54.000
-21.096 14.649 142.452 143.000 156.000 39.000
-21.096 15.077 142.449 137.000 149.000 40.000
-21.096 15.506 142.447 131.000 142.000 42.000
-21.096 15.934 142.444 129.000 138.000 50.000
-21.096 16.363 142.441 134.000 142.000 63.000
-21.096 16.791 142.439 92.000 96.000 52.000
-20.669 12.507 142.486 151.000 158.000 86.000
-20.668 12.935 142.483 207.000 213.000 107.000
-20.668 13.364 142.480 210.000 216.000 104.000
-20.668 13.792 142.478 202.000 209.000 88.000
-20.668 14.221 142.475 178.000 186.000 61.000
-20.668 14.649 142.473 161.000 172.000 55.000
-20.668 15.077 142.470 144.000 157.000 47.000
-20.668 15.506 142.467 134.000 146.000 45.000
-20.668 15.934 142.465 136.000 147.000 53.000
-20.668 16.363 142.462 133.000 143.000 59.000
-20.668 16.791 142.460 120.000 125.000 65.000
-20.241 12.507 142.507 78.000 81.000 44.000
-20.241 12.936 142.504 219.000 221.000 123.000
-20.240 13.364 142.501 215.000 220.000 115.000
-20.240 13.792 142.499 201.000 208.000 97.000
-20.240 14.221 142.496 179.000 188.000 72.000
-20.240 14.649 142.494 176.000 185.000 75.000
-20.240 15.078 142.491 153.000 163.000 59.000
-20.240 15.506 142.488 148.000 158.000 58.000
-20.240 15.934 142.486 153.000 165.000 67.000
-20.240 16.363 142.483 149.000 160.000 71.000
-20.240 16.791 142.481 118.000 125.000 64.000
-19.813 12.936 142.525 107.000 107.000 66.000
-19.813 13.364 142.522 188.000 193.000 106.000
-19.813 13.792 142.520 189.000 196.000 95.000
-19.812 14.221 142.517 176.000 186.000 78.000
-19.812 14.649 142.514 161.000 170.000 67.000
-19.812 15.078 142.512 148.000 155.000 61.000
-19.812 15.506 142.509 149.000 157.000 64.000
-19.812 15.934 142.507 151.000 162.000 70.000
-19.812 16.363 142.504 161.000 170.000 88.000
-19.812 16.791 142.501 92.000 97.000 54.000
-19.385 13.364 142.543 131.000 132.000 85.000
-19.385 13.792 142.541 159.000 167.000 84.000
-19.385 14.221 142.538 164.000 175.000 78.000
-19.385 14.649 142.535 164.000 174.000 81.000
-19.384 15.078 142.533 142.000 149.000 70.000
-19.384 15.506 142.530 123.000 129.000 62.000
-19.384 15.934 142.528 104.000 110.000 55.000
-19.384 16.363 142.525 83.000 84.000 47.000
-18.957 13.793 142.562 121.000 124.000 70.000
-18.957 14.221 142.559 142.000 153.000 68.000
-18.957 14.649 142.556 143.000 151.000 81.000
-18.957 15.078 142.554 77.000 81.000 45.000
-18.529 13.793 142.582 81.000 90.000 39.000
-18.529 14.221 142.580 97.000 108.000 46.000
-22.401 13.795 142.822 126.000 135.000 64.000
-22.401 14.223 142.819 135.000 143.000 68.000
-22.401 14.651 142.817 131.000 137.000 62.000
-22.401 15.080 142.814 124.000 129.000 61.000
-22.401 15.508 142.812 106.000 109.000 53.000
-21.973 12.938 142.848 93.000 98.000 51.000
-21.973 13.366 142.846 169.000 178.000 90.000
-21.973 13.795 142.843 173.000 182.000 83.000
-21.973 14.223 142.840 168.000 178.000 74.000
-21.973 14.651 142.838 155.000 165.000 64.000
-21.973 15.080 142.835 148.000 157.000 63.000
-21.973 15.508 142.833 141.000 150.000 62.000
-21.973 15.937 142.830 127.000 134.000 66.000
-21.973 16.365 142.827 79.000 81.000 50.000
-21.545 12.510 142.872 96.000 105.000 39.000
-21.545 12.938 142.869 189.000 196.000 100.000
-21.545 13.366 142.867 193.000 201.000 91.000
-21.545 13.795 142.864 187.000 195.000 73.000
-21.545 14.223 142.861 162.000 174.000 46.000
-21.545 14.652 142.859 147.000 161.000 42.000
-21.545 15.080 142.856 143.000 156.000 43.000
-21.545 15.508 142.853 137.000 149.000 45.000
-21.545 15.937 142.851 119.000 129.000 45.000
-21.545 16.365 142.848 127.000 133.000 60.000
-21.545 16.793 142.846 80.000 81.000 47.000
-21.117 12.510 142.893 165.000 175.000 88.000
-21.117 12.938 142.890 207.000 214.000 108.000
-21.117 13.366 142.887 212.000 218.000 102.000
-21.117 13.795 142.885 201.000 208.000 82.000
-21.117 14.223 142.882 186.000 194.000 61.000
-21.117 14.652 142.880 179.000 189.000 61.000
-21.117 15.080 142.877 165.000 176.000 56.000
-21.117 15.508 142.874 139.000 152.000 44.000
-21.117 15.937 142.872 135.000 145.000 49.000
-21.117 16.365 142.869 135.000 144.000 59.000
-21.117 16.794 142.867 132.000 137.000 71.000
-20.689 12.510 142.914 128.000 134.000 68.000
-20.689 12.938 142.911 216.000 220.000 119.000
-20.689 13.366 142.908 222.000 226.000 119.000
-20.689 13.795 142.906 220.000 224.000 110.000
-20.689 14.223 142.903 194.000 201.000 76.000
-20.689 14.652 142.901 183.000 193.000 73.000
-20.689 15.080 142.898 168.000 180.000 66.000
-20.689 15.508 142.895 151.000 162.000 58.000
-20.689 15.937 142.893 149.000 160.000 63.000
-20.689 16.365 142.890 147.000 157.000 67.000
-20.689 16.794 142.887 130.000 137.000 66.000
-20.261 12.938 142.932 220.000 218.000 133.000
-20.261 13.367 142.929 230.000 230.000 140.000
-20.261 13.795 142.927 219.000 222.000 125.000
-20.261 14.223 142.924 201.000 207.000 97.000
-20.261 14.652 142.921 173.000 182.000 76.000
-20.261 15.080 142.919 148.000 159.000 60.000
-20.261 15.509 142.916 146.000 156.000 63.000
-20.261 15.937 142.914 156.000 167.000 74.000
-20.261 16.365 142.911 156.000 166.000 77.000
-20.261 16.794 142.908 117.000 124.000 61.000
-19.834 13.367 142.950 168.000 169.000 108.000
-19.833 13.795 142.948 192.000 197.000 104.000
-19.833 14.223 142.945 195.000 202.000 104.000
-19.833 14.652 142.942 162.000 171.000 71.000
-19.833 15.080 142.940 146.000 155.000 60.000
-19.833 15.509 142.937 141.000 150.000 62.000
-19.833 15.937 142.935 141.000 151.000 67.000
-19.833 16.365 142.932 145.000 152.000 80.000
-19.833 16.794 142.929 83.000 88.000 48.000
-19.406 13.795 142.968 137.000 142.000 74.000
-19.405 14.223 142.966 175.000 185.000 92.000
-19.405 14.652 142.963 162.000 171.000 83.000
-19.405 15.080 142.961 126.000 134.000 61.000
-19.405 15.509 142.958 103.000 109.000 50.000
-19.405 15.937 142.955 86.000 91.000 45.000
-18.978 13.795 142.989 107.000 108.000 72.000
-18.978 14.224 142.987 129.000 139.000 64.000
-18.978 14.652 142.984 108.000 113.000 65.000
-18.550 14.224 143.008 87.000 98.000 41.000
-22.850 14.226 143.226 104.000 110.000 58.000
-22.849 14.654 143.224 127.000 131.000 76.000
-22.849 15.082 143.221 118.000 122.000 66.000
-22.849 15.511 143.219 103.000 107.000 55.000
-22.422 13.369 143.253 155.000 164.000 89.000
-22.422 13.797 143.250 172.000 181.000 96.000
-22.422 14.226 143.247 154.000 164.000 70.000
-22.422 14.654 143.245 156.000 165.000 71.000
-22.422 15.082 143.242 154.000 163.000 70.000
-22.421 15.511 143.240 147.000 155.000 66.000
-22.421 15.939 143.237 133.000 137.000 70.000
-21.994 12.940 143.276 152.000 160.000 84.000
-21.994 13.369 143.273 191.000 198.000 101.000
-21.994 13.797 143.271 186.000 195.000 89.000
-21.994 14.226 143.268 147.000 159.000 45.000
-21.994 14.654 143.266 158.000 172.000 57.000
-21.994 15.082 143.263 152.000 164.000 56.000
-21.994 15.511 143.260 138.000 150.000 49.000
-21.994 15.939 143.258 125.000 133.000 50.000
-21.993 16.368 143.255 131.000 136.000 67.000
-21.566 12.512 143.300 165.000 176.000 87.000
-21.566 12.941 143.297 202.000 208.000 109.000
-21.566 13.369 143.294 206.000 212.000 101.000
-21.566 13.797 143.292 200.000 208.000 83.000
-21.566 14.226 143.289 167.000 179.000 45.000
-21.566 14.654 143.287 156.000 172.000 42.000
-21.566 15.083 143.284 154.000 170.000 46.000
-21.566 15.511 143.281 139.000 151.000 41.000
-21.566 15.939 143.279 132.000 141.000 44.000
-21.566 16.368 143.276 138.000 144.000 62.000
-21.565 16.796 143.274 121.000 124.000 65.000
-21.138 12.512 143.321 141.000 150.000 74.000
-21.138 12.941 143.318 223.000 223.000 126.000
-21.138 13.369 143.315 230.000 230.000 125.000
-21.138 13.797 143.313 214.000 221.000 95.000
-21.138 14.226 143.310 183.000 192.000 54.000
-21.138 14.654 143.307 185.000 196.000 65.000
-21.138 15.083 143.305 172.000 185.000 59.000
-21.138 15.511 143.302 157.000 171.000 55.000
-21.138 15.939 143.300 153.000 165.000 59.000
-21.138 16.368 143.297 149.000 158.000 67.000
-21.138 16.796 143.294 136.000 140.000 70.000
-20.710 12.941 143.339 220.000 221.000 127.000
-20.710 13.369 143.336 236.000 236.000 149.000
-20.710 13.797 143.334 224.000 228.000 122.000
-20.710 14.226 143.331 193.000 201.000 77.000
-20.710 14.654 143.328 180.000 188.000 71.000
-20.710 15.083 143.326 161.000 172.000 60.000
-20.710 15.511 143.323 153.000 165.000 59.000
-20.710 15.939 143.321 158.000 169.000 70.000
-20.710 16.368 143.318 154.000 163.000 72.000
-20.710 16.796 143.315 138.000 144.000 75.000
-20.282 12.941 143.360 211.000 211.000 144.000
-20.282 13.369 143.357 231.000 230.000 157.000
-20.282 13.798 143.355 225.000 226.000 142.000
-20.282 14.226 143.352 205.000 211.000 111.000
-20.282 14.654 143.349 184.000 190.000 93.000
-20.282 15.083 143.347 152.000 160.000 66.000
-20.282 15.511 143.344 145.000 153.000 64.000
-20.282 15.940 143.341 149.000 159.000 71.000
-20.282 16.368 143.339 157.000 166.000 81.000
-20.282 16.796 143.336 128.000 135.000 76.000
-19.854 13.798 143.375 150.000 154.000 76.000
-19.854 14.226 143.373 201.000 205.000 119.000
-19.854 14.654 143.370 171.000 179.000 86.000
-19.854 15.083 143.368 148.000 156.000 68.000
-19.854 15.511 143.365 146.000 153.000 69.000
-19.854 15.940 143.362 135.000 144.000 66.000
-19.854 16.368 143.360 124.000 131.000 68.000
-19.854 16.796 143.357 87.000 94.000 46.000
-19.426 13.798 143.396 90.000 93.000 38.000
-19.426 14.226 143.394 176.000 185.000 94.000
-19.426 14.654 143.391 178.000 187.000 97.000
-19.426 15.083 143.389 126.000 133.000 65.000
-18.999 13.798 143.417 93.000 97.000 57.000
-18.999 14.226 143.415 117.000 129.000 56.000
-18.998 14.655 143.412 94.000 100.000 53.000
-23.298 14.656 143.631 78.000 81.000 52.000
-22.871 13.371 143.660 86.000 90.000 53.000
-22.871 13.800 143.657 110.000 113.000 66.000
-22.870 14.228 143.654 159.000 165.000 88.000
-22.870 14.657 143.652 153.000 158.000 83.000
-22.870 15.085 143.649 160.000 165.000 90.000
-22.870 15.513 143.646 148.000 154.000 87.000
-22.443 12.943 143.683 107.000 111.000 62.000
-22.443 13.371 143.680 190.000 197.000 106.000
-22.443 13.800 143.678 184.000 190.000 95.000
-22.443 14.228 143.675 168.000 176.000 72.000
-22.443 14.657 143.673 155.000 161.000 63.000
-22.442 15.085 143.670 159.000 166.000 70.000
-22.442 15.513 143.667 160.000 168.000 76.000
-22.442 15.942 143.665 145.000 151.000 75.000
-22.442 16.370 143.662 113.000 115.000 61.000
-22.015 12.943 143.704 174.000 180.000 101.000
-22.015 13.371 143.701 201.000 208.000 106.000
-22.015 13.800 143.699 195.000 204.000 89.000
-22.015 14.228 143.696 175.000 185.000 59.000
-22.015 14.657 143.694 143.000 151.000 43.000
-22.015 15.085 143.691 147.000 156.000 49.000
-22.014 15.513 143.688 142.000 151.000 50.000
-22.014 15.942 143.686 142.000 147.000 58.000
-22.014 16.370 143.683 142.000 143.000 69.000
-22.014 16.799 143.681 123.000 124.000 71.000
-21.587 12.943 143.725 205.000 211.000 112.000
-21.587 13.372 143.722 211.000 217.000 106.000
-21.587 13.800 143.720 211.000 217.000 92.000
-21.587 14.228 143.717 200.000 206.000 67.000
-21.587 14.657 143.714 196.000 204.000 73.000
-21.587 15.085 143.712 166.000 178.000 53.000
-21.587 15.514 143.709 140.000 153.000 42.000
-21.587 15.942 143.707 151.000 161.000 60.000
-21.586 16.370 143.704 148.000 155.000 67.000
-21.586 16.799 143.701 139.000 141.000 70.000
-21.159 12.943 143.746 215.000 219.000 121.000
-21.159 13.372 143.743 224.000 228.000 120.000
-21.159 13.800 143.741 217.000 223.000 100.000
-21.159 14.228 143.738 204.000 213.000 77.000
-21.159 14.657 143.735 204.000 207.000 79.000
-21.159 15.085 143.733 177.000 188.000 67.000
-21.159 15.514 143.730 151.000 164.000 52.000
-21.159 15.942 143.728 151.000 162.000 58.000
-21.159 16.370 143.725 165.000 174.000 77.000
-21.159 16.799 143.722 150.000 158.000 82.000
-21.158 17.227 143.720 85.000 87.000 51.000
-20.731 12.943 143.767 213.000 213.000 138.000
-20.731 13.372 143.764 221.000 224.000 130.000
-20.731 13.800 143.761 214.000 219.000 113.000
-20.731 14.228 143.759 206.000 214.000 99.000
-20.731 14.657 143.756 191.000 200.000 88.000
-20.731 15.085 143.754 174.000 184.000 74.000
-20.731 15.514 143.751 149.000 159.000 58.000
-20.731 15.942 143.748 161.000 170.000 72.000
-20.731 16.370 143.746 178.000 186.000 94.000
-20.731 16.799 143.743 148.000 155.000 88.000
-20.303 13.372 143.785 157.000 157.000 108.000
-20.303 13.800 143.782 205.000 207.000 126.000
-20.303 14.229 143.780 209.000 212.000 129.000
-20.303 14.657 143.777 178.000 185.000 95.000
-20.303 15.085 143.775 154.000 162.000 71.000
-20.303 15.514 143.772 149.000 157.000 67.000
-20.303 15.942 143.769 147.000 156.000 72.000
-20.303 16.371 143.767 152.000 159.000 87.000
-20.303 16.799 143.764 90.000 95.000 57.000
-19.875 13.800 143.803 89.000 92.000 39.000
-19.875 14.229 143.801 144.000 152.000 76.000
-19.875 14.657 143.798 174.000 181.000 95.000
-19.875 15.085 143.796 151.000 161.000 72.000
-19.875 15.514 143.793 137.000 145.000 67.000
-19.875 15.942 143.790 97.000 105.000 48.000
-19.875 16.371 143.788 93.000 99.000 50.000
-19.447 13.800 143.824 115.000 121.000 57.000
-19.447 14.229 143.822 124.000 135.000 53.000
-19.447 14.657 143.819 124.000 133.000 68.000
-23.319 14.231 144.061 135.000 137.000 83.000
-23.319 14.659 144.059 159.000 162.000 98.000
-23.319 15.087 144.056 144.000 145.000 92.000
-23.319 15.516 144.053 95.000 94.000 62.000
-22.892 13.374 144.087 156.000 160.000 95.000
-22.891 13.802 144.085 186.000 191.000 109.000
-22.891 14.231 144.082 177.000 182.000 90.000
-22.891 14.659 144.080 158.000 161.000 73.000
-22.891 15.088 144.077 164.000 167.000 81.000
-22.891 15.516 144.074 166.000 170.000 87.000
-22.891 15.944 144.072 134.000 135.000 75.000
-22.464 12.946 144.111 153.000 159.000 89.000
-22.464 13.374 144.108 197.000 202.000 110.000
-22.464 13.802 144.106 200.000 206.000 104.000
-22.463 14.231 144.103 182.000 188.000 79.000
-22.463 14.659 144.101 161.000 165.000 61.000
-22.463 15.088 144.098 164.000 170.000 66.000
-22.463 15.516 144.095 159.000 166.000 65.000
-22.463 15.944 144.093 150.000 155.000 66.000
-22.463 16.373 144.090 138.000 141.000 67.000
-22.036 12.517 144.134 137.000 147.000 70.000
-22.036 12.946 144.132 196.000 202.000 109.000
-22.036 13.374 144.129 205.000 212.000 106.000
-22.036 13.802 144.127 205.000 212.000 95.000
-22.036 14.231 144.124 197.000 203.000 76.000
-22.036 14.659 144.121 164.000 172.000 51.000
-22.035 15.088 144.119 151.000 163.000 47.000
-22.035 15.516 144.116 141.000 151.000 47.000
-22.035 15.944 144.114 141.000 148.000 54.000
-22.035 16.373 144.111 144.000 147.000 64.000
-22.035 16.801 144.108 136.000 139.000 69.000
-21.608 12.946 144.153 212.000 216.000 114.000
-21.608 13.374 144.150 218.000 223.000 109.000
-21.608 13.803 144.148 220.000 222.000 97.000
-21.608 14.231 144.145 221.000 221.000 83.000
-21.608 14.659 144.142 182.000 193.000 53.000
-21.608 15.088 144.140 172.000 184.000 56.000
-21.608 15.516 144.137 155.000 165.000 53.000
-21.607 15.945 144.135 159.000 168.000 63.000
-21.607 16.373 144.132 164.000 170.000 75.000
-21.607 16.801 144.129 147.000 153.000 76.000
-21.607 17.230 144.127 92.000 97.000 54.000
-21.180 12.946 144.174 220.000 219.000 129.000
-21.180 13.374 144.171 229.000 229.000 128.000
-21.180 13.803 144.168 224.000 228.000 111.000
-21.180 14.231 144.166 218.000 221.000 88.000
-21.180 14.659 144.163 194.000 200.000 70.000
-21.180 15.088 144.161 168.000 181.000 57.000
-21.180 15.516 144.158 151.000 164.000 52.000
-21.180 15.945 144.155 161.000 171.000 68.000
-21.179 16.373 144.153 180.000 187.000 90.000
-21.179 16.801 144.150 159.000 168.000 88.000
-21.179 17.230 144.148 79.000 83.000 48.000
-20.752 12.946 144.195 147.000 146.000 97.000
-20.752 13.374 144.192 225.000 225.000 151.000
-20.752 13.803 144.189 223.000 225.000 132.000
-20.752 14.231 144.187 205.000 213.000 104.000
-20.752 14.659 144.184 179.000 189.000 80.000
-20.752 15.088 144.182 153.000 165.000 57.000
-20.752 15.516 144.179 150.000 161.000 58.000
-20.752 15.945 144.176 149.000 159.000 65.000
-20.752 16.373 144.174 177.000 185.000 95.000
-20.752 16.801 144.171 139.000 147.000 83.000
-20.324 13.803 144.210 128.000 127.000 88.000
-20.324 14.231 144.208 180.000 187.000 108.000
-20.324 14.660 144.205 163.000 173.000 89.000
-20.324 15.088 144.202 153.000 162.000 74.000
-20.324 15.516 144.200 148.000 156.000 67.000
-20.324 15.945 144.197 125.000 131.000 63.000
-20.324 16.373 144.195 121.000 126.000 71.000
-19.896 14.231 144.229 91.000 103.000 39.000
-19.896 14.660 144.226 145.000 156.000 74.000
-19.896 15.088 144.223 149.000 159.000 77.000
-19.896 15.516 144.221 130.000 137.000 69.000
-19.896 15.945 144.218 83.000 88.000 46.000
-23.340 14.233 144.489 184.000 187.000 117.000
-23.340 14.662 144.487 177.000 180.000 110.000
-23.340 15.090 144.484 160.000 160.000 98.000
-23.340 15.518 144.481 142.000 140.000 87.000
-22.912 13.377 144.515 157.000 160.000 94.000
-22.912 13.805 144.513 199.000 203.000 116.000
-22.912 14.233 144.510 190.000 195.000 102.000
-22.912 14.662 144.507 174.000 178.000 84.000
-22.912 15.090 144.505 166.000 169.000 75.000
-22.912 15.519 144.502 166.000 169.000 77.000
-22.912 15.947 144.500 166.000 169.000 91.000
-22.912 16.375 144.497 89.000 89.000 50.000
-22.485 12.948 144.539 153.000 155.000 79.000
-22.485 13.377 144.536 194.000 201.000 106.000
-22.484 13.805 144.534 199.000 205.000 103.000
-22.484 14.233 144.531 188.000 194.000 88.000
-22.484 14.662 144.528 175.000 181.000 73.000
-22.484 15.090 144.526 159.000 165.000 57.000
-22.484 15.519 144.523 162.000 168.000 61.000
-22.484 15.947 144.521 161.000 166.000 72.000
-22.484 16.375 144.518 149.000 152.000 72.000
-22.484 16.804 144.515 116.000 118.000 70.000
-22.057 12.948 144.560 189.000 198.000 100.000
-22.057 13.377 144.557 199.000 205.000 101.000
-22.057 13.805 144.555 200.000 205.000 98.000
-22.057 14.233 144.552 195.000 200.000 88.000
-22.056 14.662 144.549 177.000 186.000 69.000
-22.056 15.090 144.547 169.000 178.000 62.000
-22.056 15.519 144.544 154.000 164.000 53.000
-22.056 15.947 144.541 148.000 155.000 57.000
-22.056 16.375 144.539 148.000 155.000 65.000
-22.056 16.804 144.536 139.000 142.000 74.000
-21.629 12.948 144.581 204.000 208.000 108.000
-21.629 13.377 144.578 210.000 215.000 107.000
-21.629 13.805 144.575 219.000 223.000 117.000
-21.629 14.234 144.573 218.000 221.000 113.000
-21.629 14.662 144.570 180.000 191.000 66.000
-21.628 15.090 144.568 166.000 177.000 55.000
-21.628 15.519 144.565 158.000 169.000 51.000
-21.628 15.947 144.562 166.000 176.000 67.000
-21.628 16.376 144.560 176.000 184.000 83.000
-21.628 16.804 144.557 154.000 161.000 85.000
-21.201 12.948 144.602 115.000 118.000 62.000
-21.201 13.377 144.599 212.000 215.000 119.000
-21.201 13.805 144.596 220.000 224.000 121.000
-21.201 14.234 144.594 211.000 216.000 108.000
-21.201 14.662 144.591 187.000 198.000 79.000
-21.201 15.090 144.589 169.000 181.000 63.000
-21.201 15.519 144.586 161.000 172.000 57.000
-21.200 15.947 144.583 162.000 173.000 68.000
-21.200 16.376 144.581 181.000 189.000 94.000
-21.200 16.804 144.578 152.000 160.000 90.000
-20.773 13.377 144.620 115.000 116.000 69.000
-20.773 13.805 144.617 198.000 204.000 109.000
-20.773 14.234 144.615 162.000 175.000 68.000
-20.773 14.662 144.612 168.000 181.000 74.000
-20.773 15.090 144.609 170.000 180.000 75.000
-20.773 15.519 144.607 152.000 161.000 60.000
-20.773 15.947 144.604 147.000 157.000 66.000
-20.773 16.376 144.602 141.000 149.000 78.000
-20.772 16.804 144.599 101.000 107.000 62.000
-20.345 14.234 144.636 99.000 113.000 38.000
-20.345 14.662 144.633 119.000 130.000 48.000
-20.345 15.091 144.630 152.000 162.000 72.000
-20.345 15.519 144.628 157.000 165.000 79.000
-20.345 15.947 144.625 113.000 119.000 62.000
-19.917 15.091 144.651 108.000 118.000 45.000
-19.917 15.519 144.649 112.000 119.000 58.000
-23.361 14.236 144.917 205.000 207.000 133.000
-23.361 14.664 144.914 183.000 183.000 113.000
-23.361 15.093 144.912 181.000 181.000 107.000
-23.361 15.521 144.909 179.000 178.000 106.000
-23.361 15.949 144.907 158.000 157.000 101.000
-22.933 13.379 144.943 145.000 149.000 84.000
-22.933 13.808 144.941 204.000 208.000 115.000
-22.933 14.236 144.938 202.000 207.000 109.000
-22.933 14.664 144.935 188.000 193.000 95.000
-22.933 15.093 144.933 176.000 178.000 79.000
-22.933 15.521 144.930 175.000 178.000 78.000
-22.933 15.950 144.928 176.000 179.000 91.000
-22.933 16.378 144.925 169.000 171.000 94.000
-22.506 12.951 144.967 126.000 130.000 65.000
-22.505 13.379 144.964 194.000 201.000 102.000
-22.505 13.808 144.961 201.000 206.000 103.000
-22.505 14.236 144.959 200.000 205.000 101.000
-22.505 14.664 144.956 188.000 194.000 85.000
-22.505 15.093 144.954 173.000 178.000 66.000
-22.505 15.521 144.951 168.000 173.000 62.000
-22.505 15.950 144.948 169.000 173.000 77.000
-22.505 16.378 144.946 163.000 167.000 82.000
-22.505 16.806 144.943 126.000 128.000 75.000
-22.078 12.951 144.988 169.000 171.000 83.000
-22.078 13.379 144.985 199.000 207.000 106.000
-22.077 13.808 144.982 194.000 202.000 97.000
-22.077 14.236 144.980 187.000 194.000 91.000
-22.077 14.664 144.977 189.000 199.000 89.000
-22.077 15.093 144.975 179.000 187.000 72.000
-22.077 15.521 144.972 162.000 169.000 54.000
-22.077 15.950 144.969 159.000 165.000 64.000
-22.077 16.378 144.967 162.000 169.000 79.000
-22.077 16.806 144.964 145.000 150.000 84.000
-21.650 12.951 145.009 97.000 103.000 41.000
-21.650 13.379 145.006 205.000 210.000 116.000
-21.650 13.808 145.003 213.000 216.000 127.000
-21.650 14.236 145.001 212.000 211.000 135.000
-21.649 14.665 144.998 198.000 206.000 101.000
-21.649 15.093 144.996 175.000 184.000 69.000
-21.649 15.521 144.993 155.000 164.000 49.000
-21.649 15.950 144.990 168.000 177.000 69.000
-21.649 16.378 144.988 180.000 187.000 91.000
-21.649 16.807 144.985 159.000 166.000 92.000
-21.222 13.379 145.027 108.000 115.000 43.000
-21.222 13.808 145.024 196.000 201.000 111.000
-21.222 14.236 145.022 195.000 201.000 114.000
-21.222 14.665 145.019 167.000 180.000 74.000
-21.222 15.093 145.016 167.000 177.000 68.000
-21.221 15.521 145.014 158.000 168.000 57.000
-21.221 15.950 145.011 161.000 171.000 69.000
-21.221 16.378 145.009 178.000 186.000 93.000
-21.221 16.807 145.006 107.000 112.000 67.000
-20.794 13.379 145.048 77.000 81.000 38.000
-20.794 13.808 145.045 94.000 105.000 27.000
-20.794 14.236 145.043 95.000 109.000 31.000
-20.794 14.665 145.040 111.000 125.000 37.000
-20.794 15.093 145.037 142.000 154.000 55.000
-20.794 15.521 145.035 150.000 157.000 60.000
-20.793 15.950 145.032 152.000 161.000 72.000
-20.793 16.378 145.030 115.000 121.000 66.000
-20.366 15.522 145.056 146.000 153.000 67.000
-20.366 15.950 145.053 117.000 123.000 68.000
-23.382 14.239 145.345 204.000 206.000 133.000
-23.382 14.667 145.342 186.000 186.000 117.000
-23.382 15.095 145.340 189.000 188.000 114.000
-23.382 15.524 145.337 193.000 193.000 113.000
-23.382 15.952 145.335 171.000 169.000 101.000
-22.954 13.382 145.371 123.000 127.000 69.000
-22.954 13.810 145.368 204.000 207.000 117.000
-22.954 14.239 145.366 209.000 213.000 119.000
-22.954 14.667 145.363 199.000 202.000 107.000
-22.954 15.095 145.361 191.000 195.000 95.000
-22.954 15.524 145.358 189.000 192.000 89.000
-22.954 15.952 145.355 182.000 185.000 95.000
-22.954 16.381 145.353 168.000 170.000 91.000
-22.526 13.382 145.392 176.000 183.000 94.000
-22.526 13.810 145.389 203.000 208.000 111.000
-22.526 14.239 145.387 206.000 211.000 113.000
-22.526 14.667 145.384 203.000 208.000 108.000
-22.526 15.095 145.382 190.000 195.000 87.000
-22.526 15.524 145.379 180.000 185.000 74.000
-22.526 15.952 145.376 179.000 184.000 85.000
-22.526 16.381 145.374 167.000 171.000 87.000
-22.526 16.809 145.371 139.000 142.000 88.000
-22.098 13.382 145.413 194.000 200.000 109.000
-22.098 13.810 145.410 201.000 207.000 115.000
-22.098 14.239 145.408 196.000 203.000 111.000
-22.098 14.667 145.405 203.000 209.000 112.000
-22.098 15.095 145.402 191.000 198.000 90.000
-22.098 15.524 145.400 179.000 186.000 72.000
-22.098 15.952 145.397 185.000 192.000 89.000
-22.098 16.381 145.395 191.000 197.000 111.000
-22.098 16.809 145.392 142.000 147.000 86.000
-21.671 13.382 145.434 122.000 126.000 70.000
-21.671 13.810 145.431 200.000 201.000 128.000
-21.670 14.239 145.429 199.000 200.000 130.000
-21.670 14.667 145.426 198.000 203.000 117.000
-21.670 15.096 145.423 182.000 189.000 90.000
-21.670 15.524 145.421 156.000 163.000 57.000
-21.670 15.952 145.418 167.000 174.000 75.000
-21.670 16.381 145.416 184.000 189.000 105.000
-21.670 16.809 145.413 130.000 135.000 81.000
-21.243 13.810 145.452 76.000 85.000 23.000
-21.243 14.239 145.450 119.000 130.000 54.000
-21.242 14.667 145.447 125.000 137.000 50.000
-21.242 15.096 145.444 126.000 137.000 45.000
-21.242 15.524 145.442 150.000 159.000 57.000
-21.242 15.952 145.439 155.000 163.000 74.000
-21.242 16.381 145.436 157.000 164.000 87.000
-21.242 16.809 145.434 87.000 91.000 54.000
-20.814 15.524 145.463 146.000 154.000 61.000
-20.814 15.952 145.460 140.000 147.000 73.000
-20.814 16.381 145.457 97.000 103.000 57.000
-23.403 14.241 145.773 199.000 199.000 133.000
-23.403 14.670 145.770 203.000 205.000 134.000
-23.403 15.098 145.768 205.000 205.000 130.000
-23.403 15.526 145.765 199.000 200.000 121.000
-23.403 15.955 145.762 195.000 194.000 123.000
-22.975 13.384 145.799 85.000 83.000 52.000
-22.975 13.813 145.796 193.000 196.000 121.000
-22.975 14.241 145.794 205.000 207.000 130.000
-22.975 14.670 145.791 204.000 207.000 123.000
-22.975 15.098 145.789 200.000 202.000 114.000
-22.975 15.526 145.786 201.000 203.000 108.000
-22.975 15.955 145.783 195.000 198.000 112.000
-22.975 16.383 145.781 178.000 177.000 108.000
-22.975 16.812 145.778 86.000 85.000 55.000
-22.547 13.384 145.820 91.000 94.000 51.000
-22.547 13.813 145.817 200.000 205.000 118.000
-22.547 14.241 145.815 206.000 210.000 125.000
-22.547 14.670 145.812 209.000 213.000 124.000
-22.547 15.098 145.809 199.000 203.000 108.000
-22.547 15.526 145.807 196.000 201.000 100.000
-22.547 15.955 145.804 197.000 203.000 109.000
-22.547 16.383 145.802 193.000 196.000 120.000
-22.547 16.812 145.799 105.000 106.000 69.000
-22.119 13.813 145.838 164.000 167.000 100.000
-22.119 14.241 145.836 197.000 202.000 121.000
-22.119 14.670 145.833 222.000 221.000 141.000
-22.119 15.098 145.830 200.000 206.000 111.000
-22.119 15.526 145.828 191.000 198.000 98.000
-22.119 15.955 145.825 208.000 212.000 123.000
-22.119 16.383 145.823 191.000 194.000 125.000
-22.119 16.812 145.820 85.000 87.000 56.000
-21.691 14.241 145.856 120.000 129.000 53.000
-21.691 14.670 145.854 116.000 122.000 56.000
-21.691 15.098 145.851 151.000 155.000 83.000
-21.691 15.527 145.849 156.000 161.000 81.000
-21.691 15.955 145.846 163.000 168.000 85.000
-21.691 16.383 145.843 85.000 88.000 51.000
-21.263 15.955 145.867 123.000 129.000 68.000
-21.263 16.383 145.864 85.000 90.000 47.000
-23.852 15.100 146.175 96.000 95.000 67.000
-23.852 15.529 146.172 105.000 102.000 68.000
-23.424 14.244 146.201 104.000 104.000 71.000
-23.424 14.672 146.198 195.000 194.000 135.000
-23.424 15.101 146.195 221.000 220.000 151.000
-23.424 15.529 146.193 223.000 223.000 149.000
-23.424 15.957 146.190 219.000 219.000 150.000
-22.996 14.244 146.222 160.000 160.000 114.000
-22.996 14.672 146.219 208.000 209.000 138.000
-22.996 15.101 146.216 217.000 218.000 142.000
-22.996 15.529 146.214 231.000 230.000 156.000
-22.996 15.957 146.211 227.000 226.000 153.000
-22.996 16.386 146.209 176.000 175.000 116.000
-22.568 14.244 146.243 159.000 161.000 110.000
-22.568 14.672 146.240 192.000 196.000 121.000
-22.568 15.101 146.237 208.000 210.000 130.000
-22.568 15.529 146.235 228.000 228.000 151.000
-22.568 15.957 146.232 230.000 229.000 159.000
-22.568 16.386 146.230 162.000 162.000 109.000
-22.140 14.244 146.263 89.000 95.000 37.000
-22.140 14.672 146.261 105.000 110.000 53.000
-22.140 15.101 146.258 109.000 111.000 66.000
-22.140 15.529 146.256 129.000 128.000 86.000
-22.140 15.957 146.253 93.000 93.000 67.000
-23.872 15.531 146.600 137.000 133.000 96.000
-23.872 15.960 146.597 106.000 102.000 76.000
-23.445 15.532 146.621 218.000 216.000 155.000
-23.445 15.960 146.618 239.000 237.000 195.000
-23.444 16.388 146.616 148.000 145.000 119.000
-23.017 15.532 146.642 163.000 162.000 112.000
-23.017 15.960 146.639 235.000 232.000 186.000
-23.017 16.388 146.636 203.000 202.000 143.000
-22.589 15.960 146.660 128.000 127.000 87.000
-22.589 16.388 146.657 118.000 117.000 69.000
