-7.495 4.542 101.144 82.000 87.000 30.000
-8.820 5.404 101.932 74.000 85.000 33.000
-7.964 4.547 101.979 80.000 82.000 24.000
-7.537 3.691 102.005 96.000 106.000 27.000
-7.537 4.547 101.999 70.000 86.000 25.000
-7.536 4.976 101.997 80.000 93.000 36.000
-7.536 5.404 101.994 95.000 106.000 47.000
-7.536 5.833 101.992 78.000 89.000 38.000
-7.109 4.976 102.018 73.000 83.000 35.000
-7.109 5.404 102.015 94.000 103.000 46.000
-7.108 5.833 102.013 76.000 84.000 37.000
-9.697 6.692 102.310 75.000 81.000 39.000
-9.269 5.407 102.338 96.000 104.000 39.000
-9.269 5.835 102.336 86.000 92.000 39.000
-9.269 6.263 102.333 76.000 82.000 36.000
-9.269 6.692 102.331 74.000 81.000 41.000
-8.841 4.978 102.362 111.000 118.000 36.000
-8.841 5.407 102.359 100.000 105.000 34.000
-8.841 5.835 102.357 78.000 85.000 35.000
-8.413 4.550 102.386 113.000 117.000 28.000
-8.413 4.978 102.383 109.000 108.000 28.000
-8.413 5.407 102.380 94.000 94.000 29.000
-7.985 4.122 102.409 103.000 112.000 28.000
-7.985 4.550 102.406 86.000 86.000 22.000
-7.985 4.978 102.404 104.000 108.000 33.000
-7.985 5.407 102.401 111.000 115.000 37.000
-7.985 5.835 102.399 97.000 98.000 35.000
-7.558 3.693 102.433 82.000 94.000 24.000
-7.557 4.550 102.427 80.000 97.000 31.000
-7.557 4.978 102.425 97.000 110.000 38.000
-7.557 5.407 102.422 107.000 117.000 43.000
-7.557 5.835 102.420 105.000 115.000 41.000
-7.130 4.550 102.448 75.000 88.000 32.000
-7.130 4.978 102.446 80.000 92.000 36.000
-7.129 5.407 102.443 97.000 106.000 43.000
-7.129 5.835 102.440 101.000 109.000 44.000
-9.718 4.981 102.748 142.000 149.000 62.000
-9.718 5.409 102.745 116.000 125.000 52.000
-9.718 5.838 102.743 90.000 97.000 36.000
-9.718 6.266 102.740 76.000 82.000 31.000
-9.718 6.694 102.738 98.000 106.000 49.000
-9.290 4.552 102.772 118.000 129.000 39.000
-9.290 4.981 102.769 127.000 137.000 46.000
-9.290 5.409 102.766 120.000 128.000 45.000
-9.290 5.838 102.764 113.000 122.000 48.000
-9.290 6.266 102.761 115.000 123.000 54.000
-9.290 6.694 102.759 107.000 113.000 59.000
-9.290 7.123 102.756 83.000 92.000 46.000
-8.862 4.552 102.792 108.000 120.000 31.000
-8.862 4.981 102.790 115.000 125.000 36.000
-8.862 5.409 102.787 117.000 120.000 35.000
-8.862 5.838 102.785 116.000 123.000 45.000
-8.862 6.266 102.782 110.000 119.000 51.000
-8.434 4.124 102.816 106.000 124.000 34.000
-8.434 4.553 102.813 105.000 119.000 31.000
-8.434 4.981 102.811 120.000 121.000 33.000
-8.434 5.409 102.808 128.000 123.000 36.000
-8.434 5.838 102.806 96.000 102.000 37.000
-8.006 3.696 102.840 104.000 120.000 31.000
-8.006 4.124 102.837 81.000 98.000 28.000
-8.006 4.553 102.834 97.000 108.000 33.000
-8.006 4.981 102.832 103.000 117.000 34.000
-8.006 5.409 102.829 113.000 122.000 38.000
-8.006 5.838 102.827 122.000 127.000 45.000
-7.579 3.267 102.863 84.000 103.000 25.000
-7.578 4.553 102.855 81.000 97.000 34.000
-7.578 4.981 102.853 100.000 112.000 40.000
-7.578 5.409 102.850 104.000 115.000 42.000
-7.578 5.838 102.847 112.000 122.000 44.000
-7.150 4.553 102.876 77.000 91.000 35.000
-7.150 4.981 102.874 87.000 99.000 41.000
-7.150 5.409 102.871 97.000 107.000 46.000
-7.150 5.838 102.868 106.000 115.000 44.000
-7.150 6.266 102.866 74.000 80.000 29.000
-6.722 5.410 102.892 79.000 87.000 45.000
-10.167 4.555 103.158 118.000 121.000 52.000
-10.167 4.983 103.155 136.000 141.000 68.000
-10.167 5.412 103.152 116.000 120.000 57.000
-10.166 5.840 103.150 100.000 103.000 49.000
-9.739 4.555 103.179 153.000 159.000 55.000
-9.739 4.983 103.176 148.000 156.000 57.000
-9.739 5.412 103.173 144.000 154.000 59.000
-9.739 5.840 103.171 136.000 145.000 53.000
-9.739 6.269 103.168 123.000 131.000 47.000
-9.738 6.697 103.166 132.000 141.000 62.000
-9.738 7.125 103.163 102.000 110.000 48.000
-9.311 4.555 103.199 125.000 137.000 43.000
-9.311 4.983 103.197 126.000 138.000 42.000
-9.311 5.412 103.194 143.000 149.000 53.000
-9.311 5.840 103.192 130.000 140.000 52.000
-9.311 6.269 103.189 134.000 143.000 60.000
-9.311 6.697 103.186 134.000 143.000 66.000
-9.310 7.125 103.184 113.000 123.000 53.000
-9.310 7.554 103.181 75.000 87.000 37.000
-8.883 4.127 103.223 92.000 109.000 34.000
-8.883 4.555 103.220 97.000 111.000 31.000
-8.883 4.983 103.218 124.000 134.000 41.000
-8.883 5.412 103.215 135.000 140.000 44.000
-8.883 5.840 103.213 121.000 131.000 47.000
-8.883 6.269 103.210 113.000 122.000 50.000
-8.883 6.697 103.207 112.000 119.000 55.000
-8.883 7.125 103.205 96.000 107.000 44.000
-8.883 7.554 103.202 74.000 88.000 31.000
-8.455 3.698 103.247 95.000 110.000 33.000
-8.455 4.127 103.244 71.000 86.000 31.000
-8.455 4.555 103.241 84.000 100.000 32.000
-8.455 4.984 103.239 120.000 130.000 41.000
-8.455 5.412 103.236 137.000 142.000 46.000
-8.455 5.840 103.233 125.000 134.000 48.000
-8.455 6.269 103.231 104.000 112.000 46.000
-8.027 3.698 103.267 89.000 106.000 33.000
-8.027 4.127 103.265 73.000 89.000 32.000
-8.027 4.555 103.262 83.000 100.000 34.000
-8.027 4.984 103.260 103.000 117.000 39.000
-8.027 5.412 103.257 117.000 129.000 43.000
-8.027 5.840 103.254 133.000 142.000 51.000
-8.027 6.269 103.252 148.000 157.000 65.000
-8.027 6.697 103.249 85.000 87.000 41.000
-7.599 4.555 103.283 73.000 87.000 34.000
-7.599 4.984 103.281 96.000 108.000 43.000
-7.599 5.412 103.278 118.000 126.000 52.000
-7.599 5.840 103.275 134.000 144.000 58.000
-7.599 6.269 103.273 139.000 148.000 56.000
-7.171 4.555 103.304 82.000 96.000 41.000
-7.171 4.984 103.301 90.000 102.000 46.000
-7.171 5.412 103.299 97.000 106.000 52.000
-7.171 5.840 103.296 117.000 125.000 51.000
-7.171 6.269 103.294 136.000 146.000 54.000
-6.744 4.555 103.325 84.000 94.000 45.000
-6.743 4.984 103.322 98.000 107.000 55.000
-6.743 5.412 103.320 89.000 98.000 50.000
-6.316 4.555 103.346 84.000 90.000 53.000
-6.316 4.984 103.343 104.000 112.000 67.000
-5.888 4.984 103.364 91.000 92.000 61.000
-10.615 4.557 103.565 120.000 120.000 63.000
-10.615 4.986 103.562 130.000 132.000 70.000
-10.615 5.414 103.559 110.000 111.000 65.000
-10.188 4.557 103.586 151.000 157.000 64.000
-10.188 4.986 103.583 145.000 146.000 62.000
-10.187 5.414 103.580 137.000 141.000 59.000
-10.187 5.843 103.578 139.000 144.000 62.000
-10.187 6.271 103.575 143.000 147.000 70.000
-10.187 6.699 103.572 123.000 125.000 59.000
-9.760 4.129 103.609 154.000 162.000 48.000
-9.760 4.558 103.606 155.000 162.000 49.000
-9.760 4.986 103.604 148.000 157.000 46.000
-9.760 5.414 103.601 154.000 159.000 52.000
-9.759 5.843 103.599 151.000 157.000 52.000
-9.759 6.271 103.596 150.000 155.000 55.000
-9.759 6.700 103.593 148.000 153.000 56.000
-9.759 7.128 103.591 144.000 150.000 63.000
-9.759 7.556 103.588 114.000 122.000 51.000
-9.332 4.129 103.630 121.000 134.000 39.000
-9.332 4.558 103.627 130.000 143.000 43.000
-9.332 4.986 103.625 139.000 151.000 47.000
-9.332 5.414 103.622 143.000 153.000 47.000
-9.332 5.843 103.620 150.000 157.000 56.000
-9.332 6.271 103.617 148.000 155.000 62.000
-9.331 6.700 103.614 147.000 155.000 63.000
-9.331 7.128 103.612 125.000 134.000 49.000
-9.331 7.556 103.609 93.000 105.000 33.000
-8.904 3.701 103.653 92.000 107.000 33.000
-8.904 4.129 103.651 75.000 90.000 30.000
-8.904 4.558 103.648 88.000 104.000 31.000
-8.904 4.986 103.646 126.000 139.000 43.000
-8.904 5.414 103.643 147.000 155.000 50.000
-8.904 5.843 103.640 136.000 147.000 51.000
-8.904 6.271 103.638 133.000 142.000 56.000
-8.904 6.700 103.635 123.000 133.000 51.000
-8.904 7.128 103.633 101.000 113.000 38.000
-8.903 7.556 103.630 75.000 91.000 26.000
-8.476 3.701 103.674 68.000 83.000 28.000
-8.476 4.986 103.667 117.000 130.000 42.000
-8.476 5.415 103.664 146.000 156.000 55.000
-8.476 5.843 103.661 134.000 144.000 53.000
-8.476 6.271 103.659 121.000 131.000 48.000
-8.476 6.700 103.656 99.000 110.000 41.000
-8.476 7.128 103.654 89.000 102.000 36.000
-8.048 3.273 103.698 120.000 131.000 49.000
-8.048 3.701 103.695 89.000 105.000 37.000
-8.048 4.129 103.693 71.000 85.000 34.000
-8.048 4.558 103.690 86.000 100.000 41.000
-8.048 4.986 103.687 124.000 135.000 51.000
-8.048 5.415 103.685 119.000 130.000 44.000
-8.048 5.843 103.682 117.000 127.000 42.000
-8.048 6.271 103.680 130.000 141.000 48.000
-8.048 6.700 103.677 132.000 139.000 52.000
-7.620 3.701 103.716 81.000 95.000 33.000
-7.620 4.129 103.714 83.000 97.000 39.000
-7.620 4.558 103.711 85.000 98.000 44.000
-7.620 4.986 103.708 96.000 108.000 48.000
-7.620 5.415 103.706 119.000 130.000 57.000
-7.620 5.843 103.703 134.000 144.000 61.000
-7.620 6.271 103.701 151.000 154.000 58.000
-7.620 6.700 103.698 144.000 152.000 56.000
-7.192 4.558 103.732 88.000 99.000 46.000
-7.192 4.986 103.729 88.000 98.000 49.000
-7.192 5.415 103.727 79.000 89.000 47.000
-7.192 5.843 103.724 102.000 114.000 48.000
-6.764 4.986 103.750 103.000 111.000 59.000
-11.064 4.132 103.974 99.000 101.000 60.000
-10.636 4.132 103.995 161.000 165.000 85.000
-10.636 4.560 103.992 146.000 150.000 71.000
-10.636 4.988 103.990 96.000 99.000 41.000
-10.636 5.417 103.987 93.000 94.000 44.000
-10.636 5.845 103.985 107.000 109.000 52.000
-10.636 6.274 103.982 93.000 95.000 49.000
-10.209 4.132 104.016 162.000 168.000 68.000
-10.208 4.560 104.013 156.000 163.000 62.000
-10.208 4.988 104.011 134.000 141.000 49.000
-10.208 5.417 104.008 124.000 131.000 46.000
-10.208 5.845 104.006 131.000 139.000 51.000
-10.208 6.274 104.003 139.000 145.000 57.000
-10.208 6.702 104.000 139.000 142.000 60.000
-10.208 7.130 103.998 103.000 106.000 51.000
-9.781 4.132 104.037 144.000 157.000 43.000
-9.781 4.560 104.034 156.000 163.000 48.000
-9.781 4.989 104.032 154.000 157.000 44.000
-9.780 5.417 104.029 152.000 152.000 43.000
-9.780 5.845 104.026 156.000 159.000 50.000
-9.780 6.274 104.024 152.000 158.000 52.000
-9.780 6.702 104.021 148.000 157.000 55.000
-9.780 7.131 104.019 138.000 145.000 57.000
-9.780 7.559 104.016 101.000 108.000 45.000
-9.353 3.703 104.060 123.000 137.000 37.000
-9.353 4.132 104.058 128.000 143.000 39.000
-9.353 4.560 104.055 140.000 153.000 45.000
-9.353 4.989 104.053 141.000 149.000 41.000
-9.353 5.417 104.050 139.000 141.000 36.000
-9.353 5.845 104.047 149.000 153.000 47.000
-9.352 6.274 104.045 154.000 159.000 55.000
-9.352 6.702 104.042 145.000 155.000 55.000
-9.352 7.131 104.040 118.000 130.000 42.000
-9.352 7.559 104.037 93.000 104.000 36.000
-8.925 3.703 104.081 99.000 115.000 27.000
-8.925 4.132 104.079 110.000 125.000 33.000
-8.925 4.560 104.076 123.000 137.000 40.000
-8.925 4.989 104.074 129.000 140.000 39.000
-8.925 5.417 104.071 139.000 146.000 44.000
-8.925 5.845 104.068 137.000 147.000 46.000
-8.925 6.274 104.066 131.000 143.000 46.000
-8.924 6.702 104.063 121.000 133.000 42.000
-8.924 7.131 104.061 110.000 124.000 40.000
-8.924 7.559 104.058 82.000 98.000 31.000
-8.497 4.132 104.100 77.000 95.000 25.000
-8.497 4.560 104.097 99.000 114.000 33.000
-8.497 4.989 104.094 123.000 133.000 41.000
-8.497 5.417 104.092 142.000 149.000 52.000
-8.497 5.846 104.089 127.000 139.000 46.000
-8.497 6.274 104.087 114.000 126.000 42.000
-8.497 6.702 104.084 108.000 120.000 38.000
-8.497 7.131 104.081 106.000 121.000 39.000
-8.496 7.559 104.079 69.000 82.000 27.000
-8.069 3.704 104.123 72.000 89.000 20.000
-8.069 4.132 104.121 95.000 112.000 32.000
-8.069 4.560 104.118 118.000 130.000 47.000
-8.069 4.989 104.115 121.000 133.000 47.000
-8.069 5.417 104.113 113.000 124.000 44.000
-8.069 5.846 104.110 120.000 131.000 48.000
-8.069 6.274 104.108 144.000 153.000 66.000
-8.069 6.702 104.105 122.000 133.000 44.000
-8.069 7.131 104.102 74.000 82.000 26.000
-7.641 4.560 104.139 85.000 99.000 37.000
-7.641 4.989 104.136 99.000 111.000 50.000
-7.641 5.417 104.134 102.000 114.000 58.000
-7.641 5.846 104.131 114.000 125.000 53.000
-7.641 6.274 104.128 124.000 132.000 54.000
-7.641 6.702 104.126 136.000 143.000 50.000
-7.213 4.989 104.157 84.000 95.000 50.000
-7.213 5.417 104.155 88.000 97.000 58.000
-7.213 5.846 104.152 96.000 108.000 49.000
-11.085 4.134 104.402 86.000 88.000 54.000
-11.085 4.563 104.399 93.000 96.000 54.000
-11.085 4.991 104.397 137.000 141.000 78.000
-11.085 5.419 104.394 117.000 119.000 59.000
-11.085 5.848 104.392 105.000 106.000 54.000
-11.085 6.276 104.389 104.000 103.000 58.000
-10.657 3.706 104.426 141.000 144.000 85.000
-10.657 4.134 104.423 178.000 184.000 99.000
-10.657 4.563 104.420 152.000 158.000 77.000
-10.657 4.991 104.418 144.000 150.000 63.000
-10.657 5.419 104.415 133.000 140.000 55.000
-10.657 5.848 104.413 129.000 134.000 56.000
-10.657 6.276 104.410 131.000 133.000 61.000
-10.657 6.705 104.407 127.000 128.000 63.000
-10.230 3.706 104.446 180.000 186.000 97.000
-10.229 4.134 104.444 174.000 181.000 84.000
-10.229 4.563 104.441 159.000 167.000 66.000
-10.229 4.991 104.439 126.000 136.000 43.000
-10.229 5.419 104.436 131.000 142.000 43.000
-10.229 5.848 104.433 143.000 153.000 53.000
-10.229 6.276 104.431 137.000 145.000 52.000
-10.229 6.705 104.428 144.000 149.000 61.000
-10.229 7.133 104.426 120.000 125.000 59.000
-9.802 3.706 104.467 174.000 182.000 81.000
-9.802 4.134 104.465 147.000 158.000 53.000
-9.802 4.563 104.462 144.000 152.000 47.000
-9.801 4.991 104.460 133.000 130.000 38.000
-9.801 5.420 104.457 149.000 141.000 39.000
-9.801 5.848 104.454 145.000 148.000 40.000
-9.801 6.276 104.452 148.000 155.000 50.000
-9.801 6.705 104.449 141.000 152.000 49.000
-9.801 7.133 104.447 120.000 128.000 49.000
-9.801 7.562 104.444 79.000 84.000 36.000
-9.374 3.706 104.488 128.000 140.000 44.000
-9.374 4.134 104.486 134.000 149.000 41.000
-9.374 4.563 104.483 140.000 151.000 45.000
-9.374 4.991 104.481 138.000 144.000 42.000
-9.373 5.420 104.478 133.000 133.000 35.000
-9.373 5.848 104.475 129.000 136.000 39.000
-9.373 6.276 104.473 139.000 149.000 48.000
-9.373 6.705 104.470 145.000 153.000 53.000
-9.373 7.133 104.467 116.000 125.000 44.000
-8.946 3.706 104.509 103.000 118.000 25.000
-8.946 4.134 104.507 122.000 136.000 30.000
-8.946 4.563 104.504 133.000 145.000 39.000
-8.946 4.991 104.501 143.000 146.000 44.000
-8.946 5.420 104.499 129.000 136.000 42.000
-8.946 5.848 104.496 135.000 139.000 46.000
-8.945 6.276 104.494 136.000 144.000 53.000
-8.945 6.705 104.491 130.000 138.000 50.000
-8.945 7.133 104.488 107.000 117.000 39.000
-8.518 3.706 104.530 119.000 135.000 34.000
-8.518 4.135 104.528 120.000 132.000 28.000
-8.518 4.563 104.525 123.000 131.000 33.000
-8.518 4.991 104.522 130.000 137.000 42.000
-8.518 5.420 104.520 133.000 139.000 53.000
-8.518 5.848 104.517 120.000 120.000 48.000
-8.518 6.277 104.515 88.000 94.000 36.000
-8.518 6.705 104.512 124.000 133.000 47.000
-8.517 7.133 104.509 83.000 91.000 29.000
-8.090 4.563 104.546 97.000 111.000 27.000
-8.090 5.420 104.541 86.000 95.000 40.000
-8.090 5.848 104.538 90.000 98.000 37.000
-7.662 4.991 104.564 73.000 87.000 35.000
-11.534 4.993 104.804 83.000 84.000 53.000
-11.534 5.422 104.801 80.000 82.000 48.000
-11.106 4.137 104.830 152.000 155.000 94.000
-11.106 4.565 104.827 167.000 173.000 96.000
-11.106 4.994 104.825 164.000 170.000 88.000
-11.106 5.422 104.822 151.000 156.000 72.000
-11.106 5.850 104.820 144.000 148.000 69.000
-11.106 6.279 104.817 144.000 145.000 74.000
-11.106 6.707 104.814 137.000 137.000 76.000
-11.106 7.136 104.812 104.000 104.000 63.000
-10.678 3.708 104.853 123.000 125.000 77.000
-10.678 4.137 104.851 164.000 170.000 89.000
-10.678 4.565 104.848 152.000 158.000 76.000
-10.678 4.994 104.846 153.000 162.000 68.000
-10.678 5.422 104.843 144.000 154.000 56.000
-10.678 5.850 104.840 147.000 154.000 60.000
-10.678 6.279 104.838 146.000 151.000 64.000
-10.678 6.707 104.835 147.000 150.000 71.000
-10.678 7.136 104.833 126.000 129.000 68.000
-10.250 3.708 104.874 163.000 168.000 89.000
-10.250 4.137 104.872 162.000 169.000 75.000
-10.250 4.565 104.869 140.000 151.000 54.000
-10.250 4.994 104.867 105.000 116.000 31.000
-10.250 5.422 104.864 131.000 143.000 40.000
-10.250 5.850 104.861 146.000 155.000 53.000
-10.250 6.279 104.859 149.000 156.000 63.000
-10.250 6.707 104.856 149.000 156.000 66.000
-10.250 7.136 104.854 130.000 135.000 64.000
-9.823 3.709 104.895 160.000 168.000 79.000
-9.822 4.137 104.893 158.000 168.000 63.000
-9.822 4.565 104.890 129.000 140.000 40.000
-9.822 4.994 104.887 122.000 125.000 33.000
-9.822 5.422 104.885 146.000 138.000 40.000
-9.822 5.851 104.882 147.000 147.000 45.000
-9.822 6.279 104.880 143.000 153.000 51.000
-9.822 6.707 104.877 143.000 153.000 52.000
-9.822 7.136 104.874 110.000 118.000 45.000
-9.395 3.709 104.916 136.000 147.000 51.000
-9.395 4.137 104.914 141.000 155.000 44.000
-9.395 4.565 104.911 137.000 152.000 42.000
-9.394 4.994 104.908 139.000 146.000 44.000
-9.394 5.422 104.906 126.000 129.000 40.000
-9.394 5.851 104.903 129.000 132.000 44.000
-9.394 6.279 104.901 127.000 135.000 48.000
-9.394 6.707 104.898 128.000 136.000 49.000
-9.394 7.136 104.895 104.000 111.000 42.000
-8.967 3.709 104.937 132.000 146.000 39.000
-8.967 4.137 104.935 136.000 150.000 35.000
-8.967 4.565 104.932 134.000 149.000 38.000
-8.967 4.994 104.929 135.000 146.000 44.000
-8.967 5.422 104.927 128.000 132.000 47.000
-8.966 5.851 104.924 110.000 113.000 43.000
-8.966 6.279 104.921 105.000 112.000 43.000
-8.966 6.707 104.919 122.000 129.000 44.000
-8.966 7.136 104.916 84.000 90.000 32.000
-8.539 4.566 104.953 127.000 142.000 35.000
-8.539 4.994 104.950 126.000 139.000 45.000
-8.539 5.422 104.948 108.000 114.000 50.000
-8.539 5.851 104.945 100.000 102.000 51.000
-8.538 6.279 104.942 79.000 83.000 36.000
-11.555 4.568 105.234 127.000 128.000 83.000
-11.555 4.996 105.232 162.000 165.000 100.000
-11.555 5.424 105.229 158.000 161.000 91.000
-11.555 5.853 105.226 135.000 136.000 74.000
-11.555 6.281 105.224 131.000 131.000 72.000
-11.555 6.710 105.221 115.000 115.000 68.000
-11.127 4.139 105.258 142.000 145.000 84.000
-11.127 4.568 105.255 169.000 173.000 91.000
-11.127 4.996 105.253 160.000 166.000 78.000
-11.127 5.425 105.250 152.000 158.000 66.000
-11.127 5.853 105.247 146.000 152.000 62.000
-11.127 6.281 105.245 148.000 151.000 67.000
-11.127 6.710 105.242 154.000 157.000 77.000
-11.127 7.138 105.240 138.000 140.000 76.000
-10.699 3.711 105.281 91.000 95.000 52.000
-10.699 4.139 105.279 157.000 165.000 79.000
-10.699 4.568 105.276 155.000 163.000 69.000
-10.699 4.996 105.274 142.000 153.000 54.000
-10.699 5.425 105.271 144.000 155.000 52.000
-10.699 5.853 105.268 150.000 158.000 59.000
-10.699 6.281 105.266 149.000 155.000 63.000
-10.699 6.710 105.263 148.000 154.000 66.000
-10.699 7.138 105.260 139.000 142.000 70.000
-10.271 3.711 105.302 117.000 122.000 61.000
-10.271 4.139 105.300 158.000 168.000 67.000
-10.271 4.568 105.297 138.000 149.000 49.000
-10.271 4.996 105.294 125.000 138.000 40.000
-10.271 5.425 105.292 132.000 143.000 42.000
-10.271 5.853 105.289 143.000 151.000 54.000
-10.271 6.281 105.287 149.000 156.000 61.000
-10.271 6.710 105.284 139.000 146.000 56.000
-10.271 7.138 105.281 115.000 121.000 53.000
-9.843 3.711 105.323 115.000 125.000 41.000
-9.843 4.140 105.321 146.000 157.000 47.000
-9.843 4.568 105.318 130.000 141.000 36.000
-9.843 4.996 105.315 138.000 145.000 38.000
-9.843 5.425 105.313 138.000 136.000 41.000
-9.843 5.853 105.310 120.000 126.000 44.000
-9.843 6.282 105.308 124.000 134.000 47.000
-9.843 6.710 105.305 133.000 143.000 51.000
-9.843 7.138 105.302 108.000 116.000 44.000
-9.843 7.567 105.300 81.000 87.000 34.000
-9.416 3.711 105.344 129.000 142.000 41.000
-9.416 4.140 105.341 137.000 152.000 40.000
-9.415 4.568 105.339 143.000 157.000 44.000
-9.415 4.996 105.336 137.000 147.000 39.000
-9.415 5.425 105.334 125.000 132.000 41.000
-9.415 5.853 105.331 102.000 110.000 38.000
-9.415 6.282 105.328 87.000 93.000 36.000
-9.415 6.710 105.326 97.000 104.000 40.000
-8.988 4.568 105.360 134.000 150.000 39.000
-8.987 4.996 105.357 130.000 144.000 45.000
-8.987 5.425 105.355 124.000 134.000 52.000
-8.987 5.853 105.352 77.000 82.000 33.000
-8.560 5.425 105.375 84.000 90.000 42.000
-12.004 5.427 105.636 128.000 126.000 93.000
-12.004 5.855 105.633 106.000 105.000 76.000
-12.003 6.284 105.631 89.000 89.000 61.000
-11.576 4.570 105.662 163.000 163.000 103.000
-11.576 4.999 105.660 179.000 182.000 108.000
-11.576 5.427 105.657 171.000 175.000 95.000
-11.576 5.855 105.654 161.000 165.000 87.000
-11.576 6.284 105.652 147.000 149.000 74.000
-11.576 6.712 105.649 148.000 150.000 83.000
-11.575 7.141 105.647 86.000 87.000 51.000
-11.148 4.142 105.686 167.000 169.000 101.000
-11.148 4.570 105.683 160.000 165.000 79.000
-11.148 4.999 105.680 155.000 162.000 68.000
-11.148 5.427 105.678 153.000 160.000 63.000
-11.148 5.856 105.675 150.000 155.000 61.000
-11.148 6.284 105.673 150.000 154.000 61.000
-11.148 6.712 105.670 157.000 164.000 68.000
-11.148 7.141 105.667 146.000 149.000 70.000
-10.720 3.714 105.709 93.000 95.000 56.000
-10.720 4.142 105.707 170.000 179.000 87.000
-10.720 4.570 105.704 156.000 167.000 66.000
-10.720 4.999 105.701 135.000 147.000 44.000
-10.720 5.427 105.699 137.000 148.000 47.000
-10.720 5.856 105.696 152.000 161.000 59.000
-10.720 6.284 105.694 152.000 158.000 61.000
-10.720 6.712 105.691 143.000 149.000 56.000
-10.720 7.141 105.688 147.000 152.000 65.000
-10.720 7.569 105.686 93.000 95.000 49.000
-10.292 3.714 105.730 108.000 117.000 47.000
-10.292 4.142 105.728 147.000 160.000 54.000
-10.292 4.570 105.725 138.000 152.000 48.000
-10.292 4.999 105.722 131.000 144.000 42.000
-10.292 5.427 105.720 134.000 147.000 45.000
-10.292 5.856 105.717 140.000 151.000 50.000
-10.292 6.284 105.715 143.000 150.000 58.000
-10.292 6.712 105.712 135.000 140.000 54.000
-10.292 7.141 105.709 121.000 126.000 52.000
-9.864 4.142 105.748 117.000 134.000 30.000
-9.864 4.571 105.746 106.000 123.000 25.000
-9.864 4.999 105.743 128.000 140.000 34.000
-9.864 5.427 105.741 127.000 136.000 37.000
-9.864 5.856 105.738 102.000 111.000 36.000
-9.864 6.284 105.735 113.000 120.000 44.000
-9.864 6.713 105.733 117.000 125.000 43.000
-9.864 7.141 105.730 101.000 109.000 39.000
-9.436 4.571 105.767 140.000 155.000 42.000
-9.436 4.999 105.764 127.000 142.000 39.000
-9.436 5.427 105.762 112.000 126.000 36.000
-9.008 5.427 105.782 78.000 85.000 29.000
-12.025 5.001 106.067 89.000 87.000 63.000
-12.025 5.430 106.064 174.000 176.000 116.000
-12.024 5.858 106.061 177.000 179.000 119.000
-12.024 6.286 106.059 179.000 181.000 126.000
-11.597 4.573 106.090 107.000 106.000 70.000
-11.597 5.001 106.087 171.000 175.000 107.000
-11.597 5.430 106.085 165.000 169.000 97.000
-11.597 5.858 106.082 164.000 168.000 91.000
-11.596 6.286 106.080 168.000 171.000 92.000
-11.596 6.715 106.077 161.000 165.000 94.000
-11.596 7.143 106.074 147.000 149.000 86.000
-11.169 4.145 106.114 178.000 180.000 113.000
-11.169 4.573 106.111 180.000 187.000 105.000
-11.169 5.001 106.108 167.000 174.000 89.000
-11.169 5.430 106.106 165.000 174.000 81.000
-11.169 5.858 106.103 156.000 162.000 72.000
-11.169 6.287 106.101 152.000 158.000 66.000
-11.169 6.715 106.098 159.000 164.000 74.000
-11.168 7.143 106.095 157.000 160.000 77.000
-11.168 7.572 106.093 133.000 134.000 66.000
-10.741 4.145 106.135 160.000 169.000 77.000
-10.741 4.573 106.132 162.000 172.000 74.000
-10.741 5.001 106.129 155.000 166.000 64.000
-10.741 5.430 106.127 130.000 142.000 45.000
-10.741 5.858 106.124 139.000 150.000 51.000
-10.741 6.287 106.121 144.000 153.000 57.000
-10.741 6.715 106.119 141.000 148.000 57.000
-10.741 7.143 106.116 145.000 150.000 65.000
-10.741 7.572 106.114 142.000 146.000 69.000
-10.313 3.716 106.158 79.000 89.000 18.000
-10.313 4.145 106.155 98.000 113.000 21.000
-10.313 4.573 106.153 98.000 113.000 20.000
-10.313 5.001 106.150 127.000 142.000 35.000
-10.313 5.430 106.148 127.000 142.000 34.000
-10.313 5.858 106.145 134.000 146.000 44.000
-10.313 6.287 106.142 139.000 149.000 54.000
-10.313 6.715 106.140 130.000 137.000 50.000
-10.313 7.143 106.137 125.000 132.000 51.000
-10.313 7.572 106.135 111.000 117.000 47.000
-9.885 5.002 106.171 112.000 123.000 18.000
-9.885 5.430 106.169 129.000 138.000 29.000
-9.885 5.858 106.166 130.000 141.000 41.000
-9.885 6.287 106.163 106.000 113.000 39.000
-9.885 7.144 106.158 74.000 81.000 29.000
-9.457 5.430 106.189 98.000 108.000 29.000
-12.045 5.432 106.492 181.000 180.000 121.000
-12.045 5.861 106.489 175.000 177.000 113.000
-12.045 6.289 106.487 162.000 161.000 107.000
-11.618 4.576 106.518 120.000 119.000 85.000
-11.618 5.004 106.515 192.000 196.000 124.000
-11.618 5.432 106.513 186.000 189.000 117.000
-11.617 5.861 106.510 172.000 173.000 103.000
-11.617 6.289 106.508 168.000 167.000 99.000
-11.617 6.717 106.505 174.000 176.000 107.000
-11.617 7.146 106.502 162.000 163.000 95.000
-11.190 4.576 106.539 169.000 172.000 105.000
-11.190 5.004 106.536 183.000 190.000 108.000
-11.190 5.432 106.534 183.000 190.000 107.000
-11.190 5.861 106.531 184.000 189.000 106.000
-11.190 6.289 106.528 180.000 184.000 99.000
-11.189 6.718 106.526 173.000 177.000 94.000
-11.189 7.146 106.523 163.000 165.000 86.000
-11.189 7.574 106.521 147.000 150.000 67.000
-11.189 8.003 106.518 124.000 128.000 52.000
-10.762 4.576 106.560 103.000 111.000 31.000
-10.762 5.004 106.557 154.000 166.000 63.000
-10.762 5.432 106.555 174.000 185.000 83.000
-10.762 5.861 106.552 183.000 192.000 94.000
-10.762 6.289 106.549 179.000 186.000 91.000
-10.762 6.718 106.547 163.000 170.000 80.000
-10.761 7.146 106.544 136.000 142.000 57.000
-10.761 7.574 106.542 128.000 132.000 51.000
-10.761 8.003 106.539 119.000 123.000 48.000
-10.334 5.861 106.573 73.000 86.000 13.000
-10.334 6.289 106.570 125.000 140.000 42.000
-10.334 6.718 106.568 115.000 124.000 40.000
-10.334 7.146 106.565 96.000 104.000 30.000
-10.334 7.574 106.562 90.000 98.000 27.000
-9.906 5.433 106.596 139.000 130.000 22.000
-9.906 7.575 106.583 77.000 85.000 27.000
-12.066 5.435 106.920 144.000 142.000 105.000
-12.066 5.863 106.917 212.000 210.000 153.000
-12.066 6.292 106.915 209.000 208.000 151.000
-12.066 6.720 106.912 196.000 195.000 136.000
-11.639 5.007 106.943 136.000 137.000 90.000
-11.638 5.435 106.941 199.000 201.000 131.000
-11.638 5.863 106.938 204.000 206.000 133.000
-11.638 6.292 106.935 204.000 205.000 137.000
-11.638 6.720 106.933 214.000 213.000 149.000
-11.638 7.148 106.930 201.000 204.000 127.000
-11.638 7.577 106.928 178.000 182.000 102.000
-11.638 8.005 106.925 106.000 108.000 53.000
-11.211 5.007 106.964 106.000 115.000 46.000
-11.211 5.435 106.962 168.000 177.000 97.000
-11.210 5.863 106.959 186.000 194.000 114.000
-11.210 6.292 106.956 189.000 192.000 116.000
-11.210 6.720 106.954 199.000 202.000 121.000
-11.210 7.149 106.951 192.000 197.000 109.000
-11.210 7.577 106.949 173.000 178.000 89.000
-11.210 8.005 106.946 150.000 154.000 66.000
-11.210 8.434 106.943 119.000 124.000 49.000
-10.783 5.435 106.982 92.000 105.000 24.000
-10.783 5.863 106.980 87.000 98.000 23.000
-10.783 6.292 106.977 146.000 153.000 72.000
-10.782 6.720 106.975 175.000 183.000 95.000
-10.782 7.149 106.972 169.000 178.000 88.000
-10.782 7.577 106.969 153.000 162.000 72.000
-10.782 8.005 106.967 135.000 141.000 59.000
-10.782 8.434 106.964 85.000 90.000 34.000
-10.355 7.149 106.993 75.000 89.000 22.000
-10.354 7.577 106.990 96.000 106.000 35.000
-10.354 8.005 106.988 90.000 98.000 34.000
-10.354 8.434 106.985 79.000 85.000 36.000
-12.087 5.866 107.345 124.000 122.000 97.000
-12.087 6.294 107.342 131.000 129.000 105.000
-12.087 6.723 107.340 206.000 203.000 163.000
-12.087 7.151 107.337 186.000 185.000 131.000
-12.087 7.579 107.335 99.000 100.000 62.000
-11.659 6.294 107.363 99.000 98.000 66.000
-11.659 6.723 107.361 221.000 219.000 158.000
-11.659 7.151 107.358 226.000 225.000 154.000
-11.659 7.579 107.355 206.000 210.000 124.000
-11.659 8.008 107.353 101.000 104.000 56.000
-11.231 6.723 107.382 197.000 198.000 128.000
-11.231 7.151 107.379 210.000 214.000 128.000
-11.231 7.580 107.376 194.000 200.000 106.000
-11.231 8.008 107.374 147.000 152.000 74.000
-10.803 7.151 107.400 116.000 123.000 60.000
-10.803 7.580 107.397 135.000 144.000 66.000
-10.803 8.008 107.395 99.000 104.000 46.000
-10.375 8.008 107.416 75.000 82.000 29.000
-11.680 7.154 107.786 92.000 91.000 62.000
-11.680 7.582 107.783 102.000 101.000 59.000
-11.252 7.582 107.804 111.000 109.000 56.000
-11.252 8.011 107.802 114.000 113.000 54.000
-10.824 7.582 107.825 74.000 80.000 32.000
-10.824 8.011 107.823 77.000 82.000 33.000
