-10.653 5.793 165.749 105.000 109.000 33.000
-10.225 6.221 165.767 73.000 80.000 32.000
-11.958 4.938 166.119 163.000 169.000 101.000
-11.958 5.367 166.117 117.000 125.000 56.000
-11.530 4.938 166.140 166.000 170.000 101.000
-11.530 5.367 166.138 139.000 146.000 65.000
-11.530 5.795 166.135 113.000 124.000 38.000
-11.529 6.223 166.132 100.000 111.000 36.000
-11.529 6.652 166.130 79.000 92.000 31.000
-11.102 4.938 166.161 134.000 129.000 74.000
-11.102 5.367 166.159 131.000 130.000 52.000
-11.102 5.795 166.156 115.000 116.000 33.000
-11.102 6.223 166.153 107.000 117.000 41.000
-11.102 6.652 166.151 120.000 126.000 56.000
-11.101 7.080 166.148 92.000 100.000 49.000
-10.674 5.367 166.180 103.000 100.000 35.000
-10.674 5.795 166.177 113.000 116.000 37.000
-10.674 6.224 166.174 123.000 130.000 55.000
-10.674 6.652 166.172 138.000 141.000 74.000
-10.674 7.080 166.169 114.000 117.000 67.000
-10.246 5.795 166.198 100.000 106.000 37.000
-10.246 6.224 166.195 119.000 125.000 57.000
-10.246 6.652 166.193 136.000 138.000 82.000
-11.979 4.512 166.550 129.000 131.000 82.000
-11.978 4.941 166.547 146.000 153.000 80.000
-11.978 5.369 166.545 117.000 128.000 51.000
-11.978 5.798 166.542 105.000 116.000 42.000
-11.551 4.512 166.571 155.000 158.000 94.000
-11.551 4.941 166.568 135.000 141.000 66.000
-11.551 5.369 166.566 128.000 136.000 53.000
-11.550 5.798 166.563 124.000 134.000 44.000
-11.550 6.226 166.560 113.000 123.000 44.000
-11.550 6.654 166.558 105.000 115.000 49.000
-11.123 4.941 166.589 140.000 138.000 67.000
-11.123 5.369 166.587 132.000 133.000 54.000
-11.123 5.798 166.584 124.000 126.000 43.000
-11.123 6.226 166.581 117.000 126.000 47.000
-11.122 6.654 166.579 121.000 129.000 60.000
-11.122 7.083 166.576 118.000 126.000 66.000
-10.695 4.941 166.610 124.000 121.000 63.000
-10.695 5.369 166.607 130.000 130.000 56.000
-10.695 5.798 166.605 127.000 127.000 48.000
-10.695 6.226 166.602 119.000 127.000 53.000
-10.695 6.655 166.600 138.000 142.000 78.000
-10.694 7.083 166.597 137.000 139.000 87.000
-10.267 5.369 166.628 103.000 98.000 50.000
-10.267 5.798 166.626 131.000 130.000 55.000
-10.267 6.226 166.623 126.000 132.000 62.000
-10.267 6.655 166.621 138.000 140.000 82.000
-10.267 7.083 166.618 140.000 141.000 93.000
-9.839 6.655 166.641 93.000 96.000 57.000
-12.427 4.515 166.957 95.000 96.000 51.000
-11.999 4.515 166.978 155.000 162.000 82.000
-11.999 4.943 166.975 135.000 144.000 61.000
-11.999 5.372 166.973 154.000 163.000 72.000
-11.999 5.800 166.970 144.000 150.000 63.000
-11.999 6.229 166.967 94.000 108.000 34.000
-11.572 4.515 166.999 139.000 146.000 71.000
-11.572 4.943 166.996 133.000 140.000 57.000
-11.571 5.372 166.993 152.000 149.000 57.000
-11.571 5.800 166.991 169.000 157.000 60.000
-11.571 6.229 166.988 147.000 150.000 61.000
-11.571 6.657 166.986 108.000 118.000 50.000
-11.144 4.515 167.020 143.000 143.000 74.000
-11.144 4.943 167.017 140.000 141.000 65.000
-11.144 5.372 167.014 146.000 145.000 65.000
-11.143 5.800 167.012 139.000 136.000 50.000
-11.143 6.229 167.009 118.000 127.000 45.000
-11.143 6.657 167.007 106.000 115.000 48.000
-11.143 7.085 167.004 105.000 110.000 52.000
-10.716 4.944 167.038 148.000 148.000 72.000
-10.716 5.372 167.035 155.000 147.000 70.000
-10.716 5.800 167.033 147.000 140.000 55.000
-10.716 6.229 167.030 117.000 125.000 49.000
-10.715 6.657 167.027 123.000 128.000 61.000
-10.715 7.086 167.025 143.000 146.000 89.000
-10.715 7.514 167.022 96.000 102.000 54.000
-10.288 5.372 167.056 145.000 143.000 79.000
-10.288 5.800 167.054 153.000 144.000 68.000
-10.288 6.229 167.051 125.000 133.000 57.000
-10.288 6.657 167.048 133.000 139.000 70.000
-10.288 7.086 167.046 142.000 144.000 94.000
-10.287 7.514 167.043 121.000 126.000 84.000
-9.860 5.800 167.075 104.000 94.000 45.000
-9.860 6.229 167.072 102.000 101.000 47.000
-9.860 6.657 167.069 108.000 114.000 58.000
-9.860 7.086 167.067 129.000 133.000 87.000
-12.448 4.518 167.385 140.000 138.000 74.000
-12.448 4.946 167.382 129.000 133.000 72.000
-12.448 5.374 167.380 125.000 132.000 62.000
-12.020 4.089 167.408 101.000 104.000 61.000
-12.020 4.518 167.406 148.000 153.000 73.000
-12.020 4.946 167.403 147.000 155.000 68.000
-12.020 5.374 167.400 153.000 159.000 69.000
-12.020 5.803 167.398 127.000 136.000 49.000
-12.020 6.231 167.395 115.000 126.000 47.000
-12.020 6.660 167.393 102.000 111.000 51.000
-12.020 7.088 167.390 88.000 98.000 45.000
-11.593 4.089 167.429 130.000 133.000 78.000
-11.592 4.518 167.427 149.000 154.000 75.000
-11.592 4.946 167.424 150.000 156.000 68.000
-11.592 5.374 167.421 143.000 151.000 56.000
-11.592 5.803 167.419 141.000 139.000 49.000
-11.592 6.231 167.416 127.000 130.000 47.000
-11.592 6.660 167.414 120.000 124.000 49.000
-11.592 7.088 167.411 108.000 116.000 52.000
-11.165 4.518 167.447 154.000 152.000 79.000
-11.165 4.946 167.445 159.000 153.000 73.000
-11.164 5.374 167.442 155.000 151.000 65.000
-11.164 5.803 167.440 154.000 144.000 57.000
-11.164 6.231 167.437 124.000 130.000 43.000
-11.164 6.660 167.434 103.000 113.000 40.000
-11.164 7.088 167.432 104.000 112.000 46.000
-11.164 7.516 167.429 71.000 82.000 27.000
-10.737 4.518 167.468 154.000 152.000 90.000
-10.737 4.946 167.466 157.000 150.000 74.000
-10.737 5.375 167.463 157.000 146.000 70.000
-10.737 5.803 167.461 151.000 140.000 59.000
-10.736 6.231 167.458 125.000 133.000 48.000
-10.736 6.660 167.455 122.000 129.000 52.000
-10.736 7.088 167.453 132.000 137.000 73.000
-10.736 7.517 167.450 118.000 125.000 68.000
-10.309 4.946 167.487 135.000 133.000 76.000
-10.309 5.375 167.484 154.000 144.000 76.000
-10.309 5.803 167.481 153.000 144.000 65.000
-10.309 6.231 167.479 132.000 137.000 58.000
-10.308 6.660 167.476 129.000 135.000 62.000
-10.308 7.088 167.474 141.000 145.000 84.000
-10.308 7.517 167.471 126.000 131.000 81.000
-9.881 5.375 167.505 123.000 119.000 72.000
-9.881 5.803 167.502 148.000 137.000 67.000
-9.881 6.231 167.500 137.000 136.000 63.000
-9.881 6.660 167.497 128.000 134.000 66.000
-9.881 7.088 167.495 135.000 141.000 81.000
-9.880 7.517 167.492 93.000 96.000 66.000
-12.469 4.520 167.813 136.000 134.000 73.000
-12.469 4.949 167.810 130.000 132.000 62.000
-12.469 5.377 167.807 131.000 139.000 58.000
-12.041 4.092 167.836 161.000 165.000 100.000
-12.041 4.520 167.834 164.000 169.000 82.000
-12.041 4.949 167.831 166.000 171.000 78.000
-12.041 5.377 167.828 159.000 164.000 70.000
-12.041 5.805 167.826 155.000 162.000 66.000
-12.041 6.234 167.823 121.000 130.000 52.000
-12.041 6.662 167.821 89.000 96.000 41.000
-11.613 4.092 167.857 162.000 164.000 97.000
-11.613 4.520 167.854 166.000 170.000 87.000
-11.613 4.949 167.852 171.000 166.000 76.000
-11.613 5.377 167.849 171.000 170.000 72.000
-11.613 5.805 167.847 164.000 151.000 59.000
-11.613 6.234 167.844 139.000 132.000 49.000
-11.613 6.662 167.841 124.000 119.000 45.000
-11.613 7.091 167.839 95.000 99.000 42.000
-11.186 4.092 167.878 137.000 141.000 79.000
-11.186 4.520 167.875 160.000 165.000 84.000
-11.185 4.949 167.873 166.000 156.000 73.000
-11.185 5.377 167.870 167.000 147.000 63.000
-11.185 5.805 167.868 161.000 142.000 54.000
-11.185 6.234 167.865 130.000 127.000 43.000
-11.185 6.662 167.862 108.000 113.000 34.000
-11.185 7.091 167.860 95.000 104.000 40.000
-11.185 7.519 167.857 86.000 97.000 36.000
-10.758 4.520 167.896 165.000 166.000 94.000
-10.758 4.949 167.894 154.000 148.000 71.000
-10.757 5.377 167.891 160.000 147.000 67.000
-10.757 5.806 167.888 158.000 145.000 62.000
-10.757 6.234 167.886 136.000 135.000 49.000
-10.757 6.662 167.883 123.000 130.000 50.000
-10.757 7.091 167.881 119.000 126.000 54.000
-10.757 7.519 167.878 114.000 122.000 56.000
-10.330 4.949 167.915 147.000 144.000 76.000
-10.330 5.377 167.912 156.000 146.000 72.000
-10.330 5.806 167.909 153.000 144.000 62.000
-10.329 6.234 167.907 136.000 136.000 54.000
-10.329 6.662 167.904 128.000 135.000 55.000
-10.329 7.091 167.902 133.000 139.000 66.000
-10.329 7.519 167.899 128.000 135.000 72.000
-9.902 5.377 167.933 148.000 140.000 81.000
-9.902 5.806 167.930 151.000 140.000 68.000
-9.902 6.234 167.928 134.000 134.000 58.000
-9.902 6.662 167.925 130.000 135.000 61.000
-9.901 7.091 167.922 137.000 143.000 73.000
-9.901 7.519 167.920 98.000 103.000 62.000
-12.490 4.523 168.241 133.000 137.000 79.000
-12.490 4.951 168.238 161.000 161.000 87.000
-12.490 5.380 168.235 137.000 142.000 64.000
-12.490 5.808 168.233 117.000 126.000 50.000
-12.062 4.094 168.264 162.000 166.000 100.000
-12.062 4.523 168.261 170.000 176.000 88.000
-12.062 4.951 168.259 177.000 173.000 84.000
-12.062 5.380 168.256 177.000 177.000 84.000
-12.062 5.808 168.254 149.000 149.000 59.000
-12.062 6.236 168.251 117.000 126.000 49.000
-12.062 6.665 168.248 85.000 94.000 35.000
-11.634 4.094 168.285 174.000 177.000 105.000
-11.634 4.523 168.282 170.000 175.000 87.000
-11.634 4.951 168.280 178.000 174.000 78.000
-11.634 5.380 168.277 183.000 173.000 74.000
-11.634 5.808 168.275 180.000 164.000 72.000
-11.634 6.236 168.272 145.000 135.000 51.000
-11.634 6.665 168.269 115.000 113.000 41.000
-11.634 7.093 168.267 102.000 105.000 45.000
-11.206 4.095 168.306 166.000 169.000 101.000
-11.206 4.523 168.303 169.000 173.000 91.000
-11.206 4.951 168.301 165.000 160.000 74.000
-11.206 5.380 168.298 164.000 147.000 59.000
-11.206 5.808 168.295 172.000 147.000 59.000
-11.206 6.236 168.293 155.000 142.000 58.000
-11.206 6.665 168.290 126.000 124.000 43.000
-11.206 7.093 168.288 98.000 106.000 36.000
-11.206 7.522 168.285 95.000 105.000 41.000
-10.779 4.095 168.327 85.000 86.000 55.000
-10.779 4.523 168.324 160.000 164.000 87.000
-10.778 4.951 168.322 156.000 153.000 73.000
-10.778 5.380 168.319 163.000 146.000 64.000
-10.778 5.808 168.316 159.000 149.000 62.000
-10.778 6.237 168.314 151.000 142.000 57.000
-10.778 6.665 168.311 131.000 137.000 48.000
-10.778 7.093 168.309 125.000 133.000 52.000
-10.778 7.522 168.306 117.000 125.000 53.000
-10.351 4.523 168.345 131.000 130.000 75.000
-10.351 4.951 168.342 149.000 147.000 73.000
-10.351 5.380 168.340 153.000 148.000 69.000
-10.350 5.808 168.337 152.000 146.000 63.000
-10.350 6.237 168.335 137.000 138.000 55.000
-10.350 6.665 168.332 129.000 136.000 52.000
-10.350 7.093 168.329 137.000 145.000 60.000
-10.350 7.522 168.327 128.000 136.000 64.000
-9.923 4.951 168.363 92.000 96.000 50.000
-9.923 5.380 168.361 144.000 142.000 77.000
-9.923 5.808 168.358 147.000 140.000 68.000
-9.922 6.237 168.356 134.000 135.000 61.000
-9.922 6.665 168.353 121.000 128.000 54.000
-9.922 7.093 168.350 133.000 139.000 68.000
-9.922 7.522 168.348 106.000 112.000 62.000
-9.495 5.808 168.379 108.000 100.000 54.000
-9.495 6.237 168.376 87.000 85.000 42.000
-12.511 4.525 168.668 121.000 122.000 74.000
-12.511 4.954 168.666 170.000 169.000 97.000
-12.511 5.382 168.663 166.000 168.000 86.000
-12.511 5.811 168.661 148.000 156.000 76.000
-12.083 4.097 168.692 174.000 179.000 107.000
-12.083 4.525 168.689 179.000 185.000 98.000
-12.083 4.954 168.687 194.000 192.000 101.000
-12.083 5.382 168.684 185.000 184.000 89.000
-12.083 5.811 168.681 162.000 164.000 73.000
-12.083 6.239 168.679 129.000 137.000 58.000
-12.083 6.667 168.676 127.000 136.000 62.000
-11.655 4.097 168.713 182.000 187.000 110.000
-11.655 4.525 168.710 181.000 186.000 94.000
-11.655 4.954 168.708 184.000 188.000 89.000
-11.655 5.382 168.705 191.000 179.000 83.000
-11.655 5.811 168.702 182.000 168.000 74.000
-11.655 6.239 168.700 148.000 142.000 54.000
-11.655 6.667 168.697 133.000 128.000 51.000
-11.655 7.096 168.695 107.000 114.000 45.000
-11.227 4.097 168.734 180.000 182.000 113.000
-11.227 4.526 168.731 176.000 180.000 97.000
-11.227 4.954 168.729 168.000 169.000 81.000
-11.227 5.382 168.726 164.000 151.000 60.000
-11.227 5.811 168.723 169.000 149.000 59.000
-11.227 6.239 168.721 154.000 145.000 59.000
-11.227 6.667 168.718 129.000 130.000 47.000
-11.227 7.096 168.716 105.000 113.000 39.000
-11.227 7.524 168.713 100.000 109.000 44.000
-10.800 4.097 168.755 157.000 160.000 99.000
-10.799 4.526 168.752 168.000 172.000 90.000
-10.799 4.954 168.749 161.000 160.000 75.000
-10.799 5.382 168.747 159.000 148.000 62.000
-10.799 5.811 168.744 155.000 147.000 60.000
-10.799 6.239 168.742 151.000 148.000 61.000
-10.799 6.668 168.739 142.000 145.000 58.000
-10.799 7.096 168.736 129.000 136.000 53.000
-10.799 7.524 168.734 120.000 128.000 54.000
-10.372 4.526 168.773 158.000 162.000 92.000
-10.371 4.954 168.770 144.000 147.000 72.000
-10.371 5.382 168.768 152.000 147.000 69.000
-10.371 5.811 168.765 155.000 148.000 66.000
-10.371 6.239 168.763 145.000 145.000 61.000
-10.371 6.668 168.760 140.000 145.000 60.000
-10.371 7.096 168.757 141.000 147.000 65.000
-10.371 7.524 168.755 135.000 142.000 65.000
-10.371 7.953 168.752 82.000 89.000 40.000
-9.944 4.954 168.791 88.000 91.000 47.000
-9.944 5.382 168.789 146.000 145.000 78.000
-9.943 5.811 168.786 152.000 144.000 73.000
-9.943 6.239 168.783 133.000 140.000 63.000
-9.943 6.668 168.781 128.000 134.000 60.000
-9.943 7.096 168.778 136.000 141.000 70.000
-9.943 7.524 168.776 113.000 118.000 64.000
-9.516 5.811 168.807 114.000 112.000 61.000
-9.516 6.239 168.804 109.000 113.000 59.000
-9.515 6.668 168.802 96.000 101.000 52.000
-12.532 4.528 169.096 116.000 115.000 74.000
-12.532 4.956 169.094 183.000 189.000 111.000
-12.532 5.385 169.091 174.000 181.000 98.000
-12.532 5.813 169.088 153.000 161.000 83.000
-12.104 4.100 169.120 177.000 182.000 108.000
-12.104 4.528 169.117 188.000 195.000 108.000
-12.104 4.956 169.115 192.000 195.000 104.000
-12.104 5.385 169.112 191.000 191.000 96.000
-12.104 5.813 169.109 169.000 172.000 81.000
-12.104 6.242 169.107 147.000 153.000 68.000
-12.104 6.670 169.104 139.000 139.000 65.000
-11.676 4.100 169.141 184.000 189.000 109.000
-11.676 4.528 169.138 187.000 193.000 101.000
-11.676 4.956 169.136 192.000 198.000 100.000
-11.676 5.385 169.133 201.000 192.000 92.000
-11.676 5.813 169.130 187.000 174.000 76.000
-11.676 6.242 169.128 162.000 155.000 61.000
-11.676 6.670 169.125 151.000 142.000 54.000
-11.676 7.098 169.122 122.000 123.000 50.000
-11.248 4.100 169.162 192.000 196.000 118.000
-11.248 4.528 169.159 185.000 190.000 100.000
-11.248 4.957 169.156 176.000 179.000 86.000
-11.248 5.385 169.154 180.000 171.000 75.000
-11.248 5.813 169.151 172.000 150.000 58.000
-11.248 6.242 169.149 152.000 141.000 51.000
-11.248 6.670 169.146 133.000 133.000 43.000
-11.248 7.098 169.143 114.000 122.000 45.000
-11.248 7.527 169.141 107.000 114.000 49.000
-10.820 4.100 169.183 184.000 186.000 117.000
-10.820 4.528 169.180 172.000 176.000 91.000
-10.820 4.957 169.177 157.000 160.000 75.000
-10.820 5.385 169.175 152.000 150.000 59.000
-10.820 5.813 169.172 155.000 145.000 59.000
-10.820 6.242 169.170 150.000 148.000 62.000
-10.820 6.670 169.167 144.000 149.000 63.000
-10.820 7.099 169.164 131.000 137.000 55.000
-10.820 7.527 169.162 123.000 131.000 52.000
-10.820 7.955 169.159 82.000 89.000 34.000
-10.392 4.528 169.201 157.000 160.000 88.000
-10.392 4.957 169.198 144.000 147.000 70.000
-10.392 5.385 169.196 150.000 146.000 69.000
-10.392 5.813 169.193 153.000 145.000 66.000
-10.392 6.242 169.190 149.000 149.000 67.000
-10.392 6.670 169.188 147.000 151.000 68.000
-10.392 7.099 169.185 141.000 146.000 63.000
-10.392 7.527 169.183 136.000 142.000 62.000
-10.392 7.955 169.180 101.000 107.000 42.000
-9.965 4.957 169.219 93.000 96.000 48.000
-9.964 5.385 169.217 142.000 146.000 76.000
-9.964 5.813 169.214 150.000 147.000 73.000
-9.964 6.242 169.211 143.000 148.000 70.000
-9.964 6.670 169.209 134.000 139.000 62.000
-9.964 7.099 169.206 139.000 143.000 70.000
-9.964 7.527 169.204 119.000 123.000 65.000
-9.536 5.814 169.235 131.000 130.000 67.000
-9.536 6.242 169.232 126.000 133.000 67.000
-9.536 6.670 169.230 99.000 104.000 48.000
-9.536 7.099 169.227 88.000 90.000 48.000
-12.553 4.959 169.522 144.000 144.000 87.000
-12.553 5.387 169.519 148.000 147.000 88.000
-12.553 5.816 169.516 179.000 184.000 108.000
-12.125 4.102 169.548 140.000 140.000 89.000
-12.125 4.531 169.545 194.000 200.000 112.000
-12.125 4.959 169.542 197.000 202.000 111.000
-12.125 5.387 169.540 208.000 202.000 111.000
-12.125 5.816 169.537 184.000 184.000 90.000
-12.125 6.244 169.535 170.000 177.000 83.000
-12.125 6.673 169.532 148.000 150.000 64.000
-11.697 4.102 169.569 191.000 196.000 113.000
-11.697 4.531 169.566 194.000 199.000 105.000
-11.697 4.959 169.563 197.000 202.000 101.000
-11.697 5.387 169.561 211.000 203.000 99.000
-11.697 5.816 169.558 197.000 186.000 81.000
-11.697 6.244 169.556 167.000 159.000 62.000
-11.697 6.673 169.553 132.000 133.000 46.000
-11.697 7.101 169.550 129.000 124.000 48.000
-11.269 4.102 169.590 194.000 198.000 114.000
-11.269 4.531 169.587 186.000 190.000 95.000
-11.269 4.959 169.584 179.000 183.000 83.000
-11.269 5.388 169.582 179.000 168.000 70.000
-11.269 5.816 169.579 172.000 149.000 54.000
-11.269 6.244 169.576 152.000 139.000 45.000
-11.269 6.673 169.574 128.000 127.000 41.000
-11.269 7.101 169.571 115.000 125.000 43.000
-11.269 7.529 169.569 104.000 112.000 48.000
-11.269 7.958 169.566 76.000 82.000 42.000
-10.841 4.102 169.610 185.000 187.000 117.000
-10.841 4.531 169.608 172.000 175.000 89.000
-10.841 4.959 169.605 158.000 161.000 70.000
-10.841 5.388 169.603 158.000 151.000 59.000
-10.841 5.816 169.600 159.000 145.000 57.000
-10.841 6.244 169.597 159.000 151.000 60.000
-10.841 6.673 169.595 153.000 151.000 59.000
-10.841 7.101 169.592 133.000 141.000 51.000
-10.841 7.530 169.590 126.000 135.000 55.000
-10.841 7.958 169.587 83.000 90.000 38.000
-10.413 4.531 169.629 152.000 154.000 82.000
-10.413 4.959 169.626 144.000 148.000 66.000
-10.413 5.388 169.624 151.000 147.000 65.000
-10.413 5.816 169.621 152.000 146.000 64.000
-10.413 6.244 169.618 153.000 149.000 63.000
-10.413 6.673 169.616 147.000 154.000 63.000
-10.413 7.101 169.613 139.000 147.000 60.000
-10.413 7.530 169.610 137.000 144.000 63.000
-10.413 7.958 169.608 113.000 119.000 50.000
-9.985 4.959 169.647 106.000 110.000 54.000
-9.985 5.388 169.644 137.000 142.000 71.000
-9.985 5.816 169.642 144.000 147.000 71.000
-9.985 6.244 169.639 145.000 150.000 70.000
-9.985 6.673 169.637 139.000 145.000 63.000
-9.985 7.101 169.634 133.000 138.000 64.000
-9.985 7.530 169.631 123.000 127.000 64.000
-9.557 5.816 169.663 142.000 149.000 77.000
-9.557 6.245 169.660 138.000 145.000 73.000
-9.557 6.673 169.658 115.000 119.000 55.000
-9.557 7.101 169.655 105.000 109.000 57.000
-12.574 4.962 169.949 101.000 103.000 65.000
-12.574 5.390 169.947 114.000 115.000 71.000
-12.574 5.818 169.944 136.000 138.000 86.000
-12.574 6.247 169.942 141.000 145.000 77.000
-12.146 4.105 169.976 170.000 171.000 107.000
-12.146 4.533 169.973 189.000 194.000 105.000
-12.146 4.962 169.970 190.000 193.000 103.000
-12.146 5.390 169.968 201.000 196.000 109.000
-12.146 5.818 169.965 186.000 185.000 96.000
-12.146 6.247 169.963 162.000 169.000 77.000
-12.146 6.675 169.960 139.000 146.000 59.000
-11.718 3.676 169.999 126.000 126.000 79.000
-11.718 4.105 169.996 190.000 193.000 109.000
-11.718 4.533 169.994 193.000 198.000 99.000
-11.718 4.962 169.991 193.000 198.000 95.000
-11.718 5.390 169.989 204.000 198.000 95.000
-11.718 5.818 169.986 193.000 186.000 83.000
-11.718 6.247 169.983 171.000 163.000 63.000
-11.718 6.675 169.981 149.000 145.000 51.000
-11.718 7.104 169.978 135.000 121.000 37.000
-11.718 7.532 169.976 84.000 86.000 34.000
-11.290 4.105 170.017 194.000 197.000 113.000
-11.290 4.533 170.015 187.000 192.000 93.000
-11.290 4.962 170.012 171.000 175.000 68.000
-11.290 5.390 170.010 187.000 176.000 71.000
-11.290 5.819 170.007 189.000 178.000 73.000
-11.290 6.247 170.004 185.000 177.000 72.000
-11.290 6.675 170.002 141.000 125.000 33.000
-11.290 7.104 169.999 113.000 116.000 31.000
-11.290 7.532 169.997 115.000 123.000 51.000
-10.862 4.105 170.038 189.000 193.000 114.000
-10.862 4.533 170.036 183.000 188.000 94.000
-10.862 4.962 170.033 166.000 169.000 73.000
-10.862 5.390 170.030 160.000 154.000 57.000
-10.862 5.819 170.028 161.000 146.000 54.000
-10.862 6.247 170.025 155.000 147.000 54.000
-10.862 6.675 170.023 145.000 145.000 51.000
-10.862 7.104 170.020 122.000 130.000 42.000
-10.862 7.532 170.017 122.000 132.000 51.000
-10.862 7.961 170.015 100.000 107.000 47.000
-10.434 4.105 170.059 80.000 80.000 54.000
-10.434 4.533 170.057 169.000 172.000 94.000
-10.434 4.962 170.054 149.000 152.000 66.000
-10.434 5.390 170.051 147.000 147.000 61.000
-10.434 5.819 170.049 155.000 147.000 60.000
-10.434 6.247 170.046 153.000 152.000 60.000
-10.434 6.675 170.044 147.000 153.000 62.000
-10.434 7.104 170.041 133.000 143.000 56.000
-10.434 7.532 170.038 137.000 146.000 63.000
-10.434 7.961 170.036 121.000 128.000 59.000
-10.006 4.962 170.075 124.000 129.000 64.000
-10.006 5.390 170.072 139.000 144.000 68.000
-10.006 5.819 170.070 145.000 149.000 67.000
-10.006 6.247 170.067 146.000 153.000 67.000
-10.006 6.675 170.065 141.000 147.000 63.000
-10.006 7.104 170.062 136.000 142.000 66.000
-10.006 7.532 170.059 125.000 129.000 66.000
-9.578 5.390 170.093 124.000 129.000 72.000
-9.578 5.819 170.091 144.000 150.000 78.000
-9.578 6.247 170.088 140.000 146.000 73.000
-9.578 6.676 170.085 115.000 120.000 56.000
-9.578 7.104 170.083 114.000 117.000 61.000
-12.167 4.107 170.403 164.000 165.000 100.000
-12.167 4.536 170.401 193.000 197.000 103.000
-12.167 4.964 170.398 190.000 195.000 104.000
-12.167 5.393 170.396 202.000 191.000 108.000
-12.167 5.821 170.393 197.000 192.000 108.000
-12.167 6.249 170.390 179.000 177.000 89.000
-12.166 6.678 170.388 163.000 163.000 76.000
-12.166 7.106 170.385 112.000 123.000 44.000
-11.739 4.107 170.424 190.000 195.000 105.000
-11.739 4.536 170.422 197.000 202.000 98.000
-11.739 4.964 170.419 196.000 201.000 96.000
-11.739 5.393 170.417 204.000 197.000 94.000
-11.739 5.821 170.414 201.000 192.000 92.000
-11.739 6.249 170.411 188.000 178.000 79.000
-11.739 6.678 170.409 173.000 169.000 67.000
-11.739 7.106 170.406 138.000 132.000 45.000
-11.311 3.679 170.448 90.000 89.000 57.000
-11.311 4.108 170.445 191.000 195.000 105.000
-11.311 4.536 170.443 187.000 191.000 86.000
-11.311 4.964 170.440 182.000 185.000 79.000
-11.311 5.393 170.437 186.000 178.000 73.000
-11.311 5.821 170.435 182.000 164.000 62.000
-11.311 6.250 170.432 166.000 148.000 51.000
-11.311 6.678 170.430 132.000 121.000 31.000
-11.311 7.106 170.427 124.000 123.000 34.000
-11.311 7.535 170.424 96.000 110.000 36.000
-11.310 7.963 170.422 82.000 91.000 40.000
-10.883 4.108 170.466 188.000 191.000 111.000
-10.883 4.536 170.464 184.000 187.000 94.000
-10.883 4.964 170.461 177.000 179.000 82.000
-10.883 5.393 170.458 157.000 152.000 54.000
-10.883 5.821 170.456 168.000 150.000 54.000
-10.883 6.250 170.453 166.000 147.000 52.000
-10.883 6.678 170.451 148.000 141.000 44.000
-10.883 7.106 170.448 136.000 136.000 44.000
-10.883 7.535 170.445 126.000 136.000 55.000
-10.883 7.963 170.443 99.000 107.000 51.000
-10.455 4.108 170.487 109.000 110.000 70.000
-10.455 4.536 170.485 172.000 173.000 96.000
-10.455 4.964 170.482 152.000 153.000 69.000
-10.455 5.393 170.479 147.000 151.000 57.000
-10.455 5.821 170.477 156.000 150.000 57.000
-10.455 6.250 170.474 158.000 150.000 57.000
-10.455 6.678 170.471 142.000 145.000 52.000
-10.455 7.106 170.469 122.000 132.000 47.000
-10.455 7.535 170.466 135.000 144.000 60.000
-10.455 7.963 170.464 122.000 128.000 60.000
-10.455 8.392 170.461 76.000 82.000 42.000
-10.027 4.965 170.503 118.000 121.000 61.000
-10.027 5.393 170.500 142.000 147.000 66.000
-10.027 5.821 170.498 145.000 149.000 64.000
-10.027 6.250 170.495 143.000 150.000 65.000
-10.027 6.678 170.492 133.000 141.000 58.000
-10.027 7.106 170.490 119.000 126.000 55.000
-10.027 7.535 170.487 115.000 119.000 58.000
-10.027 7.963 170.485 84.000 85.000 43.000
-9.599 5.393 170.521 126.000 132.000 71.000
-9.599 5.821 170.519 145.000 149.000 78.000
-9.599 6.250 170.516 143.000 147.000 76.000
-9.599 6.678 170.513 128.000 132.000 64.000
-9.599 7.107 170.511 105.000 106.000 57.000
-9.171 6.678 170.534 84.000 85.000 44.000
-12.615 6.252 170.797 79.000 82.000 48.000
-12.188 4.110 170.831 98.000 98.000 60.000
-12.188 4.538 170.829 193.000 197.000 109.000
-12.188 4.967 170.826 179.000 183.000 101.000
-12.188 5.395 170.824 180.000 184.000 101.000
-12.188 5.824 170.821 186.000 190.000 106.000
-12.187 6.252 170.818 179.000 182.000 95.000
-12.187 6.680 170.816 173.000 176.000 87.000
-11.760 4.110 170.852 189.000 192.000 105.000
-11.760 4.538 170.850 196.000 202.000 93.000
-11.760 4.967 170.847 189.000 193.000 85.000
-11.760 5.395 170.844 185.000 188.000 84.000
-11.760 5.824 170.842 189.000 189.000 88.000
-11.760 6.252 170.839 182.000 177.000 81.000
-11.759 6.680 170.837 181.000 178.000 80.000
-11.759 7.109 170.834 124.000 134.000 51.000
-11.759 7.537 170.831 87.000 95.000 42.000
-11.332 4.110 170.873 192.000 196.000 107.000
-11.332 4.539 170.871 191.000 195.000 89.000
-11.332 4.967 170.868 189.000 191.000 85.000
-11.332 5.395 170.865 182.000 181.000 78.000
-11.332 5.824 170.863 181.000 172.000 73.000
-11.332 6.252 170.860 154.000 149.000 52.000
-11.332 6.681 170.858 135.000 143.000 48.000
-11.332 7.109 170.855 118.000 130.000 39.000
-11.331 7.537 170.852 107.000 117.000 48.000
-11.331 7.966 170.850 75.000 82.000 46.000
-10.904 4.110 170.894 189.000 192.000 115.000
-10.904 4.539 170.891 184.000 187.000 94.000
-10.904 4.967 170.889 176.000 177.000 82.000
-10.904 5.395 170.886 169.000 171.000 70.000
-10.904 5.824 170.884 163.000 165.000 66.000
-10.904 6.252 170.881 154.000 153.000 56.000
-10.904 6.681 170.878 147.000 152.000 55.000
-10.904 7.109 170.876 133.000 143.000 50.000
-10.904 7.537 170.873 127.000 134.000 59.000
-10.904 7.966 170.871 94.000 100.000 57.000
-10.476 4.110 170.915 124.000 124.000 81.000
-10.476 4.539 170.912 178.000 180.000 101.000
-10.476 4.967 170.910 163.000 164.000 80.000
-10.476 5.395 170.907 161.000 164.000 74.000
-10.476 5.824 170.905 152.000 154.000 64.000
-10.476 6.252 170.902 147.000 151.000 59.000
-10.476 6.681 170.899 145.000 153.000 57.000
-10.476 7.109 170.897 146.000 156.000 57.000
-10.476 7.537 170.894 138.000 145.000 68.000
-10.476 7.966 170.892 107.000 110.000 63.000
-10.048 4.539 170.933 120.000 121.000 81.000
-10.048 4.967 170.931 146.000 147.000 80.000
-10.048 5.396 170.928 147.000 149.000 75.000
-10.048 5.824 170.925 151.000 154.000 76.000
-10.048 6.252 170.923 144.000 147.000 69.000
-10.048 6.681 170.920 147.000 153.000 68.000
-10.048 7.109 170.918 141.000 147.000 65.000
-10.048 7.537 170.915 111.000 115.000 59.000
-9.620 5.396 170.949 114.000 116.000 70.000
-9.620 5.824 170.946 152.000 155.000 91.000
-9.620 6.252 170.944 143.000 146.000 79.000
-9.620 6.681 170.941 139.000 142.000 74.000
-9.620 7.109 170.939 112.000 115.000 58.000
-9.620 7.538 170.936 79.000 80.000 44.000
-12.209 4.541 171.257 152.000 155.000 87.000
-12.209 4.969 171.254 152.000 154.000 87.000
-12.208 5.398 171.251 165.000 167.000 89.000
-12.208 5.826 171.249 192.000 192.000 118.000
-12.208 6.255 171.246 192.000 196.000 113.000
-12.208 6.683 171.244 183.000 187.000 104.000
-11.781 4.113 171.280 188.000 193.000 107.000
-11.781 4.541 171.278 196.000 202.000 93.000
-11.781 4.969 171.275 191.000 195.000 87.000
-11.781 5.398 171.272 187.000 190.000 86.000
-11.781 5.826 171.270 178.000 180.000 82.000
-11.780 6.255 171.267 181.000 185.000 88.000
-11.780 6.683 171.264 179.000 185.000 90.000
-11.780 7.111 171.262 136.000 144.000 70.000
-11.353 4.113 171.301 196.000 200.000 116.000
-11.353 4.541 171.298 201.000 205.000 102.000
-11.353 4.970 171.296 195.000 198.000 93.000
-11.353 5.398 171.293 187.000 189.000 87.000
-11.353 5.826 171.291 182.000 183.000 84.000
-11.353 6.255 171.288 162.000 165.000 65.000
-11.353 6.683 171.285 148.000 152.000 57.000
-11.352 7.112 171.283 133.000 142.000 58.000
-11.352 7.540 171.280 111.000 115.000 62.000
-10.925 4.113 171.322 193.000 195.000 121.000
-10.925 4.541 171.319 192.000 195.000 104.000
-10.925 4.970 171.317 185.000 186.000 95.000
-10.925 5.398 171.314 178.000 179.000 84.000
-10.925 5.826 171.312 175.000 175.000 80.000
-10.925 6.255 171.309 147.000 150.000 56.000
-10.925 6.683 171.306 146.000 151.000 56.000
-10.925 7.112 171.304 137.000 144.000 53.000
-10.924 7.540 171.301 118.000 121.000 66.000
-10.497 4.113 171.343 131.000 131.000 88.000
-10.497 4.541 171.340 194.000 195.000 118.000
-10.497 4.970 171.338 187.000 188.000 106.000
-10.497 5.398 171.335 171.000 172.000 87.000
-10.497 5.826 171.332 167.000 167.000 83.000
-10.497 6.255 171.330 150.000 153.000 62.000
-10.497 6.683 171.327 148.000 151.000 58.000
-10.497 7.112 171.325 137.000 144.000 51.000
-10.497 7.540 171.322 127.000 131.000 66.000
-10.497 7.968 171.319 113.000 114.000 76.000
-10.069 4.541 171.361 138.000 138.000 97.000
-10.069 4.970 171.359 183.000 183.000 115.000
-10.069 5.398 171.356 166.000 167.000 97.000
-10.069 5.827 171.353 172.000 174.000 101.000
-10.069 6.255 171.351 150.000 153.000 77.000
-10.069 6.683 171.348 146.000 149.000 69.000
-10.069 7.112 171.346 132.000 137.000 60.000
-10.069 7.540 171.343 118.000 121.000 66.000
-9.641 5.398 171.377 140.000 141.000 93.000
-9.641 5.827 171.374 171.000 174.000 112.000
-9.641 6.255 171.372 151.000 153.000 91.000
-9.641 6.683 171.369 130.000 131.000 69.000
-9.641 7.112 171.366 116.000 119.000 62.000
-9.641 7.540 171.364 79.000 80.000 47.000
-12.230 4.544 171.684 131.000 134.000 77.000
-12.229 5.400 171.679 110.000 109.000 68.000
-12.229 5.829 171.677 127.000 125.000 86.000
-12.229 6.257 171.674 155.000 155.000 99.000
-11.802 4.115 171.708 165.000 169.000 94.000
-11.802 4.544 171.705 199.000 205.000 102.000
-11.802 4.972 171.703 196.000 200.000 100.000
-11.802 5.400 171.700 197.000 198.000 105.000
-11.801 5.829 171.698 198.000 198.000 111.000
-11.801 6.257 171.695 191.000 194.000 107.000
-11.801 6.686 171.692 195.000 199.000 115.000
-11.374 4.115 171.729 189.000 194.000 112.000
-11.374 4.544 171.726 208.000 212.000 116.000
-11.374 4.972 171.724 205.000 208.000 108.000
-11.374 5.401 171.721 196.000 196.000 100.000
-11.374 5.829 171.719 191.000 191.000 96.000
-11.373 6.257 171.716 181.000 184.000 85.000
-11.373 6.686 171.713 164.000 169.000 72.000
-11.373 7.114 171.711 136.000 145.000 63.000
-11.373 7.543 171.708 110.000 115.000 63.000
-10.946 4.115 171.750 187.000 189.000 120.000
-10.946 4.544 171.747 207.000 208.000 125.000
-10.946 4.972 171.745 198.000 200.000 111.000
-10.946 5.401 171.742 191.000 191.000 100.000
-10.946 5.829 171.739 181.000 182.000 91.000
-10.946 6.257 171.737 158.000 161.000 67.000
-10.946 6.686 171.734 148.000 153.000 59.000
-10.945 7.114 171.732 137.000 144.000 56.000
-10.945 7.543 171.729 113.000 118.000 62.000
-10.945 7.971 171.726 119.000 119.000 93.000
-10.518 4.544 171.768 212.000 211.000 143.000
-10.518 4.972 171.766 206.000 206.000 130.000
-10.518 5.401 171.763 191.000 191.000 108.000
-10.518 5.829 171.760 181.000 182.000 96.000
-10.518 6.257 171.758 162.000 166.000 74.000
-10.518 6.686 171.755 148.000 151.000 59.000
-10.518 7.114 171.753 132.000 138.000 50.000
-10.518 7.543 171.750 129.000 133.000 72.000
-10.517 7.971 171.747 124.000 126.000 93.000
-10.090 4.972 171.786 208.000 207.000 148.000
-10.090 5.401 171.784 181.000 181.000 111.000
-10.090 5.829 171.781 184.000 185.000 112.000
-10.090 6.258 171.779 175.000 178.000 98.000
-10.090 6.686 171.776 147.000 151.000 69.000
-10.090 7.114 171.773 133.000 137.000 59.000
-10.090 7.543 171.771 121.000 124.000 71.000
-9.662 5.401 171.805 148.000 147.000 101.000
-9.662 5.829 171.802 180.000 180.000 122.000
-9.662 6.258 171.800 182.000 184.000 120.000
-9.662 6.686 171.797 139.000 141.000 76.000
-9.662 7.114 171.794 122.000 125.000 65.000
-11.823 4.118 172.136 105.000 107.000 58.000
-11.823 4.546 172.133 190.000 193.000 104.000
-11.822 4.975 172.131 197.000 198.000 119.000
-11.822 5.403 172.128 171.000 169.000 113.000
-11.822 5.831 172.125 190.000 189.000 130.000
-11.822 6.260 172.123 199.000 199.000 131.000
-11.822 6.688 172.120 162.000 163.000 107.000
-11.395 4.118 172.157 134.000 137.000 75.000
-11.395 4.546 172.154 205.000 208.000 117.000
-11.395 4.975 172.152 211.000 213.000 124.000
-11.395 5.403 172.149 211.000 209.000 128.000
-11.394 5.832 172.146 208.000 206.000 125.000
-11.394 6.260 172.144 194.000 197.000 109.000
-11.394 6.688 172.141 196.000 201.000 109.000
-11.394 7.117 172.139 131.000 141.000 62.000
-10.967 4.118 172.178 113.000 114.000 74.000
-10.967 4.546 172.175 209.000 210.000 131.000
-10.967 4.975 172.173 206.000 207.000 121.000
-10.967 5.403 172.170 197.000 198.000 111.000
-10.967 5.832 172.167 183.000 183.000 97.000
-10.967 6.260 172.165 172.000 175.000 85.000
-10.966 6.688 172.162 160.000 165.000 74.000
-10.966 7.117 172.159 138.000 147.000 61.000
-10.966 7.545 172.157 147.000 154.000 92.000
-10.539 4.546 172.196 211.000 210.000 144.000
-10.539 4.975 172.193 210.000 210.000 137.000
-10.539 5.403 172.191 185.000 185.000 104.000
-10.539 5.832 172.188 178.000 178.000 94.000
-10.539 6.260 172.186 173.000 177.000 84.000
-10.539 6.688 172.183 151.000 155.000 63.000
-10.538 7.117 172.180 143.000 149.000 62.000
-10.538 7.545 172.178 137.000 142.000 82.000
-10.111 4.975 172.214 162.000 161.000 115.000
-10.111 5.403 172.212 184.000 183.000 114.000
-10.111 5.832 172.209 188.000 189.000 116.000
-10.111 6.260 172.207 191.000 194.000 114.000
-10.111 6.689 172.204 153.000 158.000 73.000
-10.111 7.117 172.201 142.000 147.000 65.000
-10.111 7.545 172.199 123.000 126.000 72.000
-9.683 5.832 172.230 165.000 165.000 114.000
-9.683 6.260 172.227 187.000 188.000 128.000
-9.683 6.689 172.225 138.000 142.000 79.000
-9.683 7.117 172.222 116.000 119.000 58.000
-11.843 4.549 172.561 100.000 100.000 56.000
-11.843 4.977 172.559 104.000 103.000 70.000
-11.416 4.549 172.582 171.000 171.000 98.000
-11.416 4.977 172.579 212.000 212.000 133.000
-11.415 5.406 172.577 208.000 208.000 130.000
-11.415 5.834 172.574 205.000 204.000 131.000
-11.415 6.263 172.572 196.000 197.000 121.000
-11.415 6.691 172.569 189.000 193.000 116.000
-10.988 4.549 172.603 188.000 189.000 116.000
-10.988 4.977 172.600 218.000 219.000 141.000
-10.988 5.406 172.598 207.000 207.000 124.000
-10.987 5.834 172.595 192.000 190.000 110.000
-10.987 6.263 172.593 190.000 192.000 110.000
-10.987 6.691 172.590 196.000 200.000 117.000
-10.987 7.119 172.587 173.000 180.000 100.000
-10.560 4.549 172.624 127.000 127.000 84.000
-10.560 4.977 172.621 215.000 215.000 142.000
-10.560 5.406 172.619 188.000 187.000 103.000
-10.560 5.834 172.616 180.000 179.000 94.000
-10.560 6.263 172.614 194.000 196.000 108.000
-10.559 6.691 172.611 175.000 180.000 92.000
-10.559 7.119 172.608 165.000 171.000 90.000
-10.559 7.548 172.606 112.000 112.000 74.000
-10.132 4.978 172.642 109.000 108.000 74.000
-10.132 5.406 172.640 179.000 178.000 105.000
-10.132 5.834 172.637 179.000 180.000 105.000
-10.132 6.263 172.634 190.000 194.000 114.000
-10.132 6.691 172.632 163.000 168.000 85.000
-10.132 7.120 172.629 150.000 155.000 77.000
-10.131 7.548 172.627 95.000 97.000 56.000
-9.704 5.834 172.658 87.000 86.000 58.000
-9.704 6.263 172.655 139.000 139.000 92.000
-9.704 6.691 172.653 129.000 133.000 74.000
-11.436 4.980 173.007 93.000 91.000 65.000
-11.436 5.408 173.005 170.000 165.000 114.000
-11.436 5.837 173.002 143.000 138.000 102.000
-11.009 4.980 173.028 180.000 179.000 121.000
-11.008 5.408 173.026 207.000 205.000 134.000
-11.008 5.837 173.023 211.000 208.000 140.000
-11.008 6.265 173.020 210.000 210.000 140.000
-11.008 6.694 173.018 197.000 199.000 125.000
-11.008 7.122 173.015 105.000 110.000 50.000
-10.581 4.980 173.049 152.000 150.000 106.000
-10.581 5.408 173.047 208.000 205.000 136.000
-10.581 5.837 173.044 209.000 208.000 136.000
-10.580 6.265 173.041 215.000 215.000 144.000
-10.580 6.694 173.039 195.000 198.000 121.000
-10.580 7.122 173.036 172.000 180.000 100.000
-10.153 5.409 173.068 123.000 121.000 86.000
-10.153 5.837 173.065 189.000 187.000 130.000
-10.153 6.265 173.062 200.000 202.000 133.000
-10.153 6.694 173.060 184.000 189.000 114.000
-10.152 7.122 173.057 158.000 165.000 93.000
-11.029 5.839 173.451 126.000 123.000 89.000
-11.029 6.268 173.448 200.000 199.000 136.000
-11.029 6.696 173.446 183.000 184.000 121.000
-10.601 5.839 173.472 144.000 141.000 101.000
-10.601 6.268 173.469 220.000 219.000 155.000
-10.601 6.696 173.467 219.000 219.000 151.000
-10.601 7.125 173.464 80.000 85.000 34.000
-10.173 6.268 173.490 177.000 175.000 130.000
-10.173 6.696 173.488 208.000 209.000 141.000
-10.173 7.125 173.485 113.000 119.000 60.000
-11.050 6.270 173.876 106.000 105.000 75.000
-10.622 6.270 173.897 130.000 128.000 96.000
-10.622 6.699 173.895 171.000 171.000 120.000
