2.100 8.039 109.920 100.000 102.000 55.000
3.541 10.752 108.262 83.000 97.000 34.000
2.623 9.403 108.632 81.000 89.000 31.000
2.623 9.850 108.640 76.000 83.000 27.000
3.069 9.850 108.666 72.000 81.000 21.000
3.069 10.744 108.682 82.000 99.000 28.000
3.515 10.743 108.708 75.000 90.000 28.000
3.515 11.190 108.716 79.000 89.000 32.000
3.961 10.743 108.734 92.000 104.000 41.000
2.151 9.395 109.052 103.000 110.000 43.000
2.151 9.842 109.060 66.000 81.000 23.000
2.597 9.395 109.078 102.000 117.000 35.000
2.597 9.842 109.086 75.000 93.000 24.000
2.597 10.289 109.094 90.000 105.000 29.000
3.043 9.395 109.104 90.000 105.000 25.000
3.043 9.842 109.112 75.000 89.000 20.000
3.043 10.289 109.120 80.000 93.000 23.000
3.043 10.736 109.128 94.000 109.000 31.000
3.042 11.182 109.137 93.000 103.000 36.000
3.489 9.842 109.138 72.000 85.000 23.000
3.489 10.288 109.146 86.000 99.000 29.000
3.489 10.735 109.154 86.000 102.000 30.000
3.489 11.182 109.162 84.000 95.000 33.000
3.488 11.629 109.171 79.000 91.000 33.000
3.935 10.735 109.180 100.000 110.000 46.000
2.125 9.387 109.498 120.000 130.000 50.000
2.125 9.834 109.506 71.000 85.000 26.000
2.571 8.940 109.516 99.000 108.000 38.000
2.571 9.387 109.524 113.000 126.000 42.000
2.571 9.834 109.532 92.000 109.000 30.000
2.571 10.281 109.540 92.000 109.000 29.000
2.571 10.728 109.549 109.000 123.000 38.000
3.018 8.940 109.542 91.000 105.000 33.000
3.017 9.387 109.550 101.000 118.000 33.000
3.017 9.834 109.558 105.000 119.000 31.000
3.017 10.281 109.566 96.000 110.000 27.000
3.017 10.727 109.575 100.000 115.000 30.000
3.017 11.174 109.583 111.000 123.000 43.000
3.016 11.621 109.591 119.000 130.000 52.000
3.464 9.387 109.576 98.000 112.000 38.000
3.463 9.833 109.584 107.000 120.000 39.000
3.463 10.280 109.592 94.000 108.000 32.000
3.463 10.727 109.601 99.000 111.000 36.000
3.463 11.174 109.609 95.000 109.000 37.000
3.462 11.621 109.617 82.000 94.000 32.000
3.462 12.068 109.625 91.000 103.000 39.000
3.909 10.727 109.626 94.000 105.000 41.000
3.909 11.174 109.635 101.000 111.000 46.000
2.099 8.932 109.936 94.000 98.000 42.000
2.099 9.379 109.944 136.000 148.000 61.000
2.099 9.826 109.953 96.000 108.000 37.000
2.099 10.273 109.961 92.000 105.000 36.000
2.546 8.932 109.962 124.000 135.000 54.000
2.545 9.379 109.970 129.000 141.000 53.000
2.545 9.826 109.978 128.000 140.000 50.000
2.545 10.273 109.987 111.000 126.000 37.000
2.545 10.720 109.995 112.000 127.000 39.000
2.544 11.167 110.003 96.000 110.000 36.000
2.992 8.932 109.988 119.000 129.000 51.000
2.991 9.379 109.996 130.000 143.000 53.000
2.991 9.826 110.004 130.000 145.000 47.000
2.991 10.273 110.013 118.000 134.000 35.000
2.991 10.719 110.021 113.000 128.000 35.000
2.991 11.166 110.029 108.000 122.000 37.000
2.990 11.613 110.037 91.000 105.000 35.000
2.990 12.060 110.045 125.000 135.000 62.000
3.438 8.932 110.014 93.000 99.000 45.000
3.438 9.378 110.022 130.000 140.000 64.000
3.437 9.825 110.030 125.000 136.000 55.000
3.437 10.272 110.039 83.000 97.000 26.000
3.437 10.719 110.047 97.000 110.000 35.000
3.437 11.166 110.055 105.000 117.000 41.000
3.437 11.613 110.063 101.000 114.000 41.000
3.436 12.060 110.071 90.000 103.000 36.000
3.436 12.507 110.079 71.000 82.000 28.000
3.883 10.719 110.073 88.000 98.000 40.000
3.883 11.166 110.081 108.000 117.000 52.000
3.883 11.613 110.089 106.000 118.000 46.000
2.074 8.477 110.374 86.000 93.000 38.000
2.073 8.924 110.382 117.000 126.000 51.000
2.073 9.371 110.391 129.000 141.000 57.000
2.073 9.818 110.399 99.000 112.000 38.000
2.073 10.265 110.407 90.000 104.000 34.000
2.520 8.924 110.408 127.000 139.000 58.000
2.519 9.371 110.417 128.000 140.000 55.000
2.519 9.818 110.425 117.000 130.000 45.000
2.519 10.265 110.433 112.000 125.000 39.000
2.519 10.712 110.441 119.000 132.000 45.000
2.518 11.158 110.449 122.000 133.000 53.000
2.966 8.924 110.434 124.000 135.000 56.000
2.966 9.371 110.442 132.000 145.000 56.000
2.965 9.818 110.451 135.000 148.000 54.000
2.965 10.264 110.459 126.000 140.000 44.000
2.965 10.711 110.467 121.000 136.000 40.000
2.965 11.158 110.475 117.000 131.000 40.000
2.964 11.605 110.483 95.000 109.000 34.000
2.964 12.052 110.491 87.000 99.000 35.000
3.412 8.924 110.460 101.000 107.000 50.000
3.412 9.370 110.468 124.000 133.000 63.000
3.411 9.817 110.477 142.000 152.000 70.000
3.411 10.264 110.485 117.000 131.000 43.000
3.411 10.711 110.493 110.000 123.000 41.000
3.411 11.158 110.501 104.000 117.000 38.000
3.411 11.605 110.509 94.000 108.000 34.000
3.410 12.052 110.517 97.000 111.000 38.000
3.858 9.817 110.503 105.000 110.000 64.000
3.857 10.711 110.519 77.000 87.000 31.000
3.857 11.158 110.527 105.000 114.000 50.000
3.857 11.605 110.535 107.000 118.000 47.000
4.303 10.711 110.545 78.000 83.000 44.000
2.048 8.469 110.820 90.000 101.000 37.000
2.047 8.916 110.829 89.000 100.000 37.000
2.047 9.363 110.837 103.000 115.000 43.000
2.047 9.810 110.845 94.000 107.000 38.000
2.047 10.257 110.853 87.000 100.000 34.000
2.494 8.469 110.846 91.000 102.000 38.000
2.494 8.916 110.855 103.000 113.000 44.000
2.493 9.363 110.863 118.000 129.000 49.000
2.493 9.810 110.871 115.000 127.000 44.000
2.493 10.257 110.879 99.000 114.000 34.000
2.493 10.703 110.887 111.000 126.000 39.000
2.492 11.150 110.895 130.000 141.000 57.000
2.492 11.597 110.903 99.000 104.000 55.000
2.940 8.469 110.872 85.000 92.000 38.000
2.940 8.916 110.881 117.000 126.000 50.000
2.940 9.363 110.889 121.000 132.000 50.000
2.939 9.809 110.897 133.000 147.000 53.000
2.939 10.256 110.905 126.000 140.000 45.000
2.939 10.703 110.913 124.000 139.000 41.000
2.939 11.150 110.921 127.000 141.000 44.000
2.938 11.597 110.929 124.000 136.000 48.000
2.938 12.044 110.937 115.000 127.000 48.000
3.386 8.915 110.907 107.000 114.000 54.000
3.386 9.362 110.915 106.000 113.000 50.000
3.386 9.809 110.923 146.000 157.000 69.000
3.385 10.256 110.931 136.000 148.000 56.000
3.385 10.703 110.939 115.000 129.000 39.000
3.385 11.150 110.947 108.000 121.000 37.000
3.385 11.597 110.955 109.000 122.000 39.000
3.384 12.044 110.963 116.000 128.000 46.000
3.384 12.491 110.971 111.000 122.000 45.000
3.832 9.809 110.949 130.000 137.000 71.000
3.831 10.703 110.965 80.000 91.000 30.000
3.831 11.150 110.973 98.000 109.000 42.000
3.831 11.596 110.981 99.000 111.000 41.000
3.831 12.043 110.989 105.000 119.000 40.000
2.021 8.908 111.275 87.000 97.000 36.000
2.021 9.355 111.283 113.000 123.000 50.000
2.021 9.802 111.291 100.000 111.000 40.000
2.021 10.249 111.299 83.000 95.000 31.000
2.468 8.461 111.293 76.000 89.000 30.000
2.468 8.908 111.301 98.000 106.000 40.000
2.467 9.355 111.309 130.000 139.000 58.000
2.467 9.802 111.317 121.000 133.000 49.000
2.467 10.248 111.325 118.000 130.000 44.000
2.467 10.695 111.333 116.000 129.000 43.000
2.466 11.142 111.341 105.000 115.000 41.000
2.914 8.908 111.327 106.000 115.000 44.000
2.914 9.354 111.335 134.000 146.000 58.000
2.913 9.801 111.343 142.000 154.000 61.000
2.913 10.248 111.351 135.000 147.000 54.000
2.913 10.695 111.359 132.000 145.000 48.000
2.913 11.142 111.367 127.000 141.000 43.000
2.912 11.589 111.375 125.000 137.000 48.000
2.912 12.036 111.383 100.000 109.000 43.000
2.912 12.483 111.391 94.000 100.000 48.000
3.360 9.354 111.361 132.000 143.000 62.000
3.360 9.801 111.369 153.000 164.000 73.000
3.359 10.248 111.377 147.000 159.000 64.000
3.359 10.695 111.385 110.000 126.000 34.000
3.359 11.142 111.393 102.000 116.000 31.000
3.359 11.589 111.401 106.000 120.000 36.000
3.358 12.036 111.409 102.000 116.000 38.000
3.358 12.482 111.417 108.000 121.000 44.000
3.358 12.929 111.426 69.000 81.000 32.000
3.806 9.354 111.387 107.000 113.000 61.000
3.806 9.801 111.395 140.000 148.000 75.000
3.806 10.248 111.403 124.000 135.000 54.000
3.805 10.695 111.411 90.000 104.000 31.000
3.805 11.142 111.419 76.000 92.000 28.000
3.805 11.588 111.427 86.000 100.000 33.000
3.805 12.035 111.435 101.000 114.000 40.000
4.251 11.141 111.445 96.000 105.000 52.000
1.995 8.900 111.721 94.000 105.000 39.000
1.995 9.347 111.729 116.000 127.000 48.000
1.995 9.794 111.737 102.000 115.000 36.000
1.995 10.241 111.745 87.000 100.000 28.000
2.442 8.900 111.747 105.000 114.000 45.000
2.441 9.347 111.755 126.000 137.000 56.000
2.441 9.793 111.763 119.000 131.000 46.000
2.441 10.240 111.771 109.000 122.000 36.000
2.441 10.687 111.779 109.000 121.000 36.000
2.440 11.134 111.787 115.000 127.000 46.000
2.440 11.581 111.795 90.000 97.000 42.000
2.888 8.899 111.773 114.000 125.000 49.000
2.888 9.346 111.781 130.000 140.000 58.000
2.887 9.793 111.789 146.000 156.000 65.000
2.887 10.240 111.797 152.000 163.000 66.000
2.887 10.687 111.805 136.000 150.000 49.000
2.887 11.134 111.813 125.000 139.000 42.000
2.886 11.581 111.821 130.000 141.000 54.000
2.886 12.028 111.829 119.000 129.000 51.000
2.886 12.475 111.838 97.000 105.000 48.000
3.334 8.899 111.799 77.000 85.000 36.000
3.334 9.346 111.807 126.000 134.000 63.000
3.334 9.793 111.815 158.000 168.000 81.000
3.333 10.240 111.823 157.000 168.000 72.000
3.333 10.687 111.831 129.000 143.000 47.000
3.333 11.134 111.839 116.000 130.000 39.000
3.333 11.581 111.847 109.000 122.000 37.000
3.332 12.027 111.855 114.000 126.000 44.000
3.332 12.474 111.864 112.000 121.000 51.000
3.780 9.793 111.841 149.000 156.000 84.000
3.780 10.240 111.849 145.000 155.000 71.000
3.779 10.687 111.857 95.000 108.000 34.000
3.779 11.133 111.865 93.000 108.000 35.000
3.779 11.580 111.873 99.000 112.000 38.000
3.779 12.027 111.881 118.000 131.000 49.000
4.225 11.133 111.891 78.000 91.000 37.000
1.969 8.892 112.167 103.000 114.000 45.000
1.969 9.339 112.175 117.000 128.000 45.000
1.969 9.786 112.183 105.000 120.000 33.000
1.969 10.232 112.191 71.000 83.000 18.000
2.416 8.892 112.193 114.000 125.000 49.000
2.415 9.338 112.201 124.000 135.000 51.000
2.415 9.785 112.209 127.000 140.000 49.000
2.415 10.232 112.217 120.000 136.000 37.000
2.415 10.679 112.225 120.000 134.000 41.000
2.414 11.126 112.233 124.000 136.000 52.000
2.414 11.573 112.242 115.000 124.000 51.000
2.862 8.891 112.219 121.000 130.000 57.000
2.862 9.338 112.227 129.000 139.000 56.000
2.861 9.785 112.235 148.000 158.000 67.000
2.861 10.232 112.243 158.000 169.000 68.000
2.861 10.679 112.251 142.000 155.000 55.000
2.861 11.126 112.259 128.000 141.000 46.000
2.860 11.573 112.268 128.000 140.000 52.000
2.860 12.020 112.276 121.000 132.000 53.000
2.860 12.466 112.284 78.000 84.000 38.000
3.308 9.338 112.253 126.000 136.000 62.000
3.308 9.785 112.261 148.000 158.000 73.000
3.307 10.232 112.269 164.000 173.000 83.000
3.307 10.679 112.277 139.000 150.000 58.000
3.307 11.126 112.285 115.000 128.000 39.000
3.307 11.572 112.293 114.000 126.000 41.000
3.306 12.019 112.302 120.000 131.000 50.000
3.306 12.466 112.310 106.000 116.000 47.000
3.754 9.785 112.287 119.000 125.000 71.000
3.754 10.232 112.295 149.000 156.000 85.000
3.753 10.678 112.303 112.000 124.000 45.000
3.753 11.125 112.311 89.000 105.000 31.000
3.753 11.572 112.319 82.000 98.000 29.000
3.753 12.019 112.328 123.000 134.000 57.000
4.199 11.125 112.337 79.000 92.000 34.000
1.943 9.331 112.621 122.000 133.000 51.000
1.943 9.777 112.629 104.000 118.000 33.000
2.390 8.883 112.639 112.000 123.000 48.000
2.389 9.330 112.647 130.000 141.000 59.000
2.389 9.777 112.655 123.000 135.000 47.000
2.389 10.224 112.663 117.000 132.000 38.000
2.389 10.671 112.671 119.000 132.000 43.000
2.388 11.118 112.680 119.000 131.000 49.000
2.388 11.565 112.688 123.000 133.000 60.000
2.388 12.012 112.696 77.000 82.000 42.000
2.836 8.883 112.665 114.000 123.000 52.000
2.836 9.330 112.673 128.000 138.000 55.000
2.835 9.777 112.681 134.000 145.000 57.000
2.835 10.224 112.689 147.000 157.000 65.000
2.835 10.671 112.697 147.000 157.000 65.000
2.835 11.118 112.706 140.000 150.000 61.000
2.834 11.565 112.714 127.000 138.000 54.000
2.834 12.011 112.722 123.000 132.000 57.000
3.282 9.330 112.699 113.000 122.000 53.000
3.282 9.777 112.707 136.000 146.000 67.000
3.281 10.224 112.715 158.000 167.000 82.000
3.281 10.671 112.723 146.000 156.000 66.000
3.281 11.117 112.732 122.000 135.000 46.000
3.281 11.564 112.740 109.000 122.000 39.000
3.280 12.011 112.748 121.000 131.000 53.000
3.280 12.458 112.756 118.000 126.000 60.000
3.728 9.777 112.733 85.000 89.000 47.000
3.728 10.223 112.741 155.000 162.000 90.000
3.727 10.670 112.749 119.000 129.000 49.000
3.727 11.117 112.758 101.000 116.000 36.000
3.727 11.564 112.766 85.000 101.000 30.000
3.727 12.011 112.774 119.000 130.000 53.000
4.173 11.117 112.783 70.000 84.000 28.000
1.917 9.322 113.067 117.000 129.000 47.000
1.917 9.769 113.075 109.000 121.000 39.000
1.917 10.216 113.084 94.000 107.000 31.000
1.917 10.663 113.092 73.000 84.000 28.000
2.363 9.322 113.093 127.000 139.000 55.000
2.363 9.769 113.101 124.000 135.000 51.000
2.363 10.216 113.110 116.000 129.000 44.000
2.363 10.663 113.118 119.000 131.000 48.000
2.363 11.110 113.126 121.000 132.000 55.000
2.362 11.557 113.134 113.000 122.000 52.000
2.810 9.322 113.119 129.000 140.000 58.000
2.809 9.769 113.127 127.000 137.000 55.000
2.809 10.216 113.135 132.000 142.000 59.000
2.809 10.663 113.144 143.000 152.000 68.000
2.809 11.110 113.152 141.000 150.000 65.000
2.808 11.556 113.160 127.000 137.000 55.000
2.808 12.003 113.168 116.000 125.000 55.000
3.256 9.322 113.145 113.000 122.000 55.000
3.256 9.769 113.153 123.000 134.000 55.000
3.255 10.216 113.161 145.000 153.000 74.000
3.255 10.662 113.170 152.000 161.000 76.000
3.255 11.109 113.178 138.000 148.000 62.000
3.255 11.556 113.186 116.000 128.000 44.000
3.254 12.003 113.194 120.000 130.000 54.000
3.254 12.450 113.202 109.000 118.000 54.000
3.702 9.768 113.179 82.000 88.000 43.000
3.702 10.215 113.187 138.000 146.000 77.000
3.701 10.662 113.196 136.000 146.000 66.000
3.701 11.109 113.204 104.000 118.000 38.000
3.701 11.556 113.212 104.000 117.000 39.000
3.701 12.003 113.220 119.000 129.000 54.000
4.147 11.109 113.230 65.000 81.000 25.000
1.891 9.761 113.522 108.000 120.000 42.000
1.891 10.208 113.530 104.000 115.000 39.000
1.891 10.655 113.538 72.000 81.000 29.000
2.337 9.314 113.539 128.000 140.000 56.000
2.337 9.761 113.548 129.000 139.000 59.000
2.337 10.208 113.556 121.000 132.000 51.000
2.337 10.655 113.564 122.000 132.000 54.000
2.337 11.102 113.572 115.000 126.000 50.000
2.336 11.549 113.580 84.000 94.000 36.000
2.784 9.314 113.565 130.000 140.000 58.000
2.783 9.761 113.574 126.000 136.000 57.000
2.783 10.208 113.582 125.000 135.000 56.000
2.783 10.655 113.590 138.000 147.000 67.000
2.783 11.101 113.598 144.000 152.000 70.000
2.783 11.548 113.606 129.000 139.000 58.000
2.782 11.995 113.614 124.000 132.000 64.000
3.230 9.314 113.591 109.000 117.000 52.000
3.230 9.761 113.599 123.000 133.000 57.000
3.229 10.207 113.608 132.000 140.000 66.000
3.229 10.654 113.616 151.000 158.000 80.000
3.229 11.101 113.624 144.000 153.000 69.000
3.229 11.548 113.632 130.000 140.000 60.000
3.228 11.995 113.640 126.000 135.000 63.000
3.228 12.442 113.648 118.000 125.000 64.000
3.676 10.207 113.634 114.000 121.000 63.000
3.675 10.654 113.642 151.000 159.000 82.000
3.675 11.101 113.650 110.000 123.000 41.000
3.675 11.548 113.658 98.000 112.000 37.000
3.675 11.995 113.666 114.000 125.000 50.000
4.121 11.101 113.676 65.000 80.000 24.000
1.865 9.753 113.968 119.000 131.000 47.000
1.865 10.200 113.976 116.000 128.000 43.000
1.865 10.647 113.984 100.000 111.000 38.000
2.311 9.753 113.994 132.000 142.000 59.000
2.311 10.200 114.002 127.000 139.000 53.000
2.311 10.647 114.010 125.000 135.000 54.000
2.311 11.094 114.018 125.000 135.000 58.000
2.310 11.540 114.026 91.000 101.000 37.000
2.757 9.753 114.020 128.000 138.000 58.000
2.757 10.200 114.028 123.000 134.000 51.000
2.757 10.646 114.036 131.000 141.000 59.000
2.757 11.093 114.044 137.000 146.000 64.000
2.757 11.540 114.052 135.000 144.000 66.000
2.756 11.987 114.060 127.000 136.000 63.000
2.756 12.434 114.068 81.000 87.000 45.000
3.204 9.306 114.038 104.000 113.000 45.000
3.204 9.752 114.046 127.000 136.000 62.000
3.203 10.199 114.054 127.000 137.000 59.000
3.203 10.646 114.062 136.000 145.000 67.000
3.203 11.093 114.070 139.000 149.000 66.000
3.203 11.540 114.078 124.000 135.000 55.000
3.203 11.987 114.086 131.000 139.000 66.000
3.202 12.434 114.094 139.000 144.000 83.000
3.650 10.199 114.080 104.000 111.000 56.000
3.649 10.646 114.088 143.000 152.000 76.000
3.649 11.093 114.096 110.000 121.000 45.000
3.649 11.540 114.104 108.000 119.000 46.000
3.649 11.987 114.112 122.000 131.000 58.000
1.839 10.192 114.422 121.000 133.000 43.000
1.839 10.639 114.430 111.000 123.000 41.000
2.285 9.745 114.440 122.000 134.000 51.000
2.285 10.192 114.448 123.000 135.000 47.000
2.285 10.639 114.456 129.000 139.000 56.000
2.285 11.086 114.464 119.000 130.000 50.000
2.284 11.532 114.472 91.000 102.000 36.000
2.732 9.745 114.466 126.000 137.000 56.000
2.731 10.191 114.474 127.000 137.000 55.000
2.731 10.638 114.482 128.000 138.000 56.000
2.731 11.085 114.490 132.000 142.000 60.000
2.731 11.532 114.498 128.000 139.000 56.000
2.730 11.979 114.506 124.000 132.000 62.000
3.178 9.744 114.492 122.000 133.000 56.000
3.177 10.191 114.500 122.000 133.000 53.000
3.177 10.638 114.508 127.000 137.000 57.000
3.177 11.085 114.516 135.000 144.000 64.000
3.177 11.532 114.524 127.000 137.000 58.000
3.177 11.979 114.532 134.000 142.000 69.000
3.176 12.426 114.540 121.000 125.000 67.000
3.176 12.873 114.548 95.000 103.000 49.000
3.623 10.638 114.534 99.000 106.000 51.000
3.623 11.085 114.542 96.000 104.000 41.000
3.623 11.532 114.550 93.000 103.000 37.000
3.623 11.979 114.558 114.000 124.000 50.000
1.813 10.184 114.868 124.000 135.000 50.000
1.813 10.631 114.876 122.000 132.000 53.000
1.812 11.078 114.884 114.000 126.000 49.000
2.259 10.184 114.894 128.000 138.000 57.000
2.259 10.631 114.902 133.000 141.000 66.000
2.259 11.077 114.910 123.000 134.000 56.000
2.258 11.524 114.918 94.000 106.000 40.000
2.705 10.183 114.920 129.000 138.000 63.000
2.705 10.630 114.928 131.000 142.000 63.000
2.705 11.077 114.936 131.000 141.000 62.000
2.705 11.524 114.944 126.000 138.000 58.000
2.704 11.971 114.952 124.000 131.000 69.000
3.152 9.736 114.938 112.000 122.000 52.000
3.152 10.183 114.946 126.000 137.000 61.000
3.151 10.630 114.954 129.000 140.000 63.000
3.151 11.077 114.962 136.000 147.000 68.000
3.151 11.524 114.970 131.000 141.000 64.000
3.151 11.971 114.978 142.000 147.000 80.000
3.150 12.418 114.986 130.000 133.000 75.000
3.150 12.864 114.995 97.000 104.000 51.000
3.598 10.183 114.972 74.000 81.000 32.000
3.597 10.630 114.980 113.000 121.000 59.000
3.597 11.077 114.988 124.000 134.000 65.000
3.597 11.524 114.996 109.000 119.000 50.000
3.597 11.970 115.004 120.000 128.000 56.000
1.787 10.623 115.322 131.000 138.000 74.000
1.786 11.070 115.330 130.000 138.000 73.000
1.786 11.516 115.338 119.000 129.000 60.000
2.233 10.176 115.340 131.000 138.000 78.000
2.233 10.622 115.348 150.000 156.000 93.000
2.233 11.069 115.356 151.000 158.000 88.000
2.232 11.516 115.364 147.000 155.000 84.000
2.232 11.963 115.373 134.000 141.000 76.000
2.679 10.175 115.366 122.000 128.000 76.000
2.679 10.622 115.374 151.000 158.000 92.000
2.679 11.069 115.382 163.000 169.000 103.000
2.679 11.516 115.390 157.000 164.000 95.000
2.678 11.963 115.399 158.000 159.000 106.000
3.125 10.622 115.400 123.000 130.000 67.000
3.125 11.069 115.408 147.000 155.000 86.000
3.125 11.516 115.416 145.000 152.000 86.000
3.125 11.963 115.425 127.000 134.000 70.000
3.124 12.856 115.441 94.000 100.000 50.000
3.571 11.515 115.442 96.000 102.000 48.000
3.571 11.962 115.450 89.000 93.000 42.000
2.206 11.508 115.811 131.000 136.000 81.000
2.206 11.955 115.819 131.000 137.000 75.000
2.206 12.402 115.827 145.000 153.000 86.000
2.206 12.849 115.835 111.000 118.000 66.000
2.653 11.061 115.828 87.000 89.000 47.000
2.653 11.508 115.837 145.000 148.000 93.000
2.652 11.955 115.845 167.000 173.000 110.000
2.652 12.402 115.853 151.000 148.000 113.000
3.099 11.508 115.863 127.000 129.000 77.000
3.099 11.955 115.871 151.000 153.000 108.000
