1.345 7.299 76.726 92.000 108.000 33.000
1.345 7.746 76.734 93.000 107.000 42.000
1.792 6.852 76.744 103.000 118.000 37.000
1.792 7.299 76.752 91.000 108.000 28.000
1.791 7.745 76.760 78.000 93.000 30.000
2.238 6.851 76.770 94.000 111.000 29.000
2.238 7.298 76.778 85.000 105.000 22.000
2.237 7.745 76.786 72.000 90.000 24.000
2.237 8.192 76.794 66.000 80.000 30.000
2.684 6.851 76.796 111.000 126.000 33.000
2.684 7.298 76.804 85.000 107.000 19.000
2.684 7.745 76.812 70.000 91.000 20.000
0.873 7.738 77.155 111.000 120.000 54.000
1.320 6.844 77.164 111.000 122.000 43.000
1.319 7.291 77.172 121.000 133.000 45.000
1.319 7.738 77.180 114.000 122.000 54.000
1.766 6.397 77.182 82.000 92.000 32.000
1.766 6.844 77.190 108.000 121.000 38.000
1.766 7.290 77.198 117.000 131.000 38.000
1.765 7.737 77.206 112.000 125.000 44.000
1.765 8.184 77.215 87.000 98.000 45.000
2.212 6.843 77.216 114.000 130.000 36.000
2.212 7.290 77.224 110.000 126.000 29.000
2.212 7.737 77.232 115.000 128.000 42.000
2.211 8.184 77.241 103.000 115.000 51.000
2.658 6.843 77.242 121.000 137.000 34.000
2.658 7.290 77.250 110.000 127.000 26.000
2.658 7.737 77.258 106.000 121.000 33.000
2.657 8.184 77.267 113.000 126.000 54.000
3.104 6.843 77.268 107.000 115.000 51.000
0.400 8.177 77.583 91.000 94.000 60.000
0.847 7.283 77.593 109.000 123.000 36.000
0.847 7.730 77.601 116.000 126.000 53.000
0.847 8.177 77.609 109.000 114.000 67.000
1.294 6.836 77.610 106.000 120.000 36.000
1.293 7.283 77.619 105.000 123.000 28.000
1.293 7.729 77.627 97.000 113.000 35.000
1.293 8.176 77.635 90.000 100.000 45.000
1.740 6.389 77.628 93.000 108.000 36.000
1.740 6.835 77.636 105.000 119.000 32.000
1.740 7.282 77.644 118.000 136.000 30.000
1.739 7.729 77.653 104.000 119.000 34.000
1.739 8.176 77.661 80.000 88.000 37.000
2.186 6.835 77.662 131.000 146.000 43.000
2.186 7.282 77.670 122.000 138.000 32.000
2.186 7.729 77.679 120.000 134.000 40.000
2.185 8.176 77.687 117.000 128.000 56.000
2.185 8.623 77.695 76.000 81.000 47.000
2.632 6.835 77.688 149.000 164.000 53.000
2.632 7.282 77.696 112.000 129.000 26.000
2.632 7.729 77.705 113.000 128.000 34.000
2.632 8.176 77.713 122.000 133.000 57.000
3.078 6.835 77.714 78.000 94.000 25.000
3.078 7.282 77.722 77.000 87.000 25.000
3.078 7.728 77.731 85.000 98.000 31.000
3.078 8.175 77.739 96.000 107.000 44.000
0.375 7.722 78.021 118.000 126.000 61.000
0.375 8.169 78.029 96.000 101.000 59.000
0.821 7.275 78.039 87.000 103.000 24.000
0.821 7.722 78.047 109.000 122.000 43.000
0.821 8.168 78.055 114.000 123.000 58.000
1.267 7.274 78.065 79.000 103.000 14.000
1.267 7.721 78.073 100.000 118.000 28.000
1.267 8.168 78.081 100.000 112.000 42.000
1.714 6.380 78.074 69.000 82.000 24.000
1.714 6.827 78.083 90.000 109.000 22.000
1.714 7.274 78.091 91.000 113.000 16.000
1.713 7.721 78.099 97.000 115.000 24.000
1.713 8.168 78.107 106.000 118.000 42.000
2.160 6.827 78.109 100.000 118.000 24.000
2.160 7.274 78.117 95.000 116.000 17.000
2.160 7.721 78.125 112.000 127.000 31.000
2.159 8.168 78.133 115.000 128.000 46.000
2.159 8.615 78.141 84.000 90.000 45.000
2.606 6.827 78.134 106.000 122.000 26.000
2.606 7.274 78.143 115.000 133.000 27.000
2.606 7.721 78.151 110.000 126.000 30.000
2.606 8.168 78.159 118.000 130.000 46.000
2.605 8.614 78.167 98.000 105.000 53.000
3.052 7.273 78.169 115.000 129.000 38.000
3.052 7.720 78.177 92.000 109.000 30.000
3.052 8.167 78.185 98.000 110.000 41.000
3.052 8.614 78.193 76.000 80.000 42.000
3.498 7.273 78.195 81.000 97.000 32.000
3.498 7.720 78.203 92.000 104.000 42.000
0.349 7.714 78.467 95.000 103.000 45.000
0.349 8.161 78.475 113.000 120.000 61.000
0.795 7.267 78.485 71.000 89.000 16.000
0.795 7.713 78.493 111.000 124.000 39.000
0.795 8.160 78.501 111.000 121.000 49.000
0.795 8.607 78.509 82.000 90.000 43.000
1.242 6.373 78.495 82.000 92.000 29.000
1.241 7.266 78.511 65.000 92.000 8.000
1.241 7.713 78.519 88.000 108.000 19.000
1.241 8.160 78.527 101.000 115.000 36.000
1.241 8.607 78.535 87.000 98.000 44.000
1.688 6.819 78.529 80.000 101.000 16.000
1.688 7.266 78.537 75.000 100.000 10.000
1.687 7.713 78.545 78.000 98.000 15.000
1.687 8.160 78.553 100.000 115.000 33.000
1.687 8.607 78.561 102.000 112.000 49.000
2.134 6.819 78.555 95.000 113.000 21.000
2.134 7.266 78.563 102.000 124.000 17.000
2.134 7.713 78.571 102.000 121.000 23.000
2.133 8.160 78.579 103.000 118.000 33.000
2.133 8.607 78.587 111.000 122.000 51.000
2.580 6.819 78.581 112.000 128.000 28.000
2.580 7.266 78.589 126.000 144.000 31.000
2.580 7.713 78.597 110.000 126.000 28.000
2.580 8.159 78.605 112.000 127.000 36.000
2.579 8.606 78.613 111.000 120.000 50.000
3.027 6.372 78.598 62.000 80.000 20.000
3.026 6.819 78.607 83.000 102.000 24.000
3.026 7.265 78.615 112.000 127.000 33.000
3.026 7.712 78.623 99.000 116.000 31.000
3.026 8.159 78.631 92.000 107.000 34.000
3.026 8.606 78.639 105.000 112.000 54.000
3.473 6.818 78.633 70.000 88.000 23.000
3.472 7.265 78.641 87.000 105.000 31.000
3.472 7.712 78.649 95.000 111.000 39.000
3.472 8.159 78.657 102.000 113.000 50.000
3.472 8.606 78.665 81.000 87.000 47.000
-0.124 8.153 78.895 76.000 82.000 42.000
0.323 7.706 78.913 84.000 95.000 38.000
0.323 8.152 78.921 111.000 119.000 57.000
0.322 8.599 78.929 76.000 80.000 44.000
0.769 7.258 78.931 81.000 97.000 22.000
0.769 7.705 78.939 105.000 117.000 38.000
0.769 8.152 78.947 109.000 119.000 46.000
0.769 8.599 78.955 103.000 112.000 50.000
1.216 6.364 78.941 77.000 90.000 29.000
1.215 7.258 78.957 65.000 86.000 11.000
1.215 7.705 78.965 91.000 108.000 23.000
1.215 8.152 78.973 103.000 116.000 36.000
1.215 8.599 78.981 101.000 112.000 46.000
1.662 6.811 78.975 64.000 85.000 15.000
1.662 7.258 78.983 78.000 101.000 13.000
1.661 7.705 78.991 102.000 121.000 25.000
1.661 8.152 78.999 112.000 126.000 37.000
1.661 8.599 79.007 111.000 123.000 48.000
2.108 6.811 79.001 71.000 90.000 17.000
2.108 7.258 79.009 99.000 120.000 19.000
2.108 7.705 79.017 110.000 127.000 28.000
2.107 8.152 79.025 113.000 127.000 36.000
2.107 8.598 79.033 118.000 129.000 50.000
2.554 7.258 79.035 110.000 128.000 25.000
2.554 7.704 79.043 120.000 135.000 34.000
2.554 8.151 79.051 115.000 129.000 36.000
2.553 8.598 79.059 122.000 133.000 51.000
3.000 6.810 79.053 76.000 93.000 25.000
3.000 7.257 79.061 106.000 121.000 32.000
3.000 7.704 79.069 110.000 124.000 37.000
3.000 8.151 79.077 104.000 119.000 37.000
3.000 8.598 79.085 109.000 119.000 47.000
3.447 6.810 79.079 67.000 85.000 25.000
3.446 7.257 79.087 89.000 106.000 36.000
3.446 7.704 79.095 107.000 119.000 46.000
3.446 8.151 79.103 101.000 114.000 45.000
3.446 8.598 79.111 103.000 114.000 51.000
3.892 7.704 79.121 87.000 97.000 46.000
3.892 8.151 79.129 93.000 101.000 51.000
3.892 8.597 79.137 80.000 87.000 48.000
-0.150 8.145 79.341 83.000 90.000 42.000
0.297 7.697 79.359 89.000 100.000 40.000
0.297 8.144 79.367 111.000 119.000 55.000
0.296 8.591 79.375 108.000 114.000 59.000
0.743 7.697 79.385 101.000 113.000 37.000
0.743 8.144 79.393 110.000 120.000 46.000
0.743 8.591 79.401 114.000 123.000 54.000
1.190 6.356 79.387 78.000 94.000 31.000
1.189 7.697 79.411 87.000 103.000 25.000
1.189 8.144 79.419 97.000 111.000 33.000
1.189 8.591 79.427 100.000 112.000 39.000
1.189 9.038 79.435 79.000 83.000 46.000
1.636 7.250 79.429 63.000 82.000 13.000
1.635 7.697 79.437 108.000 124.000 30.000
1.635 8.144 79.445 112.000 126.000 35.000
1.635 8.591 79.453 114.000 125.000 44.000
1.635 9.037 79.461 84.000 89.000 48.000
2.082 7.250 79.455 83.000 104.000 18.000
2.082 7.697 79.463 116.000 132.000 33.000
2.081 8.143 79.471 116.000 130.000 37.000
2.081 8.590 79.479 113.000 126.000 40.000
2.081 9.037 79.487 75.000 82.000 39.000
2.528 7.249 79.481 112.000 130.000 27.000
2.528 7.696 79.489 117.000 133.000 32.000
2.528 8.143 79.497 117.000 132.000 36.000
2.527 8.590 79.505 118.000 131.000 42.000
2.527 9.037 79.513 96.000 103.000 50.000
2.974 7.249 79.507 93.000 109.000 31.000
2.974 7.696 79.515 115.000 128.000 44.000
2.974 8.143 79.523 113.000 127.000 40.000
2.974 8.590 79.531 111.000 123.000 42.000
3.421 6.802 79.525 71.000 88.000 28.000
3.420 7.249 79.533 85.000 101.000 38.000
3.420 7.696 79.541 102.000 114.000 45.000
3.420 8.143 79.549 111.000 121.000 48.000
3.420 8.590 79.557 109.000 120.000 47.000
3.867 7.249 79.559 70.000 83.000 34.000
3.866 7.696 79.567 74.000 86.000 35.000
3.866 8.142 79.575 96.000 107.000 48.000
3.866 8.589 79.583 96.000 107.000 50.000
-0.176 8.137 79.787 82.000 89.000 40.000
0.271 7.689 79.805 89.000 99.000 40.000
0.271 8.136 79.813 114.000 122.000 55.000
0.270 8.583 79.822 116.000 123.000 61.000
0.717 7.689 79.831 99.000 112.000 37.000
0.717 8.136 79.839 112.000 123.000 45.000
0.717 8.583 79.848 112.000 122.000 48.000
1.163 7.689 79.857 93.000 109.000 28.000
1.163 8.136 79.865 109.000 123.000 35.000
1.163 8.583 79.873 109.000 121.000 38.000
1.163 9.030 79.882 92.000 99.000 48.000
1.610 5.901 79.851 69.000 80.000 34.000
1.610 7.242 79.875 76.000 95.000 19.000
1.609 7.689 79.883 109.000 125.000 31.000
1.609 8.136 79.891 112.000 127.000 33.000
1.609 8.582 79.899 111.000 125.000 36.000
1.609 9.029 79.908 105.000 115.000 53.000
2.056 7.242 79.901 82.000 100.000 20.000
2.056 7.688 79.909 113.000 129.000 30.000
2.055 8.135 79.917 118.000 132.000 35.000
2.055 8.582 79.925 118.000 132.000 39.000
2.055 9.029 79.934 109.000 118.000 52.000
2.502 7.241 79.927 103.000 121.000 26.000
2.502 7.688 79.935 122.000 138.000 35.000
2.502 8.135 79.943 118.000 134.000 34.000
2.501 8.582 79.951 119.000 133.000 38.000
2.501 9.029 79.960 121.000 130.000 60.000
2.948 7.241 79.953 73.000 90.000 25.000
2.948 7.688 79.961 112.000 126.000 39.000
2.948 8.135 79.969 115.000 128.000 40.000
2.948 8.582 79.977 115.000 127.000 42.000
2.947 9.029 79.985 111.000 119.000 58.000
3.394 7.688 79.987 92.000 107.000 40.000
3.394 8.135 79.995 111.000 122.000 47.000
3.394 8.582 80.003 107.000 120.000 44.000
3.840 8.134 80.021 96.000 107.000 49.000
3.840 8.581 80.029 94.000 106.000 48.000
-0.202 8.128 80.234 101.000 107.000 54.000
-0.202 8.575 80.242 81.000 86.000 46.000
0.245 7.681 80.251 71.000 80.000 30.000
0.245 8.128 80.260 110.000 120.000 49.000
0.244 8.575 80.268 118.000 126.000 58.000
0.691 7.681 80.277 102.000 115.000 38.000
0.691 8.128 80.286 115.000 127.000 43.000
0.691 8.575 80.294 116.000 127.000 45.000
0.690 9.022 80.302 100.000 106.000 55.000
1.137 7.681 80.303 103.000 119.000 30.000
1.137 8.128 80.312 114.000 129.000 34.000
1.137 8.575 80.320 110.000 124.000 34.000
1.137 9.021 80.328 98.000 107.000 46.000
1.584 7.234 80.321 74.000 92.000 18.000
1.583 7.681 80.329 98.000 115.000 24.000
1.583 8.127 80.337 113.000 129.000 30.000
1.583 8.574 80.346 116.000 131.000 35.000
1.583 9.021 80.354 108.000 118.000 48.000
2.030 7.233 80.347 82.000 100.000 20.000
2.030 7.680 80.355 108.000 125.000 27.000
2.029 8.127 80.363 114.000 130.000 30.000
2.029 8.574 80.372 118.000 134.000 34.000
2.029 9.021 80.380 121.000 131.000 55.000
2.476 7.233 80.373 108.000 125.000 29.000
2.476 7.680 80.381 117.000 134.000 33.000
2.476 8.127 80.389 119.000 135.000 33.000
2.475 8.574 80.398 118.000 133.000 34.000
2.475 9.021 80.406 121.000 131.000 52.000
2.922 7.680 80.407 95.000 113.000 31.000
2.922 8.127 80.415 114.000 127.000 38.000
2.922 8.574 80.424 115.000 127.000 42.000
2.921 9.021 80.432 111.000 120.000 52.000
3.368 7.680 80.433 69.000 83.000 28.000
3.368 8.127 80.441 109.000 121.000 47.000
3.368 8.573 80.449 105.000 118.000 45.000
3.368 9.020 80.458 92.000 102.000 50.000
3.814 8.126 80.467 80.000 92.000 39.000
3.814 8.573 80.475 104.000 113.000 56.000
4.260 8.126 80.493 72.000 84.000 35.000
-0.228 8.120 80.680 105.000 112.000 58.000
-0.228 8.567 80.688 107.000 110.000 64.000
0.219 8.120 80.706 117.000 127.000 54.000
0.218 8.567 80.714 123.000 131.000 59.000
0.665 7.673 80.724 102.000 116.000 36.000
0.665 8.120 80.732 123.000 135.000 45.000
0.665 8.567 80.740 126.000 137.000 51.000
0.664 9.014 80.748 106.000 114.000 53.000
1.111 7.673 80.750 93.000 107.000 23.000
1.111 8.120 80.758 122.000 137.000 34.000
1.111 8.566 80.766 114.000 129.000 33.000
1.111 9.013 80.774 104.000 113.000 44.000
1.558 7.672 80.776 87.000 102.000 19.000
1.557 8.119 80.784 122.000 138.000 32.000
1.557 8.566 80.792 121.000 137.000 34.000
1.557 9.013 80.800 116.000 127.000 49.000
2.004 7.225 80.793 79.000 97.000 20.000
2.004 7.672 80.801 109.000 125.000 27.000
2.003 8.119 80.810 114.000 130.000 27.000
2.003 8.566 80.818 121.000 137.000 33.000
2.003 9.013 80.826 121.000 133.000 49.000
2.450 6.778 80.811 70.000 86.000 22.000
2.450 7.225 80.819 97.000 114.000 27.000
2.450 7.672 80.827 104.000 123.000 26.000
2.450 8.119 80.836 114.000 130.000 29.000
2.449 8.566 80.844 116.000 132.000 30.000
2.449 9.013 80.852 117.000 131.000 42.000
2.449 9.460 80.860 85.000 89.000 49.000
2.896 7.672 80.853 81.000 99.000 26.000
2.896 8.119 80.862 116.000 130.000 39.000
2.896 8.566 80.870 117.000 129.000 41.000
2.895 9.012 80.878 113.000 123.000 50.000
3.342 8.118 80.888 104.000 116.000 45.000
3.342 8.565 80.896 107.000 119.000 48.000
3.342 9.012 80.904 110.000 120.000 60.000
3.788 8.565 80.922 99.000 105.000 56.000
-0.254 8.112 81.126 73.000 83.000 36.000
-0.254 8.559 81.134 81.000 88.000 41.000
0.193 8.112 81.152 104.000 114.000 47.000
0.192 8.559 81.160 118.000 126.000 56.000
0.639 7.665 81.170 73.000 87.000 28.000
0.639 8.112 81.178 116.000 128.000 43.000
0.639 8.559 81.186 125.000 135.000 52.000
0.638 9.006 81.194 119.000 125.000 65.000
1.085 7.665 81.196 75.000 91.000 23.000
1.085 8.112 81.204 118.000 133.000 36.000
1.085 8.558 81.212 123.000 137.000 39.000
1.085 9.005 81.220 107.000 118.000 46.000
1.084 9.452 81.228 85.000 90.000 53.000
1.532 5.877 81.189 74.000 82.000 41.000
1.532 7.664 81.222 114.000 130.000 34.000
1.531 8.111 81.230 120.000 136.000 32.000
1.531 8.558 81.238 119.000 135.000 33.000
1.531 9.005 81.246 116.000 127.000 47.000
1.531 9.452 81.254 86.000 90.000 53.000
1.978 7.217 81.240 86.000 98.000 30.000
1.978 7.664 81.248 125.000 139.000 39.000
1.978 8.111 81.256 126.000 142.000 33.000
1.977 8.558 81.264 121.000 137.000 31.000
1.977 9.005 81.272 124.000 135.000 49.000
1.977 9.452 81.280 87.000 91.000 50.000
2.424 6.770 81.257 70.000 83.000 24.000
2.424 7.217 81.265 110.000 123.000 40.000
2.424 7.664 81.274 123.000 138.000 37.000
2.424 8.111 81.282 122.000 139.000 28.000
2.423 8.558 81.290 125.000 142.000 31.000
2.423 9.005 81.298 122.000 134.000 44.000
2.423 9.451 81.306 103.000 109.000 60.000
2.870 7.664 81.300 71.000 86.000 22.000
2.870 8.111 81.308 119.000 134.000 37.000
2.870 8.557 81.316 117.000 132.000 35.000
2.869 9.004 81.324 106.000 118.000 43.000
3.316 8.110 81.334 73.000 83.000 29.000
3.316 8.557 81.342 107.000 117.000 45.000
3.316 9.004 81.350 101.000 112.000 51.000
3.762 8.557 81.368 82.000 93.000 42.000
3.762 9.004 81.376 86.000 95.000 51.000
0.167 8.104 81.598 82.000 94.000 37.000
0.166 8.551 81.606 109.000 117.000 52.000
0.166 8.998 81.614 88.000 90.000 55.000
0.613 8.104 81.624 100.000 113.000 39.000
0.613 8.551 81.632 132.000 141.000 61.000
0.612 8.997 81.640 140.000 143.000 82.000
1.060 6.316 81.618 93.000 100.000 49.000
1.059 8.103 81.650 112.000 127.000 36.000
1.059 8.550 81.658 114.000 129.000 35.000
1.059 8.997 81.666 112.000 122.000 49.000
1.506 7.656 81.668 72.000 88.000 23.000
1.505 8.103 81.676 118.000 134.000 32.000
1.505 8.550 81.684 124.000 139.000 35.000
1.505 8.997 81.692 114.000 126.000 43.000
1.505 9.444 81.700 81.000 88.000 45.000
1.952 7.656 81.694 109.000 125.000 35.000
1.952 8.103 81.702 113.000 132.000 25.000
1.951 8.550 81.710 123.000 140.000 30.000
1.951 8.997 81.718 122.000 134.000 45.000
1.951 9.444 81.726 106.000 112.000 59.000
2.398 6.762 81.704 72.000 82.000 30.000
2.398 7.209 81.712 73.000 81.000 32.000
2.398 7.656 81.720 104.000 120.000 28.000
2.398 8.103 81.728 113.000 132.000 22.000
2.398 8.550 81.736 121.000 139.000 25.000
2.397 8.996 81.744 127.000 140.000 45.000
2.397 9.443 81.752 121.000 127.000 69.000
2.844 8.102 81.754 117.000 133.000 34.000
2.844 8.549 81.762 122.000 137.000 36.000
2.843 8.996 81.770 119.000 131.000 49.000
2.843 9.443 81.778 109.000 115.000 65.000
3.290 8.102 81.780 109.000 121.000 43.000
3.290 8.549 81.788 114.000 125.000 47.000
3.290 8.996 81.796 109.000 120.000 56.000
0.141 8.543 82.052 105.000 113.000 50.000
0.140 8.990 82.060 119.000 124.000 71.000
0.587 8.096 82.070 83.000 98.000 33.000
0.587 8.542 82.078 112.000 123.000 45.000
0.586 8.989 82.086 130.000 136.000 76.000
0.586 9.436 82.094 80.000 81.000 53.000
1.033 8.095 82.096 94.000 110.000 32.000
1.033 8.542 82.104 108.000 122.000 35.000
1.033 8.989 82.112 115.000 125.000 52.000
1.032 9.436 82.120 82.000 86.000 45.000
1.481 5.861 82.082 73.000 81.000 40.000
1.479 8.095 82.122 112.000 129.000 33.000
1.479 8.542 82.130 114.000 129.000 32.000
1.479 8.989 82.138 118.000 128.000 49.000
1.479 9.436 82.146 85.000 91.000 45.000
1.926 7.648 82.140 85.000 101.000 29.000
1.926 8.095 82.148 106.000 126.000 24.000
1.925 8.542 82.156 115.000 133.000 27.000
1.925 8.989 82.164 122.000 134.000 47.000
1.925 9.435 82.172 116.000 123.000 64.000
2.372 7.648 82.166 111.000 126.000 37.000
2.372 8.095 82.174 116.000 135.000 26.000
2.372 8.541 82.182 116.000 135.000 23.000
2.371 8.988 82.190 125.000 138.000 44.000
2.371 9.435 82.198 130.000 136.000 76.000
2.818 7.647 82.192 98.000 110.000 41.000
2.818 8.094 82.200 108.000 124.000 33.000
2.818 8.541 82.208 120.000 135.000 36.000
2.818 8.988 82.216 118.000 130.000 50.000
2.817 9.435 82.224 116.000 122.000 68.000
3.264 8.541 82.234 108.000 121.000 46.000
3.264 8.988 82.242 98.000 109.000 50.000
3.263 9.435 82.250 94.000 100.000 57.000
0.114 8.981 82.506 78.000 82.000 47.000
0.561 8.534 82.524 86.000 98.000 39.000
0.561 8.981 82.532 117.000 123.000 69.000
1.007 8.534 82.550 103.000 114.000 45.000
1.007 8.981 82.558 109.000 116.000 55.000
1.006 9.428 82.566 92.000 97.000 55.000
1.453 8.087 82.568 80.000 96.000 27.000
1.453 8.534 82.576 102.000 116.000 36.000
1.453 8.981 82.584 116.000 126.000 56.000
1.453 9.428 82.592 100.000 105.000 57.000
1.900 8.087 82.594 118.000 132.000 41.000
1.899 8.534 82.602 118.000 133.000 39.000
1.899 8.981 82.610 123.000 134.000 56.000
1.899 9.427 82.618 108.000 114.000 60.000
2.346 8.086 82.620 124.000 138.000 41.000
2.346 8.533 82.628 124.000 140.000 38.000
2.345 8.980 82.636 127.000 139.000 54.000
2.345 9.427 82.644 132.000 136.000 75.000
2.792 8.086 82.646 95.000 109.000 39.000
2.792 8.533 82.654 105.000 118.000 42.000
2.792 8.980 82.662 108.000 118.000 51.000
2.791 9.427 82.670 118.000 125.000 67.000
0.535 8.973 82.979 76.000 80.000 45.000
0.981 8.973 83.005 115.000 119.000 72.000
0.981 9.420 83.013 111.000 110.000 79.000
1.427 8.526 83.022 76.000 87.000 36.000
1.427 8.973 83.030 120.000 126.000 69.000
1.427 9.420 83.039 121.000 122.000 80.000
1.874 8.079 83.040 71.000 83.000 30.000
1.873 8.526 83.048 92.000 102.000 41.000
1.873 8.972 83.056 124.000 131.000 64.000
1.873 9.419 83.065 126.000 129.000 75.000
2.320 8.525 83.074 102.000 111.000 42.000
2.319 8.972 83.082 132.000 142.000 67.000
2.319 9.419 83.091 145.000 149.000 86.000
2.766 8.972 83.108 100.000 108.000 53.000
2.765 9.419 83.116 106.000 114.000 55.000
1.847 8.964 83.503 101.000 106.000 52.000
1.847 9.411 83.511 144.000 144.000 96.000
2.293 8.964 83.529 151.000 155.000 93.000
2.293 9.411 83.537 147.000 150.000 92.000
2.739 9.411 83.563 81.000 86.000 42.000
