14.241 -7.619 74.109 80.000 86.000 35.000
14.241 -7.184 74.110 100.000 112.000 42.000
14.676 -8.055 74.127 126.000 134.000 62.000
14.655 -8.492 74.561 111.000 117.000 57.000
14.655 -8.057 74.562 114.000 120.000 53.000
14.655 -7.621 74.564 72.000 82.000 20.000
14.655 -7.186 74.565 76.000 91.000 18.000
15.090 -8.492 74.581 123.000 128.000 64.000
15.090 -8.057 74.582 140.000 147.000 66.000
15.525 -8.492 74.601 94.000 96.000 48.000
14.635 -8.494 74.996 120.000 126.000 58.000
14.635 -8.058 74.997 132.000 139.000 56.000
14.635 -7.623 74.999 118.000 126.000 42.000
14.635 -7.187 75.001 92.000 103.000 28.000
14.635 -6.752 75.002 100.000 113.000 31.000
14.635 -6.316 75.004 97.000 111.000 30.000
15.070 -8.494 75.016 144.000 149.000 69.000
15.070 -8.058 75.017 143.000 150.000 62.000
15.070 -7.623 75.019 128.000 135.000 45.000
15.070 -7.187 75.021 108.000 119.000 33.000
15.505 -8.929 75.034 98.000 98.000 54.000
15.505 -8.494 75.036 136.000 138.000 61.000
15.505 -8.058 75.038 135.000 139.000 56.000
15.505 -7.623 75.039 128.000 133.000 43.000
15.940 -8.494 75.056 128.000 128.000 56.000
14.180 -8.060 75.412 115.000 120.000 49.000
14.180 -7.624 75.414 127.000 134.000 55.000
14.180 -7.189 75.415 81.000 87.000 34.000
14.615 -8.495 75.431 143.000 150.000 67.000
14.615 -8.060 75.432 142.000 149.000 57.000
14.615 -7.624 75.434 144.000 150.000 58.000
14.615 -7.189 75.436 138.000 143.000 55.000
14.615 -6.753 75.437 108.000 117.000 39.000
14.615 -6.318 75.439 106.000 114.000 37.000
14.615 -5.882 75.441 109.000 116.000 47.000
15.050 -8.931 75.449 126.000 129.000 64.000
15.050 -8.495 75.451 150.000 154.000 69.000
15.050 -8.060 75.452 145.000 151.000 60.000
15.050 -7.624 75.454 143.000 148.000 52.000
15.050 -7.189 75.456 136.000 142.000 49.000
15.050 -6.753 75.457 134.000 141.000 50.000
15.050 -6.318 75.459 110.000 120.000 38.000
15.485 -8.931 75.469 142.000 143.000 69.000
15.485 -8.495 75.471 142.000 145.000 62.000
15.485 -8.060 75.473 144.000 148.000 57.000
15.485 -7.624 75.474 142.000 147.000 50.000
15.485 -7.189 75.476 137.000 144.000 46.000
15.920 -8.931 75.490 130.000 127.000 61.000
15.920 -8.496 75.491 138.000 139.000 58.000
15.920 -8.060 75.493 140.000 144.000 54.000
15.920 -7.625 75.495 140.000 145.000 47.000
16.355 -8.931 75.510 89.000 87.000 45.000
16.355 -8.496 75.512 124.000 124.000 59.000
16.355 -8.060 75.513 131.000 133.000 53.000
14.160 -8.062 75.847 142.000 147.000 64.000
14.160 -7.626 75.849 149.000 154.000 68.000
14.159 -7.191 75.850 136.000 141.000 63.000
14.159 -6.755 75.852 78.000 81.000 28.000
14.595 -8.933 75.864 90.000 91.000 51.000
14.595 -8.497 75.866 157.000 164.000 75.000
14.595 -8.062 75.867 149.000 155.000 62.000
14.595 -7.626 75.869 151.000 156.000 62.000
14.595 -7.191 75.871 147.000 150.000 62.000
14.594 -6.755 75.872 133.000 136.000 54.000
14.594 -6.320 75.874 116.000 119.000 46.000
14.594 -5.884 75.876 102.000 105.000 51.000
15.030 -8.933 75.884 154.000 158.000 79.000
15.030 -8.497 75.886 160.000 165.000 77.000
15.030 -8.062 75.888 151.000 155.000 61.000
15.030 -7.626 75.889 151.000 156.000 58.000
15.030 -7.191 75.891 149.000 154.000 57.000
15.030 -6.755 75.892 136.000 141.000 50.000
15.029 -6.320 75.894 130.000 135.000 54.000
15.029 -5.884 75.896 121.000 125.000 56.000
15.465 -9.368 75.903 119.000 120.000 60.000
15.465 -8.933 75.904 147.000 149.000 68.000
15.465 -8.497 75.906 155.000 159.000 71.000
15.465 -8.062 75.908 154.000 159.000 61.000
15.465 -7.626 75.909 156.000 161.000 57.000
15.465 -7.191 75.911 153.000 158.000 54.000
15.465 -6.755 75.913 141.000 148.000 49.000
15.465 -6.320 75.914 139.000 147.000 53.000
15.900 -9.368 75.923 127.000 126.000 61.000
15.900 -8.933 75.925 144.000 144.000 65.000
15.900 -8.497 75.926 148.000 150.000 62.000
15.900 -8.062 75.928 151.000 155.000 57.000
15.900 -7.626 75.930 154.000 159.000 53.000
15.900 -7.191 75.931 147.000 154.000 48.000
16.335 -9.368 75.943 105.000 101.000 53.000
16.335 -8.933 75.945 134.000 130.000 67.000
16.335 -8.497 75.947 139.000 139.000 61.000
16.335 -8.062 75.948 136.000 138.000 53.000
16.335 -7.626 75.950 131.000 135.000 44.000
16.770 -8.497 75.967 91.000 91.000 50.000
16.770 -8.062 75.969 129.000 128.000 60.000
14.139 -8.063 76.282 133.000 139.000 65.000
14.139 -7.628 76.284 156.000 161.000 76.000
14.139 -7.192 76.285 155.000 160.000 81.000
14.139 -6.757 76.287 127.000 129.000 59.000
14.574 -8.499 76.301 154.000 158.000 75.000
14.574 -8.063 76.302 154.000 159.000 66.000
14.574 -7.628 76.304 153.000 157.000 64.000
14.574 -7.192 76.306 149.000 153.000 63.000
14.574 -6.757 76.307 136.000 140.000 56.000
14.574 -6.321 76.309 110.000 113.000 43.000
14.574 -5.886 76.311 73.000 82.000 26.000
15.009 -8.934 76.319 150.000 153.000 81.000
15.009 -8.499 76.321 169.000 174.000 87.000
15.009 -8.063 76.323 162.000 166.000 71.000
15.009 -7.628 76.324 161.000 164.000 66.000
15.009 -7.192 76.326 156.000 161.000 65.000
15.009 -6.757 76.328 148.000 153.000 61.000
15.009 -6.321 76.329 131.000 135.000 55.000
15.009 -5.886 76.331 109.000 113.000 49.000
15.009 -5.450 76.332 81.000 85.000 40.000
15.445 -9.370 76.338 123.000 123.000 63.000
15.445 -8.934 76.340 162.000 165.000 82.000
15.444 -8.499 76.341 169.000 172.000 81.000
15.444 -8.063 76.343 164.000 168.000 70.000
15.444 -7.628 76.344 166.000 171.000 67.000
15.444 -7.192 76.346 161.000 166.000 64.000
15.444 -6.757 76.348 150.000 156.000 59.000
15.444 -6.321 76.349 131.000 136.000 51.000
15.444 -5.886 76.351 118.000 124.000 47.000
15.880 -9.370 76.358 147.000 147.000 71.000
15.880 -8.934 76.360 155.000 155.000 70.000
15.880 -8.499 76.361 161.000 162.000 71.000
15.879 -8.063 76.363 166.000 169.000 69.000
15.879 -7.628 76.365 168.000 171.000 65.000
15.879 -7.192 76.366 161.000 166.000 60.000
15.879 -6.757 76.368 145.000 151.000 49.000
15.879 -6.321 76.370 108.000 118.000 27.000
16.315 -9.370 76.378 138.000 136.000 67.000
16.315 -8.934 76.380 149.000 148.000 72.000
16.315 -8.499 76.382 151.000 151.000 69.000
16.315 -8.063 76.383 152.000 153.000 64.000
16.314 -7.628 76.385 152.000 155.000 60.000
16.314 -7.192 76.387 143.000 146.000 53.000
16.314 -6.757 76.388 126.000 130.000 40.000
16.750 -8.934 76.400 137.000 134.000 73.000
16.750 -8.499 76.402 144.000 144.000 70.000
16.750 -8.063 76.404 141.000 142.000 64.000
16.750 -7.628 76.405 137.000 140.000 57.000
16.749 -7.192 76.407 131.000 134.000 53.000
17.185 -7.628 76.425 94.000 95.000 47.000
14.119 -8.065 76.717 98.000 102.000 52.000
14.119 -7.629 76.719 156.000 162.000 75.000
14.119 -7.194 76.720 150.000 156.000 74.000
14.119 -6.758 76.722 122.000 125.000 53.000
14.554 -8.500 76.736 133.000 137.000 58.000
14.554 -8.065 76.737 152.000 157.000 65.000
14.554 -7.629 76.739 156.000 162.000 66.000
14.554 -7.194 76.741 155.000 160.000 69.000
14.554 -6.758 76.742 143.000 149.000 63.000
14.554 -6.323 76.744 108.000 113.000 45.000
14.989 -8.936 76.754 100.000 103.000 56.000
14.989 -8.500 76.756 148.000 151.000 73.000
14.989 -8.065 76.758 163.000 167.000 72.000
14.989 -7.629 76.759 166.000 170.000 71.000
14.989 -7.194 76.761 158.000 162.000 67.000
14.989 -6.758 76.763 145.000 150.000 60.000
14.989 -6.323 76.764 123.000 127.000 48.000
14.989 -5.887 76.766 112.000 118.000 46.000
14.989 -5.452 76.768 76.000 85.000 29.000
15.424 -9.371 76.773 136.000 137.000 73.000
15.424 -8.936 76.775 168.000 171.000 84.000
15.424 -8.500 76.776 176.000 177.000 84.000
15.424 -8.065 76.778 173.000 176.000 76.000
15.424 -7.629 76.780 174.000 177.000 74.000
15.424 -7.194 76.781 163.000 167.000 66.000
15.424 -6.758 76.783 152.000 158.000 61.000
15.424 -6.323 76.784 137.000 142.000 53.000
15.424 -5.887 76.786 123.000 127.000 50.000
15.859 -9.372 76.793 153.000 153.000 72.000
15.859 -8.936 76.795 165.000 167.000 75.000
15.859 -8.500 76.796 175.000 176.000 80.000
15.859 -8.065 76.798 177.000 177.000 76.000
15.859 -7.629 76.800 176.000 177.000 73.000
15.859 -7.194 76.801 164.000 169.000 66.000
15.859 -6.758 76.803 150.000 156.000 56.000
15.859 -6.323 76.805 128.000 133.000 43.000
15.859 -5.887 76.806 108.000 113.000 40.000
16.294 -9.807 76.812 100.000 97.000 53.000
16.294 -9.372 76.813 152.000 152.000 76.000
16.294 -8.936 76.815 158.000 159.000 73.000
16.294 -8.501 76.817 161.000 161.000 71.000
16.294 -8.065 76.818 169.000 169.000 76.000
16.294 -7.630 76.820 154.000 155.000 66.000
16.294 -7.194 76.822 140.000 142.000 56.000
16.294 -6.759 76.823 127.000 130.000 42.000
16.294 -6.323 76.825 111.000 119.000 28.000
16.729 -9.372 76.834 150.000 148.000 79.000
16.729 -8.936 76.835 152.000 152.000 75.000
16.729 -8.501 76.837 151.000 152.000 71.000
16.729 -8.065 76.839 140.000 139.000 60.000
16.729 -7.630 76.840 132.000 133.000 54.000
16.729 -7.194 76.842 132.000 135.000 55.000
16.729 -6.759 76.844 129.000 131.000 52.000
17.164 -8.936 76.856 109.000 107.000 64.000
17.164 -8.501 76.857 84.000 83.000 43.000
17.164 -8.065 76.859 85.000 85.000 35.000
17.164 -7.630 76.861 115.000 116.000 54.000
17.164 -7.194 76.862 121.000 123.000 59.000
14.099 -7.631 77.154 149.000 154.000 77.000
14.099 -7.195 77.155 149.000 156.000 70.000
14.099 -6.760 77.157 111.000 117.000 45.000
14.534 -8.067 77.172 102.000 106.000 46.000
14.534 -7.631 77.174 160.000 166.000 71.000
14.534 -7.196 77.176 157.000 164.000 72.000
14.534 -6.760 77.177 135.000 141.000 63.000
14.534 -6.325 77.179 91.000 99.000 34.000
14.534 -5.889 77.181 74.000 83.000 24.000
14.969 -8.938 77.189 80.000 82.000 42.000
14.969 -8.502 77.191 118.000 121.000 55.000
14.969 -8.067 77.193 161.000 167.000 71.000
14.969 -7.631 77.194 170.000 174.000 75.000
14.969 -7.196 77.196 168.000 172.000 79.000
14.969 -6.760 77.198 151.000 157.000 69.000
14.969 -6.325 77.199 118.000 123.000 49.000
14.969 -5.889 77.201 105.000 111.000 40.000
15.404 -9.373 77.208 115.000 116.000 61.000
15.404 -8.938 77.210 167.000 169.000 81.000
15.404 -8.502 77.211 175.000 176.000 82.000
15.404 -8.067 77.213 178.000 178.000 76.000
15.404 -7.631 77.215 190.000 189.000 89.000
15.404 -7.196 77.216 175.000 177.000 81.000
15.404 -6.760 77.218 161.000 167.000 72.000
15.404 -6.325 77.220 130.000 135.000 51.000
15.404 -5.889 77.221 123.000 126.000 52.000
15.404 -5.454 77.223 100.000 106.000 43.000
15.839 -9.809 77.227 90.000 88.000 45.000
15.839 -9.373 77.228 159.000 159.000 74.000
15.839 -8.938 77.230 173.000 174.000 76.000
15.839 -8.502 77.231 184.000 182.000 82.000
15.839 -8.067 77.233 192.000 188.000 84.000
15.839 -7.631 77.235 187.000 184.000 93.000
15.839 -7.196 77.236 177.000 178.000 80.000
15.839 -6.760 77.238 160.000 166.000 70.000
15.839 -6.325 77.240 130.000 134.000 49.000
15.839 -5.889 77.241 115.000 118.000 49.000
15.839 -5.454 77.243 94.000 97.000 44.000
16.274 -9.809 77.247 133.000 130.000 66.000
16.274 -9.373 77.248 155.000 154.000 73.000
16.274 -8.938 77.250 166.000 165.000 73.000
16.274 -8.502 77.252 172.000 170.000 77.000
16.274 -8.067 77.253 175.000 172.000 77.000
16.274 -7.631 77.255 173.000 169.000 79.000
16.274 -7.196 77.257 162.000 163.000 71.000
16.274 -6.760 77.258 133.000 137.000 50.000
16.274 -6.325 77.260 127.000 129.000 46.000
16.274 -5.889 77.262 108.000 110.000 42.000
16.709 -9.809 77.267 91.000 88.000 49.000
16.709 -9.373 77.269 154.000 153.000 77.000
16.709 -8.938 77.270 161.000 161.000 76.000
16.709 -8.502 77.272 162.000 162.000 76.000
16.709 -8.067 77.274 160.000 159.000 70.000
16.709 -7.631 77.275 151.000 151.000 66.000
16.709 -7.196 77.277 140.000 141.000 59.000
16.709 -6.760 77.279 130.000 133.000 51.000
16.709 -6.325 77.280 124.000 126.000 43.000
17.144 -9.373 77.289 121.000 118.000 66.000
17.144 -8.938 77.291 151.000 150.000 79.000
17.144 -8.502 77.292 150.000 151.000 77.000
17.144 -8.067 77.294 141.000 141.000 67.000
17.144 -7.631 77.296 130.000 131.000 60.000
17.144 -7.196 77.297 123.000 124.000 57.000
17.144 -6.760 77.299 129.000 131.000 58.000
17.579 -8.067 77.314 82.000 82.000 41.000
17.579 -7.631 77.316 87.000 86.000 50.000
17.579 -7.196 77.317 84.000 83.000 51.000
17.579 -6.760 77.319 99.000 98.000 57.000
14.079 -7.633 77.589 115.000 119.000 60.000
14.078 -7.197 77.590 136.000 143.000 61.000
14.078 -6.762 77.592 104.000 111.000 39.000
14.078 -6.326 77.594 84.000 90.000 25.000
14.514 -8.068 77.607 107.000 111.000 48.000
14.514 -7.633 77.609 147.000 154.000 66.000
14.514 -7.197 77.611 157.000 164.000 78.000
14.513 -6.762 77.612 145.000 148.000 79.000
14.513 -6.326 77.614 113.000 113.000 57.000
14.513 -5.891 77.616 105.000 109.000 45.000
14.949 -8.504 77.626 136.000 142.000 62.000
14.949 -8.068 77.628 138.000 143.000 58.000
14.949 -7.633 77.629 163.000 168.000 70.000
14.949 -7.197 77.631 161.000 166.000 73.000
14.949 -6.762 77.633 151.000 157.000 69.000
14.948 -6.326 77.634 120.000 123.000 48.000
14.948 -5.891 77.636 111.000 116.000 43.000
14.948 -5.455 77.638 85.000 94.000 29.000
15.384 -8.939 77.645 145.000 149.000 73.000
15.384 -8.504 77.646 156.000 160.000 71.000
15.384 -8.068 77.648 144.000 146.000 58.000
15.384 -7.633 77.650 171.000 171.000 71.000
15.384 -7.197 77.651 166.000 169.000 72.000
15.384 -6.762 77.653 156.000 161.000 66.000
15.384 -6.326 77.655 128.000 132.000 46.000
15.383 -5.891 77.656 118.000 123.000 44.000
15.383 -5.455 77.658 104.000 111.000 42.000
15.819 -9.375 77.663 158.000 161.000 76.000
15.819 -8.939 77.665 176.000 179.000 78.000
15.819 -8.504 77.667 183.000 183.000 81.000
15.819 -8.068 77.668 177.000 175.000 73.000
15.819 -7.633 77.670 182.000 178.000 75.000
15.819 -7.197 77.671 171.000 173.000 73.000
15.819 -6.762 77.673 163.000 168.000 69.000
15.819 -6.326 77.675 130.000 136.000 46.000
15.819 -5.891 77.676 114.000 118.000 43.000
15.818 -5.455 77.678 105.000 108.000 47.000
16.254 -9.810 77.682 119.000 117.000 57.000
16.254 -9.375 77.683 153.000 154.000 69.000
16.254 -8.939 77.685 167.000 167.000 72.000
16.254 -8.504 77.687 174.000 172.000 78.000
16.254 -8.068 77.688 172.000 171.000 73.000
16.254 -7.633 77.690 179.000 178.000 79.000
16.254 -7.197 77.692 168.000 171.000 73.000
16.254 -6.762 77.693 148.000 153.000 59.000
16.254 -6.326 77.695 137.000 141.000 53.000
16.254 -5.891 77.697 109.000 111.000 47.000
16.689 -9.810 77.702 128.000 125.000 64.000
16.689 -9.375 77.704 153.000 152.000 72.000
16.689 -8.939 77.705 165.000 165.000 76.000
16.689 -8.504 77.707 171.000 172.000 80.000
16.689 -8.068 77.709 167.000 167.000 73.000
16.689 -7.633 77.710 166.000 166.000 73.000
16.689 -7.197 77.712 156.000 157.000 66.000
16.689 -6.762 77.714 137.000 139.000 53.000
16.689 -6.326 77.715 126.000 127.000 46.000
16.689 -5.891 77.717 92.000 93.000 40.000
17.124 -9.375 77.724 143.000 142.000 73.000
17.124 -8.939 77.726 157.000 157.000 80.000
17.124 -8.504 77.727 158.000 159.000 78.000
17.124 -8.068 77.729 156.000 158.000 75.000
17.124 -7.633 77.731 153.000 155.000 71.000
17.124 -7.197 77.732 142.000 145.000 66.000
17.124 -6.762 77.734 133.000 134.000 59.000
17.124 -6.326 77.736 126.000 127.000 53.000
17.124 -5.891 77.737 86.000 86.000 38.000
17.559 -8.939 77.746 88.000 88.000 53.000
17.559 -8.504 77.748 132.000 132.000 76.000
17.559 -8.068 77.749 131.000 131.000 68.000
17.559 -7.633 77.751 121.000 121.000 61.000
17.559 -7.197 77.752 122.000 123.000 64.000
17.559 -6.762 77.754 131.000 131.000 68.000
17.559 -6.326 77.756 113.000 112.000 60.000
14.058 -7.634 78.024 76.000 81.000 36.000
14.058 -7.199 78.026 111.000 118.000 51.000
14.058 -6.763 78.027 99.000 107.000 36.000
14.493 -8.070 78.042 119.000 125.000 56.000
14.493 -7.634 78.044 153.000 161.000 70.000
14.493 -7.199 78.046 154.000 160.000 78.000
14.493 -6.763 78.047 147.000 148.000 86.000
14.493 -6.328 78.049 110.000 110.000 52.000
14.493 -5.892 78.051 114.000 116.000 56.000
14.928 -8.505 78.061 135.000 142.000 59.000
14.928 -8.070 78.063 123.000 128.000 51.000
14.928 -7.634 78.064 164.000 168.000 70.000
14.928 -7.199 78.066 158.000 164.000 70.000
14.928 -6.763 78.068 140.000 144.000 59.000
14.928 -6.328 78.069 121.000 123.000 47.000
14.928 -5.892 78.071 109.000 115.000 39.000
14.928 -5.457 78.073 95.000 103.000 31.000
15.364 -8.941 78.080 116.000 119.000 57.000
15.363 -8.505 78.081 131.000 136.000 59.000
15.363 -8.070 78.083 136.000 138.000 54.000
15.363 -7.634 78.085 168.000 171.000 70.000
15.363 -7.199 78.086 163.000 167.000 68.000
15.363 -6.763 78.088 148.000 152.000 57.000
15.363 -6.328 78.090 127.000 133.000 43.000
15.363 -5.892 78.091 114.000 121.000 37.000
15.363 -5.457 78.093 99.000 108.000 36.000
15.799 -9.376 78.098 147.000 151.000 72.000
15.799 -8.941 78.100 165.000 169.000 72.000
15.799 -8.505 78.102 173.000 175.000 75.000
15.798 -8.070 78.103 173.000 173.000 70.000
15.798 -7.634 78.105 173.000 173.000 71.000
15.798 -7.199 78.107 165.000 169.000 65.000
15.798 -6.763 78.108 157.000 162.000 62.000
15.798 -6.328 78.110 130.000 138.000 43.000
15.798 -5.892 78.111 119.000 125.000 41.000
15.798 -5.457 78.113 100.000 107.000 38.000
16.234 -9.812 78.117 98.000 98.000 49.000
16.234 -9.377 78.118 153.000 155.000 65.000
16.234 -8.941 78.120 170.000 173.000 72.000
16.234 -8.505 78.122 178.000 177.000 79.000
16.234 -8.070 78.123 174.000 175.000 74.000
16.233 -7.634 78.125 172.000 174.000 72.000
16.233 -7.199 78.127 166.000 170.000 67.000
16.233 -6.763 78.128 154.000 158.000 61.000
16.233 -6.328 78.130 139.000 145.000 53.000
16.233 -5.892 78.132 113.000 116.000 47.000
16.669 -9.812 78.137 137.000 134.000 64.000
16.669 -9.377 78.139 154.000 154.000 68.000
16.669 -8.941 78.140 167.000 167.000 74.000
16.669 -8.506 78.142 174.000 174.000 79.000
16.669 -8.070 78.144 171.000 171.000 72.000
16.669 -7.635 78.145 171.000 172.000 74.000
16.668 -7.199 78.147 161.000 163.000 67.000
16.668 -6.764 78.149 143.000 147.000 57.000
16.668 -6.328 78.150 129.000 130.000 47.000
16.668 -5.892 78.152 92.000 92.000 39.000
17.104 -9.812 78.157 116.000 114.000 58.000
17.104 -9.377 78.159 151.000 150.000 75.000
17.104 -8.941 78.161 162.000 162.000 79.000
17.104 -8.506 78.162 167.000 168.000 81.000
17.104 -8.070 78.164 163.000 164.000 74.000
17.104 -7.635 78.166 160.000 161.000 71.000
17.104 -7.199 78.167 151.000 153.000 66.000
17.103 -6.764 78.169 142.000 143.000 60.000
17.103 -6.328 78.171 131.000 131.000 51.000
17.103 -5.893 78.172 86.000 86.000 38.000
17.539 -8.941 78.181 133.000 131.000 76.000
17.539 -8.506 78.183 142.000 142.000 79.000
17.539 -8.070 78.184 142.000 143.000 72.000
17.539 -7.635 78.186 138.000 139.000 68.000
17.539 -7.199 78.188 139.000 139.000 69.000
17.539 -6.764 78.189 144.000 144.000 71.000
17.538 -6.328 78.191 134.000 131.000 65.000
17.974 -8.070 78.204 83.000 81.000 52.000
17.974 -7.635 78.206 89.000 88.000 47.000
17.974 -7.199 78.208 94.000 91.000 58.000
17.974 -6.764 78.209 103.000 100.000 63.000
14.038 -7.200 78.461 103.000 111.000 41.000
14.038 -6.765 78.462 103.000 111.000 34.000
14.473 -7.636 78.479 139.000 145.000 68.000
14.473 -7.200 78.481 135.000 139.000 63.000
14.473 -6.765 78.482 113.000 114.000 53.000
14.473 -6.329 78.484 115.000 112.000 57.000
14.908 -8.507 78.496 90.000 95.000 38.000
14.908 -8.072 78.498 120.000 125.000 53.000
14.908 -7.636 78.499 162.000 168.000 73.000
14.908 -7.201 78.501 159.000 165.000 72.000
14.908 -6.765 78.503 131.000 136.000 55.000
14.908 -6.330 78.504 115.000 118.000 41.000
14.908 -5.894 78.506 107.000 114.000 38.000
14.908 -5.458 78.508 86.000 95.000 25.000
15.343 -8.943 78.515 111.000 113.000 56.000
15.343 -8.507 78.516 124.000 129.000 54.000
15.343 -8.072 78.518 164.000 167.000 69.000
15.343 -7.636 78.520 169.000 173.000 72.000
15.343 -7.201 78.521 164.000 170.000 68.000
15.343 -6.765 78.523 149.000 156.000 58.000
15.343 -6.330 78.525 129.000 136.000 44.000
15.343 -5.894 78.526 108.000 116.000 35.000
15.343 -5.459 78.528 76.000 88.000 21.000
15.778 -9.378 78.533 108.000 110.000 59.000
15.778 -8.943 78.535 173.000 176.000 84.000
15.778 -8.507 78.537 179.000 180.000 82.000
15.778 -8.072 78.538 177.000 177.000 78.000
15.778 -7.636 78.540 172.000 175.000 72.000
15.778 -7.201 78.542 165.000 171.000 64.000
15.778 -6.765 78.543 152.000 159.000 55.000
15.778 -6.330 78.545 130.000 138.000 43.000
15.778 -5.894 78.547 114.000 120.000 38.000
15.778 -5.459 78.548 91.000 101.000 31.000
16.213 -9.378 78.554 160.000 164.000 74.000
16.213 -8.943 78.555 175.000 178.000 76.000
16.213 -8.507 78.557 180.000 180.000 80.000
16.213 -8.072 78.558 177.000 177.000 76.000
16.213 -7.636 78.560 173.000 176.000 70.000
16.213 -7.201 78.562 164.000 169.000 62.000
16.213 -6.765 78.563 154.000 160.000 57.000
16.213 -6.330 78.565 132.000 138.000 46.000
16.213 -5.894 78.567 111.000 114.000 44.000
16.213 -5.459 78.568 86.000 88.000 40.000
16.648 -9.814 78.572 113.000 112.000 51.000
16.648 -9.378 78.574 154.000 156.000 66.000
16.648 -8.943 78.575 169.000 171.000 72.000
16.648 -8.507 78.577 177.000 178.000 80.000
16.648 -8.072 78.579 177.000 178.000 75.000
16.648 -7.636 78.580 176.000 177.000 72.000
16.648 -7.201 78.582 167.000 170.000 67.000
16.648 -6.765 78.584 149.000 153.000 58.000
16.648 -6.330 78.585 138.000 140.000 52.000
16.648 -5.894 78.587 106.000 107.000 47.000
17.083 -9.814 78.592 109.000 107.000 50.000
17.083 -9.378 78.594 149.000 148.000 68.000
17.083 -8.943 78.596 165.000 166.000 77.000
17.083 -8.507 78.597 173.000 173.000 83.000
17.083 -8.072 78.599 169.000 170.000 74.000
17.083 -7.636 78.601 167.000 169.000 72.000
17.083 -7.201 78.602 160.000 162.000 69.000
17.083 -6.765 78.604 155.000 158.000 68.000
17.083 -6.330 78.606 137.000 137.000 53.000
17.083 -5.894 78.607 92.000 92.000 39.000
17.518 -9.378 78.614 102.000 101.000 56.000
17.518 -8.943 78.616 149.000 147.000 82.000
17.518 -8.507 78.618 152.000 151.000 82.000
17.518 -8.072 78.619 146.000 145.000 73.000
17.518 -7.636 78.621 144.000 145.000 70.000
17.518 -7.201 78.623 147.000 147.000 71.000
17.518 -6.765 78.624 153.000 154.000 75.000
17.518 -6.330 78.626 139.000 138.000 65.000
17.953 -8.507 78.638 96.000 94.000 61.000
17.953 -8.072 78.640 117.000 113.000 69.000
17.953 -7.636 78.641 121.000 119.000 66.000
17.953 -7.201 78.643 128.000 126.000 71.000
17.953 -6.765 78.644 145.000 142.000 87.000
17.953 -6.330 78.646 91.000 88.000 55.000
14.018 -7.202 78.896 113.000 121.000 45.000
14.453 -7.638 78.914 101.000 103.000 53.000
14.453 -7.202 78.916 126.000 129.000 67.000
14.453 -6.767 78.917 99.000 103.000 41.000
14.453 -6.331 78.919 126.000 125.000 65.000
14.888 -8.073 78.933 93.000 95.000 46.000
14.888 -7.638 78.934 155.000 158.000 73.000
14.888 -7.202 78.936 153.000 158.000 73.000
14.888 -6.767 78.938 128.000 132.000 55.000
14.888 -6.331 78.939 126.000 128.000 51.000
14.888 -5.896 78.941 124.000 127.000 52.000
14.888 -5.460 78.943 88.000 93.000 38.000
15.323 -8.509 78.951 118.000 120.000 58.000
15.323 -8.073 78.953 159.000 163.000 71.000
15.323 -7.638 78.955 166.000 171.000 74.000
15.323 -7.202 78.956 161.000 167.000 70.000
15.323 -6.767 78.958 150.000 156.000 62.000
15.323 -6.331 78.960 129.000 134.000 45.000
15.323 -5.896 78.961 119.000 124.000 42.000
15.323 -5.460 78.963 86.000 95.000 28.000
15.323 -5.025 78.965 73.000 82.000 28.000
15.758 -8.944 78.970 157.000 159.000 84.000
15.758 -8.509 78.972 173.000 175.000 82.000
15.758 -8.073 78.973 170.000 173.000 74.000
15.758 -7.638 78.975 170.000 174.000 72.000
15.758 -7.202 78.977 162.000 168.000 65.000
15.758 -6.767 78.978 152.000 158.000 58.000
15.758 -6.331 78.980 134.000 139.000 45.000
15.758 -5.896 78.982 117.000 123.000 41.000
15.758 -5.460 78.983 88.000 95.000 34.000
16.193 -9.380 78.989 168.000 170.000 94.000
16.193 -8.944 78.990 188.000 190.000 96.000
16.193 -8.509 78.992 188.000 190.000 92.000
16.193 -8.073 78.994 179.000 179.000 79.000
16.193 -7.638 78.995 173.000 176.000 72.000
16.193 -7.202 78.997 160.000 165.000 61.000
16.193 -6.767 78.998 145.000 148.000 52.000
16.193 -6.331 79.000 128.000 131.000 46.000
16.193 -5.896 79.002 82.000 84.000 33.000
16.628 -9.815 79.007 113.000 112.000 61.000
16.628 -9.380 79.009 160.000 161.000 75.000
16.628 -8.944 79.010 173.000 175.000 77.000
16.628 -8.509 79.012 179.000 181.000 79.000
16.628 -8.073 79.014 172.000 174.000 70.000
16.628 -7.638 79.015 178.000 182.000 72.000
16.628 -7.202 79.017 165.000 169.000 64.000
16.628 -6.767 79.019 148.000 150.000 56.000
16.628 -6.331 79.020 138.000 139.000 51.000
16.628 -5.896 79.022 107.000 107.000 49.000
16.628 -5.460 79.024 82.000 82.000 45.000
17.063 -9.815 79.027 102.000 102.000 51.000
17.063 -9.380 79.029 157.000 157.000 71.000
17.063 -8.944 79.031 166.000 167.000 73.000
17.063 -8.509 79.032 173.000 174.000 75.000
17.063 -8.073 79.034 171.000 172.000 70.000
17.063 -7.638 79.036 170.000 172.000 67.000
17.063 -7.202 79.037 163.000 166.000 66.000
17.063 -6.767 79.039 157.000 161.000 68.000
17.063 -6.331 79.041 136.000 137.000 53.000
17.063 -5.896 79.042 105.000 105.000 46.000
17.498 -9.380 79.049 141.000 139.000 72.000
17.498 -8.944 79.051 160.000 159.000 82.000
17.498 -8.509 79.053 163.000 164.000 82.000
17.498 -8.073 79.054 161.000 161.000 76.000
17.498 -7.638 79.056 155.000 155.000 67.000
17.498 -7.202 79.058 154.000 155.000 70.000
17.498 -6.767 79.059 159.000 161.000 81.000
17.498 -6.331 79.061 132.000 132.000 60.000
17.933 -8.944 79.071 104.000 102.000 62.000
17.933 -8.509 79.073 126.000 124.000 73.000
17.933 -8.073 79.075 138.000 136.000 73.000
17.933 -7.638 79.076 137.000 136.000 67.000
17.933 -7.202 79.078 138.000 137.000 72.000
17.933 -6.767 79.079 137.000 135.000 81.000
17.933 -6.331 79.081 86.000 83.000 52.000
13.997 -7.204 79.331 104.000 111.000 47.000
14.868 -8.075 79.368 95.000 98.000 52.000
14.868 -7.639 79.369 141.000 144.000 76.000
14.868 -7.204 79.371 123.000 127.000 64.000
14.868 -6.768 79.373 103.000 107.000 47.000
14.867 -6.333 79.374 90.000 97.000 29.000
15.303 -8.510 79.386 99.000 100.000 51.000
15.303 -8.075 79.388 146.000 147.000 69.000
15.303 -7.639 79.390 167.000 171.000 81.000
15.303 -7.204 79.391 163.000 168.000 77.000
15.303 -6.768 79.393 151.000 155.000 66.000
15.303 -6.333 79.395 125.000 130.000 46.000
15.302 -5.897 79.396 109.000 116.000 39.000
15.738 -8.946 79.405 155.000 157.000 89.000
15.738 -8.510 79.407 170.000 173.000 90.000
15.738 -8.075 79.408 166.000 168.000 75.000
15.738 -7.639 79.410 167.000 169.000 72.000
15.738 -7.204 79.412 162.000 166.000 70.000
15.738 -6.768 79.413 153.000 156.000 63.000
15.738 -6.333 79.415 144.000 149.000 55.000
15.738 -5.897 79.417 137.000 141.000 55.000
15.737 -5.462 79.418 105.000 111.000 41.000
16.173 -9.381 79.424 98.000 99.000 56.000
16.173 -8.946 79.425 184.000 185.000 98.000
16.173 -8.510 79.427 187.000 188.000 94.000
16.173 -8.075 79.429 175.000 176.000 77.000
16.173 -7.639 79.430 173.000 174.000 69.000
16.173 -7.204 79.432 160.000 162.000 63.000
16.173 -6.768 79.434 151.000 154.000 59.000
16.173 -6.333 79.435 138.000 140.000 53.000
16.173 -5.897 79.437 93.000 93.000 39.000
16.173 -5.462 79.438 85.000 85.000 42.000
16.608 -9.382 79.444 164.000 165.000 82.000
16.608 -8.946 79.446 172.000 173.000 76.000
16.608 -8.510 79.447 181.000 182.000 79.000
16.608 -8.075 79.449 184.000 184.000 77.000
16.608 -7.639 79.450 181.000 183.000 71.000
16.608 -7.204 79.452 168.000 172.000 67.000
16.608 -6.768 79.454 152.000 154.000 59.000
16.608 -6.333 79.455 128.000 128.000 51.000
16.608 -5.897 79.457 108.000 107.000 50.000
16.608 -5.462 79.459 107.000 105.000 57.000
17.043 -9.817 79.462 91.000 90.000 50.000
17.043 -9.382 79.464 161.000 161.000 75.000
17.043 -8.946 79.466 169.000 170.000 73.000
17.043 -8.511 79.467 177.000 179.000 76.000
17.043 -8.075 79.469 183.000 185.000 75.000
17.043 -7.640 79.471 178.000 181.000 68.000
17.043 -7.204 79.472 166.000 169.000 65.000
17.043 -6.769 79.474 152.000 154.000 63.000
17.043 -6.333 79.476 136.000 136.000 54.000
17.043 -5.897 79.477 112.000 110.000 51.000
17.043 -5.462 79.479 92.000 89.000 49.000
17.478 -9.382 79.484 147.000 144.000 74.000
17.478 -8.946 79.486 164.000 162.000 81.000
17.478 -8.511 79.488 170.000 169.000 84.000
17.478 -8.075 79.489 165.000 167.000 74.000
17.478 -7.640 79.491 160.000 162.000 65.000
17.478 -7.204 79.493 151.000 153.000 65.000
17.478 -6.769 79.494 153.000 155.000 73.000
17.478 -6.333 79.496 133.000 132.000 60.000
17.913 -8.946 79.506 118.000 113.000 64.000
17.913 -8.511 79.508 154.000 151.000 89.000
17.913 -8.075 79.510 145.000 144.000 76.000
17.913 -7.640 79.511 142.000 142.000 66.000
17.913 -7.204 79.513 141.000 142.000 68.000
17.913 -6.769 79.515 138.000 138.000 76.000
17.913 -6.333 79.516 100.000 99.000 58.000
13.977 -7.641 79.764 100.000 105.000 51.000
14.847 -7.641 79.804 85.000 86.000 49.000
14.847 -6.770 79.808 95.000 100.000 38.000
14.847 -6.334 79.809 77.000 83.000 27.000
15.282 -7.641 79.825 119.000 120.000 72.000
15.282 -7.206 79.826 155.000 157.000 78.000
15.282 -6.770 79.828 148.000 151.000 72.000
15.282 -6.335 79.830 120.000 125.000 49.000
15.282 -5.899 79.831 101.000 106.000 45.000
15.717 -8.512 79.842 143.000 145.000 80.000
15.717 -8.077 79.843 150.000 150.000 74.000
15.717 -7.641 79.845 168.000 169.000 81.000
15.717 -7.206 79.847 163.000 165.000 77.000
15.717 -6.770 79.848 155.000 156.000 70.000
15.717 -6.335 79.850 145.000 148.000 62.000
15.717 -5.899 79.852 125.000 128.000 53.000
15.717 -5.464 79.853 104.000 109.000 42.000
16.153 -9.383 79.859 89.000 88.000 50.000
16.153 -8.948 79.860 164.000 163.000 90.000
16.153 -8.512 79.862 180.000 178.000 94.000
16.152 -8.077 79.864 168.000 169.000 77.000
16.152 -7.641 79.865 165.000 165.000 68.000
16.152 -7.206 79.867 159.000 159.000 63.000
16.152 -6.770 79.869 159.000 160.000 67.000
16.152 -6.335 79.870 151.000 152.000 66.000
16.152 -5.899 79.872 142.000 142.000 66.000
16.152 -5.464 79.874 125.000 124.000 60.000
16.588 -9.383 79.879 140.000 139.000 76.000
16.588 -8.948 79.881 179.000 180.000 88.000
16.588 -8.512 79.882 189.000 190.000 93.000
16.588 -8.077 79.884 184.000 184.000 82.000
16.587 -7.641 79.886 180.000 181.000 75.000
16.587 -7.206 79.887 166.000 168.000 66.000
16.587 -6.770 79.889 159.000 162.000 66.000
16.587 -6.335 79.890 147.000 147.000 62.000
16.587 -5.899 79.892 142.000 140.000 66.000
16.587 -5.464 79.894 121.000 119.000 62.000
17.023 -9.383 79.899 158.000 156.000 79.000
17.023 -8.948 79.901 170.000 169.000 77.000
17.023 -8.512 79.902 179.000 179.000 81.000
17.023 -8.077 79.904 180.000 182.000 76.000
17.023 -7.641 79.906 176.000 177.000 69.000
17.022 -7.206 79.907 166.000 168.000 67.000
17.022 -6.770 79.909 162.000 164.000 69.000
17.022 -6.335 79.911 149.000 149.000 63.000
17.022 -5.899 79.912 127.000 125.000 57.000
17.022 -5.464 79.914 111.000 109.000 58.000
17.458 -9.383 79.919 147.000 142.000 76.000
17.458 -8.948 79.921 164.000 162.000 81.000
17.458 -8.512 79.923 172.000 171.000 86.000
17.458 -8.077 79.924 170.000 171.000 79.000
17.458 -7.641 79.926 160.000 160.000 65.000
17.458 -7.206 79.928 147.000 147.000 63.000
17.457 -6.770 79.929 158.000 159.000 76.000
17.457 -6.335 79.931 143.000 142.000 66.000
17.457 -5.899 79.933 100.000 98.000 47.000
17.893 -8.948 79.941 137.000 132.000 74.000
17.893 -8.512 79.943 151.000 148.000 85.000
17.893 -8.077 79.945 151.000 149.000 78.000
17.893 -7.641 79.946 146.000 144.000 67.000
17.893 -7.206 79.948 131.000 130.000 62.000
17.893 -6.770 79.950 129.000 127.000 74.000
17.892 -6.335 79.951 97.000 96.000 54.000
13.957 -7.643 80.199 132.000 136.000 72.000
14.392 -6.772 80.223 87.000 93.000 39.000
15.262 -6.772 80.263 128.000 127.000 59.000
15.262 -6.336 80.265 77.000 80.000 32.000
15.697 -8.514 80.277 84.000 84.000 53.000
15.697 -7.207 80.282 132.000 131.000 79.000
15.697 -6.772 80.283 143.000 141.000 79.000
15.697 -6.336 80.285 146.000 147.000 73.000
15.697 -5.901 80.287 109.000 112.000 51.000
15.697 -5.465 80.288 79.000 82.000 33.000
16.132 -8.949 80.295 90.000 89.000 53.000
16.132 -8.514 80.297 126.000 123.000 76.000
16.132 -8.078 80.299 153.000 152.000 77.000
16.132 -7.643 80.300 158.000 157.000 71.000
16.132 -7.207 80.302 157.000 157.000 69.000
16.132 -6.772 80.304 162.000 164.000 79.000
16.132 -6.336 80.305 164.000 165.000 84.000
16.132 -5.901 80.307 148.000 149.000 71.000
16.132 -5.465 80.309 102.000 104.000 42.000
16.567 -8.949 80.316 166.000 164.000 91.000
16.567 -8.514 80.317 191.000 189.000 108.000
16.567 -8.078 80.319 176.000 175.000 86.000
16.567 -7.643 80.321 170.000 169.000 75.000
16.567 -7.207 80.322 163.000 164.000 70.000
16.567 -6.772 80.324 165.000 165.000 73.000
16.567 -6.336 80.326 161.000 161.000 75.000
16.567 -5.901 80.327 150.000 149.000 70.000
16.567 -5.465 80.329 133.000 133.000 64.000
17.002 -9.385 80.334 110.000 107.000 64.000
17.002 -8.949 80.336 170.000 169.000 89.000
17.002 -8.514 80.337 177.000 177.000 91.000
17.002 -8.078 80.339 176.000 176.000 85.000
17.002 -7.643 80.341 172.000 172.000 76.000
17.002 -7.207 80.342 166.000 166.000 71.000
17.002 -6.772 80.344 167.000 167.000 74.000
17.002 -6.336 80.346 162.000 162.000 73.000
17.002 -5.901 80.347 153.000 152.000 72.000
17.002 -5.465 80.349 93.000 93.000 43.000
17.437 -9.385 80.354 128.000 123.000 73.000
17.437 -8.949 80.356 160.000 157.000 85.000
17.437 -8.514 80.358 168.000 167.000 90.000
17.437 -8.078 80.359 168.000 168.000 85.000
17.437 -7.643 80.361 160.000 158.000 72.000
17.437 -7.207 80.363 156.000 153.000 70.000
17.437 -6.772 80.364 163.000 162.000 81.000
17.437 -6.336 80.366 155.000 154.000 76.000
17.437 -5.901 80.368 108.000 107.000 56.000
17.872 -8.949 80.376 128.000 124.000 71.000
17.872 -8.514 80.378 148.000 145.000 85.000
17.872 -8.078 80.380 152.000 149.000 79.000
17.872 -7.643 80.381 131.000 128.000 59.000
17.872 -7.207 80.383 121.000 118.000 55.000
17.872 -6.772 80.385 107.000 104.000 63.000
13.937 -7.644 80.634 128.000 130.000 76.000
16.112 -7.644 80.735 97.000 95.000 48.000
16.112 -7.209 80.737 128.000 126.000 70.000
16.112 -6.773 80.739 189.000 187.000 120.000
16.112 -6.338 80.740 176.000 176.000 100.000
16.112 -5.902 80.742 114.000 116.000 53.000
16.547 -8.515 80.752 133.000 130.000 78.000
16.547 -8.080 80.754 155.000 150.000 82.000
16.547 -7.644 80.756 163.000 160.000 82.000
16.547 -7.209 80.757 164.000 163.000 82.000
16.547 -6.773 80.759 180.000 177.000 99.000
16.547 -6.338 80.761 179.000 178.000 96.000
16.547 -5.902 80.762 157.000 157.000 76.000
16.547 -5.467 80.764 107.000 109.000 45.000
16.982 -8.951 80.771 133.000 129.000 77.000
16.982 -8.515 80.773 169.000 166.000 94.000
16.982 -8.080 80.774 169.000 167.000 91.000
16.982 -7.644 80.776 165.000 163.000 81.000
16.982 -7.209 80.777 167.000 165.000 79.000
16.982 -6.773 80.779 174.000 173.000 87.000
16.982 -6.338 80.781 169.000 168.000 79.000
16.982 -5.902 80.782 161.000 160.000 76.000
17.417 -8.951 80.791 135.000 132.000 79.000
17.417 -8.516 80.793 165.000 163.000 95.000
17.417 -8.080 80.794 165.000 163.000 91.000
17.417 -7.645 80.796 163.000 160.000 81.000
17.417 -7.209 80.798 162.000 160.000 78.000
17.417 -6.774 80.799 167.000 166.000 84.000
17.417 -6.338 80.801 165.000 163.000 83.000
17.852 -8.951 80.811 95.000 91.000 55.000
17.852 -8.516 80.813 140.000 136.000 85.000
17.852 -8.080 80.815 153.000 149.000 85.000
17.852 -7.645 80.816 145.000 140.000 73.000
17.852 -7.209 80.818 145.000 140.000 74.000
17.852 -6.774 80.820 99.000 96.000 57.000
16.527 -7.646 81.191 126.000 122.000 75.000
16.527 -7.211 81.192 161.000 157.000 91.000
16.527 -6.775 81.194 172.000 170.000 99.000
16.527 -6.340 81.196 165.000 161.000 85.000
16.527 -5.904 81.197 98.000 96.000 43.000
16.962 -8.082 81.209 125.000 120.000 76.000
16.962 -7.646 81.211 163.000 159.000 94.000
16.962 -7.211 81.213 173.000 169.000 98.000
16.962 -6.775 81.214 177.000 175.000 99.000
16.962 -6.340 81.216 171.000 167.000 84.000
16.962 -5.904 81.217 137.000 133.000 62.000
17.397 -8.082 81.229 132.000 126.000 84.000
17.397 -7.646 81.231 163.000 157.000 102.000
17.397 -7.211 81.233 170.000 166.000 100.000
17.397 -6.775 81.234 174.000 169.000 99.000
17.397 -6.340 81.236 170.000 166.000 90.000
17.397 -5.904 81.238 94.000 90.000 40.000
17.832 -8.082 81.250 103.000 97.000 69.000
16.941 -7.212 81.648 166.000 160.000 111.000
16.941 -6.777 81.649 197.000 192.000 136.000
16.941 -6.341 81.651 167.000 162.000 93.000
17.377 -7.212 81.668 186.000 179.000 133.000
17.376 -6.777 81.669 203.000 199.000 150.000
17.376 -6.341 81.671 186.000 181.000 115.000
17.812 -6.777 81.690 166.000 159.000 115.000
17.811 -6.341 81.691 134.000 125.000 73.000
17.356 -6.778 82.104 151.000 144.000 120.000
17.356 -6.343 82.106 96.000 91.000 55.000
17.791 -6.779 82.125 112.000 106.000 86.000
