-9.439 -3.154 88.228 76.000 92.000 44.000
-9.432 -3.953 88.632 75.000 82.000 51.000
-9.432 -3.553 88.630 138.000 154.000 92.000
-9.432 -3.153 88.628 122.000 141.000 74.000
-9.032 -3.553 88.623 93.000 104.000 62.000
-9.032 -3.153 88.621 112.000 130.000 68.000
-9.032 -2.752 88.619 64.000 83.000 33.000
-9.825 -3.551 89.037 122.000 146.000 69.000
-9.825 -3.151 89.035 94.000 121.000 47.000
-9.425 -3.951 89.032 99.000 109.000 68.000
-9.425 -3.551 89.030 128.000 144.000 83.000
-9.425 -3.151 89.028 102.000 125.000 57.000
-9.425 -2.750 89.026 76.000 102.000 36.000
-9.025 -3.551 89.023 97.000 108.000 65.000
-9.025 -3.151 89.021 91.000 107.000 57.000
-10.218 -3.149 89.443 69.000 89.000 34.000
-9.818 -3.950 89.439 84.000 104.000 48.000
-9.818 -3.549 89.437 106.000 132.000 55.000
-9.818 -3.149 89.436 91.000 119.000 42.000
-9.418 -3.950 89.432 92.000 107.000 57.000
-9.418 -3.549 89.430 121.000 143.000 70.000
-9.418 -3.149 89.429 88.000 112.000 44.000
-9.418 -2.749 89.427 72.000 96.000 33.000
-9.017 -3.549 89.423 90.000 106.000 53.000
-10.211 -3.948 89.847 80.000 99.000 43.000
-10.211 -3.547 89.845 94.000 117.000 47.000
-10.211 -3.147 89.843 83.000 106.000 38.000
-9.811 -3.948 89.840 102.000 127.000 55.000
-9.811 -3.547 89.838 113.000 141.000 56.000
-9.811 -3.147 89.836 104.000 133.000 47.000
-9.811 -2.747 89.834 89.000 118.000 39.000
-9.411 -3.948 89.833 96.000 115.000 56.000
-9.411 -3.547 89.831 129.000 151.000 72.000
-9.411 -3.147 89.829 90.000 112.000 45.000
-9.411 -2.747 89.827 69.000 93.000 30.000
-10.604 -3.546 90.252 119.000 140.000 65.000
-10.604 -3.145 90.250 121.000 144.000 62.000
-10.204 -4.346 90.249 90.000 106.000 54.000
-10.204 -3.946 90.247 139.000 159.000 79.000
-10.204 -3.546 90.245 152.000 174.000 82.000
-10.204 -3.145 90.243 127.000 151.000 60.000
-10.204 -2.745 90.241 134.000 160.000 63.000
-9.804 -4.346 90.242 96.000 114.000 56.000
-9.804 -3.946 90.240 159.000 181.000 91.000
-9.804 -3.546 90.238 165.000 187.000 91.000
-9.804 -3.145 90.236 146.000 172.000 73.000
-9.804 -2.745 90.234 113.000 142.000 51.000
-9.804 -2.344 90.233 91.000 120.000 40.000
-9.403 -3.946 90.233 132.000 152.000 78.000
-9.403 -3.546 90.231 168.000 188.000 101.000
-9.404 -3.145 90.229 121.000 142.000 66.000
-9.404 -2.745 90.227 79.000 104.000 36.000
-9.404 -2.345 90.225 63.000 87.000 25.000
-10.998 -3.143 90.658 128.000 150.000 65.000
-10.597 -4.344 90.656 90.000 107.000 53.000
-10.597 -3.944 90.654 116.000 138.000 62.000
-10.597 -3.544 90.653 130.000 151.000 71.000
-10.597 -3.143 90.651 153.000 173.000 84.000
-10.597 -2.743 90.649 159.000 179.000 90.000
-10.197 -4.344 90.649 151.000 164.000 108.000
-10.197 -3.944 90.647 166.000 185.000 99.000
-10.197 -3.544 90.645 173.000 192.000 103.000
-10.197 -3.143 90.644 184.000 202.000 117.000
-10.197 -2.743 90.642 177.000 195.000 111.000
-10.197 -2.343 90.640 123.000 139.000 72.000
-9.797 -4.344 90.642 175.000 191.000 119.000
-9.797 -3.944 90.640 182.000 199.000 116.000
-9.797 -3.544 90.638 181.000 199.000 108.000
-9.797 -3.143 90.637 170.000 190.000 96.000
-9.797 -2.743 90.635 160.000 182.000 88.000
-9.396 -4.344 90.635 127.000 145.000 81.000
-9.396 -3.944 90.633 184.000 200.000 125.000
-9.396 -3.544 90.631 187.000 203.000 123.000
-9.396 -3.143 90.629 147.000 168.000 83.000
-9.396 -2.743 90.628 84.000 104.000 41.000
-10.990 -3.942 91.062 84.000 102.000 44.000
-10.990 -3.542 91.060 101.000 124.000 49.000
-10.990 -3.141 91.058 133.000 158.000 63.000
-10.990 -2.741 91.056 167.000 187.000 90.000
-10.590 -4.343 91.057 130.000 150.000 80.000
-10.590 -3.942 91.055 151.000 170.000 86.000
-10.590 -3.542 91.053 162.000 181.000 90.000
-10.590 -3.141 91.051 174.000 193.000 100.000
-10.590 -2.741 91.049 180.000 198.000 105.000
-10.590 -2.341 91.047 175.000 192.000 103.000
-10.190 -4.743 91.051 134.000 147.000 92.000
-10.190 -4.343 91.049 165.000 183.000 108.000
-10.190 -3.942 91.048 180.000 196.000 115.000
-10.190 -3.542 91.046 187.000 202.000 119.000
-10.190 -3.141 91.044 194.000 210.000 126.000
-10.190 -2.741 91.042 196.000 212.000 128.000
-10.190 -2.341 91.040 164.000 179.000 108.000
-9.790 -4.743 91.044 126.000 140.000 80.000
-9.790 -4.343 91.042 189.000 204.000 131.000
-9.790 -3.942 91.040 191.000 205.000 123.000
-9.790 -3.542 91.039 193.000 207.000 123.000
-9.790 -3.141 91.037 189.000 206.000 117.000
-9.790 -2.741 91.035 184.000 202.000 113.000
-9.790 -2.341 91.033 76.000 89.000 39.000
-9.790 -1.940 91.031 107.000 130.000 55.000
-9.389 -4.343 91.035 171.000 188.000 116.000
-9.389 -3.942 91.033 182.000 199.000 117.000
-9.389 -3.542 91.032 190.000 206.000 126.000
-9.389 -3.142 91.030 171.000 189.000 107.000
-9.389 -2.741 91.028 82.000 94.000 48.000
-11.384 -3.540 91.467 62.000 81.000 25.000
-11.384 -3.140 91.466 90.000 117.000 35.000
-11.384 -2.739 91.464 142.000 168.000 64.000
-10.983 -4.341 91.464 94.000 105.000 61.000
-10.983 -3.940 91.462 85.000 102.000 45.000
-10.983 -3.540 91.460 109.000 132.000 53.000
-10.983 -3.140 91.458 151.000 174.000 75.000
-10.983 -2.739 91.457 159.000 182.000 81.000
-10.983 -2.339 91.455 174.000 195.000 94.000
-10.583 -4.741 91.459 95.000 111.000 60.000
-10.583 -4.341 91.457 143.000 162.000 90.000
-10.583 -3.940 91.455 166.000 184.000 103.000
-10.583 -3.540 91.453 179.000 196.000 110.000
-10.583 -3.140 91.451 175.000 195.000 101.000
-10.583 -2.739 91.449 183.000 202.000 109.000
-10.583 -2.339 91.448 183.000 200.000 112.000
-10.583 -1.939 91.446 183.000 202.000 109.000
-10.183 -5.141 91.453 96.000 104.000 70.000
-10.183 -4.741 91.452 159.000 176.000 108.000
-10.183 -4.341 91.450 148.000 169.000 93.000
-10.183 -3.940 91.448 179.000 194.000 119.000
-10.183 -3.540 91.446 184.000 200.000 119.000
-10.183 -3.140 91.444 191.000 208.000 123.000
-10.183 -2.739 91.442 195.000 211.000 127.000
-10.183 -2.339 91.440 134.000 147.000 85.000
-10.183 -1.939 91.439 175.000 194.000 104.000
-9.782 -4.741 91.444 177.000 191.000 124.000
-9.782 -4.341 91.443 180.000 196.000 120.000
-9.782 -3.940 91.441 195.000 209.000 133.000
-9.782 -3.540 91.439 196.000 211.000 131.000
-9.782 -3.140 91.437 195.000 211.000 128.000
-9.782 -2.739 91.435 164.000 180.000 103.000
-9.783 -2.339 91.433 78.000 86.000 49.000
-9.783 -1.939 91.432 131.000 148.000 81.000
-9.382 -4.341 91.436 152.000 167.000 100.000
-9.382 -3.940 91.434 176.000 190.000 120.000
-9.382 -3.540 91.432 184.000 200.000 124.000
-9.382 -3.140 91.430 138.000 154.000 83.000
-11.777 -2.737 91.871 69.000 89.000 32.000
-11.377 -3.538 91.868 69.000 87.000 35.000
-11.377 -3.138 91.866 85.000 110.000 34.000
-11.377 -2.737 91.864 154.000 177.000 75.000
-11.377 -2.337 91.862 173.000 194.000 93.000
-10.976 -4.739 91.866 110.000 129.000 64.000
-10.976 -4.339 91.864 137.000 155.000 83.000
-10.976 -3.938 91.862 148.000 168.000 84.000
-10.976 -3.538 91.861 138.000 160.000 71.000
-10.976 -3.138 91.859 143.000 167.000 70.000
-10.976 -2.737 91.857 160.000 183.000 82.000
-10.976 -2.337 91.855 172.000 194.000 92.000
-10.976 -1.937 91.853 173.000 194.000 93.000
-10.576 -5.140 91.861 118.000 136.000 74.000
-10.576 -4.739 91.859 150.000 170.000 91.000
-10.576 -4.339 91.857 159.000 177.000 99.000
-10.576 -3.938 91.855 174.000 192.000 107.000
-10.576 -3.538 91.853 180.000 198.000 110.000
-10.576 -3.138 91.852 171.000 191.000 99.000
-10.576 -2.737 91.850 175.000 195.000 103.000
-10.576 -2.337 91.848 177.000 197.000 104.000
-10.576 -1.937 91.846 181.000 200.000 107.000
-10.176 -5.140 91.854 153.000 166.000 110.000
-10.176 -4.739 91.852 164.000 181.000 111.000
-10.176 -4.339 91.850 166.000 184.000 108.000
-10.176 -3.938 91.848 191.000 207.000 131.000
-10.176 -3.538 91.846 205.000 219.000 148.000
-10.176 -3.138 91.844 200.000 215.000 138.000
-10.176 -2.737 91.843 174.000 188.000 120.000
-10.176 -2.337 91.841 110.000 120.000 73.000
-10.176 -1.937 91.839 142.000 154.000 97.000
-10.176 -1.536 91.837 186.000 202.000 116.000
-9.775 -5.140 91.847 134.000 141.000 106.000
-9.775 -4.739 91.845 195.000 208.000 146.000
-9.775 -4.339 91.843 180.000 196.000 123.000
-9.775 -3.938 91.841 204.000 217.000 146.000
-9.775 -3.538 91.839 206.000 220.000 145.000
-9.775 -3.138 91.837 179.000 197.000 109.000
-9.775 -2.737 91.836 126.000 141.000 79.000
-9.775 -1.937 91.832 75.000 85.000 44.000
-9.375 -4.739 91.838 80.000 87.000 54.000
-9.375 -4.339 91.836 96.000 106.000 62.000
-9.375 -3.939 91.834 111.000 118.000 80.000
-9.375 -3.538 91.832 139.000 150.000 96.000
-11.770 -1.935 92.268 77.000 90.000 37.000
-11.369 -4.337 92.272 71.000 83.000 40.000
-11.369 -3.937 92.270 68.000 83.000 35.000
-11.369 -3.136 92.266 93.000 118.000 41.000
-11.369 -2.736 92.264 114.000 140.000 50.000
-11.369 -2.335 92.262 143.000 168.000 66.000
-11.369 -1.935 92.261 177.000 198.000 100.000
-10.969 -5.138 92.268 105.000 122.000 66.000
-10.969 -4.737 92.266 129.000 149.000 75.000
-10.969 -4.337 92.265 137.000 156.000 81.000
-10.969 -3.937 92.263 144.000 164.000 78.000
-10.969 -3.536 92.261 133.000 155.000 66.000
-10.969 -3.136 92.259 112.000 138.000 51.000
-10.969 -2.736 92.257 136.000 162.000 63.000
-10.969 -2.335 92.255 149.000 175.000 69.000
-10.969 -1.935 92.253 165.000 188.000 84.000
-10.969 -1.535 92.252 179.000 199.000 97.000
-10.569 -5.138 92.261 143.000 161.000 95.000
-10.569 -4.737 92.259 144.000 164.000 87.000
-10.569 -4.337 92.257 144.000 165.000 84.000
-10.569 -3.937 92.256 174.000 192.000 105.000
-10.569 -3.536 92.254 175.000 194.000 104.000
-10.569 -3.136 92.252 144.000 166.000 76.000
-10.569 -2.736 92.250 144.000 168.000 75.000
-10.569 -2.335 92.248 133.000 158.000 67.000
-10.569 -1.935 92.246 142.000 165.000 71.000
-10.569 -1.535 92.244 168.000 189.000 87.000
-10.168 -5.138 92.254 170.000 184.000 124.000
-10.168 -4.737 92.252 163.000 180.000 106.000
-10.169 -4.337 92.250 148.000 169.000 84.000
-10.169 -3.937 92.248 188.000 205.000 122.000
-10.169 -3.536 92.247 197.000 212.000 135.000
-10.169 -3.136 92.245 189.000 205.000 127.000
-10.169 -2.736 92.243 114.000 128.000 73.000
-10.169 -1.935 92.239 89.000 106.000 47.000
-10.169 -1.535 92.237 148.000 170.000 79.000
-9.768 -5.138 92.247 171.000 183.000 126.000
-9.768 -4.737 92.245 176.000 190.000 124.000
-9.768 -4.337 92.243 178.000 194.000 119.000
-9.768 -3.937 92.241 207.000 220.000 152.000
-9.768 -3.536 92.239 203.000 218.000 143.000
-9.768 -3.136 92.238 147.000 163.000 90.000
-9.768 -1.535 92.230 97.000 118.000 49.000
-9.368 -5.138 92.240 84.000 90.000 64.000
-9.368 -4.737 92.238 136.000 148.000 95.000
-9.368 -4.337 92.236 136.000 149.000 91.000
-9.368 -3.937 92.234 143.000 153.000 100.000
-9.368 -3.536 92.232 122.000 134.000 78.000
-11.763 -2.333 92.670 64.000 84.000 27.000
-11.763 -1.533 92.666 66.000 80.000 30.000
-11.362 -4.735 92.674 85.000 95.000 54.000
-11.362 -4.335 92.672 132.000 148.000 81.000
-11.362 -3.935 92.670 123.000 140.000 71.000
-11.362 -3.534 92.668 103.000 119.000 56.000
-11.362 -3.134 92.666 86.000 108.000 40.000
-11.362 -2.734 92.665 106.000 131.000 49.000
-11.362 -2.333 92.663 116.000 142.000 54.000
-11.362 -1.933 92.661 129.000 150.000 64.000
-11.362 -1.533 92.659 163.000 183.000 88.000
-10.962 -5.136 92.668 126.000 143.000 81.000
-10.962 -4.735 92.667 138.000 157.000 83.000
-10.962 -4.335 92.665 141.000 161.000 83.000
-10.962 -3.935 92.663 150.000 170.000 84.000
-10.962 -3.534 92.661 142.000 162.000 75.000
-10.962 -3.134 92.659 97.000 122.000 44.000
-10.962 -2.734 92.657 102.000 129.000 43.000
-10.962 -2.333 92.656 115.000 143.000 47.000
-10.962 -1.933 92.654 146.000 171.000 67.000
-10.962 -1.533 92.652 176.000 196.000 96.000
-10.962 -1.132 92.650 204.000 219.000 131.000
-10.562 -5.136 92.661 145.000 163.000 97.000
-10.562 -4.735 92.660 142.000 162.000 86.000
-10.562 -4.335 92.658 139.000 161.000 77.000
-10.562 -3.935 92.656 163.000 182.000 92.000
-10.562 -3.534 92.654 162.000 182.000 91.000
-10.562 -3.134 92.652 119.000 143.000 58.000
-10.562 -2.734 92.650 111.000 137.000 51.000
-10.562 -2.333 92.648 108.000 134.000 47.000
-10.562 -1.933 92.647 123.000 150.000 54.000
-10.562 -1.533 92.645 163.000 185.000 85.000
-10.562 -1.132 92.643 194.000 211.000 120.000
-10.161 -5.136 92.654 157.000 174.000 108.000
-10.161 -4.735 92.652 146.000 167.000 87.000
-10.161 -4.335 92.651 141.000 164.000 75.000
-10.161 -3.935 92.649 185.000 203.000 116.000
-10.161 -3.534 92.647 187.000 205.000 119.000
-10.161 -3.134 92.645 153.000 174.000 86.000
-10.161 -2.734 92.643 128.000 150.000 73.000
-10.161 -2.333 92.641 81.000 101.000 42.000
-10.161 -1.933 92.639 93.000 120.000 42.000
-10.162 -1.533 92.638 135.000 160.000 67.000
-10.162 -1.132 92.636 164.000 185.000 89.000
-9.761 -5.136 92.647 147.000 163.000 103.000
-9.761 -4.735 92.645 152.000 171.000 99.000
-9.761 -4.335 92.643 159.000 179.000 96.000
-9.761 -3.935 92.642 193.000 208.000 130.000
-9.761 -3.534 92.640 174.000 189.000 116.000
-9.761 -1.533 92.631 80.000 103.000 35.000
-9.361 -4.736 92.638 110.000 124.000 73.000
-9.361 -4.335 92.636 104.000 119.000 65.000
-9.361 -3.935 92.635 104.000 113.000 68.000
-11.756 -2.732 93.072 69.000 83.000 35.000
-11.756 -2.331 93.070 81.000 97.000 42.000
-11.355 -5.134 93.076 73.000 82.000 51.000
-11.355 -4.734 93.074 132.000 148.000 89.000
-11.355 -4.333 93.072 151.000 167.000 102.000
-11.355 -3.933 93.070 140.000 153.000 95.000
-11.355 -3.533 93.068 139.000 146.000 91.000
-11.355 -3.132 93.067 67.000 83.000 32.000
-11.355 -2.732 93.065 110.000 132.000 57.000
-11.355 -2.331 93.063 115.000 138.000 59.000
-11.355 -1.931 93.061 79.000 101.000 34.000
-11.355 -1.531 93.059 78.000 95.000 34.000
-11.355 -1.130 93.057 137.000 155.000 71.000
-10.955 -5.134 93.069 136.000 152.000 90.000
-10.955 -4.734 93.067 143.000 161.000 89.000
-10.955 -4.333 93.065 143.000 162.000 81.000
-10.955 -3.933 93.063 148.000 166.000 87.000
-10.955 -3.533 93.061 142.000 160.000 79.000
-10.955 -3.132 93.060 103.000 126.000 49.000
-10.955 -2.732 93.058 109.000 135.000 47.000
-10.955 -2.332 93.056 105.000 132.000 43.000
-10.955 -1.931 93.054 96.000 123.000 38.000
-10.955 -1.531 93.052 123.000 145.000 56.000
-10.955 -1.130 93.050 196.000 211.000 127.000
-10.555 -5.134 93.062 147.000 165.000 95.000
-10.555 -4.734 93.060 145.000 165.000 86.000
-10.555 -4.333 93.058 139.000 161.000 73.000
-10.555 -3.933 93.056 157.000 176.000 88.000
-10.555 -3.533 93.054 149.000 170.000 81.000
-10.555 -3.132 93.052 103.000 128.000 48.000
-10.555 -2.732 93.051 113.000 140.000 50.000
-10.555 -2.332 93.049 113.000 141.000 47.000
-10.555 -1.931 93.047 96.000 124.000 37.000
-10.555 -1.531 93.045 137.000 161.000 65.000
-10.555 -1.130 93.043 183.000 201.000 113.000
-10.154 -5.134 93.055 150.000 169.000 101.000
-10.154 -4.734 93.053 140.000 161.000 81.000
-10.154 -4.333 93.051 136.000 160.000 71.000
-10.154 -3.933 93.049 176.000 196.000 105.000
-10.154 -3.533 93.047 169.000 189.000 99.000
-10.154 -3.132 93.045 83.000 108.000 37.000
-10.154 -2.732 93.043 112.000 137.000 55.000
-10.154 -2.332 93.042 109.000 136.000 52.000
-10.154 -1.931 93.040 83.000 112.000 33.000
-10.154 -1.531 93.038 96.000 123.000 40.000
-10.154 -1.131 93.036 136.000 159.000 68.000
-9.754 -5.134 93.047 113.000 132.000 73.000
-9.754 -4.734 93.046 122.000 145.000 72.000
-9.754 -4.333 93.044 133.000 157.000 73.000
-9.754 -3.933 93.042 168.000 187.000 102.000
-9.754 -3.533 93.040 104.000 118.000 60.000
-9.754 -2.332 93.035 79.000 104.000 38.000
-9.754 -1.531 93.031 82.000 106.000 36.000
-9.754 -1.131 93.029 101.000 124.000 50.000
-11.748 -4.331 93.480 73.000 82.000 44.000
-11.748 -2.730 93.472 67.000 81.000 34.000
-11.748 -2.330 93.470 87.000 104.000 44.000
-11.748 -1.929 93.468 66.000 82.000 29.000
-11.348 -5.132 93.476 109.000 120.000 73.000
-11.348 -4.732 93.474 140.000 155.000 92.000
-11.348 -4.331 93.472 143.000 159.000 90.000
-11.348 -3.931 93.471 142.000 159.000 86.000
-11.348 -3.531 93.469 139.000 157.000 81.000
-11.348 -3.130 93.467 129.000 148.000 72.000
-11.348 -2.730 93.465 135.000 156.000 75.000
-11.348 -2.330 93.463 124.000 145.000 65.000
-11.348 -1.929 93.461 119.000 140.000 58.000
-10.948 -5.132 93.469 143.000 160.000 91.000
-10.948 -4.732 93.467 146.000 164.000 87.000
-10.948 -4.331 93.465 147.000 164.000 87.000
-10.948 -3.931 93.464 154.000 171.000 90.000
-10.948 -3.531 93.462 152.000 170.000 87.000
-10.948 -3.130 93.460 133.000 155.000 69.000
-10.948 -2.730 93.458 137.000 160.000 68.000
-10.948 -2.330 93.456 137.000 160.000 67.000
-10.948 -1.929 93.454 138.000 158.000 71.000
-10.948 -0.728 93.449 229.000 236.000 180.000
-10.547 -5.132 93.462 139.000 158.000 87.000
-10.547 -4.732 93.460 142.000 163.000 81.000
-10.547 -4.331 93.458 145.000 166.000 80.000
-10.547 -3.931 93.456 162.000 181.000 93.000
-10.547 -3.531 93.455 156.000 176.000 90.000
-10.548 -3.130 93.453 116.000 139.000 58.000
-10.548 -2.730 93.451 121.000 146.000 57.000
-10.548 -2.330 93.449 126.000 152.000 59.000
-10.548 -1.929 93.447 117.000 140.000 55.000
-10.548 -1.529 93.445 95.000 113.000 46.000
-10.548 -1.129 93.443 108.000 121.000 61.000
-10.548 -0.728 93.442 212.000 223.000 160.000
-10.147 -5.132 93.455 126.000 144.000 85.000
-10.147 -4.732 93.453 129.000 150.000 76.000
-10.147 -4.331 93.451 150.000 172.000 85.000
-10.147 -3.931 93.449 168.000 188.000 98.000
-10.147 -3.531 93.447 163.000 184.000 97.000
-10.147 -3.130 93.446 81.000 101.000 39.000
-10.147 -2.730 93.444 102.000 126.000 52.000
-10.147 -2.330 93.442 102.000 128.000 48.000
-10.147 -1.929 93.440 96.000 124.000 41.000
-10.147 -1.529 93.438 99.000 124.000 45.000
-10.147 -1.129 93.436 99.000 121.000 49.000
-9.747 -5.132 93.448 79.000 99.000 48.000
-9.747 -4.732 93.446 106.000 130.000 60.000
-9.747 -4.331 93.444 141.000 161.000 82.000
-9.747 -3.931 93.442 144.000 162.000 87.000
-9.747 -2.730 93.437 88.000 112.000 45.000
-9.747 -2.330 93.435 98.000 124.000 50.000
-9.747 -1.929 93.433 81.000 107.000 37.000
-11.741 -4.330 93.880 68.000 82.000 34.000
-11.741 -3.929 93.878 66.000 80.000 32.000
-11.741 -3.128 93.874 69.000 80.000 37.000
-11.741 -2.728 93.872 89.000 104.000 47.000
-11.741 -2.328 93.871 92.000 109.000 46.000
-11.741 -1.927 93.869 81.000 96.000 39.000
-11.341 -5.130 93.876 82.000 91.000 52.000
-11.341 -4.730 93.875 130.000 146.000 78.000
-11.341 -4.330 93.873 141.000 158.000 83.000
-11.341 -3.929 93.871 144.000 162.000 80.000
-11.341 -3.529 93.869 148.000 166.000 83.000
-11.341 -3.128 93.867 152.000 170.000 88.000
-11.341 -2.728 93.865 149.000 168.000 82.000
-11.341 -2.328 93.864 145.000 165.000 77.000
-11.341 -1.927 93.862 158.000 177.000 88.000
-11.341 -1.527 93.860 92.000 106.000 46.000
-10.941 -5.130 93.869 142.000 159.000 89.000
-10.941 -4.730 93.867 143.000 161.000 83.000
-10.941 -4.330 93.866 144.000 162.000 82.000
-10.941 -3.929 93.864 162.000 180.000 95.000
-10.941 -3.529 93.862 178.000 194.000 113.000
-10.941 -3.129 93.860 158.000 177.000 91.000
-10.941 -2.728 93.858 157.000 177.000 83.000
-10.941 -2.328 93.856 154.000 175.000 80.000
-10.941 -1.927 93.855 163.000 182.000 93.000
-10.941 -1.527 93.853 120.000 135.000 67.000
-10.941 -0.726 93.849 81.000 87.000 55.000
-10.540 -5.130 93.862 139.000 157.000 86.000
-10.540 -4.730 93.860 140.000 160.000 80.000
-10.540 -4.330 93.859 144.000 165.000 81.000
-10.540 -3.929 93.857 161.000 180.000 93.000
-10.540 -3.529 93.855 165.000 182.000 100.000
-10.540 -3.129 93.853 139.000 160.000 75.000
-10.540 -2.728 93.851 143.000 166.000 74.000
-10.540 -2.328 93.849 134.000 157.000 66.000
-10.540 -1.927 93.847 138.000 159.000 72.000
-10.540 -1.527 93.846 118.000 135.000 66.000
-10.540 -1.127 93.844 99.000 110.000 60.000
-10.541 -0.726 93.842 108.000 116.000 78.000
-10.140 -5.130 93.855 125.000 143.000 82.000
-10.140 -4.730 93.853 130.000 151.000 78.000
-10.140 -4.330 93.851 144.000 166.000 81.000
-10.140 -3.929 93.850 165.000 185.000 95.000
-10.140 -3.529 93.848 136.000 154.000 76.000
-10.140 -3.129 93.846 90.000 106.000 48.000
-10.140 -2.728 93.844 87.000 110.000 40.000
-10.140 -2.328 93.842 87.000 113.000 37.000
-10.140 -1.928 93.840 88.000 113.000 37.000
-10.140 -1.527 93.839 103.000 124.000 51.000
-10.140 -1.127 93.837 99.000 113.000 58.000
-10.140 -0.726 93.835 116.000 127.000 77.000
-9.740 -4.730 93.846 82.000 105.000 44.000
-9.740 -4.330 93.844 78.000 95.000 41.000
-11.734 -3.927 94.278 92.000 109.000 45.000
-11.734 -3.527 94.276 104.000 119.000 55.000
-11.734 -3.127 94.275 93.000 108.000 49.000
-11.734 -2.726 94.273 124.000 142.000 67.000
-11.734 -2.326 94.271 117.000 135.000 60.000
-11.734 -1.926 94.269 112.000 126.000 64.000
-11.334 -5.128 94.277 81.000 93.000 49.000
-11.334 -4.728 94.275 125.000 143.000 71.000
-11.334 -4.328 94.273 133.000 151.000 71.000
-11.334 -3.927 94.271 139.000 158.000 70.000
-11.334 -3.527 94.269 157.000 175.000 85.000
-11.334 -3.127 94.268 167.000 184.000 99.000
-11.334 -2.726 94.266 164.000 182.000 92.000
-11.334 -2.326 94.264 163.000 182.000 90.000
-11.334 -1.926 94.262 182.000 199.000 114.000
-11.334 -1.525 94.260 144.000 159.000 87.000
-10.934 -5.128 94.270 141.000 158.000 88.000
-10.934 -4.728 94.268 139.000 158.000 82.000
-10.934 -4.328 94.266 141.000 159.000 78.000
-10.934 -3.927 94.264 156.000 175.000 87.000
-10.934 -3.527 94.262 184.000 199.000 116.000
-10.934 -3.127 94.260 183.000 199.000 114.000
-10.934 -2.726 94.259 178.000 197.000 102.000
-10.934 -2.326 94.257 173.000 193.000 93.000
-10.934 -1.926 94.255 172.000 192.000 99.000
-10.934 -1.525 94.253 165.000 183.000 100.000
-10.934 -1.125 94.251 119.000 131.000 75.000
-10.533 -5.128 94.263 138.000 157.000 86.000
-10.533 -4.728 94.261 136.000 157.000 78.000
-10.533 -4.328 94.259 138.000 159.000 75.000
-10.533 -3.927 94.257 156.000 175.000 87.000
-10.533 -3.527 94.255 165.000 182.000 100.000
-10.533 -3.127 94.253 145.000 160.000 86.000
-10.533 -2.726 94.251 129.000 145.000 71.000
-10.533 -2.326 94.250 119.000 141.000 54.000
-10.533 -1.926 94.248 150.000 171.000 80.000
-10.533 -1.525 94.246 151.000 170.000 88.000
-10.533 -1.125 94.244 128.000 141.000 83.000
-10.133 -5.128 94.255 117.000 136.000 73.000
-10.133 -4.728 94.254 120.000 140.000 68.000
-10.133 -4.328 94.252 113.000 134.000 59.000
-10.133 -3.927 94.250 119.000 140.000 62.000
-10.133 -3.527 94.248 74.000 91.000 37.000
-10.133 -3.127 94.246 77.000 92.000 40.000
-10.133 -1.926 94.241 79.000 99.000 33.000
-10.133 -1.525 94.239 119.000 137.000 67.000
-10.133 -1.125 94.237 115.000 129.000 71.000
-9.733 -2.326 94.235 85.000 109.000 34.000
-12.127 -2.724 94.680 101.000 117.000 54.000
-12.127 -2.324 94.678 82.000 97.000 39.000
-11.727 -4.326 94.680 88.000 102.000 48.000
-11.727 -3.925 94.679 115.000 129.000 64.000
-11.727 -3.525 94.677 107.000 118.000 62.000
-11.727 -3.125 94.675 103.000 114.000 60.000
-11.727 -2.724 94.673 131.000 148.000 72.000
-11.727 -2.324 94.671 126.000 144.000 64.000
-11.727 -1.924 94.669 105.000 120.000 54.000
-11.327 -5.127 94.677 72.000 81.000 43.000
-11.327 -4.726 94.675 133.000 151.000 74.000
-11.327 -4.326 94.673 137.000 155.000 79.000
-11.327 -3.926 94.671 152.000 170.000 82.000
-11.327 -3.525 94.670 158.000 176.000 86.000
-11.327 -3.125 94.668 166.000 182.000 98.000
-11.327 -2.724 94.666 178.000 193.000 107.000
-11.327 -2.324 94.664 177.000 196.000 100.000
-11.327 -1.924 94.662 181.000 198.000 112.000
-11.327 -1.523 94.660 118.000 132.000 68.000
-10.926 -5.127 94.670 139.000 156.000 85.000
-10.926 -4.726 94.668 140.000 159.000 81.000
-10.926 -4.326 94.666 146.000 164.000 84.000
-10.926 -3.926 94.664 157.000 176.000 88.000
-10.926 -3.525 94.663 164.000 182.000 90.000
-10.926 -3.125 94.661 164.000 184.000 87.000
-10.926 -2.724 94.659 169.000 189.000 84.000
-10.927 -2.324 94.657 174.000 194.000 84.000
-10.927 -1.924 94.655 171.000 189.000 97.000
-10.927 -1.523 94.653 164.000 181.000 101.000
-10.927 -1.123 94.651 128.000 140.000 83.000
-10.526 -5.127 94.663 119.000 139.000 69.000
-10.526 -4.726 94.661 124.000 146.000 67.000
-10.526 -4.326 94.659 135.000 157.000 72.000
-10.526 -3.926 94.657 150.000 171.000 79.000
-10.526 -3.525 94.655 156.000 177.000 84.000
-10.526 -3.125 94.654 153.000 174.000 83.000
-10.526 -2.724 94.652 155.000 176.000 78.000
-10.526 -2.324 94.650 160.000 183.000 77.000
-10.526 -1.924 94.648 160.000 180.000 87.000
-10.526 -1.523 94.646 149.000 168.000 85.000
-10.526 -1.123 94.644 137.000 151.000 88.000
-10.126 -4.726 94.654 59.000 80.000 28.000
-10.126 -3.125 94.646 96.000 106.000 59.000
-10.126 -2.725 94.645 101.000 113.000 59.000
-9.726 -4.326 94.645 67.000 82.000 39.000
-9.726 -3.125 94.639 100.000 111.000 63.000
-12.120 -2.723 95.080 71.000 84.000 36.000
-11.720 -4.324 95.081 113.000 128.000 63.000
-11.720 -3.924 95.079 127.000 141.000 72.000
-11.720 -3.523 95.077 118.000 131.000 69.000
-11.720 -3.123 95.075 122.000 135.000 70.000
-11.720 -2.723 95.073 125.000 141.000 67.000
-11.720 -2.322 95.071 125.000 143.000 66.000
-11.720 -1.922 95.070 87.000 98.000 46.000
-11.320 -5.125 95.077 77.000 90.000 45.000
-11.320 -4.724 95.075 133.000 151.000 76.000
-11.320 -4.324 95.074 138.000 155.000 84.000
-11.320 -3.924 95.072 152.000 168.000 89.000
-11.320 -3.523 95.070 164.000 181.000 97.000
-11.320 -3.123 95.068 178.000 195.000 107.000
-11.320 -2.723 95.066 175.000 192.000 100.000
-11.320 -2.322 95.064 173.000 192.000 94.000
-11.320 -1.922 95.063 184.000 202.000 111.000
-11.320 -1.522 95.061 133.000 147.000 80.000
-10.919 -5.125 95.070 131.000 149.000 81.000
-10.919 -4.724 95.068 138.000 158.000 82.000
-10.919 -4.324 95.067 140.000 159.000 79.000
-10.919 -3.924 95.065 159.000 178.000 88.000
-10.919 -3.523 95.063 170.000 189.000 93.000
-10.919 -3.123 95.061 163.000 184.000 84.000
-10.919 -2.723 95.059 171.000 191.000 88.000
-10.919 -2.322 95.057 177.000 196.000 91.000
-10.919 -1.922 95.055 177.000 196.000 100.000
-10.919 -1.522 95.054 161.000 179.000 94.000
-10.919 -1.121 95.052 94.000 105.000 56.000
-10.519 -5.125 95.063 108.000 129.000 61.000
-10.519 -4.724 95.061 119.000 142.000 63.000
-10.519 -4.324 95.059 126.000 150.000 64.000
-10.519 -3.924 95.058 147.000 169.000 72.000
-10.519 -3.523 95.056 156.000 177.000 76.000
-10.519 -3.123 95.054 151.000 174.000 74.000
-10.519 -2.723 95.052 158.000 180.000 79.000
-10.519 -2.322 95.050 168.000 189.000 87.000
-10.519 -1.922 95.048 169.000 188.000 94.000
-10.519 -1.522 95.046 176.000 194.000 110.000
-10.519 -1.121 95.045 124.000 137.000 78.000
-10.119 -4.724 95.054 62.000 85.000 28.000
-10.119 -3.123 95.047 83.000 101.000 39.000
-10.119 -2.723 95.045 114.000 130.000 59.000
-9.718 -4.724 95.047 79.000 103.000 38.000
-9.718 -4.324 95.045 92.000 117.000 43.000
-11.713 -4.322 95.481 124.000 143.000 66.000
-11.713 -3.922 95.479 144.000 161.000 82.000
-11.713 -3.521 95.477 147.000 162.000 86.000
-11.713 -3.121 95.475 115.000 126.000 64.000
-11.713 -2.721 95.474 107.000 122.000 55.000
-11.713 -2.320 95.472 103.000 118.000 52.000
-11.713 -1.920 95.470 81.000 91.000 45.000
-11.312 -4.723 95.476 137.000 156.000 82.000
-11.313 -4.322 95.474 140.000 157.000 84.000
-11.313 -3.922 95.472 155.000 171.000 93.000
-11.313 -3.521 95.470 171.000 187.000 104.000
-11.313 -3.121 95.468 180.000 197.000 104.000
-11.313 -2.721 95.467 172.000 190.000 95.000
-11.313 -2.320 95.465 171.000 189.000 95.000
-11.313 -1.920 95.463 177.000 194.000 111.000
-11.313 -1.520 95.461 99.000 109.000 61.000
-10.912 -5.123 95.470 94.000 110.000 56.000
-10.912 -4.723 95.469 130.000 149.000 73.000
-10.912 -4.322 95.467 141.000 160.000 77.000
-10.912 -3.922 95.465 165.000 184.000 89.000
-10.912 -3.521 95.463 172.000 191.000 90.000
-10.912 -3.121 95.461 170.000 190.000 87.000
-10.912 -2.721 95.459 175.000 193.000 94.000
-10.912 -2.320 95.458 181.000 199.000 102.000
-10.912 -1.920 95.456 183.000 201.000 106.000
-10.912 -1.520 95.454 147.000 162.000 85.000
-10.512 -5.123 95.463 98.000 117.000 53.000
-10.512 -4.723 95.462 114.000 138.000 58.000
-10.512 -4.322 95.460 122.000 147.000 59.000
-10.512 -3.922 95.458 149.000 172.000 69.000
-10.512 -3.521 95.456 156.000 179.000 72.000
-10.512 -3.121 95.454 157.000 179.000 75.000
-10.512 -2.721 95.452 163.000 183.000 83.000
-10.512 -2.320 95.450 173.000 192.000 94.000
-10.512 -1.920 95.449 174.000 192.000 97.000
-10.112 -5.123 95.456 64.000 86.000 29.000
-10.112 -4.723 95.454 76.000 101.000 32.000
-10.112 -4.322 95.453 71.000 97.000 27.000
-10.112 -3.922 95.451 75.000 101.000 26.000
-10.112 -3.522 95.449 74.000 99.000 26.000
-11.706 -4.721 95.883 79.000 96.000 38.000
-11.706 -4.320 95.881 129.000 148.000 68.000
-11.706 -3.920 95.879 138.000 154.000 75.000
-11.706 -3.520 95.878 133.000 148.000 72.000
-11.706 -3.119 95.876 125.000 140.000 62.000
-11.706 -2.719 95.874 123.000 137.000 63.000
-11.706 -2.319 95.872 104.000 118.000 54.000
-11.305 -4.721 95.876 134.000 153.000 79.000
-11.305 -4.320 95.874 152.000 172.000 87.000
-11.305 -3.920 95.872 166.000 185.000 93.000
-11.305 -3.520 95.870 174.000 192.000 94.000
-11.305 -3.119 95.869 163.000 183.000 80.000
-11.305 -2.719 95.867 172.000 190.000 90.000
-11.305 -2.319 95.865 177.000 195.000 102.000
-11.305 -1.918 95.863 115.000 124.000 80.000
-11.306 -1.518 95.861 103.000 111.000 75.000
-11.306 -1.118 95.859 72.000 81.000 51.000
-10.905 -4.721 95.869 116.000 137.000 63.000
-10.905 -4.320 95.867 149.000 169.000 81.000
-10.905 -3.920 95.865 169.000 189.000 88.000
-10.905 -3.520 95.863 177.000 196.000 89.000
-10.905 -3.119 95.862 175.000 195.000 87.000
-10.905 -2.719 95.860 182.000 199.000 101.000
-10.905 -2.319 95.858 190.000 205.000 116.000
-10.905 -1.918 95.856 189.000 207.000 119.000
-10.905 -1.518 95.854 149.000 162.000 96.000
-10.505 -5.121 95.864 93.000 116.000 47.000
-10.505 -4.721 95.862 114.000 139.000 55.000
-10.505 -4.320 95.860 139.000 163.000 66.000
-10.505 -3.920 95.858 154.000 177.000 70.000
-10.505 -3.520 95.856 161.000 183.000 74.000
-10.505 -3.119 95.854 168.000 188.000 84.000
-10.505 -2.719 95.853 178.000 195.000 98.000
-10.505 -2.319 95.851 187.000 204.000 113.000
-11.699 -4.318 96.282 98.000 108.000 58.000
-11.699 -3.918 96.280 139.000 152.000 82.000
-11.699 -3.518 96.278 159.000 172.000 94.000
-11.699 -3.117 96.276 166.000 182.000 97.000
-11.699 -2.717 96.274 147.000 163.000 85.000
-11.699 -2.317 96.272 95.000 107.000 52.000
-11.298 -4.719 96.276 114.000 132.000 64.000
-11.298 -4.318 96.274 164.000 182.000 103.000
-11.298 -3.918 96.273 177.000 194.000 106.000
-11.298 -3.518 96.271 190.000 206.000 117.000
-11.298 -3.117 96.269 177.000 195.000 101.000
-11.298 -2.717 96.267 180.000 197.000 102.000
-11.298 -2.317 96.265 183.000 200.000 108.000
-11.298 -1.916 96.263 148.000 162.000 94.000
-10.898 -4.719 96.269 116.000 139.000 60.000
-10.898 -4.318 96.267 155.000 177.000 83.000
-10.898 -3.918 96.266 180.000 198.000 99.000
-10.898 -3.518 96.264 192.000 209.000 108.000
-10.898 -3.117 96.262 186.000 203.000 100.000
-10.898 -2.717 96.260 186.000 202.000 104.000
-10.898 -2.317 96.258 190.000 205.000 116.000
-10.898 -1.916 96.256 182.000 199.000 113.000
-10.898 -1.516 96.254 113.000 125.000 67.000
-10.498 -5.119 96.264 99.000 121.000 50.000
-10.498 -4.719 96.262 115.000 140.000 53.000
-10.498 -4.318 96.260 147.000 171.000 68.000
-10.498 -3.918 96.258 170.000 191.000 85.000
-10.498 -3.518 96.257 183.000 201.000 98.000
-11.691 -3.916 96.680 79.000 88.000 44.000
-11.692 -3.516 96.678 131.000 143.000 79.000
-11.692 -3.116 96.676 124.000 135.000 76.000
-11.291 -4.717 96.677 77.000 93.000 40.000
-11.291 -4.317 96.675 140.000 154.000 86.000
-11.291 -3.916 96.673 180.000 196.000 112.000
-11.291 -3.516 96.671 187.000 203.000 114.000
-11.291 -3.116 96.669 178.000 195.000 105.000
-11.291 -2.715 96.667 174.000 191.000 100.000
-11.291 -2.315 96.666 160.000 176.000 92.000
-11.291 -1.915 96.664 94.000 105.000 54.000
-10.891 -4.717 96.669 114.000 136.000 57.000
-10.891 -4.317 96.668 157.000 177.000 82.000
-10.891 -3.916 96.666 184.000 201.000 105.000
-10.891 -3.516 96.664 191.000 207.000 111.000
-10.891 -3.116 96.662 186.000 203.000 107.000
-10.891 -2.715 96.660 185.000 201.000 107.000
-10.891 -2.315 96.658 185.000 201.000 112.000
-10.891 -1.915 96.657 169.000 184.000 106.000
-10.891 -1.514 96.655 70.000 80.000 39.000
-11.284 -3.914 97.073 180.000 194.000 113.000
-11.284 -3.514 97.071 200.000 214.000 135.000
-11.284 -3.114 97.069 154.000 166.000 95.000
-11.284 -2.713 97.068 75.000 83.000 42.000
-10.884 -4.715 97.070 106.000 123.000 55.000
-10.884 -4.315 97.068 155.000 172.000 85.000
-10.884 -3.914 97.066 190.000 204.000 115.000
-10.884 -3.514 97.064 197.000 211.000 124.000
-10.884 -3.114 97.062 188.000 204.000 118.000
-10.884 -2.713 97.061 173.000 191.000 101.000
-10.884 -2.313 97.059 133.000 147.000 80.000
-11.277 -4.313 97.475 87.000 96.000 49.000
-11.277 -3.913 97.473 215.000 223.000 163.000
-11.277 -3.512 97.472 231.000 238.000 182.000
-11.277 -3.112 97.470 151.000 161.000 103.000
-11.270 -4.311 97.876 107.000 119.000 59.000
-11.270 -3.911 97.874 198.000 208.000 150.000
-11.270 -3.510 97.872 207.000 217.000 158.000
-9.439 -3.555 88.230 71.000 80.000 45.000
-9.832 -3.953 88.639 115.000 129.000 75.000
-9.832 -3.553 88.637 131.000 152.000 76.000
-9.825 -3.951 89.039 127.000 145.000 83.000
-10.218 -3.549 89.445 74.000 94.000 38.000
-10.611 -3.948 89.854 78.000 94.000 45.000
-10.611 -3.547 89.852 102.000 123.000 56.000
-10.604 -3.946 90.254 82.000 97.000 48.000
-10.998 -3.944 90.662 95.000 115.000 52.000
-10.998 -3.544 90.660 104.000 121.000 56.000
-11.391 -3.542 91.067 70.000 86.000 33.000
-11.391 -3.141 91.065 90.000 114.000 37.000
-10.990 -4.342 91.064 76.000 88.000 47.000
-10.225 -3.951 89.046 73.000 87.000 44.000
-10.225 -3.551 89.044 86.000 108.000 46.000
-10.619 -3.950 89.454 71.000 87.000 41.000
-11.005 -3.545 90.259 106.000 121.000 64.000
-11.398 -4.344 90.670 84.000 96.000 54.000
-11.398 -3.944 90.669 107.000 116.000 69.000
-11.398 -3.544 90.667 121.000 134.000 75.000
