-16.362 7.952 168.459 77.000 90.000 31.000
-15.934 7.952 168.480 80.000 94.000 33.000
-16.382 7.955 168.887 69.000 83.000 30.000
-15.955 7.526 168.911 65.000 81.000 25.000
-15.955 7.955 168.908 77.000 91.000 35.000
-17.259 7.529 169.276 83.000 95.000 33.000
-16.831 7.529 169.297 78.000 94.000 28.000
-16.403 7.529 169.318 78.000 93.000 31.000
-16.403 7.957 169.315 69.000 83.000 31.000
-17.280 7.531 169.704 81.000 94.000 32.000
-16.852 7.531 169.725 87.000 101.000 31.000
-16.852 7.960 169.722 70.000 85.000 26.000
-16.424 7.103 169.748 114.000 118.000 39.000
-16.424 7.531 169.746 98.000 104.000 36.000
-17.301 7.534 170.132 75.000 89.000 27.000
-17.301 7.962 170.129 94.000 99.000 42.000
-16.873 7.105 170.155 76.000 90.000 23.000
-16.873 7.534 170.153 80.000 95.000 28.000
-16.873 7.962 170.150 96.000 102.000 40.000
-16.445 7.106 170.176 64.000 83.000 18.000
-16.445 7.534 170.173 78.000 93.000 31.000
-17.750 7.108 170.541 93.000 96.000 33.000
-17.322 7.108 170.562 75.000 87.000 23.000
-16.894 6.680 170.586 114.000 126.000 38.000
-16.466 7.537 170.601 88.000 101.000 37.000
-16.466 7.965 170.599 73.000 81.000 33.000
-16.487 7.968 171.027 76.000 85.000 38.000
-17.750 7.536 170.539 86.000 90.000 29.000
-17.750 7.965 170.536 112.000 110.000 49.000
-17.750 8.393 170.533 103.000 96.000 51.000
-17.322 7.536 170.560 98.000 108.000 37.000
-17.322 7.965 170.557 112.000 115.000 48.000
-17.322 8.393 170.554 98.000 96.000 47.000
-16.894 7.108 170.583 83.000 95.000 27.000
-16.894 7.536 170.580 97.000 110.000 39.000
-16.894 7.965 170.578 88.000 100.000 36.000
-16.466 6.680 170.607 119.000 130.000 45.000
-16.466 7.108 170.604 90.000 104.000 33.000
-16.038 6.680 170.627 109.000 120.000 47.000
-18.199 6.682 170.951 103.000 91.000 47.000
-18.199 7.539 170.946 91.000 83.000 36.000
-18.199 7.967 170.943 93.000 96.000 40.000
-18.199 8.396 170.940 98.000 99.000 52.000
-17.771 6.682 170.972 144.000 142.000 62.000
-17.771 7.111 170.969 120.000 117.000 40.000
-17.771 7.539 170.966 107.000 113.000 39.000
-17.771 7.967 170.964 108.000 114.000 45.000
-17.771 8.396 170.961 110.000 116.000 56.000
-17.771 8.824 170.959 76.000 82.000 43.000
-17.343 6.682 170.993 128.000 140.000 50.000
-17.343 7.111 170.990 111.000 122.000 39.000
-17.343 7.539 170.987 111.000 121.000 43.000
-17.343 7.967 170.985 116.000 123.000 49.000
-17.343 8.396 170.982 108.000 116.000 52.000
-16.915 6.682 171.014 129.000 141.000 47.000
-16.915 7.111 171.011 109.000 121.000 39.000
-16.915 7.539 171.008 103.000 115.000 40.000
-16.915 7.967 171.006 102.000 112.000 44.000
-16.915 8.396 171.003 92.000 101.000 42.000
-16.487 6.254 171.037 162.000 171.000 85.000
-16.487 6.682 171.034 117.000 128.000 48.000
-16.487 7.111 171.032 104.000 115.000 44.000
-16.487 7.539 171.029 86.000 98.000 39.000
-16.059 6.254 171.058 153.000 163.000 89.000
-16.059 6.682 171.055 83.000 89.000 40.000
-18.647 7.970 171.350 90.000 87.000 41.000
-18.647 8.398 171.347 88.000 86.000 46.000
-18.220 6.685 171.379 136.000 125.000 60.000
-18.220 7.113 171.376 128.000 111.000 48.000
-18.220 7.542 171.373 120.000 115.000 42.000
-18.220 7.970 171.371 114.000 115.000 47.000
-18.219 8.398 171.368 106.000 114.000 52.000
-18.219 8.827 171.366 92.000 97.000 56.000
-17.792 6.256 171.402 151.000 156.000 73.000
-17.792 6.685 171.400 148.000 152.000 62.000
-17.792 7.113 171.397 130.000 127.000 42.000
-17.792 7.542 171.394 119.000 123.000 39.000
-17.792 7.970 171.392 113.000 121.000 44.000
-17.792 8.398 171.389 113.000 121.000 52.000
-17.792 8.827 171.387 76.000 80.000 40.000
-17.364 6.256 171.423 159.000 165.000 74.000
-17.364 6.685 171.420 149.000 159.000 62.000
-17.364 7.113 171.418 118.000 130.000 40.000
-17.364 7.542 171.415 117.000 127.000 43.000
-17.364 7.970 171.413 119.000 125.000 47.000
-17.364 8.398 171.410 113.000 121.000 49.000
-16.936 6.257 171.444 160.000 168.000 72.000
-16.936 6.685 171.441 155.000 167.000 65.000
-16.936 7.113 171.439 118.000 131.000 40.000
-16.936 7.542 171.436 111.000 122.000 40.000
-16.936 7.970 171.434 99.000 110.000 39.000
-16.936 8.398 171.431 90.000 98.000 38.000
-16.508 6.257 171.465 166.000 175.000 88.000
-16.508 6.685 171.462 141.000 152.000 63.000
-16.508 7.113 171.460 111.000 123.000 44.000
-16.508 7.542 171.457 97.000 109.000 41.000
-16.080 6.257 171.486 140.000 150.000 78.000
-16.080 6.685 171.483 105.000 115.000 49.000
-16.080 7.113 171.481 90.000 98.000 40.000
-18.669 6.687 171.786 95.000 84.000 40.000
-18.668 7.116 171.783 90.000 81.000 30.000
-18.668 7.544 171.780 116.000 110.000 44.000
-18.668 7.972 171.778 112.000 112.000 47.000
-18.668 8.401 171.775 105.000 108.000 50.000
-18.241 6.259 171.809 150.000 144.000 78.000
-18.241 6.687 171.807 157.000 152.000 68.000
-18.241 7.116 171.804 133.000 128.000 45.000
-18.240 7.544 171.801 127.000 126.000 43.000
-18.240 7.973 171.799 125.000 126.000 48.000
-18.240 8.401 171.796 116.000 124.000 52.000
-18.240 8.829 171.794 103.000 106.000 57.000
-17.813 6.259 171.830 160.000 165.000 80.000
-17.813 6.687 171.827 158.000 158.000 65.000
-17.813 7.116 171.825 138.000 141.000 47.000
-17.813 7.544 171.822 129.000 134.000 43.000
-17.813 7.973 171.820 128.000 133.000 45.000
-17.812 8.401 171.817 122.000 127.000 50.000
-17.812 8.829 171.814 110.000 110.000 57.000
-17.385 5.831 171.854 141.000 144.000 66.000
-17.385 6.259 171.851 162.000 168.000 75.000
-17.385 6.687 171.848 162.000 171.000 68.000
-17.385 7.116 171.846 129.000 141.000 44.000
-17.385 7.544 171.843 123.000 133.000 42.000
-17.385 7.973 171.841 121.000 127.000 42.000
-17.385 8.401 171.838 119.000 119.000 45.000
-16.957 5.831 171.874 173.000 176.000 88.000
-16.957 6.259 171.872 170.000 176.000 82.000
-16.957 6.688 171.869 160.000 169.000 68.000
-16.957 7.116 171.867 134.000 146.000 48.000
-16.957 7.544 171.864 123.000 127.000 41.000
-16.957 7.973 171.861 117.000 117.000 41.000
-16.957 8.401 171.859 96.000 99.000 38.000
-16.529 5.831 171.895 168.000 173.000 90.000
-16.529 6.259 171.893 165.000 173.000 84.000
-16.529 6.688 171.890 146.000 159.000 62.000
-16.529 7.116 171.888 128.000 142.000 47.000
-16.529 7.544 171.885 111.000 120.000 41.000
-16.101 5.831 171.916 162.000 171.000 95.000
-16.101 6.259 171.914 153.000 164.000 79.000
-16.101 6.688 171.911 126.000 139.000 52.000
-16.101 7.116 171.909 121.000 134.000 46.000
-16.101 7.544 171.906 95.000 106.000 40.000
-15.673 6.688 171.932 92.000 103.000 37.000
-15.673 7.116 171.929 91.000 102.000 36.000
-19.117 7.118 172.190 94.000 86.000 37.000
-19.117 7.547 172.187 103.000 99.000 42.000
-19.117 7.975 172.185 106.000 105.000 45.000
-19.117 8.403 172.182 98.000 102.000 47.000
-18.689 6.261 172.216 152.000 143.000 87.000
-18.689 6.690 172.214 163.000 154.000 78.000
-18.689 7.118 172.211 125.000 125.000 47.000
-18.689 7.547 172.208 119.000 121.000 44.000
-18.689 7.975 172.206 117.000 122.000 46.000
-18.689 8.403 172.203 113.000 121.000 50.000
-18.689 8.832 172.200 89.000 95.000 50.000
-18.262 6.262 172.237 174.000 164.000 90.000
-18.262 6.690 172.234 172.000 170.000 81.000
-18.261 7.118 172.232 135.000 143.000 48.000
-18.261 7.547 172.229 131.000 136.000 45.000
-18.261 7.975 172.227 131.000 136.000 47.000
-18.261 8.404 172.224 125.000 132.000 51.000
-18.261 8.832 172.221 104.000 109.000 49.000
-17.834 5.833 172.261 130.000 130.000 70.000
-17.834 6.262 172.258 178.000 175.000 89.000
-17.834 6.690 172.255 174.000 170.000 75.000
-17.834 7.118 172.253 142.000 153.000 50.000
-17.834 7.547 172.250 134.000 145.000 45.000
-17.833 7.975 172.248 137.000 141.000 45.000
-17.833 8.404 172.245 129.000 131.000 44.000
-17.833 8.832 172.242 114.000 116.000 48.000
-17.406 5.833 172.281 174.000 177.000 92.000
-17.406 6.262 172.279 180.000 182.000 84.000
-17.406 6.690 172.276 170.000 169.000 67.000
-17.406 7.118 172.274 137.000 150.000 45.000
-17.406 7.547 172.271 133.000 143.000 44.000
-17.406 7.975 172.268 125.000 128.000 38.000
-17.406 8.404 172.266 118.000 119.000 38.000
-16.978 5.405 172.305 173.000 175.000 93.000
-16.978 5.833 172.302 183.000 187.000 94.000
-16.978 6.262 172.300 171.000 177.000 75.000
-16.978 6.690 172.297 160.000 167.000 59.000
-16.978 7.119 172.295 158.000 158.000 51.000
-16.978 7.547 172.292 147.000 147.000 47.000
-16.978 7.975 172.289 138.000 132.000 45.000
-16.978 8.404 172.287 121.000 111.000 44.000
-16.550 5.405 172.326 165.000 170.000 95.000
-16.550 5.833 172.323 165.000 170.000 80.000
-16.550 6.262 172.321 161.000 169.000 71.000
-16.550 6.690 172.318 154.000 164.000 60.000
-16.550 7.119 172.315 154.000 161.000 54.000
-16.550 7.547 172.313 131.000 135.000 44.000
-16.122 5.405 172.347 102.000 107.000 61.000
-16.122 5.833 172.344 156.000 167.000 81.000
-16.122 6.262 172.342 139.000 151.000 58.000
-16.122 6.690 172.339 126.000 140.000 43.000
-16.122 7.119 172.336 128.000 134.000 37.000
-16.122 7.547 172.334 92.000 100.000 31.000
-15.694 6.262 172.363 70.000 82.000 23.000
-15.694 6.690 172.360 81.000 96.000 21.000
-19.138 6.692 172.620 164.000 148.000 80.000
-19.138 7.121 172.618 122.000 115.000 47.000
-19.138 7.549 172.615 122.000 118.000 49.000
-19.138 7.978 172.613 122.000 122.000 52.000
-19.138 8.406 172.610 114.000 118.000 54.000
-18.710 5.836 172.647 112.000 98.000 65.000
-18.710 6.264 172.644 187.000 168.000 99.000
-18.710 6.692 172.641 172.000 162.000 81.000
-18.710 7.121 172.639 135.000 136.000 51.000
-18.710 7.549 172.636 134.000 134.000 51.000
-18.710 7.978 172.634 134.000 133.000 53.000
-18.710 8.406 172.631 130.000 130.000 56.000
-18.710 8.834 172.628 89.000 92.000 49.000
-18.283 5.836 172.668 163.000 153.000 84.000
-18.283 6.264 172.665 190.000 178.000 95.000
-18.282 6.693 172.662 185.000 173.000 84.000
-18.282 7.121 172.660 148.000 150.000 53.000
-18.282 7.549 172.657 142.000 147.000 52.000
-18.282 7.978 172.654 146.000 147.000 58.000
-18.282 8.406 172.652 140.000 141.000 61.000
-18.282 8.835 172.649 105.000 107.000 52.000
-17.855 5.836 172.688 181.000 173.000 92.000
-17.855 6.264 172.686 189.000 181.000 92.000
-17.855 6.693 172.683 188.000 180.000 84.000
-17.855 7.121 172.681 160.000 163.000 59.000
-17.854 7.549 172.678 144.000 150.000 50.000
-17.854 7.978 172.675 143.000 148.000 54.000
-17.854 8.406 172.673 141.000 143.000 58.000
-17.854 8.835 172.670 114.000 114.000 52.000
-17.427 5.407 172.712 186.000 182.000 108.000
-17.427 5.836 172.709 188.000 188.000 99.000
-17.427 6.264 172.707 184.000 183.000 91.000
-17.427 6.693 172.704 175.000 174.000 79.000
-17.427 7.121 172.702 149.000 155.000 53.000
-17.427 7.549 172.699 134.000 140.000 45.000
-17.426 7.978 172.696 129.000 132.000 44.000
-17.426 8.406 172.694 122.000 126.000 44.000
-16.999 5.408 172.733 186.000 192.000 103.000
-16.999 5.836 172.730 179.000 184.000 90.000
-16.999 6.264 172.728 164.000 170.000 74.000
-16.999 6.693 172.725 150.000 157.000 58.000
-16.999 7.121 172.722 154.000 161.000 57.000
-16.999 7.550 172.720 144.000 142.000 49.000
-16.999 7.978 172.717 122.000 114.000 42.000
-16.571 5.408 172.754 172.000 177.000 101.000
-16.571 5.836 172.751 165.000 170.000 82.000
-16.571 6.264 172.749 150.000 158.000 67.000
-16.571 6.693 172.746 139.000 150.000 53.000
-16.571 7.121 172.743 136.000 148.000 49.000
-16.571 7.550 172.741 129.000 128.000 46.000
-16.143 5.408 172.775 96.000 101.000 57.000
-16.143 5.836 172.772 137.000 146.000 69.000
-16.143 6.264 172.769 121.000 132.000 50.000
-16.143 6.693 172.767 119.000 129.000 44.000
-16.143 7.121 172.764 121.000 127.000 39.000
-19.587 7.123 173.025 101.000 95.000 44.000
-19.587 7.552 173.022 121.000 114.000 58.000
-19.587 7.980 173.020 119.000 116.000 64.000
-19.587 8.409 173.017 91.000 95.000 51.000
-19.159 6.267 173.051 157.000 137.000 94.000
-19.159 6.695 173.048 185.000 170.000 96.000
-19.159 7.123 173.046 145.000 141.000 56.000
-19.159 7.552 173.043 135.000 135.000 56.000
-19.159 7.980 173.041 132.000 132.000 57.000
-19.159 8.409 173.038 125.000 126.000 57.000
-18.731 5.838 173.074 133.000 123.000 76.000
-18.731 6.267 173.072 193.000 179.000 104.000
-18.731 6.695 173.069 181.000 176.000 88.000
-18.731 7.123 173.067 160.000 160.000 68.000
-18.731 7.552 173.064 144.000 148.000 60.000
-18.731 7.980 173.061 136.000 141.000 59.000
-18.731 8.409 173.059 135.000 137.000 62.000
-18.731 8.837 173.056 78.000 83.000 42.000
-18.304 5.838 173.095 184.000 177.000 95.000
-18.303 6.267 173.093 191.000 187.000 96.000
-18.303 6.695 173.090 185.000 178.000 86.000
-18.303 7.124 173.088 166.000 166.000 66.000
-18.303 7.552 173.085 149.000 154.000 61.000
-18.303 7.980 173.082 145.000 149.000 63.000
-18.303 8.409 173.080 143.000 145.000 66.000
-17.876 5.410 173.119 137.000 136.000 83.000
-17.876 5.838 173.116 192.000 192.000 101.000
-17.876 6.267 173.114 192.000 191.000 95.000
-17.875 6.695 173.111 188.000 183.000 83.000
-17.875 7.124 173.108 162.000 169.000 62.000
-17.875 7.552 173.106 149.000 158.000 61.000
-17.875 7.980 173.103 142.000 151.000 63.000
-17.875 8.409 173.101 134.000 137.000 61.000
-17.448 5.410 173.140 195.000 196.000 117.000
-17.448 5.838 173.137 197.000 201.000 109.000
-17.448 6.267 173.135 185.000 191.000 95.000
-17.448 6.695 173.132 169.000 175.000 76.000
-17.448 7.124 173.129 151.000 161.000 59.000
-17.447 7.552 173.127 141.000 151.000 56.000
-17.447 7.980 173.124 131.000 135.000 50.000
-17.447 8.409 173.122 110.000 110.000 42.000
-17.020 5.410 173.161 196.000 200.000 117.000
-17.020 5.839 173.158 193.000 197.000 105.000
-17.020 6.267 173.156 177.000 183.000 87.000
-17.020 6.695 173.153 159.000 170.000 68.000
-17.020 7.124 173.150 143.000 154.000 54.000
-17.020 7.552 173.148 136.000 146.000 53.000
-17.020 7.981 173.145 127.000 125.000 47.000
-17.019 8.409 173.143 92.000 84.000 40.000
-16.592 5.410 173.182 177.000 181.000 110.000
-16.592 5.839 173.179 174.000 178.000 96.000
-16.592 6.267 173.176 158.000 166.000 75.000
-16.592 6.695 173.174 144.000 155.000 60.000
-16.592 7.124 173.171 133.000 145.000 49.000
-16.592 7.552 173.169 117.000 127.000 43.000
-16.164 5.410 173.203 112.000 119.000 62.000
-16.164 5.839 173.200 135.000 143.000 68.000
-16.164 6.267 173.197 129.000 139.000 55.000
-16.164 6.695 173.195 127.000 140.000 49.000
-16.164 7.124 173.192 129.000 141.000 47.000
-15.736 7.124 173.213 74.000 85.000 22.000
-19.608 6.698 173.455 145.000 129.000 77.000
-19.608 7.126 173.453 134.000 128.000 56.000
-19.608 7.554 173.450 129.000 128.000 58.000
-19.608 7.983 173.448 133.000 130.000 64.000
-19.608 8.411 173.445 116.000 117.000 60.000
-19.180 6.269 173.479 198.000 180.000 114.000
-19.180 6.698 173.476 184.000 178.000 94.000
-19.180 7.126 173.474 149.000 149.000 60.000
-19.180 7.554 173.471 142.000 145.000 59.000
-19.180 7.983 173.468 137.000 138.000 57.000
-19.180 8.411 173.466 125.000 128.000 52.000
-19.180 8.840 173.463 98.000 103.000 51.000
-18.752 5.841 173.502 179.000 175.000 100.000
-18.752 6.269 173.500 197.000 192.000 108.000
-18.752 6.698 173.497 184.000 181.000 93.000
-18.752 7.126 173.495 152.000 157.000 62.000
-18.752 7.554 173.492 142.000 150.000 60.000
-18.752 7.983 173.489 142.000 147.000 63.000
-18.752 8.411 173.487 138.000 141.000 61.000
-18.752 8.840 173.484 105.000 106.000 54.000
-18.324 5.413 173.526 116.000 112.000 59.000
-18.324 5.841 173.523 187.000 192.000 101.000
-18.324 6.269 173.521 195.000 196.000 100.000
-18.324 6.698 173.518 193.000 189.000 93.000
-18.324 7.126 173.515 173.000 170.000 72.000
-18.324 7.555 173.513 145.000 154.000 61.000
-18.324 7.983 173.510 145.000 152.000 67.000
-18.324 8.411 173.508 138.000 144.000 65.000
-18.324 8.840 173.505 87.000 86.000 43.000
-17.897 5.413 173.547 203.000 201.000 122.000
-17.897 5.841 173.544 201.000 205.000 111.000
-17.896 6.269 173.542 197.000 202.000 103.000
-17.896 6.698 173.539 190.000 192.000 91.000
-17.896 7.126 173.536 175.000 178.000 74.000
-17.896 7.555 173.534 147.000 157.000 61.000
-17.896 7.983 173.531 139.000 147.000 61.000
-17.896 8.411 173.529 129.000 137.000 59.000
-17.469 5.413 173.568 207.000 209.000 132.000
-17.469 5.841 173.565 206.000 209.000 124.000
-17.469 6.269 173.563 200.000 204.000 112.000
-17.469 6.698 173.560 189.000 196.000 96.000
-17.468 7.126 173.557 155.000 163.000 63.000
-17.468 7.555 173.555 143.000 152.000 58.000
-17.468 7.983 173.552 122.000 132.000 50.000
-17.468 8.411 173.549 99.000 104.000 40.000
-17.041 5.413 173.589 208.000 210.000 135.000
-17.041 5.841 173.586 202.000 204.000 123.000
-17.041 6.270 173.583 188.000 193.000 105.000
-17.041 6.698 173.581 166.000 172.000 83.000
-17.041 7.126 173.578 150.000 158.000 63.000
-17.040 7.555 173.576 138.000 148.000 56.000
-17.040 7.983 173.573 118.000 121.000 48.000
-16.613 5.413 173.610 185.000 187.000 125.000
-16.613 5.841 173.607 190.000 191.000 121.000
-16.613 6.270 173.604 164.000 169.000 88.000
-16.613 6.698 173.602 148.000 155.000 66.000
-16.613 7.126 173.599 146.000 155.000 63.000
-16.613 7.555 173.597 125.000 135.000 52.000
-16.185 5.841 173.628 107.000 111.000 64.000
-16.185 6.270 173.625 117.000 124.000 56.000
-16.185 6.698 173.623 134.000 144.000 56.000
-16.185 7.126 173.620 124.000 137.000 47.000
-15.757 6.698 173.644 75.000 82.000 28.000
-19.629 6.272 173.886 136.000 125.000 88.000
-19.629 6.700 173.883 189.000 175.000 101.000
-19.629 7.129 173.881 149.000 144.000 62.000
-19.629 7.557 173.878 151.000 149.000 72.000
-19.629 7.985 173.875 141.000 139.000 67.000
-19.629 8.414 173.873 117.000 121.000 58.000
-19.201 5.843 173.909 148.000 137.000 87.000
-19.201 6.272 173.907 203.000 190.000 111.000
-19.201 6.700 173.904 186.000 183.000 93.000
-19.201 7.129 173.902 147.000 154.000 58.000
-19.201 7.557 173.899 149.000 153.000 63.000
-19.201 7.985 173.896 142.000 144.000 61.000
-19.201 8.414 173.894 124.000 131.000 53.000
-19.201 8.842 173.891 125.000 130.000 64.000
-18.773 5.843 173.930 172.000 176.000 93.000
-18.773 6.272 173.928 186.000 187.000 97.000
-18.773 6.700 173.925 194.000 189.000 98.000
-18.773 7.129 173.922 167.000 171.000 73.000
-18.773 7.557 173.920 150.000 157.000 62.000
-18.773 7.985 173.917 151.000 152.000 65.000
-18.773 8.414 173.915 144.000 148.000 67.000
-18.773 8.842 173.912 108.000 113.000 55.000
-18.345 5.415 173.954 158.000 159.000 93.000
-18.345 5.844 173.951 190.000 194.000 104.000
-18.345 6.272 173.949 194.000 199.000 106.000
-18.345 6.700 173.946 197.000 197.000 101.000
-18.345 7.129 173.943 177.000 182.000 82.000
-18.345 7.557 173.941 150.000 156.000 62.000
-18.345 7.986 173.938 147.000 153.000 64.000
-18.345 8.414 173.936 143.000 148.000 63.000
-18.345 8.842 173.933 104.000 107.000 53.000
-17.918 5.415 173.975 211.000 212.000 138.000
-17.917 5.844 173.972 206.000 208.000 121.000
-17.917 6.272 173.969 201.000 204.000 111.000
-17.917 6.700 173.967 196.000 202.000 104.000
-17.917 7.129 173.964 176.000 182.000 83.000
-17.917 7.557 173.962 144.000 151.000 57.000
-17.917 7.986 173.959 140.000 147.000 58.000
-17.917 8.414 173.956 136.000 143.000 60.000
-17.917 8.842 173.954 87.000 91.000 44.000
-17.490 5.415 173.996 221.000 219.000 159.000
-17.490 5.844 173.993 213.000 213.000 142.000
-17.489 6.272 173.990 206.000 207.000 127.000
-17.489 6.700 173.988 198.000 201.000 113.000
-17.489 7.129 173.985 169.000 175.000 82.000
-17.489 7.557 173.983 140.000 148.000 58.000
-17.489 7.986 173.980 130.000 139.000 53.000
-17.489 8.414 173.977 112.000 120.000 48.000
-17.062 5.415 174.017 222.000 219.000 164.000
-17.062 5.844 174.014 215.000 214.000 153.000
-17.062 6.272 174.011 197.000 198.000 129.000
-17.062 6.701 174.009 176.000 178.000 101.000
-17.061 7.129 174.006 154.000 160.000 73.000
-17.061 7.557 174.003 145.000 153.000 68.000
-17.061 7.986 174.001 112.000 121.000 51.000
-16.634 5.415 174.037 174.000 171.000 130.000
-16.634 5.844 174.035 198.000 196.000 147.000
-16.634 6.272 174.032 177.000 178.000 117.000
-16.634 6.701 174.030 150.000 153.000 78.000
-16.634 7.129 174.027 144.000 152.000 67.000
-16.634 7.557 174.024 113.000 120.000 52.000
-16.206 6.701 174.051 113.000 119.000 51.000
-16.206 7.129 174.048 123.000 133.000 51.000
-19.650 6.274 174.314 169.000 159.000 110.000
-19.650 6.703 174.311 199.000 186.000 105.000
-19.650 7.131 174.308 164.000 156.000 71.000
-19.650 7.560 174.306 171.000 164.000 82.000
-19.650 7.988 174.303 149.000 147.000 72.000
-19.650 8.416 174.301 119.000 126.000 58.000
-19.222 5.846 174.337 155.000 147.000 88.000
-19.222 6.274 174.335 207.000 203.000 114.000
-19.222 6.703 174.332 198.000 196.000 100.000
-19.222 7.131 174.329 163.000 166.000 69.000
-19.222 7.560 174.327 160.000 162.000 70.000
-19.222 7.988 174.324 148.000 153.000 64.000
-19.222 8.416 174.322 129.000 136.000 54.000
-19.222 8.845 174.319 133.000 136.000 67.000
-18.794 5.846 174.358 188.000 192.000 101.000
-18.794 6.274 174.356 192.000 196.000 102.000
-18.794 6.703 174.353 199.000 199.000 104.000
-18.794 7.131 174.350 179.000 181.000 85.000
-18.794 7.560 174.348 162.000 164.000 69.000
-18.794 7.988 174.345 150.000 154.000 62.000
-18.794 8.416 174.343 141.000 147.000 64.000
-18.794 8.845 174.340 119.000 121.000 60.000
-18.366 5.418 174.382 172.000 174.000 105.000
-18.366 5.846 174.379 199.000 203.000 113.000
-18.366 6.275 174.376 199.000 203.000 110.000
-18.366 6.703 174.374 203.000 208.000 111.000
-18.366 7.131 174.371 184.000 189.000 92.000
-18.366 7.560 174.369 160.000 167.000 69.000
-18.366 7.988 174.366 149.000 156.000 60.000
-18.366 8.417 174.363 144.000 150.000 64.000
-18.366 8.845 174.361 102.000 106.000 53.000
-17.938 5.418 174.403 220.000 219.000 152.000
-17.938 5.846 174.400 218.000 219.000 141.000
-17.938 6.275 174.397 208.000 210.000 125.000
-17.938 6.703 174.395 200.000 204.000 113.000
-17.938 7.131 174.392 183.000 189.000 92.000
-17.938 7.560 174.390 152.000 158.000 63.000
-17.938 7.988 174.387 144.000 151.000 58.000
-17.938 8.417 174.384 135.000 141.000 58.000
-17.938 8.845 174.382 86.000 90.000 44.000
-17.511 5.418 174.423 237.000 234.000 192.000
-17.510 5.846 174.421 232.000 229.000 176.000
-17.510 6.275 174.418 212.000 211.000 145.000
-17.510 6.703 174.416 194.000 195.000 119.000
-17.510 7.131 174.413 173.000 177.000 92.000
-17.510 7.560 174.410 147.000 153.000 66.000
-17.510 7.988 174.408 143.000 152.000 62.000
-17.510 8.417 174.405 122.000 130.000 57.000
-17.083 5.418 174.444 234.000 231.000 197.000
-17.083 5.846 174.442 229.000 225.000 187.000
-17.083 6.275 174.439 202.000 198.000 148.000
-17.082 6.703 174.437 178.000 176.000 111.000
-17.082 7.132 174.434 150.000 154.000 72.000
-17.082 7.560 174.431 142.000 148.000 68.000
-17.082 7.988 174.429 109.000 117.000 53.000
-16.655 6.275 174.460 153.000 149.000 113.000
-16.655 6.703 174.458 140.000 140.000 80.000
-16.654 7.132 174.455 137.000 143.000 65.000
-16.654 7.560 174.452 115.000 121.000 58.000
-16.227 7.132 174.476 81.000 86.000 36.000
-20.099 7.134 174.715 90.000 88.000 45.000
-20.098 7.562 174.713 122.000 118.000 71.000
-20.098 7.990 174.710 89.000 90.000 55.000
-19.671 6.277 174.742 200.000 190.000 133.000
-19.671 6.705 174.739 206.000 196.000 114.000
-19.671 7.134 174.736 174.000 173.000 86.000
-19.671 7.562 174.734 182.000 174.000 93.000
-19.671 7.991 174.731 152.000 148.000 72.000
-19.670 8.419 174.729 131.000 132.000 62.000
-19.243 5.849 174.765 150.000 147.000 87.000
-19.243 6.277 174.763 210.000 203.000 116.000
-19.243 6.705 174.760 208.000 203.000 114.000
-19.243 7.134 174.757 182.000 184.000 90.000
-19.243 7.562 174.755 163.000 163.000 71.000
-19.243 7.991 174.752 144.000 150.000 59.000
-19.243 8.419 174.749 135.000 139.000 56.000
-19.243 8.847 174.747 117.000 119.000 59.000
-18.815 5.849 174.786 197.000 199.000 110.000
-18.815 6.277 174.783 200.000 204.000 109.000
-18.815 6.705 174.781 199.000 203.000 108.000
-18.815 7.134 174.778 183.000 187.000 96.000
-18.815 7.562 174.776 159.000 165.000 70.000
-18.815 7.991 174.773 146.000 155.000 61.000
-18.815 8.419 174.770 142.000 149.000 64.000
-18.815 8.847 174.768 86.000 89.000 46.000
-18.387 5.420 174.810 187.000 187.000 124.000
-18.387 5.849 174.807 209.000 210.000 127.000
-18.387 6.277 174.804 203.000 206.000 115.000
-18.387 6.706 174.802 194.000 198.000 104.000
-18.387 7.134 174.799 176.000 179.000 84.000
-18.387 7.562 174.797 158.000 165.000 68.000
-18.387 7.991 174.794 146.000 153.000 61.000
-18.387 8.419 174.791 144.000 150.000 67.000
-17.959 5.420 174.830 230.000 227.000 171.000
-17.959 5.849 174.828 224.000 223.000 155.000
-17.959 6.277 174.825 216.000 216.000 139.000
-17.959 6.706 174.823 200.000 203.000 116.000
-17.959 7.134 174.820 176.000 181.000 85.000
-17.959 7.562 174.817 156.000 161.000 69.000
-17.959 7.991 174.815 144.000 150.000 63.000
-17.959 8.419 174.812 136.000 143.000 65.000
-17.531 5.421 174.851 240.000 237.000 201.000
-17.531 5.849 174.849 238.000 236.000 194.000
-17.531 6.277 174.846 223.000 221.000 161.000
-17.531 6.706 174.844 199.000 200.000 128.000
-17.531 7.134 174.841 180.000 184.000 102.000
-17.531 7.562 174.838 162.000 166.000 85.000
-17.531 7.991 174.836 151.000 157.000 80.000
-17.104 5.421 174.872 243.000 240.000 215.000
-17.103 5.849 174.870 229.000 224.000 189.000
-17.103 6.277 174.867 207.000 201.000 154.000
-17.103 6.706 174.864 181.000 179.000 115.000
-17.103 7.134 174.862 158.000 160.000 80.000
-17.103 7.563 174.859 155.000 159.000 82.000
-16.676 6.277 174.888 108.000 103.000 77.000
-16.675 6.706 174.885 147.000 146.000 92.000
-16.675 7.134 174.883 152.000 156.000 84.000
-16.675 7.563 174.880 84.000 86.000 50.000
-20.119 7.136 175.143 128.000 132.000 74.000
-20.119 7.565 175.141 144.000 144.000 89.000
-20.119 7.993 175.138 134.000 138.000 89.000
-19.692 6.280 175.169 207.000 200.000 127.000
-19.692 6.708 175.167 212.000 205.000 125.000
-19.692 7.136 175.164 169.000 173.000 87.000
-19.692 7.565 175.162 176.000 175.000 91.000
-19.691 7.993 175.159 156.000 154.000 74.000
-19.691 8.422 175.156 142.000 142.000 69.000
-19.264 5.851 175.193 161.000 165.000 83.000
-19.264 6.280 175.190 209.000 211.000 120.000
-19.264 6.708 175.188 209.000 211.000 119.000
-19.264 7.136 175.185 185.000 188.000 100.000
-19.264 7.565 175.183 159.000 164.000 70.000
-19.264 7.993 175.180 149.000 154.000 60.000
-19.263 8.422 175.177 132.000 140.000 54.000
-18.836 5.851 175.214 200.000 202.000 116.000
-18.836 6.280 175.211 197.000 199.000 111.000
-18.836 6.708 175.209 199.000 201.000 114.000
-18.836 7.136 175.206 178.000 182.000 91.000
-18.836 7.565 175.203 148.000 152.000 62.000
-18.836 7.993 175.201 143.000 149.000 60.000
-18.836 8.422 175.198 141.000 148.000 66.000
-18.408 5.423 175.237 160.000 158.000 111.000
-18.408 5.851 175.235 214.000 213.000 138.000
-18.408 6.280 175.232 209.000 210.000 129.000
-18.408 6.708 175.230 201.000 203.000 120.000
-18.408 7.137 175.227 172.000 174.000 82.000
-18.408 7.565 175.224 142.000 144.000 59.000
-18.408 7.993 175.222 144.000 149.000 63.000
-18.408 8.422 175.219 141.000 146.000 68.000
-17.980 5.423 175.258 231.000 228.000 178.000
-17.980 5.851 175.256 230.000 228.000 169.000
-17.980 6.280 175.253 216.000 216.000 143.000
-17.980 6.708 175.251 203.000 205.000 125.000
-17.980 7.137 175.248 171.000 173.000 83.000
-17.980 7.565 175.245 146.000 147.000 65.000
-17.980 7.993 175.243 145.000 149.000 67.000
-17.980 8.422 175.240 135.000 140.000 71.000
-17.552 5.423 175.279 243.000 240.000 210.000
-17.552 5.852 175.277 239.000 236.000 197.000
-17.552 6.280 175.274 224.000 222.000 163.000
-17.552 6.708 175.271 196.000 197.000 122.000
-17.552 7.137 175.269 182.000 184.000 107.000
-17.552 7.565 175.266 170.000 173.000 101.000
-17.552 7.993 175.264 101.000 104.000 60.000
-17.124 5.423 175.300 204.000 202.000 177.000
-17.124 5.852 175.298 227.000 222.000 188.000
-17.124 6.280 175.295 206.000 201.000 154.000
-17.124 6.708 175.292 185.000 184.000 122.000
-17.124 7.137 175.290 174.000 177.000 102.000
-17.124 7.565 175.287 143.000 145.000 87.000
-20.140 7.139 175.571 166.000 170.000 103.000
-20.140 7.567 175.569 139.000 140.000 93.000
-19.713 6.282 175.597 182.000 180.000 116.000
-19.713 6.711 175.595 207.000 207.000 129.000
-19.712 7.139 175.592 187.000 191.000 103.000
-19.712 7.567 175.590 178.000 183.000 100.000
-19.712 7.996 175.587 148.000 152.000 77.000
-19.712 8.424 175.584 89.000 91.000 46.000
-19.285 5.854 175.621 154.000 157.000 75.000
-19.285 6.282 175.618 198.000 202.000 113.000
-19.285 6.711 175.616 210.000 210.000 126.000
-19.285 7.139 175.613 192.000 195.000 107.000
-19.285 7.567 175.610 161.000 166.000 74.000
-19.284 7.996 175.608 144.000 148.000 60.000
-19.284 8.424 175.605 139.000 143.000 63.000
-18.857 5.854 175.642 202.000 203.000 126.000
-18.857 6.282 175.639 192.000 195.000 111.000
-18.857 6.711 175.637 190.000 195.000 106.000
-18.857 7.139 175.634 172.000 176.000 85.000
-18.857 7.567 175.631 143.000 146.000 59.000
-18.857 7.996 175.629 140.000 145.000 59.000
-18.857 8.424 175.626 139.000 142.000 65.000
-18.429 5.426 175.665 173.000 172.000 125.000
-18.429 5.854 175.663 219.000 217.000 152.000
-18.429 6.282 175.660 208.000 208.000 132.000
-18.429 6.711 175.657 188.000 191.000 106.000
-18.429 7.139 175.655 169.000 172.000 82.000
-18.429 7.568 175.652 145.000 148.000 65.000
-18.429 7.996 175.650 140.000 144.000 65.000
-18.429 8.424 175.647 103.000 106.000 53.000
-18.001 5.426 175.686 228.000 224.000 175.000
-18.001 5.854 175.684 235.000 231.000 182.000
-18.001 6.282 175.681 221.000 220.000 156.000
-18.001 6.711 175.678 199.000 200.000 121.000
-18.001 7.139 175.676 172.000 175.000 90.000
-18.001 7.568 175.673 165.000 168.000 88.000
-18.001 7.996 175.671 156.000 160.000 88.000
-17.573 5.426 175.707 242.000 240.000 207.000
-17.573 5.854 175.705 239.000 236.000 196.000
-17.573 6.283 175.702 221.000 219.000 162.000
-17.573 6.711 175.699 196.000 197.000 127.000
-17.573 7.139 175.697 165.000 167.000 89.000
-17.573 7.568 175.694 177.000 181.000 106.000
-17.573 7.996 175.692 119.000 122.000 77.000
-17.145 5.426 175.728 146.000 143.000 119.000
-17.145 5.854 175.725 212.000 209.000 167.000
-17.145 6.283 175.723 186.000 184.000 137.000
-17.145 6.711 175.720 169.000 170.000 116.000
-17.145 7.139 175.718 167.000 168.000 99.000
-17.145 7.568 175.715 102.000 103.000 65.000
-20.161 7.142 175.999 137.000 137.000 92.000
-20.161 7.570 175.997 93.000 93.000 62.000
-19.734 6.285 176.025 98.000 97.000 68.000
-19.733 6.713 176.023 222.000 220.000 159.000
-19.733 7.142 176.020 203.000 205.000 123.000
-19.733 7.570 176.017 190.000 194.000 115.000
-19.733 7.998 176.015 155.000 158.000 89.000
-19.306 6.285 176.046 142.000 141.000 85.000
-19.306 6.713 176.044 215.000 216.000 141.000
-19.306 7.142 176.041 205.000 206.000 122.000
-19.305 7.570 176.038 168.000 171.000 79.000
-19.305 7.998 176.036 143.000 147.000 58.000
-19.305 8.427 176.033 131.000 135.000 61.000
-18.878 5.857 176.070 164.000 163.000 115.000
-18.878 6.285 176.067 207.000 208.000 137.000
-18.878 6.713 176.064 205.000 206.000 127.000
-18.878 7.142 176.062 193.000 195.000 109.000
-18.878 7.570 176.059 157.000 158.000 71.000
-18.877 7.999 176.057 144.000 145.000 64.000
-18.877 8.427 176.054 138.000 141.000 73.000
-18.450 5.428 176.093 172.000 170.000 129.000
-18.450 5.857 176.091 227.000 224.000 168.000
-18.450 6.285 176.088 220.000 219.000 152.000
-18.450 6.713 176.085 208.000 210.000 132.000
-18.450 7.142 176.083 196.000 199.000 115.000
-18.450 7.570 176.080 182.000 186.000 102.000
-18.450 7.999 176.078 173.000 178.000 102.000
-18.022 5.428 176.114 224.000 222.000 175.000
-18.022 5.857 176.112 231.000 228.000 175.000
-18.022 6.285 176.109 223.000 222.000 159.000
-18.022 6.713 176.106 209.000 210.000 137.000
-18.022 7.142 176.104 195.000 198.000 120.000
-18.022 7.570 176.101 190.000 193.000 119.000
-18.022 7.999 176.098 140.000 138.000 92.000
-17.594 5.428 176.135 200.000 197.000 153.000
-17.594 5.857 176.132 225.000 222.000 171.000
-17.594 6.285 176.130 219.000 217.000 162.000
-17.594 6.714 176.127 201.000 202.000 135.000
-17.594 7.142 176.125 183.000 185.000 114.000
-17.594 7.570 176.122 170.000 172.000 111.000
-17.166 5.857 176.153 127.000 125.000 96.000
-17.166 6.285 176.151 141.000 140.000 96.000
-17.166 6.714 176.148 124.000 127.000 79.000
-17.166 7.142 176.146 127.000 131.000 77.000
-19.754 6.716 176.451 204.000 202.000 154.000
-19.754 7.144 176.448 213.000 213.000 137.000
-19.754 7.573 176.445 182.000 183.000 107.000
-19.754 8.001 176.443 131.000 132.000 77.000
-19.327 6.287 176.474 134.000 132.000 96.000
-19.326 6.716 176.471 232.000 230.000 168.000
-19.326 7.144 176.469 223.000 223.000 148.000
-19.326 7.573 176.466 181.000 183.000 92.000
-19.326 8.001 176.464 171.000 173.000 86.000
-19.326 8.429 176.461 89.000 90.000 54.000
-18.899 5.859 176.498 163.000 162.000 115.000
-18.899 6.288 176.495 210.000 209.000 147.000
-18.899 6.716 176.492 220.000 219.000 153.000
-18.899 7.144 176.490 213.000 214.000 137.000
-18.898 7.573 176.487 187.000 189.000 110.000
-18.898 8.001 176.485 147.000 148.000 89.000
-18.471 5.859 176.518 216.000 213.000 158.000
-18.471 6.288 176.516 220.000 218.000 158.000
-18.471 6.716 176.513 220.000 219.000 153.000
-18.471 7.144 176.511 212.000 212.000 141.000
-18.471 7.573 176.508 197.000 197.000 134.000
-18.043 5.431 176.542 107.000 106.000 80.000
-18.043 5.859 176.539 222.000 219.000 165.000
-18.043 6.288 176.537 219.000 217.000 159.000
-18.043 6.716 176.534 213.000 213.000 148.000
-18.043 7.144 176.532 198.000 198.000 131.000
-18.043 7.573 176.529 113.000 113.000 79.000
-17.615 5.859 176.560 206.000 204.000 151.000
-17.615 6.288 176.558 204.000 203.000 145.000
-17.615 6.716 176.555 146.000 148.000 95.000
-17.615 7.145 176.552 105.000 106.000 63.000
-17.187 6.288 176.579 85.000 87.000 51.000
-17.187 6.716 176.576 79.000 83.000 46.000
-19.775 6.718 176.878 185.000 182.000 140.000
-19.775 7.147 176.876 210.000 209.000 142.000
-19.775 7.575 176.873 186.000 185.000 124.000
-19.347 6.290 176.902 177.000 175.000 132.000
-19.347 6.718 176.899 232.000 230.000 174.000
-19.347 7.147 176.897 230.000 229.000 162.000
-19.347 7.575 176.894 208.000 207.000 135.000
-19.347 8.004 176.891 99.000 98.000 65.000
-18.920 5.862 176.925 121.000 120.000 88.000
-18.920 6.290 176.923 206.000 205.000 148.000
-18.920 6.719 176.920 226.000 223.000 166.000
-18.919 7.147 176.918 225.000 223.000 159.000
-18.919 7.575 176.915 149.000 148.000 105.000
-18.492 5.862 176.946 150.000 149.000 109.000
-18.492 6.290 176.944 207.000 205.000 149.000
-18.492 6.719 176.941 203.000 203.000 144.000
-18.492 7.147 176.939 187.000 186.000 131.000
-18.064 5.862 176.967 120.000 119.000 88.000
-18.064 6.290 176.965 173.000 173.000 124.000
-18.064 6.719 176.962 161.000 162.000 113.000
-19.796 6.721 177.306 119.000 117.000 88.000
-19.796 7.149 177.304 219.000 217.000 161.000
-19.796 7.578 177.301 203.000 200.000 150.000
-19.368 6.293 177.330 105.000 103.000 76.000
-19.368 6.721 177.327 203.000 200.000 146.000
-19.368 7.149 177.325 228.000 225.000 171.000
-19.368 7.578 177.322 200.000 197.000 154.000
-18.940 6.293 177.351 105.000 104.000 77.000
-18.940 6.721 177.348 130.000 129.000 95.000
-18.940 7.150 177.346 181.000 180.000 130.000
-19.817 7.152 177.732 156.000 152.000 122.000
