-6.563 -16.543 153.805 63.000 86.000 36.000
-6.130 -16.976 153.800 82.000 99.000 56.000
-5.698 -16.543 153.805 64.000 81.000 37.000
-5.698 -16.110 153.810 66.000 81.000 40.000
-6.996 -16.548 154.237 75.000 93.000 55.000
-6.563 -16.548 154.237 110.000 131.000 71.000
-6.563 -16.115 154.242 90.000 107.000 54.000
-6.131 -16.980 154.233 122.000 139.000 87.000
-6.131 -16.548 154.238 106.000 129.000 63.000
-6.131 -16.115 154.242 101.000 121.000 58.000
-5.698 -16.980 154.233 106.000 121.000 70.000
-5.698 -16.548 154.238 106.000 129.000 60.000
-5.698 -16.115 154.243 94.000 114.000 51.000
-4.833 -16.115 154.243 85.000 100.000 46.000
-6.996 -16.985 154.665 97.000 115.000 77.000
-6.996 -16.552 154.669 75.000 91.000 52.000
-6.996 -16.119 154.674 108.000 124.000 78.000
-6.996 -15.687 154.679 134.000 145.000 100.000
-6.564 -16.985 154.665 114.000 130.000 87.000
-6.564 -16.552 154.670 110.000 134.000 65.000
-6.564 -16.119 154.674 115.000 138.000 65.000
-6.564 -15.687 154.679 118.000 134.000 74.000
-6.564 -15.254 154.684 105.000 114.000 73.000
-6.131 -16.985 154.666 123.000 140.000 89.000
-6.131 -16.552 154.670 114.000 137.000 65.000
-6.131 -16.119 154.675 105.000 132.000 52.000
-6.131 -15.687 154.679 84.000 103.000 43.000
-5.698 -16.985 154.666 86.000 102.000 52.000
-5.698 -16.552 154.671 103.000 129.000 54.000
-5.698 -16.119 154.675 104.000 130.000 52.000
-5.698 -15.687 154.680 74.000 95.000 33.000
-5.266 -16.552 154.671 74.000 92.000 37.000
-5.266 -16.119 154.676 97.000 118.000 51.000
-5.266 -15.687 154.680 120.000 138.000 68.000
-5.266 -15.254 154.685 109.000 120.000 65.000
-4.833 -16.552 154.671 68.000 88.000 30.000
-4.833 -16.119 154.676 82.000 99.000 43.000
-4.833 -15.687 154.681 136.000 149.000 83.000
-4.401 -16.120 154.676 83.000 96.000 48.000
-7.430 -16.124 155.106 77.000 91.000 52.000
-7.430 -15.691 155.111 144.000 157.000 113.000
-6.997 -16.989 155.097 106.000 125.000 80.000
-6.997 -16.557 155.102 81.000 105.000 43.000
-6.997 -16.124 155.107 107.000 129.000 63.000
-6.997 -15.691 155.111 149.000 165.000 103.000
-6.997 -15.259 155.116 171.000 181.000 129.000
-6.564 -16.989 155.098 104.000 124.000 75.000
-6.564 -16.557 155.102 103.000 134.000 48.000
-6.564 -16.124 155.107 107.000 138.000 45.000
-6.564 -15.691 155.112 121.000 140.000 62.000
-6.564 -15.259 155.116 125.000 143.000 76.000
-6.132 -16.989 155.098 95.000 114.000 62.000
-6.132 -16.557 155.103 102.000 132.000 48.000
-6.132 -16.124 155.107 103.000 133.000 42.000
-6.132 -15.691 155.112 102.000 129.000 44.000
-5.699 -16.557 155.103 102.000 125.000 53.000
-5.699 -16.124 155.108 107.000 132.000 52.000
-5.699 -15.691 155.112 102.000 126.000 48.000
-5.266 -16.557 155.104 116.000 134.000 69.000
-5.266 -16.124 155.108 137.000 153.000 86.000
-5.266 -15.691 155.113 143.000 161.000 87.000
-4.834 -16.557 155.104 80.000 99.000 41.000
-4.834 -16.124 155.109 122.000 139.000 73.000
-4.834 -15.691 155.113 139.000 154.000 83.000
-4.834 -15.259 155.118 164.000 180.000 105.000
-4.401 -15.691 155.114 124.000 136.000 77.000
-7.863 -15.696 155.543 110.000 123.000 85.000
-7.430 -16.129 155.539 112.000 130.000 66.000
-7.430 -15.696 155.543 130.000 149.000 89.000
-7.430 -15.263 155.548 153.000 168.000 114.000
-6.997 -16.994 155.530 113.000 130.000 80.000
-6.997 -16.561 155.535 99.000 123.000 49.000
-6.997 -16.129 155.539 115.000 138.000 59.000
-6.997 -15.696 155.544 126.000 147.000 73.000
-6.997 -15.263 155.548 136.000 155.000 86.000
-6.997 -14.831 155.553 100.000 112.000 68.000
-6.565 -16.994 155.531 106.000 125.000 76.000
-6.565 -16.561 155.535 104.000 135.000 46.000
-6.565 -16.129 155.540 111.000 139.000 47.000
-6.565 -15.696 155.544 122.000 145.000 62.000
-6.565 -15.263 155.549 128.000 149.000 69.000
-6.565 -14.831 155.553 86.000 100.000 51.000
-6.132 -16.994 155.531 106.000 125.000 69.000
-6.132 -16.561 155.536 114.000 139.000 55.000
-6.132 -16.129 155.540 116.000 142.000 53.000
-6.132 -15.696 155.545 122.000 144.000 61.000
-6.132 -15.263 155.549 111.000 130.000 57.000
-6.132 -14.831 155.554 79.000 93.000 44.000
-5.699 -16.994 155.531 81.000 101.000 47.000
-5.699 -16.561 155.536 126.000 145.000 73.000
-5.699 -16.129 155.541 127.000 147.000 68.000
-5.699 -15.696 155.545 123.000 143.000 64.000
-5.699 -15.263 155.550 87.000 104.000 44.000
-5.267 -16.561 155.536 132.000 149.000 85.000
-5.267 -16.129 155.541 145.000 161.000 93.000
-5.267 -15.696 155.546 132.000 147.000 77.000
-4.834 -16.561 155.537 124.000 141.000 76.000
-4.834 -16.129 155.541 141.000 157.000 89.000
-4.834 -15.696 155.546 140.000 157.000 84.000
-4.834 -15.263 155.551 108.000 121.000 63.000
-4.401 -16.561 155.537 70.000 89.000 32.000
-4.401 -16.129 155.542 98.000 112.000 57.000
-4.401 -15.696 155.546 125.000 139.000 80.000
-4.401 -15.263 155.551 154.000 163.000 109.000
-7.863 -16.133 155.971 117.000 133.000 74.000
-7.863 -15.701 155.976 130.000 148.000 87.000
-7.863 -15.268 155.980 148.000 162.000 111.000
-7.863 -14.835 155.985 93.000 100.000 74.000
-7.430 -16.566 155.967 101.000 116.000 59.000
-7.430 -16.133 155.972 121.000 142.000 68.000
-7.430 -15.701 155.976 126.000 147.000 75.000
-7.430 -15.268 155.981 139.000 157.000 90.000
-7.430 -14.835 155.985 136.000 151.000 95.000
-6.998 -16.999 155.963 111.000 130.000 75.000
-6.998 -16.566 155.967 111.000 135.000 57.000
-6.998 -16.133 155.972 120.000 142.000 60.000
-6.998 -15.701 155.977 123.000 145.000 65.000
-6.998 -15.268 155.981 128.000 150.000 70.000
-6.998 -14.835 155.986 124.000 143.000 76.000
-6.998 -14.403 155.990 67.000 80.000 42.000
-6.565 -17.431 155.959 71.000 85.000 58.000
-6.565 -16.999 155.963 113.000 130.000 84.000
-6.565 -16.566 155.968 107.000 135.000 52.000
-6.565 -16.133 155.972 114.000 141.000 51.000
-6.565 -15.701 155.977 131.000 156.000 65.000
-6.565 -15.268 155.982 136.000 159.000 68.000
-6.565 -14.835 155.986 125.000 146.000 68.000
-6.132 -17.431 155.959 63.000 82.000 46.000
-6.132 -16.999 155.964 112.000 129.000 76.000
-6.132 -16.566 155.968 118.000 142.000 61.000
-6.132 -16.133 155.973 122.000 147.000 60.000
-6.132 -15.701 155.977 135.000 157.000 70.000
-6.132 -15.268 155.982 132.000 155.000 66.000
-6.132 -14.835 155.987 128.000 149.000 70.000
-5.700 -16.999 155.964 93.000 115.000 58.000
-5.700 -16.566 155.969 131.000 149.000 76.000
-5.700 -16.133 155.973 139.000 157.000 78.000
-5.700 -15.701 155.978 135.000 154.000 72.000
-5.700 -15.268 155.982 124.000 145.000 63.000
-5.700 -14.835 155.987 112.000 129.000 64.000
-5.267 -16.566 155.969 156.000 171.000 108.000
-5.267 -16.133 155.974 155.000 171.000 99.000
-5.267 -15.701 155.978 130.000 147.000 71.000
-5.267 -15.268 155.983 67.000 84.000 29.000
-4.834 -16.566 155.969 152.000 168.000 101.000
-4.834 -16.133 155.974 156.000 172.000 99.000
-4.834 -15.701 155.979 146.000 163.000 84.000
-4.834 -15.268 155.983 92.000 109.000 46.000
-4.402 -16.566 155.970 89.000 104.000 48.000
-4.402 -16.133 155.974 143.000 158.000 90.000
-4.402 -15.701 155.979 156.000 171.000 99.000
-4.402 -15.268 155.984 72.000 81.000 41.000
-4.402 -14.835 155.988 83.000 91.000 57.000
-3.969 -15.701 155.979 80.000 87.000 52.000
-8.296 -15.705 156.408 92.000 105.000 70.000
-8.296 -15.273 156.412 128.000 135.000 106.000
-7.863 -16.570 156.399 106.000 119.000 64.000
-7.863 -16.138 156.404 132.000 152.000 79.000
-7.863 -15.705 156.408 133.000 153.000 80.000
-7.863 -15.273 156.413 141.000 159.000 91.000
-7.863 -14.840 156.417 137.000 152.000 97.000
-7.863 -14.407 156.422 80.000 89.000 56.000
-7.431 -16.570 156.400 126.000 142.000 76.000
-7.431 -16.138 156.404 143.000 162.000 82.000
-7.431 -15.705 156.409 136.000 156.000 76.000
-7.431 -15.273 156.413 140.000 162.000 81.000
-7.431 -14.840 156.418 137.000 155.000 85.000
-7.431 -14.407 156.422 108.000 122.000 70.000
-6.998 -17.003 156.395 101.000 119.000 66.000
-6.998 -16.570 156.400 117.000 139.000 64.000
-6.998 -16.138 156.405 127.000 147.000 69.000
-6.998 -15.705 156.409 136.000 156.000 73.000
-6.998 -15.273 156.414 133.000 156.000 68.000
-6.998 -14.840 156.418 129.000 150.000 71.000
-6.998 -14.407 156.423 102.000 120.000 59.000
-6.565 -17.003 156.396 104.000 123.000 75.000
-6.565 -16.570 156.400 106.000 131.000 57.000
-6.565 -16.138 156.405 123.000 147.000 62.000
-6.565 -15.705 156.410 140.000 163.000 70.000
-6.565 -15.273 156.414 136.000 163.000 60.000
-6.565 -14.840 156.419 134.000 160.000 65.000
-6.565 -14.407 156.423 90.000 107.000 49.000
-6.133 -17.436 156.392 67.000 80.000 52.000
-6.133 -17.003 156.396 103.000 124.000 69.000
-6.133 -16.570 156.401 112.000 135.000 61.000
-6.133 -16.138 156.405 125.000 149.000 63.000
-6.133 -15.705 156.410 139.000 162.000 71.000
-6.133 -15.273 156.415 141.000 165.000 67.000
-6.133 -14.840 156.419 139.000 162.000 71.000
-6.133 -14.407 156.424 105.000 121.000 63.000
-5.700 -17.003 156.397 107.000 125.000 71.000
-5.700 -16.570 156.401 132.000 149.000 79.000
-5.700 -16.138 156.406 140.000 157.000 75.000
-5.700 -15.705 156.410 141.000 160.000 76.000
-5.700 -15.273 156.415 140.000 163.000 70.000
-5.700 -14.840 156.420 145.000 164.000 81.000
-5.700 -14.407 156.424 120.000 132.000 80.000
-5.267 -17.003 156.397 98.000 113.000 63.000
-5.267 -16.570 156.402 168.000 184.000 116.000
-5.267 -16.138 156.406 162.000 179.000 101.000
-5.267 -15.705 156.411 137.000 157.000 73.000
-5.267 -15.273 156.415 117.000 139.000 56.000
-5.267 -14.840 156.420 128.000 144.000 74.000
-5.267 -14.407 156.425 76.000 81.000 55.000
-4.835 -16.570 156.402 165.000 179.000 112.000
-4.835 -16.138 156.407 166.000 181.000 105.000
-4.835 -15.705 156.411 148.000 166.000 81.000
-4.835 -15.273 156.416 93.000 114.000 40.000
-4.835 -14.840 156.420 75.000 86.000 40.000
-4.402 -16.570 156.402 127.000 139.000 82.000
-4.402 -16.138 156.407 175.000 189.000 119.000
-4.402 -15.705 156.412 163.000 181.000 100.000
-3.969 -15.705 156.412 103.000 111.000 70.000
-8.297 -16.142 156.836 80.000 90.000 52.000
-8.297 -15.710 156.841 83.000 95.000 53.000
-8.297 -15.277 156.845 133.000 145.000 100.000
-8.297 -14.844 156.850 139.000 149.000 115.000
-7.864 -16.575 156.832 98.000 112.000 55.000
-7.864 -16.142 156.836 131.000 152.000 71.000
-7.864 -15.710 156.841 131.000 152.000 72.000
-7.864 -15.277 156.846 137.000 156.000 78.000
-7.864 -14.844 156.850 139.000 155.000 87.000
-7.864 -14.412 156.855 126.000 140.000 83.000
-7.431 -16.575 156.832 126.000 145.000 72.000
-7.431 -16.142 156.837 136.000 158.000 74.000
-7.431 -15.710 156.841 134.000 156.000 71.000
-7.431 -15.277 156.846 140.000 161.000 72.000
-7.431 -14.845 156.851 134.000 153.000 74.000
-7.431 -14.412 156.855 120.000 136.000 71.000
-6.999 -17.440 156.823 74.000 90.000 53.000
-6.999 -17.008 156.828 97.000 120.000 58.000
-6.999 -16.575 156.833 121.000 143.000 69.000
-6.999 -16.142 156.837 136.000 156.000 74.000
-6.999 -15.710 156.842 144.000 166.000 74.000
-6.999 -15.277 156.846 138.000 163.000 63.000
-6.999 -14.845 156.851 135.000 157.000 66.000
-6.999 -14.412 156.856 126.000 145.000 71.000
-6.566 -17.440 156.824 76.000 98.000 60.000
-6.566 -17.008 156.828 105.000 124.000 73.000
-6.566 -16.575 156.833 100.000 126.000 54.000
-6.566 -16.142 156.838 124.000 146.000 65.000
-6.566 -15.710 156.842 140.000 163.000 69.000
-6.566 -15.277 156.847 145.000 172.000 63.000
-6.566 -14.845 156.851 141.000 167.000 64.000
-6.566 -14.412 156.856 128.000 150.000 69.000
-6.133 -17.440 156.824 64.000 82.000 45.000
-6.133 -17.008 156.829 92.000 113.000 60.000
-6.133 -16.575 156.833 109.000 131.000 61.000
-6.133 -16.142 156.838 131.000 153.000 69.000
-6.133 -15.710 156.843 145.000 166.000 75.000
-6.133 -15.277 156.847 153.000 178.000 71.000
-6.133 -14.845 156.852 146.000 171.000 71.000
-6.133 -14.412 156.856 132.000 150.000 76.000
-5.701 -17.008 156.829 89.000 107.000 57.000
-5.701 -16.575 156.834 139.000 153.000 88.000
-5.701 -16.142 156.838 144.000 161.000 81.000
-5.701 -15.710 156.843 145.000 164.000 76.000
-5.701 -15.277 156.848 159.000 182.000 78.000
-5.701 -14.845 156.852 154.000 175.000 81.000
-5.701 -14.412 156.857 146.000 161.000 93.000
-5.268 -17.008 156.830 141.000 154.000 100.000
-5.268 -16.575 156.834 171.000 186.000 118.000
-5.268 -16.142 156.839 156.000 173.000 90.000
-5.268 -15.710 156.843 139.000 158.000 69.000
-5.268 -15.277 156.848 136.000 161.000 62.000
-5.268 -14.845 156.853 156.000 176.000 89.000
-5.268 -14.412 156.857 146.000 154.000 109.000
-4.835 -17.008 156.830 87.000 100.000 47.000
-4.835 -16.575 156.835 171.000 184.000 116.000
-4.835 -16.142 156.839 168.000 183.000 104.000
-4.835 -15.710 156.844 146.000 164.000 76.000
-4.835 -15.277 156.848 115.000 141.000 47.000
-4.835 -14.845 156.853 102.000 119.000 51.000
-4.403 -16.575 156.835 169.000 182.000 120.000
-4.403 -16.142 156.840 181.000 195.000 124.000
-4.403 -15.710 156.844 159.000 177.000 91.000
-3.970 -16.142 156.840 120.000 127.000 89.000
-3.970 -15.710 156.845 118.000 126.000 79.000
-8.297 -15.714 157.273 87.000 101.000 53.000
-8.297 -15.282 157.278 129.000 142.000 89.000
-8.297 -14.849 157.282 142.000 154.000 109.000
-8.297 -14.416 157.287 96.000 104.000 76.000
-7.864 -16.580 157.264 115.000 131.000 66.000
-7.864 -16.147 157.269 134.000 155.000 71.000
-7.864 -15.714 157.274 134.000 156.000 68.000
-7.864 -15.282 157.278 137.000 159.000 70.000
-7.864 -14.849 157.283 136.000 156.000 78.000
-7.864 -14.416 157.287 141.000 157.000 90.000
-7.432 -17.012 157.260 71.000 82.000 43.000
-7.432 -16.580 157.265 130.000 150.000 75.000
-7.432 -16.147 157.269 133.000 155.000 71.000
-7.432 -15.714 157.274 137.000 160.000 68.000
-7.432 -15.282 157.279 144.000 167.000 69.000
-7.432 -14.849 157.283 140.000 161.000 72.000
-7.432 -14.416 157.288 129.000 147.000 74.000
-6.999 -17.878 157.251 73.000 86.000 58.000
-6.999 -17.445 157.256 87.000 104.000 62.000
-6.999 -17.012 157.261 102.000 124.000 62.000
-6.999 -16.580 157.265 128.000 149.000 74.000
-6.999 -16.147 157.270 136.000 157.000 74.000
-6.999 -15.714 157.274 140.000 162.000 70.000
-6.999 -15.282 157.279 147.000 172.000 66.000
-6.999 -14.849 157.284 143.000 167.000 69.000
-6.999 -14.416 157.288 128.000 149.000 70.000
-6.999 -13.984 157.293 92.000 108.000 54.000
-6.566 -17.445 157.256 86.000 103.000 66.000
-6.566 -17.012 157.261 102.000 122.000 68.000
-6.566 -16.580 157.266 108.000 129.000 65.000
-6.566 -16.147 157.270 126.000 148.000 67.000
-6.566 -15.714 157.275 141.000 162.000 68.000
-6.566 -15.282 157.279 156.000 180.000 68.000
-6.566 -14.849 157.284 154.000 177.000 71.000
-6.566 -14.416 157.289 136.000 156.000 73.000
-6.134 -17.878 157.252 77.000 91.000 63.000
-6.134 -17.445 157.257 88.000 104.000 67.000
-6.134 -17.012 157.261 101.000 122.000 66.000
-6.134 -16.580 157.266 121.000 139.000 73.000
-6.134 -16.147 157.271 132.000 153.000 68.000
-6.134 -15.714 157.275 144.000 164.000 72.000
-6.134 -15.282 157.280 153.000 178.000 68.000
-6.134 -14.849 157.284 154.000 177.000 74.000
-6.134 -14.416 157.289 139.000 157.000 78.000
-5.701 -17.445 157.257 76.000 90.000 55.000
-5.701 -17.012 157.262 105.000 122.000 70.000
-5.701 -16.580 157.266 137.000 154.000 82.000
-5.701 -16.147 157.271 143.000 161.000 77.000
-5.701 -15.714 157.276 145.000 165.000 72.000
-5.701 -15.282 157.280 158.000 180.000 74.000
-5.701 -14.849 157.285 158.000 179.000 80.000
-5.701 -14.416 157.289 153.000 168.000 95.000
-5.268 -17.012 157.262 146.000 158.000 105.000
-5.268 -16.580 157.267 174.000 188.000 117.000
-5.268 -16.147 157.271 169.000 186.000 101.000
-5.268 -15.714 157.276 145.000 165.000 72.000
-5.268 -15.282 157.281 149.000 172.000 71.000
-5.268 -14.849 157.285 167.000 186.000 93.000
-5.268 -14.416 157.290 161.000 173.000 111.000
-4.836 -17.012 157.263 83.000 96.000 44.000
-4.836 -16.580 157.267 174.000 188.000 119.000
-4.836 -16.147 157.272 171.000 187.000 106.000
-4.836 -15.714 157.277 156.000 174.000 82.000
-4.836 -15.282 157.281 120.000 141.000 51.000
-4.836 -14.849 157.286 125.000 142.000 65.000
-4.836 -14.416 157.290 138.000 146.000 98.000
-4.403 -16.580 157.268 162.000 175.000 112.000
-4.403 -16.147 157.272 186.000 200.000 129.000
-4.403 -15.714 157.277 161.000 178.000 95.000
-4.403 -15.282 157.282 71.000 84.000 32.000
-3.970 -16.580 157.268 102.000 111.000 72.000
-3.970 -16.147 157.273 158.000 166.000 117.000
-3.970 -15.714 157.277 172.000 182.000 120.000
-3.970 -15.282 157.282 74.000 83.000 42.000
-8.297 -16.152 157.701 112.000 125.000 75.000
-8.297 -15.719 157.706 124.000 139.000 79.000
-8.297 -15.286 157.710 133.000 149.000 85.000
-8.297 -14.854 157.715 141.000 155.000 101.000
-8.297 -14.421 157.720 148.000 158.000 116.000
-7.865 -16.584 157.697 130.000 147.000 76.000
-7.865 -16.152 157.702 144.000 164.000 79.000
-7.865 -15.719 157.706 143.000 166.000 71.000
-7.865 -15.286 157.711 143.000 166.000 68.000
-7.865 -14.854 157.715 142.000 163.000 76.000
-7.865 -14.421 157.720 146.000 163.000 92.000
-7.865 -13.988 157.725 74.000 83.000 49.000
-7.432 -17.017 157.693 95.000 109.000 57.000
-7.432 -16.584 157.697 134.000 153.000 79.000
-7.432 -16.152 157.702 141.000 161.000 78.000
-7.432 -15.719 157.707 142.000 165.000 68.000
-7.432 -15.286 157.711 147.000 170.000 67.000
-7.432 -14.854 157.716 143.000 167.000 71.000
-7.432 -14.421 157.720 137.000 157.000 77.000
-7.432 -13.988 157.725 101.000 117.000 63.000
-6.999 -17.450 157.689 86.000 106.000 57.000
-6.999 -17.017 157.693 119.000 139.000 77.000
-6.999 -16.584 157.698 132.000 151.000 82.000
-6.999 -16.152 157.702 138.000 158.000 75.000
-6.999 -15.719 157.707 143.000 164.000 70.000
-6.999 -15.286 157.712 151.000 175.000 67.000
-6.999 -14.854 157.716 149.000 171.000 70.000
-6.999 -14.421 157.721 135.000 155.000 71.000
-6.999 -13.988 157.725 116.000 136.000 68.000
-6.567 -17.882 157.685 76.000 89.000 62.000
-6.567 -17.450 157.689 91.000 111.000 66.000
-6.567 -17.017 157.694 101.000 122.000 65.000
-6.567 -16.584 157.698 100.000 125.000 57.000
-6.567 -16.152 157.703 128.000 149.000 68.000
-6.567 -15.719 157.707 140.000 163.000 67.000
-6.567 -15.286 157.712 152.000 177.000 65.000
-6.567 -14.854 157.717 155.000 179.000 70.000
-6.567 -14.421 157.721 137.000 157.000 71.000
-6.567 -13.988 157.726 86.000 99.000 51.000
-6.134 -17.882 157.685 71.000 86.000 56.000
-6.134 -17.450 157.690 81.000 99.000 58.000
-6.134 -17.017 157.694 97.000 120.000 60.000
-6.134 -16.584 157.699 117.000 136.000 67.000
-6.134 -16.152 157.703 134.000 155.000 69.000
-6.134 -15.719 157.708 153.000 172.000 78.000
-6.134 -15.286 157.712 158.000 180.000 71.000
-6.134 -14.854 157.717 153.000 176.000 71.000
-6.134 -14.421 157.722 123.000 139.000 66.000
-5.701 -17.450 157.690 81.000 99.000 58.000
-5.701 -17.017 157.695 100.000 118.000 65.000
-5.701 -16.584 157.699 138.000 155.000 80.000
-5.701 -16.152 157.704 150.000 167.000 81.000
-5.701 -15.719 157.708 155.000 174.000 78.000
-5.701 -15.286 157.713 160.000 180.000 75.000
-5.701 -14.854 157.717 160.000 180.000 81.000
-5.701 -14.421 157.722 140.000 155.000 83.000
-5.269 -17.017 157.695 131.000 144.000 90.000
-5.269 -16.584 157.700 182.000 196.000 120.000
-5.269 -16.152 157.704 182.000 198.000 107.000
-5.269 -15.719 157.709 154.000 172.000 74.000
-5.269 -15.286 157.713 143.000 164.000 63.000
-5.269 -14.854 157.718 163.000 181.000 87.000
-5.269 -14.421 157.722 185.000 199.000 126.000
-5.269 -13.988 157.727 108.000 114.000 86.000
-4.836 -17.017 157.695 91.000 104.000 51.000
-4.836 -16.584 157.700 175.000 189.000 115.000
-4.836 -16.152 157.705 181.000 197.000 110.000
-4.836 -15.719 157.709 166.000 183.000 89.000
-4.836 -15.286 157.714 118.000 135.000 51.000
-4.836 -14.854 157.718 127.000 143.000 65.000
-4.836 -14.421 157.723 142.000 154.000 92.000
-4.403 -16.584 157.700 169.000 181.000 117.000
-4.403 -16.152 157.705 187.000 201.000 128.000
-4.403 -15.719 157.710 173.000 190.000 105.000
-4.403 -15.286 157.714 93.000 106.000 47.000
-4.403 -14.854 157.719 88.000 98.000 48.000
-3.971 -16.584 157.701 101.000 109.000 71.000
-3.971 -16.152 157.705 192.000 199.000 145.000
-3.971 -15.719 157.710 182.000 195.000 127.000
-3.971 -15.286 157.715 117.000 129.000 71.000
-8.730 -15.724 158.138 87.000 97.000 68.000
-8.730 -15.291 158.143 103.000 112.000 86.000
-8.298 -16.156 158.134 143.000 155.000 99.000
-8.298 -15.724 158.138 142.000 158.000 89.000
-8.298 -15.291 158.143 142.000 159.000 86.000
-8.298 -14.858 158.148 143.000 158.000 95.000
-8.298 -14.426 158.152 145.000 157.000 108.000
-7.865 -17.021 158.125 96.000 111.000 54.000
-7.865 -16.589 158.130 142.000 160.000 84.000
-7.865 -16.156 158.134 152.000 172.000 86.000
-7.865 -15.724 158.139 153.000 175.000 78.000
-7.865 -15.291 158.143 149.000 173.000 68.000
-7.865 -14.858 158.148 148.000 170.000 76.000
-7.865 -14.426 158.153 150.000 168.000 90.000
-7.865 -13.993 158.157 123.000 134.000 84.000
-7.432 -17.454 158.121 83.000 98.000 53.000
-7.432 -17.021 158.126 120.000 140.000 70.000
-7.432 -16.589 158.130 139.000 158.000 81.000
-7.432 -16.156 158.135 146.000 166.000 79.000
-7.432 -15.724 158.139 149.000 170.000 72.000
-7.432 -15.291 158.144 151.000 173.000 67.000
-7.432 -14.858 158.148 146.000 170.000 69.000
-7.432 -14.426 158.153 144.000 165.000 80.000
-7.432 -13.993 158.158 130.000 147.000 82.000
-7.000 -17.887 158.117 74.000 86.000 56.000
-7.000 -17.454 158.121 94.000 111.000 63.000
-7.000 -17.021 158.126 128.000 145.000 86.000
-7.000 -16.589 158.131 135.000 151.000 87.000
-7.000 -16.156 158.135 143.000 161.000 81.000
-7.000 -15.724 158.140 144.000 166.000 70.000
-7.000 -15.291 158.144 151.000 172.000 66.000
-7.000 -14.858 158.149 150.000 172.000 68.000
-7.000 -14.426 158.153 139.000 159.000 71.000
-7.000 -13.993 158.158 116.000 137.000 62.000
-6.567 -17.887 158.117 85.000 98.000 67.000
-6.567 -17.454 158.122 93.000 116.000 64.000
-6.567 -17.021 158.126 100.000 123.000 63.000
-6.567 -16.589 158.131 101.000 126.000 56.000
-6.567 -16.156 158.136 128.000 149.000 69.000
-6.567 -15.724 158.140 151.000 171.000 77.000
-6.567 -15.291 158.145 157.000 180.000 67.000
-6.567 -14.858 158.149 153.000 176.000 67.000
-6.567 -14.426 158.154 139.000 160.000 69.000
-6.567 -13.993 158.158 124.000 144.000 70.000
-6.134 -17.887 158.118 80.000 95.000 63.000
-6.134 -17.454 158.122 80.000 100.000 52.000
-6.134 -17.021 158.127 93.000 120.000 55.000
-6.134 -16.589 158.131 103.000 127.000 54.000
-6.134 -16.156 158.136 138.000 158.000 73.000
-6.134 -15.724 158.141 163.000 182.000 86.000
-6.134 -15.291 158.145 161.000 182.000 71.000
-6.134 -14.858 158.150 156.000 177.000 73.000
-6.134 -14.426 158.154 134.000 152.000 71.000
-5.702 -17.454 158.123 67.000 83.000 45.000
-5.702 -17.021 158.127 80.000 97.000 46.000
-5.702 -16.589 158.132 142.000 158.000 83.000
-5.702 -16.156 158.136 158.000 173.000 87.000
-5.702 -15.724 158.141 170.000 187.000 90.000
-5.702 -15.291 158.146 160.000 179.000 74.000
-5.702 -14.858 158.150 158.000 176.000 79.000
-5.702 -14.426 158.155 139.000 152.000 82.000
-5.269 -17.021 158.128 110.000 122.000 71.000
-5.269 -16.589 158.132 174.000 190.000 108.000
-5.269 -16.156 158.137 176.000 194.000 97.000
-5.269 -15.724 158.141 162.000 181.000 78.000
-5.269 -15.291 158.146 130.000 152.000 52.000
-5.269 -14.858 158.151 160.000 176.000 83.000
-5.269 -14.426 158.155 188.000 201.000 125.000
-5.269 -13.993 158.160 131.000 138.000 100.000
-4.836 -17.021 158.128 80.000 94.000 41.000
-4.836 -16.589 158.133 177.000 192.000 113.000
-4.836 -16.156 158.137 186.000 202.000 111.000
-4.836 -15.724 158.142 173.000 189.000 92.000
-4.836 -15.291 158.146 129.000 145.000 57.000
-4.836 -14.858 158.151 139.000 156.000 70.000
-4.836 -14.426 158.156 166.000 179.000 104.000
-4.836 -13.993 158.160 155.000 160.000 118.000
-4.404 -16.589 158.133 168.000 181.000 115.000
-4.404 -16.156 158.138 192.000 205.000 132.000
-4.404 -15.724 158.142 182.000 196.000 112.000
-4.404 -15.291 158.147 135.000 148.000 72.000
-4.404 -14.858 158.151 111.000 124.000 60.000
-4.404 -14.426 158.156 117.000 128.000 72.000
-3.971 -16.589 158.133 100.000 109.000 68.000
-3.971 -16.156 158.138 192.000 200.000 146.000
-3.971 -15.724 158.143 201.000 210.000 145.000
-3.971 -15.291 158.147 144.000 157.000 91.000
-3.971 -14.858 158.152 87.000 96.000 52.000
-8.731 -15.295 158.575 131.000 141.000 104.000
-8.731 -14.863 158.580 126.000 135.000 107.000
-8.298 -16.161 158.567 95.000 105.000 64.000
-8.298 -15.728 158.571 138.000 154.000 85.000
-8.298 -15.295 158.576 143.000 160.000 83.000
-8.298 -14.863 158.580 144.000 160.000 91.000
-8.298 -14.430 158.585 151.000 165.000 110.000
-7.866 -17.026 158.558 99.000 112.000 66.000
-7.866 -16.593 158.562 137.000 155.000 86.000
-7.866 -16.161 158.567 149.000 169.000 85.000
-7.866 -15.728 158.572 149.000 171.000 74.000
-7.866 -15.295 158.576 149.000 173.000 67.000
-7.866 -14.863 158.581 144.000 168.000 71.000
-7.866 -14.430 158.585 148.000 168.000 85.000
-7.866 -13.998 158.590 122.000 134.000 81.000
-7.433 -17.459 158.554 90.000 104.000 63.000
-7.433 -17.026 158.558 132.000 147.000 93.000
-7.433 -16.593 158.563 139.000 156.000 87.000
-7.433 -16.161 158.567 142.000 163.000 77.000
-7.433 -15.728 158.572 144.000 167.000 68.000
-7.433 -15.295 158.577 151.000 173.000 65.000
-7.433 -14.863 158.581 149.000 173.000 69.000
-7.433 -14.430 158.586 140.000 164.000 74.000
-7.433 -13.998 158.590 129.000 146.000 79.000
-7.000 -17.891 158.549 115.000 127.000 98.000
-7.000 -17.459 158.554 104.000 119.000 75.000
-7.000 -17.026 158.559 127.000 139.000 93.000
-7.000 -16.593 158.563 133.000 148.000 90.000
-7.000 -16.161 158.568 134.000 153.000 74.000
-7.000 -15.728 158.572 145.000 166.000 69.000
-7.000 -15.295 158.577 158.000 178.000 68.000
-7.000 -14.863 158.582 157.000 179.000 70.000
-7.000 -14.430 158.586 143.000 167.000 71.000
-7.000 -13.998 158.591 119.000 141.000 65.000
-7.000 -13.565 158.595 72.000 90.000 39.000
-6.568 -17.459 158.554 103.000 122.000 78.000
-6.568 -17.026 158.559 113.000 130.000 82.000
-6.568 -16.593 158.564 121.000 138.000 84.000
-6.568 -16.161 158.568 138.000 156.000 83.000
-6.568 -15.728 158.573 161.000 180.000 85.000
-6.568 -15.295 158.577 177.000 198.000 82.000
-6.568 -14.863 158.582 159.000 183.000 68.000
-6.568 -14.430 158.587 139.000 161.000 64.000
-6.568 -13.998 158.591 129.000 152.000 69.000
-6.135 -17.891 158.550 87.000 105.000 69.000
-6.135 -17.459 158.555 100.000 117.000 75.000
-6.135 -17.026 158.559 123.000 137.000 88.000
-6.135 -16.593 158.564 131.000 146.000 86.000
-6.135 -16.161 158.569 148.000 164.000 85.000
-6.135 -15.728 158.573 165.000 184.000 86.000
-6.135 -15.295 158.578 174.000 195.000 80.000
-6.135 -14.863 158.582 165.000 187.000 75.000
-6.135 -14.430 158.587 136.000 159.000 65.000
-6.135 -13.998 158.592 105.000 126.000 52.000
-5.702 -17.459 158.555 88.000 104.000 65.000
-5.702 -17.026 158.560 132.000 144.000 95.000
-5.702 -16.593 158.564 154.000 167.000 99.000
-5.702 -16.161 158.569 160.000 174.000 88.000
-5.702 -15.728 158.574 159.000 179.000 79.000
-5.702 -15.296 158.578 170.000 191.000 80.000
-5.702 -14.863 158.583 169.000 190.000 85.000
-5.702 -14.430 158.587 152.000 168.000 86.000
-5.702 -13.998 158.592 78.000 88.000 44.000
-5.270 -17.459 158.556 86.000 97.000 69.000
-5.270 -17.026 158.560 159.000 171.000 120.000
-5.270 -16.593 158.565 182.000 195.000 120.000
-5.270 -16.161 158.569 175.000 191.000 99.000
-5.270 -15.728 158.574 169.000 188.000 84.000
-5.270 -15.296 158.579 175.000 194.000 86.000
-5.270 -14.863 158.583 176.000 194.000 95.000
-5.270 -14.430 158.588 197.000 208.000 135.000
-5.270 -13.998 158.592 154.000 160.000 120.000
-4.837 -17.026 158.561 78.000 90.000 43.000
-4.837 -16.593 158.565 176.000 190.000 114.000
-4.837 -16.161 158.570 190.000 205.000 118.000
-4.837 -15.728 158.574 181.000 196.000 102.000
-4.837 -15.296 158.579 141.000 156.000 65.000
-4.837 -14.863 158.584 136.000 151.000 70.000
-4.837 -14.430 158.588 177.000 188.000 115.000
-4.837 -13.998 158.593 185.000 190.000 141.000
-4.404 -16.593 158.566 166.000 180.000 113.000
-4.404 -16.161 158.570 193.000 206.000 133.000
-4.404 -15.728 158.575 194.000 207.000 130.000
-4.404 -15.296 158.579 137.000 151.000 74.000
-4.404 -14.863 158.584 111.000 123.000 62.000
-4.404 -14.430 158.589 101.000 109.000 64.000
-3.972 -16.593 158.566 115.000 126.000 79.000
-3.972 -16.161 158.571 187.000 195.000 143.000
-3.972 -15.728 158.575 204.000 211.000 155.000
-3.972 -15.296 158.580 165.000 178.000 111.000
-3.972 -14.863 158.584 95.000 103.000 62.000
-8.731 -15.300 159.008 102.000 115.000 73.000
-8.731 -14.867 159.012 127.000 137.000 102.000
-8.299 -16.165 158.999 87.000 96.000 62.000
-8.299 -15.733 159.004 117.000 131.000 73.000
-8.299 -15.300 159.008 136.000 157.000 74.000
-8.299 -14.867 159.013 141.000 160.000 86.000
-8.299 -14.435 159.018 140.000 156.000 97.000
-7.866 -17.031 158.990 113.000 124.000 88.000
-7.866 -16.598 158.995 152.000 167.000 104.000
-7.866 -16.165 159.000 144.000 162.000 84.000
-7.866 -15.733 159.004 139.000 162.000 67.000
-7.866 -15.300 159.009 149.000 174.000 68.000
-7.866 -14.867 159.013 149.000 173.000 75.000
-7.866 -14.435 159.018 146.000 166.000 82.000
-7.866 -14.002 159.023 144.000 161.000 93.000
-7.433 -17.463 158.986 69.000 81.000 54.000
-7.433 -17.031 158.991 139.000 151.000 112.000
-7.433 -16.598 158.995 146.000 159.000 103.000
-7.433 -16.165 159.000 137.000 155.000 81.000
-7.433 -15.733 159.005 137.000 160.000 62.000
-7.433 -15.300 159.009 160.000 182.000 73.000
-7.433 -14.867 159.014 158.000 181.000 76.000
-7.433 -14.435 159.018 147.000 169.000 77.000
-7.433 -14.002 159.023 140.000 159.000 85.000
-7.001 -17.896 158.982 85.000 107.000 71.000
-7.001 -17.463 158.987 94.000 110.000 72.000
-7.001 -17.031 158.991 126.000 137.000 103.000
-7.001 -16.598 158.996 134.000 146.000 99.000
-7.001 -16.165 159.000 135.000 151.000 82.000
-7.001 -15.733 159.005 133.000 157.000 59.000
-7.001 -15.300 159.010 159.000 181.000 68.000
-7.001 -14.867 159.014 156.000 180.000 68.000
-7.001 -14.435 159.019 139.000 164.000 67.000
-7.001 -14.002 159.023 133.000 155.000 73.000
-7.001 -13.570 159.028 70.000 84.000 41.000
-6.568 -17.896 158.982 103.000 117.000 84.000
-6.568 -17.463 158.987 106.000 123.000 81.000
-6.568 -17.031 158.992 124.000 135.000 100.000
-6.568 -16.598 158.996 131.000 142.000 102.000
-6.568 -16.165 159.001 140.000 153.000 92.000
-6.568 -15.733 159.005 154.000 173.000 81.000
-6.568 -15.300 159.010 169.000 191.000 73.000
-6.568 -14.867 159.015 163.000 188.000 69.000
-6.568 -14.435 159.019 151.000 174.000 72.000
-6.568 -14.002 159.024 138.000 159.000 77.000
-6.135 -17.896 158.983 87.000 101.000 71.000
-6.135 -17.463 158.987 105.000 118.000 82.000
-6.135 -17.031 158.992 125.000 137.000 98.000
-6.135 -16.598 158.997 140.000 151.000 102.000
-6.135 -16.165 159.001 152.000 165.000 99.000
-6.135 -15.733 159.006 163.000 183.000 87.000
-6.135 -15.300 159.010 169.000 191.000 75.000
-6.135 -14.867 159.015 163.000 187.000 72.000
-6.135 -14.435 159.020 152.000 173.000 76.000
-6.135 -14.002 159.024 136.000 154.000 80.000
-5.703 -17.463 158.988 85.000 96.000 67.000
-5.703 -17.031 158.992 121.000 133.000 86.000
-5.703 -16.598 158.997 158.000 168.000 109.000
-5.703 -16.165 159.002 164.000 178.000 100.000
-5.703 -15.733 159.006 165.000 183.000 87.000
-5.703 -15.300 159.011 169.000 190.000 79.000
-5.703 -14.867 159.015 169.000 189.000 83.000
-5.703 -14.435 159.020 163.000 179.000 93.000
-5.703 -14.002 159.025 112.000 122.000 70.000
-5.270 -17.031 158.993 125.000 135.000 87.000
-5.270 -16.598 158.997 184.000 196.000 125.000
-5.270 -16.165 159.002 191.000 205.000 121.000
-5.270 -15.733 159.007 176.000 193.000 95.000
-5.270 -15.300 159.011 162.000 180.000 77.000
-5.270 -14.867 159.016 168.000 184.000 92.000
-5.270 -14.435 159.020 192.000 202.000 133.000
-5.270 -14.002 159.025 200.000 204.000 153.000
-4.837 -17.031 158.993 86.000 98.000 50.000
-4.837 -16.598 158.998 183.000 196.000 122.000
-4.837 -16.165 159.002 199.000 212.000 131.000
-4.837 -15.733 159.007 180.000 195.000 104.000
-4.837 -15.300 159.012 160.000 176.000 79.000
-4.837 -14.867 159.016 113.000 125.000 59.000
-4.837 -14.435 159.021 111.000 118.000 70.000
-4.837 -14.002 159.025 187.000 191.000 147.000
-4.405 -16.598 158.998 167.000 180.000 115.000
-4.405 -16.165 159.003 205.000 215.000 144.000
-4.405 -15.733 159.007 203.000 214.000 140.000
-4.405 -15.300 159.012 156.000 170.000 95.000
-4.405 -14.867 159.017 72.000 80.000 40.000
-3.972 -16.598 158.999 79.000 88.000 52.000
-3.972 -16.165 159.003 195.000 203.000 149.000
-3.972 -15.733 159.008 222.000 227.000 173.000
-3.972 -15.300 159.012 185.000 192.000 141.000
-3.972 -14.867 159.017 108.000 114.000 79.000
-8.732 -15.305 159.441 99.000 114.000 66.000
-8.732 -14.872 159.445 113.000 126.000 83.000
-8.299 -16.170 159.432 94.000 103.000 69.000
-8.299 -15.737 159.436 103.000 118.000 63.000
-8.299 -15.305 159.441 133.000 154.000 71.000
-8.299 -14.872 159.446 136.000 157.000 79.000
-8.299 -14.439 159.450 142.000 158.000 95.000
-8.299 -14.007 159.455 94.000 106.000 68.000
-7.866 -16.603 159.428 127.000 141.000 94.000
-7.866 -16.170 159.432 135.000 152.000 81.000
-7.866 -15.737 159.437 131.000 153.000 64.000
-7.866 -15.305 159.441 144.000 167.000 67.000
-7.866 -14.872 159.446 145.000 169.000 72.000
-7.866 -14.439 159.451 146.000 168.000 82.000
-7.866 -14.007 159.455 140.000 157.000 88.000
-7.434 -17.468 159.419 89.000 106.000 80.000
-7.434 -16.603 159.428 134.000 144.000 103.000
-7.434 -16.170 159.433 127.000 145.000 75.000
-7.434 -15.737 159.437 127.000 152.000 57.000
-7.434 -15.305 159.442 153.000 176.000 70.000
-7.434 -14.872 159.446 150.000 176.000 71.000
-7.434 -14.439 159.451 154.000 176.000 83.000
-7.434 -14.007 159.456 148.000 167.000 90.000
-7.001 -18.333 159.410 94.000 117.000 85.000
-7.001 -17.901 159.415 77.000 104.000 65.000
-7.001 -17.468 159.419 91.000 110.000 77.000
-7.001 -16.603 159.428 130.000 139.000 102.000
-7.001 -16.170 159.433 128.000 143.000 80.000
-7.001 -15.737 159.438 129.000 152.000 58.000
-7.001 -15.305 159.442 152.000 176.000 63.000
-7.001 -14.872 159.447 151.000 178.000 65.000
-7.001 -14.439 159.451 145.000 169.000 72.000
-7.001 -14.007 159.456 140.000 161.000 79.000
-7.001 -13.574 159.461 67.000 82.000 40.000
-6.568 -17.901 159.415 91.000 112.000 72.000
-6.568 -17.468 159.420 98.000 117.000 74.000
-6.568 -17.035 159.424 118.000 128.000 101.000
-6.568 -16.603 159.429 137.000 143.000 116.000
-6.568 -16.170 159.433 139.000 148.000 103.000
-6.568 -15.737 159.438 149.000 166.000 78.000
-6.568 -15.305 159.443 160.000 185.000 66.000
-6.568 -14.872 159.447 160.000 187.000 66.000
-6.568 -14.439 159.452 152.000 176.000 73.000
-6.568 -14.007 159.456 138.000 160.000 75.000
-6.568 -13.574 159.461 79.000 91.000 49.000
-6.136 -17.901 159.416 67.000 83.000 56.000
-6.136 -17.468 159.420 91.000 105.000 72.000
-6.136 -17.035 159.425 114.000 125.000 90.000
-6.136 -16.603 159.429 142.000 149.000 113.000
-6.136 -16.170 159.434 154.000 164.000 108.000
-6.136 -15.737 159.438 164.000 182.000 90.000
-6.136 -15.305 159.443 170.000 192.000 76.000
-6.136 -14.872 159.448 167.000 191.000 75.000
-6.136 -14.439 159.452 157.000 178.000 82.000
-6.136 -14.007 159.457 132.000 149.000 78.000
-5.703 -17.035 159.425 105.000 117.000 76.000
-5.703 -16.603 159.430 157.000 166.000 115.000
-5.703 -16.170 159.434 170.000 183.000 111.000
-5.703 -15.737 159.439 178.000 195.000 102.000
-5.703 -15.305 159.443 177.000 197.000 87.000
-5.703 -14.872 159.448 175.000 194.000 88.000
-5.703 -14.439 159.453 162.000 179.000 95.000
-5.703 -14.007 159.457 125.000 136.000 81.000
-5.270 -17.035 159.426 91.000 102.000 60.000
-5.270 -16.603 159.430 177.000 189.000 121.000
-5.270 -16.170 159.435 190.000 204.000 122.000
-5.270 -15.737 159.439 181.000 196.000 106.000
-5.270 -15.305 159.444 146.000 162.000 69.000
-5.270 -14.872 159.448 138.000 151.000 76.000
-5.270 -14.439 159.453 201.000 208.000 142.000
-5.270 -14.007 159.458 220.000 223.000 173.000
-4.838 -17.035 159.426 67.000 80.000 36.000
-4.838 -16.603 159.431 182.000 195.000 122.000
-4.838 -16.170 159.435 202.000 215.000 137.000
-4.838 -15.737 159.440 194.000 208.000 122.000
-4.838 -15.305 159.444 177.000 191.000 98.000
-4.838 -14.872 159.449 105.000 115.000 58.000
-4.838 -14.439 159.453 85.000 90.000 56.000
-4.838 -14.007 159.458 180.000 182.000 143.000
-4.405 -16.603 159.431 173.000 186.000 120.000
-4.405 -16.170 159.436 213.000 222.000 151.000
-4.405 -15.737 159.440 217.000 226.000 154.000
-4.405 -15.305 159.445 189.000 201.000 128.000
-4.405 -14.872 159.449 93.000 101.000 59.000
-3.972 -16.603 159.431 85.000 95.000 57.000
-3.972 -16.170 159.436 195.000 202.000 149.000
-3.972 -15.737 159.441 228.000 231.000 181.000
-3.972 -15.305 159.445 185.000 189.000 144.000
-8.732 -15.309 159.873 89.000 101.000 63.000
-8.732 -14.877 159.878 107.000 117.000 84.000
-8.299 -15.742 159.869 115.000 128.000 78.000
-8.299 -15.309 159.874 132.000 151.000 75.000
-8.299 -14.877 159.878 135.000 154.000 81.000
-8.299 -14.444 159.883 148.000 164.000 103.000
-8.299 -14.011 159.887 94.000 104.000 72.000
-7.867 -17.040 159.856 90.000 113.000 75.000
-7.867 -16.607 159.860 95.000 114.000 65.000
-7.867 -16.175 159.865 79.000 93.000 44.000
-7.867 -15.742 159.869 130.000 149.000 70.000
-7.867 -15.309 159.874 138.000 161.000 62.000
-7.867 -14.877 159.879 138.000 162.000 68.000
-7.867 -14.444 159.883 148.000 167.000 85.000
-7.867 -14.011 159.888 140.000 154.000 93.000
-7.434 -17.040 159.856 101.000 115.000 85.000
-7.434 -16.607 159.861 104.000 120.000 75.000
-7.434 -16.175 159.865 118.000 135.000 72.000
-7.434 -15.742 159.870 121.000 143.000 59.000
-7.434 -15.309 159.874 140.000 163.000 61.000
-7.434 -14.877 159.879 146.000 170.000 67.000
-7.434 -14.444 159.884 144.000 166.000 77.000
-7.434 -14.011 159.888 150.000 166.000 95.000
-7.001 -16.607 159.861 120.000 129.000 95.000
-7.001 -16.175 159.866 119.000 134.000 76.000
-7.001 -15.742 159.870 120.000 143.000 55.000
-7.001 -15.309 159.875 143.000 168.000 59.000
-7.001 -14.877 159.879 152.000 177.000 66.000
-7.001 -14.444 159.884 149.000 173.000 77.000
-7.001 -14.011 159.889 145.000 167.000 86.000
-7.001 -13.579 159.893 80.000 93.000 52.000
-6.569 -17.905 159.848 81.000 102.000 60.000
-6.569 -17.040 159.857 101.000 114.000 82.000
-6.569 -16.175 159.866 133.000 141.000 98.000
-6.569 -15.742 159.871 137.000 154.000 71.000
-6.569 -15.309 159.875 156.000 179.000 67.000
-6.569 -14.877 159.880 154.000 180.000 64.000
-6.569 -14.444 159.884 148.000 170.000 71.000
-6.569 -14.011 159.889 139.000 157.000 77.000
-6.569 -13.579 159.894 117.000 130.000 76.000
-6.136 -17.040 159.857 99.000 112.000 76.000
-6.136 -16.607 159.862 140.000 146.000 115.000
-6.136 -16.175 159.867 151.000 159.000 109.000
-6.136 -15.742 159.871 161.000 176.000 91.000
-6.136 -15.309 159.876 173.000 193.000 81.000
-6.136 -14.877 159.880 171.000 192.000 82.000
-6.136 -14.444 159.885 161.000 179.000 87.000
-6.136 -14.011 159.889 140.000 154.000 82.000
-6.136 -13.579 159.894 83.000 93.000 55.000
-5.703 -17.040 159.858 80.000 94.000 51.000
-5.703 -16.607 159.862 154.000 165.000 113.000
-5.703 -16.175 159.867 171.000 184.000 115.000
-5.703 -15.742 159.872 183.000 198.000 110.000
-5.703 -15.309 159.876 183.000 201.000 95.000
-5.703 -14.877 159.881 183.000 201.000 99.000
-5.703 -14.444 159.885 182.000 198.000 114.000
-5.703 -14.011 159.890 154.000 166.000 102.000
-5.271 -17.040 159.858 69.000 82.000 40.000
-5.271 -16.607 159.863 168.000 180.000 111.000
-5.271 -16.175 159.867 182.000 196.000 116.000
-5.271 -15.742 159.872 186.000 200.000 113.000
-5.271 -15.309 159.877 181.000 198.000 100.000
-5.271 -14.877 159.881 176.000 190.000 103.000
-5.271 -14.444 159.886 182.000 191.000 124.000
-5.271 -14.011 159.890 212.000 215.000 162.000
-4.838 -16.607 159.863 181.000 195.000 126.000
-4.838 -16.175 159.868 205.000 216.000 143.000
-4.838 -15.742 159.872 210.000 220.000 143.000
-4.838 -15.309 159.877 195.000 207.000 122.000
-4.838 -14.877 159.882 154.000 165.000 96.000
-4.838 -14.444 159.886 89.000 96.000 58.000
-4.838 -14.011 159.891 180.000 183.000 140.000
-4.405 -16.607 159.864 168.000 181.000 122.000
-4.405 -16.175 159.868 220.000 227.000 163.000
-4.405 -15.742 159.873 231.000 236.000 176.000
-4.405 -15.309 159.877 208.000 218.000 147.000
-4.405 -14.877 159.882 98.000 105.000 66.000
-3.973 -16.175 159.869 123.000 128.000 95.000
-3.973 -15.742 159.873 203.000 206.000 167.000
-3.973 -15.309 159.878 187.000 190.000 149.000
-8.300 -15.746 160.302 86.000 102.000 53.000
-8.300 -15.314 160.306 118.000 137.000 67.000
-8.300 -14.881 160.311 131.000 147.000 84.000
-8.300 -14.449 160.315 145.000 157.000 105.000
-8.300 -14.016 160.320 121.000 130.000 96.000
-7.867 -15.746 160.302 118.000 141.000 58.000
-7.867 -15.314 160.307 136.000 159.000 62.000
-7.867 -14.881 160.311 142.000 164.000 73.000
-7.867 -14.449 160.316 152.000 169.000 92.000
-7.867 -14.016 160.320 157.000 170.000 109.000
-7.435 -17.044 160.289 81.000 100.000 63.000
-7.435 -16.612 160.293 97.000 105.000 78.000
-7.435 -16.179 160.298 101.000 114.000 67.000
-7.435 -15.746 160.302 123.000 145.000 61.000
-7.435 -15.314 160.307 142.000 165.000 63.000
-7.435 -14.881 160.312 146.000 170.000 70.000
-7.435 -14.449 160.316 155.000 174.000 88.000
-7.435 -14.016 160.321 161.000 177.000 105.000
-7.435 -13.583 160.325 90.000 99.000 63.000
-7.002 -17.910 160.280 87.000 102.000 72.000
-7.002 -16.179 160.298 138.000 146.000 107.000
-7.002 -15.746 160.303 133.000 149.000 74.000
-7.002 -15.314 160.307 142.000 166.000 60.000
-7.002 -14.881 160.312 148.000 173.000 66.000
-7.002 -14.449 160.317 150.000 172.000 80.000
-7.002 -14.016 160.321 139.000 161.000 83.000
-7.002 -13.583 160.326 83.000 94.000 56.000
-6.569 -17.477 160.285 94.000 106.000 78.000
-6.569 -16.179 160.299 142.000 149.000 118.000
-6.569 -15.746 160.303 136.000 151.000 77.000
-6.569 -15.314 160.308 148.000 171.000 63.000
-6.569 -14.881 160.312 148.000 174.000 63.000
-6.569 -14.449 160.317 152.000 172.000 78.000
-6.569 -14.016 160.322 151.000 169.000 90.000
-6.569 -13.583 160.326 130.000 144.000 89.000
-6.137 -16.612 160.295 153.000 160.000 129.000
-6.137 -16.179 160.299 154.000 162.000 117.000
-6.137 -15.746 160.304 155.000 168.000 91.000
-6.137 -15.314 160.308 163.000 183.000 79.000
-6.137 -14.881 160.313 162.000 184.000 79.000
-6.137 -14.449 160.317 165.000 183.000 93.000
-6.137 -14.016 160.322 153.000 168.000 95.000
-6.137 -13.583 160.327 94.000 101.000 65.000
-5.704 -16.612 160.295 168.000 177.000 131.000
-5.704 -16.179 160.300 179.000 190.000 127.000
-5.704 -15.746 160.304 177.000 191.000 109.000
-5.704 -15.314 160.309 181.000 198.000 98.000
-5.704 -14.881 160.313 180.000 198.000 101.000
-5.704 -14.449 160.318 185.000 200.000 118.000
-5.704 -14.016 160.323 180.000 191.000 124.000
-5.271 -16.612 160.295 185.000 196.000 137.000
-5.271 -16.179 160.300 204.000 215.000 143.000
-5.271 -15.746 160.305 187.000 202.000 120.000
-5.271 -15.314 160.309 188.000 204.000 108.000
-5.271 -14.881 160.314 183.000 198.000 109.000
-5.271 -14.449 160.318 182.000 192.000 124.000
-5.271 -14.016 160.323 236.000 238.000 184.000
-4.839 -16.612 160.296 189.000 196.000 144.000
-4.839 -16.179 160.300 225.000 230.000 167.000
-4.839 -15.746 160.305 222.000 229.000 159.000
-4.839 -15.314 160.310 206.000 216.000 137.000
-4.839 -14.881 160.314 189.000 201.000 124.000
-4.839 -14.449 160.319 127.000 135.000 86.000
-4.839 -14.016 160.323 179.000 181.000 136.000
-4.406 -16.612 160.296 112.000 118.000 87.000
-4.406 -16.179 160.301 211.000 216.000 164.000
-4.406 -15.746 160.305 233.000 236.000 184.000
-4.406 -15.314 160.310 222.000 227.000 166.000
-4.406 -14.881 160.315 161.000 168.000 117.000
-3.973 -15.314 160.310 169.000 171.000 142.000
-8.300 -15.318 160.739 100.000 118.000 57.000
-8.300 -14.886 160.743 129.000 143.000 89.000
-8.300 -14.453 160.748 148.000 159.000 112.000
-7.868 -15.751 160.735 112.000 135.000 55.000
-7.868 -15.318 160.739 136.000 158.000 63.000
-7.868 -14.886 160.744 143.000 165.000 75.000
-7.868 -14.453 160.748 162.000 179.000 103.000
-7.868 -14.021 160.753 161.000 175.000 115.000
-7.435 -17.049 160.721 68.000 95.000 49.000
-7.435 -16.184 160.731 83.000 94.000 57.000
-7.435 -15.751 160.735 123.000 145.000 62.000
-7.435 -15.318 160.740 130.000 154.000 54.000
-7.435 -14.886 160.744 141.000 164.000 66.000
-7.435 -14.453 160.749 157.000 177.000 93.000
-7.435 -14.021 160.753 156.000 173.000 104.000
-7.435 -13.588 160.758 73.000 80.000 53.000
-7.002 -17.049 160.722 72.000 91.000 54.000
-7.002 -16.184 160.731 127.000 135.000 99.000
-7.002 -15.751 160.736 118.000 139.000 59.000
-7.002 -15.318 160.740 125.000 150.000 49.000
-7.002 -14.886 160.745 140.000 166.000 63.000
-7.002 -14.453 160.749 147.000 169.000 81.000
-7.002 -14.021 160.754 152.000 170.000 95.000
-7.002 -13.588 160.758 100.000 110.000 70.000
-6.570 -15.751 160.736 129.000 145.000 72.000
-6.570 -15.318 160.741 129.000 154.000 51.000
-6.570 -14.886 160.745 141.000 167.000 60.000
-6.570 -14.453 160.750 156.000 176.000 83.000
-6.570 -14.021 160.754 154.000 171.000 95.000
-6.570 -13.588 160.759 135.000 144.000 97.000
-6.137 -16.184 160.732 168.000 175.000 136.000
-6.137 -15.751 160.736 146.000 162.000 87.000
-6.137 -15.318 160.741 150.000 172.000 70.000
-6.137 -14.886 160.746 162.000 184.000 82.000
-6.137 -14.453 160.750 173.000 190.000 104.000
-6.137 -14.021 160.755 169.000 183.000 110.000
-6.137 -13.588 160.759 114.000 121.000 83.000
-5.704 -16.616 160.728 170.000 179.000 139.000
-5.704 -16.184 160.732 188.000 199.000 142.000
-5.704 -15.751 160.737 170.000 184.000 107.000
-5.704 -15.318 160.741 172.000 189.000 93.000
-5.704 -14.886 160.746 183.000 199.000 105.000
-5.704 -14.453 160.751 201.000 212.000 136.000
-5.704 -14.021 160.755 210.000 217.000 148.000
-5.704 -13.588 160.760 104.000 107.000 77.000
-5.272 -16.616 160.728 168.000 177.000 127.000
-5.272 -16.184 160.733 209.000 217.000 153.000
-5.272 -15.751 160.737 198.000 208.000 136.000
-5.272 -15.318 160.742 193.000 204.000 118.000
-5.272 -14.886 160.746 191.000 204.000 119.000
-5.272 -14.453 160.751 218.000 225.000 154.000
-5.272 -14.021 160.756 241.000 242.000 200.000
-4.839 -16.616 160.728 159.000 164.000 122.000
-4.839 -16.184 160.733 225.000 229.000 173.000
-4.839 -15.751 160.738 222.000 227.000 163.000
-4.839 -15.318 160.742 213.000 220.000 149.000
-4.839 -14.886 160.747 197.000 207.000 135.000
-4.839 -14.453 160.751 136.000 143.000 92.000
-4.839 -14.021 160.756 148.000 149.000 119.000
-4.406 -16.184 160.733 188.000 191.000 151.000
-4.406 -15.751 160.738 233.000 235.000 186.000
-4.406 -15.318 160.743 225.000 229.000 172.000
-4.406 -14.886 160.747 174.000 180.000 129.000
-8.301 -15.323 161.172 71.000 84.000 43.000
-8.301 -14.890 161.176 112.000 124.000 83.000
-8.301 -14.458 161.181 138.000 146.000 111.000
-7.868 -16.188 161.163 116.000 136.000 67.000
-7.868 -15.756 161.167 108.000 134.000 50.000
-7.868 -15.323 161.172 125.000 148.000 59.000
-7.868 -14.890 161.177 138.000 155.000 82.000
-7.868 -14.458 161.181 156.000 171.000 105.000
-7.868 -14.025 161.186 158.000 171.000 120.000
-7.435 -16.188 161.163 114.000 132.000 69.000
-7.435 -15.756 161.168 114.000 137.000 56.000
-7.435 -15.323 161.172 120.000 145.000 51.000
-7.435 -14.890 161.177 139.000 159.000 72.000
-7.435 -14.458 161.182 163.000 179.000 102.000
-7.435 -14.025 161.186 160.000 175.000 113.000
-7.003 -17.054 161.154 64.000 86.000 42.000
-7.003 -16.621 161.159 105.000 118.000 84.000
-7.003 -16.188 161.164 118.000 131.000 80.000
-7.003 -15.756 161.168 112.000 135.000 56.000
-7.003 -15.323 161.173 118.000 144.000 46.000
-7.003 -14.890 161.177 139.000 161.000 68.000
-7.003 -14.458 161.182 154.000 173.000 93.000
-7.003 -14.025 161.187 151.000 168.000 101.000
-7.003 -13.592 161.191 108.000 119.000 79.000
-6.570 -16.188 161.164 125.000 135.000 100.000
-6.570 -15.756 161.169 129.000 146.000 72.000
-6.570 -15.323 161.173 140.000 162.000 64.000
-6.570 -14.890 161.178 153.000 175.000 76.000
-6.570 -14.458 161.182 169.000 186.000 101.000
-6.570 -14.025 161.187 155.000 170.000 101.000
-6.570 -13.592 161.192 104.000 112.000 76.000
-6.137 -16.188 161.164 151.000 159.000 117.000
-6.137 -15.756 161.169 158.000 172.000 102.000
-6.137 -15.323 161.174 156.000 176.000 82.000
-6.137 -14.890 161.178 172.000 190.000 99.000
-6.137 -14.458 161.183 195.000 207.000 133.000
-6.137 -14.025 161.187 184.000 195.000 132.000
-6.137 -13.592 161.192 91.000 96.000 68.000
-5.705 -16.188 161.165 188.000 196.000 147.000
-5.705 -15.756 161.169 182.000 194.000 126.000
-5.705 -15.323 161.174 178.000 193.000 108.000
-5.705 -14.890 161.179 198.000 209.000 131.000
-5.705 -14.458 161.183 226.000 231.000 164.000
-5.705 -14.025 161.188 230.000 232.000 177.000
-5.272 -16.621 161.161 112.000 118.000 89.000
-5.272 -16.188 161.165 204.000 210.000 157.000
-5.272 -15.756 161.170 208.000 215.000 150.000
-5.272 -15.323 161.174 206.000 214.000 142.000
-5.272 -14.890 161.179 207.000 216.000 143.000
-5.272 -14.458 161.184 211.000 215.000 155.000
-5.272 -14.025 161.188 216.000 216.000 188.000
-4.839 -16.188 161.166 201.000 203.000 160.000
-4.839 -15.756 161.170 234.000 236.000 182.000
-4.839 -15.323 161.175 228.000 231.000 167.000
-4.839 -14.890 161.179 217.000 222.000 155.000
-4.839 -14.458 161.184 146.000 149.000 105.000
-4.407 -15.756 161.171 207.000 209.000 171.000
-4.407 -15.323 161.175 231.000 232.000 188.000
-4.407 -14.890 161.180 166.000 168.000 127.000
-8.301 -15.328 161.604 77.000 89.000 51.000
-8.301 -14.895 161.609 90.000 99.000 70.000
-7.868 -15.760 161.600 120.000 143.000 60.000
-7.868 -15.328 161.605 127.000 146.000 71.000
-7.868 -14.895 161.609 137.000 150.000 95.000
-7.868 -14.462 161.614 156.000 166.000 119.000
-7.868 -14.030 161.618 153.000 164.000 124.000
-7.436 -15.760 161.600 117.000 141.000 58.000
-7.436 -15.328 161.605 124.000 146.000 59.000
-7.436 -14.895 161.610 140.000 156.000 83.000
-7.436 -14.462 161.614 156.000 171.000 107.000
-7.436 -14.030 161.619 157.000 170.000 117.000
-7.003 -16.193 161.596 104.000 126.000 61.000
-7.003 -15.760 161.601 114.000 138.000 57.000
-7.003 -15.328 161.605 127.000 148.000 57.000
-7.003 -14.895 161.610 144.000 162.000 79.000
-7.003 -14.462 161.615 168.000 183.000 110.000
-7.003 -14.030 161.619 158.000 172.000 112.000
-7.003 -13.597 161.624 101.000 109.000 78.000
-6.570 -16.193 161.597 96.000 111.000 66.000
-6.570 -15.760 161.601 141.000 155.000 85.000
-6.570 -15.328 161.606 153.000 172.000 79.000
-6.570 -14.895 161.610 165.000 184.000 92.000
-6.570 -14.462 161.615 174.000 190.000 110.000
-6.570 -14.030 161.620 157.000 171.000 107.000
-6.570 -13.597 161.624 86.000 94.000 63.000
-6.138 -16.193 161.597 111.000 123.000 81.000
-6.138 -15.760 161.602 171.000 183.000 116.000
-6.138 -15.328 161.606 180.000 195.000 110.000
-6.138 -14.895 161.611 196.000 209.000 128.000
-6.138 -14.462 161.615 222.000 228.000 160.000
-6.138 -14.030 161.620 198.000 205.000 147.000
-5.705 -16.193 161.597 149.000 156.000 116.000
-5.705 -15.760 161.602 196.000 205.000 143.000
-5.705 -15.328 161.607 200.000 210.000 138.000
-5.705 -14.895 161.611 213.000 221.000 149.000
-5.705 -14.462 161.616 236.000 238.000 182.000
-5.705 -14.030 161.620 224.000 226.000 185.000
-5.272 -16.193 161.598 196.000 200.000 155.000
-5.272 -15.760 161.602 223.000 228.000 169.000
-5.272 -15.328 161.607 225.000 230.000 166.000
-5.272 -14.895 161.612 220.000 227.000 159.000
-5.272 -14.462 161.616 222.000 224.000 174.000
-4.840 -16.193 161.598 119.000 123.000 94.000
-4.840 -15.760 161.603 232.000 234.000 186.000
-4.840 -15.328 161.607 237.000 238.000 184.000
-4.840 -14.895 161.612 229.000 231.000 174.000
-4.840 -14.462 161.617 124.000 127.000 93.000
-4.407 -15.328 161.608 177.000 179.000 140.000
-4.407 -14.895 161.612 130.000 132.000 102.000
-8.302 -14.467 162.046 95.000 107.000 81.000
-7.869 -14.900 162.042 139.000 149.000 108.000
-7.869 -14.467 162.046 137.000 146.000 111.000
-7.436 -15.332 162.038 133.000 150.000 76.000
-7.436 -14.900 162.042 142.000 155.000 98.000
-7.436 -14.467 162.047 151.000 162.000 113.000
-7.436 -14.034 162.051 121.000 131.000 94.000
-7.004 -15.332 162.038 140.000 161.000 71.000
-7.004 -14.900 162.043 151.000 169.000 91.000
-7.004 -14.467 162.047 164.000 178.000 112.000
-7.004 -14.034 162.052 143.000 153.000 108.000
-6.571 -15.765 162.034 132.000 149.000 75.000
-6.571 -15.332 162.038 156.000 175.000 82.000
-6.571 -14.900 162.043 174.000 191.000 106.000
-6.571 -14.467 162.048 183.000 197.000 125.000
-6.571 -14.034 162.052 149.000 160.000 108.000
-6.138 -16.197 162.030 77.000 87.000 56.000
-6.138 -15.765 162.034 172.000 185.000 118.000
-6.138 -15.332 162.039 195.000 207.000 128.000
-6.138 -14.900 162.043 215.000 223.000 151.000
-6.138 -14.467 162.048 221.000 227.000 164.000
-6.138 -14.034 162.053 176.000 182.000 133.000
-5.706 -15.765 162.035 209.000 215.000 155.000
-5.706 -15.332 162.039 237.000 240.000 182.000
-5.706 -14.900 162.044 238.000 241.000 184.000
-5.706 -14.467 162.048 237.000 239.000 187.000
-5.706 -14.034 162.053 207.000 210.000 164.000
-5.273 -15.765 162.035 229.000 232.000 181.000
-5.273 -15.332 162.040 247.000 248.000 206.000
-5.273 -14.900 162.044 243.000 244.000 193.000
-5.273 -14.467 162.049 237.000 239.000 190.000
-5.273 -14.034 162.053 206.000 207.000 171.000
-4.840 -15.332 162.040 222.000 223.000 183.000
-4.840 -14.900 162.045 212.000 214.000 169.000
-4.840 -14.467 162.049 150.000 152.000 117.000
-7.869 -14.471 162.479 103.000 113.000 76.000
-7.437 -14.471 162.479 110.000 122.000 76.000
-7.004 -14.904 162.475 144.000 160.000 84.000
-7.004 -14.472 162.480 106.000 119.000 68.000
-6.571 -14.904 162.476 161.000 177.000 94.000
-6.571 -14.472 162.480 130.000 144.000 83.000
-6.139 -15.769 162.467 162.000 175.000 109.000
-6.139 -15.337 162.472 199.000 211.000 135.000
-6.139 -14.904 162.476 215.000 224.000 153.000
-6.139 -14.472 162.481 196.000 204.000 146.000
-6.139 -14.039 162.485 86.000 93.000 64.000
-5.706 -15.769 162.467 180.000 190.000 129.000
-5.706 -15.337 162.472 235.000 239.000 180.000
-5.706 -14.904 162.477 242.000 244.000 193.000
-5.706 -14.472 162.481 233.000 235.000 190.000
-5.273 -16.202 162.463 86.000 98.000 54.000
-5.273 -15.769 162.468 136.000 146.000 96.000
-5.273 -15.337 162.472 234.000 237.000 186.000
-5.273 -14.904 162.477 243.000 245.000 200.000
-5.273 -14.472 162.482 222.000 224.000 185.000
-4.841 -15.337 162.473 119.000 123.000 87.000
-4.841 -14.904 162.477 138.000 140.000 107.000
-6.139 -14.476 162.913 156.000 165.000 115.000
-5.706 -15.341 162.905 227.000 232.000 169.000
-5.706 -14.909 162.909 244.000 246.000 203.000
-5.706 -14.476 162.914 227.000 229.000 192.000
-5.274 -15.341 162.905 192.000 198.000 144.000
-5.274 -14.909 162.910 241.000 243.000 207.000
-5.274 -14.476 162.914 208.000 210.000 181.000
