-1.270 -2.444 48.383 117.000 134.000 74.000
-1.270 -2.012 48.388 145.000 166.000 81.000
-1.703 -1.151 48.829 128.000 153.000 65.000
-1.703 -0.718 48.834 126.000 149.000 71.000
-1.270 -2.449 48.816 97.000 114.000 59.000
-1.270 -2.016 48.820 128.000 150.000 66.000
-1.270 -1.584 48.825 133.000 157.000 66.000
-1.270 -1.151 48.829 132.000 155.000 71.000
-1.703 -1.588 49.257 127.000 157.000 54.000
-1.703 -1.156 49.262 127.000 154.000 64.000
-1.703 -0.723 49.266 124.000 149.000 69.000
-1.703 -0.290 49.271 116.000 138.000 67.000
-1.271 -2.454 49.248 104.000 124.000 62.000
-1.271 -2.021 49.253 122.000 148.000 59.000
-1.271 -1.588 49.257 128.000 154.000 62.000
-1.271 -1.156 49.262 132.000 156.000 70.000
-1.271 -0.723 49.267 130.000 152.000 73.000
-1.704 -1.593 49.690 132.000 160.000 59.000
-1.704 -1.160 49.694 134.000 161.000 69.000
-1.704 -0.728 49.699 127.000 153.000 69.000
-1.704 -0.295 49.703 116.000 137.000 69.000
-1.271 -2.458 49.681 126.000 145.000 78.000
-1.271 -2.026 49.685 128.000 152.000 65.000
-1.271 -1.593 49.690 131.000 156.000 62.000
-1.271 -1.160 49.695 133.000 157.000 70.000
-1.271 -0.728 49.699 135.000 156.000 77.000
-1.271 -0.295 49.704 118.000 137.000 72.000
-1.704 -2.030 50.118 133.000 160.000 60.000
-1.704 -1.597 50.122 143.000 168.000 69.000
-1.704 -1.165 50.127 143.000 166.000 79.000
-1.704 -0.732 50.131 127.000 148.000 73.000
-1.704 -0.300 50.136 86.000 102.000 50.000
-1.271 -2.895 50.109 93.000 117.000 57.000
-1.271 -2.463 50.113 120.000 143.000 66.000
-1.271 -2.030 50.118 136.000 158.000 73.000
-1.271 -1.597 50.123 144.000 166.000 76.000
-1.271 -1.165 50.127 139.000 161.000 78.000
-1.271 -0.732 50.132 127.000 148.000 75.000
-1.271 -0.300 50.136 98.000 112.000 62.000
-2.137 -0.304 50.568 88.000 104.000 54.000
-1.704 -2.035 50.550 146.000 170.000 70.000
-1.704 -1.602 50.555 147.000 172.000 74.000
-1.704 -1.169 50.559 143.000 165.000 78.000
-1.704 -0.737 50.564 119.000 140.000 67.000
-1.704 -0.304 50.569 93.000 110.000 56.000
-1.272 -2.900 50.542 82.000 111.000 44.000
-1.272 -2.467 50.546 118.000 141.000 63.000
-1.272 -2.035 50.551 143.000 164.000 76.000
-1.272 -1.602 50.555 148.000 169.000 80.000
-1.272 -1.169 50.560 134.000 157.000 75.000
-1.272 -0.737 50.564 125.000 149.000 69.000
-1.272 -0.304 50.569 105.000 122.000 63.000
-0.839 -0.304 50.569 86.000 97.000 56.000
-2.138 -0.309 51.001 103.000 119.000 68.000
-1.705 -2.039 50.983 146.000 170.000 70.000
-1.705 -1.607 50.988 150.000 172.000 76.000
-1.705 -1.174 50.992 143.000 164.000 76.000
-1.705 -0.741 50.997 126.000 147.000 70.000
-1.705 -0.309 51.001 99.000 115.000 60.000
-1.272 -2.905 50.974 72.000 103.000 32.000
-1.272 -2.472 50.979 110.000 136.000 56.000
-1.272 -2.039 50.983 144.000 166.000 74.000
-1.272 -1.607 50.988 148.000 169.000 81.000
-1.272 -1.174 50.993 138.000 159.000 76.000
-1.272 -0.741 50.997 127.000 149.000 71.000
-1.272 -0.309 51.002 103.000 121.000 61.000
-0.840 -0.309 51.002 72.000 82.000 47.000
-2.571 -0.313 51.433 83.000 97.000 52.000
-2.138 -1.179 51.424 151.000 173.000 79.000
-2.138 -0.746 51.429 142.000 162.000 84.000
-2.138 -0.313 51.434 121.000 135.000 80.000
-1.705 -2.477 51.411 115.000 145.000 48.000
-1.705 -2.044 51.416 148.000 171.000 66.000
-1.705 -1.611 51.420 150.000 173.000 72.000
-1.705 -1.179 51.425 142.000 163.000 77.000
-1.705 -0.746 51.429 136.000 157.000 78.000
-1.705 -0.313 51.434 112.000 128.000 72.000
-1.273 -2.909 51.407 70.000 101.000 29.000
-1.273 -2.477 51.411 104.000 133.000 46.000
-1.273 -2.044 51.416 144.000 168.000 69.000
-1.273 -1.611 51.421 150.000 172.000 78.000
-1.273 -1.179 51.425 141.000 161.000 79.000
-1.273 -0.746 51.430 133.000 153.000 77.000
-1.273 -0.313 51.434 81.000 97.000 48.000
-3.004 -0.318 51.865 95.000 110.000 59.000
-2.571 -1.183 51.857 152.000 172.000 84.000
-2.571 -0.751 51.861 131.000 149.000 77.000
-2.571 -0.318 51.866 96.000 109.000 61.000
-2.138 -2.048 51.848 155.000 181.000 67.000
-2.138 -1.616 51.852 157.000 182.000 73.000
-2.138 -1.183 51.857 147.000 168.000 79.000
-2.138 -0.751 51.862 136.000 155.000 80.000
-2.138 -0.318 51.866 106.000 119.000 71.000
-1.706 -2.481 51.844 144.000 166.000 69.000
-1.706 -2.048 51.848 155.000 177.000 71.000
-1.706 -1.616 51.853 152.000 175.000 72.000
-1.706 -1.183 51.857 140.000 161.000 74.000
-1.706 -0.751 51.862 130.000 152.000 74.000
-1.706 -0.318 51.867 91.000 103.000 60.000
-1.273 -2.481 51.844 123.000 146.000 58.000
-1.273 -2.048 51.849 155.000 177.000 73.000
-1.273 -1.616 51.853 154.000 174.000 79.000
-1.273 -1.183 51.858 141.000 161.000 79.000
-1.273 -0.751 51.862 126.000 146.000 76.000
-1.273 -0.318 51.867 70.000 84.000 42.000
-0.840 -0.751 51.863 92.000 104.000 58.000
-3.437 -0.322 52.298 101.000 113.000 65.000
-3.004 -1.188 52.289 155.000 175.000 91.000
-3.004 -0.755 52.293 137.000 152.000 86.000
-3.004 -0.322 52.298 109.000 122.000 72.000
-2.571 -2.053 52.280 151.000 176.000 68.000
-2.571 -1.620 52.285 157.000 181.000 75.000
-2.571 -1.188 52.289 153.000 174.000 84.000
-2.571 -0.755 52.294 143.000 161.000 87.000
-2.571 -0.322 52.298 113.000 126.000 74.000
-2.139 -2.486 52.276 155.000 177.000 83.000
-2.139 -2.053 52.280 157.000 182.000 70.000
-2.139 -1.620 52.285 150.000 175.000 67.000
-2.139 -1.188 52.290 141.000 163.000 72.000
-2.139 -0.755 52.294 136.000 156.000 79.000
-2.139 -0.322 52.299 129.000 143.000 86.000
-1.706 -2.486 52.276 152.000 175.000 75.000
-1.706 -2.053 52.281 162.000 185.000 73.000
-1.706 -1.620 52.285 152.000 176.000 70.000
-1.706 -1.188 52.290 136.000 158.000 68.000
-1.706 -0.755 52.295 131.000 152.000 75.000
-1.706 -0.322 52.299 96.000 112.000 65.000
-1.273 -2.486 52.277 141.000 165.000 65.000
-1.273 -2.053 52.281 161.000 184.000 75.000
-1.273 -1.620 52.286 158.000 180.000 79.000
-1.273 -1.188 52.290 142.000 161.000 78.000
-1.273 -0.755 52.295 126.000 146.000 75.000
-0.841 -0.755 52.295 124.000 138.000 84.000
-3.870 -0.327 52.730 89.000 96.000 66.000
-3.437 -1.192 52.721 151.000 166.000 93.000
-3.437 -0.760 52.726 144.000 157.000 97.000
-3.437 -0.327 52.730 106.000 116.000 76.000
-3.005 -2.058 52.712 145.000 168.000 70.000
-3.005 -1.625 52.717 142.000 165.000 69.000
-3.005 -1.192 52.721 144.000 164.000 81.000
-3.005 -0.760 52.726 144.000 160.000 93.000
-3.005 -0.327 52.731 105.000 116.000 74.000
-2.572 -2.490 52.708 140.000 162.000 75.000
-2.572 -2.058 52.713 146.000 171.000 67.000
-2.572 -1.625 52.717 145.000 169.000 68.000
-2.572 -1.192 52.722 137.000 159.000 71.000
-2.572 -0.760 52.726 127.000 147.000 74.000
-2.572 -0.327 52.731 90.000 104.000 58.000
-2.139 -2.923 52.704 94.000 112.000 52.000
-2.139 -2.490 52.708 148.000 169.000 78.000
-2.139 -2.058 52.713 153.000 177.000 70.000
-2.139 -1.625 52.718 144.000 169.000 64.000
-2.139 -1.192 52.722 131.000 156.000 63.000
-2.139 -0.760 52.727 122.000 146.000 65.000
-2.139 -0.327 52.731 98.000 115.000 62.000
-1.707 -2.923 52.704 88.000 113.000 42.000
-1.707 -2.490 52.709 143.000 165.000 71.000
-1.707 -2.058 52.714 155.000 179.000 71.000
-1.707 -1.625 52.718 144.000 168.000 63.000
-1.707 -1.192 52.723 129.000 153.000 61.000
-1.707 -0.760 52.727 108.000 135.000 55.000
-1.707 -0.327 52.732 66.000 84.000 35.000
-1.274 -2.923 52.705 84.000 107.000 39.000
-1.274 -2.490 52.709 139.000 162.000 66.000
-1.274 -2.058 52.714 153.000 177.000 70.000
-1.274 -1.625 52.719 152.000 175.000 74.000
-1.274 -1.192 52.723 137.000 157.000 75.000
-1.274 -0.760 52.728 118.000 137.000 69.000
-0.841 -0.760 52.728 137.000 149.000 95.000
-3.438 -1.630 53.149 139.000 157.000 77.000
-3.438 -1.197 53.154 136.000 151.000 87.000
-3.438 -0.764 53.158 115.000 127.000 82.000
-3.005 -1.630 53.149 126.000 152.000 59.000
-3.005 -1.197 53.154 118.000 143.000 60.000
-3.005 -0.764 53.159 102.000 121.000 61.000
-2.572 -2.062 53.145 132.000 160.000 58.000
-2.572 -1.630 53.150 128.000 156.000 55.000
-2.572 -1.197 53.154 116.000 144.000 53.000
-2.572 -0.764 53.159 109.000 134.000 59.000
-2.140 -2.928 53.137 108.000 134.000 57.000
-2.140 -2.495 53.141 135.000 158.000 69.000
-2.140 -2.062 53.146 142.000 168.000 63.000
-2.140 -1.630 53.150 138.000 165.000 61.000
-2.140 -1.197 53.155 125.000 151.000 61.000
-2.140 -0.764 53.159 101.000 124.000 53.000
-1.707 -3.360 53.132 77.000 104.000 37.000
-1.707 -2.928 53.137 106.000 132.000 53.000
-1.707 -2.495 53.142 138.000 161.000 67.000
-1.707 -2.062 53.146 143.000 168.000 64.000
-1.707 -1.630 53.151 139.000 163.000 62.000
-1.707 -1.197 53.155 127.000 151.000 63.000
-1.707 -0.764 53.160 86.000 110.000 42.000
-1.274 -3.360 53.133 67.000 89.000 31.000
-1.274 -2.928 53.137 112.000 137.000 58.000
-1.274 -2.495 53.142 141.000 162.000 72.000
-1.274 -2.062 53.147 145.000 167.000 68.000
-1.274 -1.630 53.151 145.000 166.000 70.000
-1.274 -1.197 53.156 139.000 159.000 74.000
-1.274 -0.764 53.160 103.000 119.000 59.000
-0.842 -1.197 53.156 148.000 165.000 89.000
-0.842 -0.764 53.161 130.000 141.000 87.000
-3.005 -1.634 53.582 134.000 156.000 66.000
-3.005 -1.202 53.587 104.000 133.000 50.000
-3.005 -0.769 53.591 64.000 83.000 33.000
-2.573 -1.634 53.583 130.000 156.000 59.000
-2.573 -1.202 53.587 122.000 147.000 61.000
-2.573 -0.769 53.592 101.000 125.000 55.000
-2.140 -2.499 53.574 130.000 153.000 64.000
-2.140 -2.067 53.578 129.000 157.000 53.000
-2.140 -1.634 53.583 131.000 160.000 57.000
-2.140 -1.202 53.588 136.000 159.000 71.000
-2.140 -0.769 53.592 132.000 153.000 77.000
-1.707 -3.365 53.565 99.000 120.000 58.000
-1.707 -2.932 53.570 124.000 146.000 71.000
-1.707 -2.499 53.574 150.000 171.000 82.000
-1.707 -2.067 53.579 150.000 174.000 70.000
-1.707 -1.634 53.583 145.000 169.000 69.000
-1.707 -1.202 53.588 133.000 157.000 69.000
-1.707 -0.769 53.593 86.000 107.000 44.000
-1.275 -3.365 53.565 85.000 104.000 47.000
-1.275 -2.932 53.570 112.000 133.000 62.000
-1.275 -2.499 53.575 142.000 163.000 76.000
-1.275 -2.067 53.579 150.000 172.000 74.000
-1.275 -1.634 53.584 152.000 173.000 78.000
-1.275 -1.202 53.588 142.000 161.000 81.000
-1.275 -0.769 53.593 93.000 108.000 55.000
-0.842 -1.202 53.589 154.000 169.000 94.000
-0.842 -0.769 53.593 135.000 147.000 93.000
-2.573 -1.206 54.020 127.000 149.000 67.000
-2.573 -0.773 54.024 110.000 130.000 62.000
-2.140 -2.071 54.011 133.000 159.000 59.000
-2.140 -1.639 54.016 139.000 162.000 67.000
-2.140 -1.206 54.020 136.000 157.000 75.000
-2.140 -0.773 54.025 111.000 128.000 67.000
-2.140 -0.341 54.029 72.000 82.000 48.000
-1.708 -2.504 54.007 141.000 162.000 77.000
-1.708 -2.071 54.011 146.000 168.000 69.000
-1.708 -1.639 54.016 145.000 168.000 71.000
-1.708 -1.206 54.021 135.000 156.000 73.000
-1.708 -0.773 54.025 98.000 116.000 54.000
-1.275 -2.504 54.007 133.000 155.000 72.000
-1.275 -2.071 54.012 149.000 170.000 75.000
-1.275 -1.639 54.016 153.000 174.000 79.000
-1.275 -1.206 54.021 144.000 164.000 80.000
-1.275 -0.773 54.026 115.000 131.000 69.000
-0.842 -1.639 54.017 158.000 178.000 87.000
-0.842 -1.206 54.021 158.000 176.000 95.000
-0.842 -0.773 54.026 144.000 159.000 95.000
-2.574 -0.778 54.457 117.000 138.000 67.000
-2.574 -0.345 54.462 72.000 83.000 45.000
-2.141 -1.211 54.453 139.000 159.000 76.000
-2.141 -0.778 54.457 85.000 99.000 49.000
-1.708 -2.076 54.444 143.000 166.000 72.000
-1.708 -1.643 54.449 146.000 168.000 74.000
-1.708 -1.211 54.453 137.000 157.000 75.000
-1.708 -0.778 54.458 102.000 118.000 59.000
-1.276 -2.509 54.440 115.000 137.000 62.000
-1.276 -2.076 54.444 147.000 168.000 74.000
-1.276 -1.643 54.449 153.000 174.000 79.000
-1.276 -1.211 54.454 152.000 170.000 86.000
-1.276 -0.778 54.458 121.000 137.000 73.000
-0.843 -1.643 54.449 160.000 180.000 89.000
-0.843 -1.211 54.454 157.000 176.000 94.000
-0.843 -0.778 54.459 142.000 157.000 93.000
-2.141 -0.783 54.890 77.000 92.000 41.000
-1.709 -1.215 54.886 145.000 164.000 83.000
-1.709 -0.783 54.890 102.000 117.000 60.000
-1.276 -2.081 54.877 149.000 168.000 78.000
-1.276 -1.648 54.882 160.000 180.000 86.000
-1.276 -1.215 54.886 157.000 176.000 92.000
-1.276 -0.783 54.891 121.000 135.000 74.000
-0.843 -1.648 54.882 175.000 192.000 104.000
-0.843 -1.215 54.887 167.000 184.000 103.000
-0.843 -0.783 54.891 145.000 158.000 96.000
-1.276 -1.220 55.319 184.000 199.000 121.000
-1.276 -0.787 55.324 133.000 144.000 92.000
-0.844 -2.085 55.310 169.000 186.000 107.000
-0.844 -1.653 55.315 196.000 210.000 130.000
-0.844 -1.220 55.319 202.000 213.000 141.000
-0.844 -0.787 55.324 133.000 140.000 98.000
-1.702 -2.444 48.383 113.000 138.000 59.000
-1.702 -2.012 48.387 132.000 159.000 63.000
-1.702 -1.579 48.392 136.000 164.000 64.000
-2.568 -2.016 48.819 125.000 157.000 48.000
-2.568 -1.584 48.823 134.000 164.000 58.000
-2.568 -1.151 48.828 138.000 164.000 72.000
-2.135 -2.449 48.815 101.000 134.000 43.000
-2.135 -2.016 48.819 123.000 157.000 47.000
-2.135 -1.584 48.824 134.000 164.000 57.000
-2.135 -1.151 48.829 136.000 162.000 67.000
-2.135 -0.718 48.833 128.000 153.000 70.000
-1.703 -2.449 48.815 102.000 130.000 52.000
-1.703 -2.016 48.820 125.000 154.000 54.000
-1.703 -1.584 48.824 128.000 157.000 57.000
-3.001 -2.021 49.251 132.000 160.000 59.000
-3.001 -1.588 49.256 133.000 160.000 64.000
-3.001 -1.156 49.260 133.000 156.000 72.000
-3.001 -0.723 49.265 138.000 156.000 87.000
-3.001 -0.290 49.269 111.000 125.000 77.000
-2.569 -2.454 49.247 118.000 150.000 48.000
-2.569 -2.021 49.252 130.000 162.000 52.000
-2.569 -1.588 49.256 137.000 167.000 59.000
-2.569 -1.156 49.261 136.000 163.000 71.000
-2.569 -0.723 49.265 138.000 159.000 84.000
-2.569 -0.290 49.270 122.000 138.000 82.000
-2.136 -2.454 49.247 92.000 129.000 37.000
-2.136 -2.021 49.252 127.000 160.000 49.000
-2.136 -1.588 49.257 135.000 165.000 58.000
-2.136 -1.156 49.261 137.000 163.000 70.000
-2.136 -0.723 49.266 129.000 155.000 70.000
-2.136 -0.290 49.270 113.000 136.000 66.000
-1.703 -2.454 49.248 103.000 132.000 51.000
-1.703 -2.021 49.252 119.000 151.000 50.000
-3.434 -1.593 49.688 127.000 152.000 64.000
-3.434 -1.160 49.693 130.000 152.000 73.000
-3.434 -0.728 49.697 131.000 151.000 79.000
-3.434 -0.295 49.702 86.000 97.000 58.000
-3.002 -2.026 49.684 135.000 163.000 60.000
-3.002 -1.593 49.688 133.000 159.000 62.000
-3.002 -1.160 49.693 134.000 158.000 70.000
-3.002 -0.728 49.698 139.000 160.000 86.000
-3.002 -0.295 49.702 99.000 113.000 66.000
-2.569 -2.026 49.684 137.000 168.000 55.000
-2.569 -1.593 49.689 139.000 167.000 60.000
-2.569 -1.160 49.693 139.000 162.000 72.000
-2.569 -0.728 49.698 141.000 162.000 85.000
-2.569 -0.295 49.703 117.000 133.000 76.000
-2.136 -2.458 49.680 88.000 132.000 27.000
-2.136 -2.026 49.685 128.000 160.000 48.000
-2.136 -1.593 49.689 140.000 168.000 63.000
-2.136 -1.160 49.694 145.000 168.000 78.000
-2.136 -0.728 49.698 129.000 153.000 70.000
-2.136 -0.295 49.703 110.000 132.000 64.000
-1.704 -2.458 49.680 106.000 137.000 49.000
-1.704 -2.026 49.685 125.000 155.000 53.000
-3.867 -1.165 50.125 102.000 118.000 60.000
-3.867 -0.732 50.129 100.000 114.000 62.000
-3.435 -1.597 50.121 127.000 150.000 65.000
-3.435 -1.165 50.125 124.000 144.000 69.000
-3.435 -0.732 50.130 121.000 142.000 71.000
-3.435 -0.300 50.134 100.000 116.000 65.000
-3.002 -2.030 50.116 134.000 161.000 59.000
-3.002 -1.597 50.121 133.000 160.000 61.000
-3.002 -1.165 50.126 136.000 159.000 72.000
-3.002 -0.732 50.130 131.000 151.000 78.000
-3.002 -0.300 50.135 92.000 106.000 59.000
-2.569 -2.030 50.117 135.000 165.000 53.000
-2.569 -1.597 50.121 138.000 166.000 60.000
-2.569 -1.165 50.126 138.000 162.000 72.000
-2.569 -0.732 50.131 130.000 152.000 76.000
-2.569 -0.300 50.135 87.000 102.000 56.000
-2.137 -2.463 50.113 115.000 147.000 46.000
-2.137 -2.030 50.117 133.000 164.000 50.000
-2.137 -1.597 50.122 134.000 163.000 56.000
-2.137 -1.165 50.126 134.000 158.000 66.000
-2.137 -0.732 50.131 123.000 146.000 68.000
-2.137 -0.300 50.136 85.000 105.000 47.000
-1.704 -2.463 50.113 121.000 148.000 57.000
-3.868 -1.169 50.557 126.000 139.000 81.000
-3.868 -0.737 50.562 116.000 131.000 74.000
-3.868 -0.304 50.567 82.000 91.000 56.000
-3.435 -1.602 50.553 132.000 153.000 72.000
-3.435 -1.169 50.558 131.000 149.000 76.000
-3.435 -0.737 50.562 121.000 140.000 76.000
-3.435 -0.304 50.567 72.000 81.000 48.000
-3.002 -2.035 50.549 136.000 162.000 61.000
-3.002 -1.602 50.554 134.000 157.000 66.000
-3.002 -1.169 50.558 133.000 155.000 72.000
-3.002 -0.737 50.563 114.000 133.000 66.000
-3.002 -0.304 50.567 71.000 83.000 45.000
-2.570 -2.035 50.549 143.000 170.000 60.000
-2.570 -1.602 50.554 143.000 168.000 66.000
-2.570 -1.169 50.559 140.000 162.000 75.000
-2.570 -0.737 50.563 114.000 131.000 68.000
-2.570 -0.304 50.568 78.000 94.000 47.000
-2.137 -2.467 50.545 132.000 160.000 57.000
-2.137 -2.035 50.550 146.000 173.000 63.000
-2.137 -1.602 50.554 160.000 185.000 77.000
-2.137 -1.169 50.559 142.000 163.000 78.000
-2.137 -0.737 50.564 117.000 136.000 68.000
-1.704 -2.900 50.541 100.000 129.000 49.000
-1.704 -2.467 50.546 126.000 153.000 59.000
-4.301 -0.741 50.994 112.000 125.000 82.000
-3.868 -1.174 50.990 128.000 143.000 85.000
-3.868 -0.741 50.995 124.000 142.000 79.000
-3.868 -0.309 50.999 83.000 94.000 57.000
-3.436 -1.607 50.986 131.000 152.000 72.000
-3.436 -1.174 50.990 129.000 146.000 77.000
-3.436 -0.741 50.995 91.000 103.000 56.000
-3.436 -0.309 51.000 70.000 81.000 46.000
-3.003 -2.039 50.982 142.000 166.000 67.000
-3.003 -1.607 50.986 135.000 155.000 69.000
-3.003 -1.174 50.991 128.000 146.000 71.000
-3.003 -0.741 50.995 93.000 107.000 56.000
-2.570 -2.472 50.978 145.000 169.000 65.000
-2.570 -2.039 50.982 151.000 174.000 68.000
-2.570 -1.607 50.987 134.000 152.000 66.000
-2.570 -1.174 50.991 115.000 132.000 62.000
-2.570 -0.741 50.996 93.000 109.000 52.000
-2.138 -2.905 50.973 122.000 150.000 55.000
-2.138 -2.472 50.978 138.000 165.000 62.000
-2.138 -2.039 50.983 155.000 179.000 69.000
-2.138 -1.607 50.987 157.000 180.000 77.000
-2.138 -1.174 50.992 142.000 164.000 76.000
-2.138 -0.741 50.996 118.000 135.000 71.000
-1.705 -2.905 50.974 99.000 128.000 46.000
-1.705 -2.472 50.978 130.000 156.000 60.000
-4.301 -0.746 51.427 109.000 119.000 80.000
-3.869 -1.611 51.418 134.000 155.000 76.000
-3.869 -1.179 51.423 138.000 159.000 82.000
-3.869 -0.746 51.427 136.000 151.000 88.000
-3.869 -0.313 51.432 79.000 87.000 56.000
-3.436 -2.044 51.414 131.000 156.000 62.000
-3.436 -1.611 51.419 138.000 161.000 72.000
-3.436 -1.179 51.423 136.000 158.000 76.000
-3.436 -0.746 51.428 130.000 146.000 80.000
-3.003 -2.477 51.410 124.000 152.000 54.000
-3.003 -2.044 51.414 145.000 170.000 66.000
-3.003 -1.611 51.419 146.000 170.000 72.000
-3.003 -1.179 51.424 132.000 153.000 72.000
-3.003 -0.746 51.428 121.000 141.000 69.000
-3.003 -0.313 51.433 68.000 80.000 40.000
-2.571 -2.477 51.410 133.000 160.000 58.000
-2.571 -2.044 51.415 156.000 180.000 70.000
-2.571 -1.611 51.419 157.000 181.000 76.000
-2.571 -1.179 51.424 141.000 161.000 76.000
-2.571 -0.746 51.429 121.000 142.000 67.000
-2.138 -2.909 51.406 55.000 85.000 17.000
-2.138 -2.477 51.411 132.000 160.000 57.000
-2.138 -2.044 51.415 152.000 178.000 64.000
-2.138 -1.611 51.420 155.000 180.000 71.000
-1.705 -2.909 51.406 86.000 119.000 38.000
-4.302 -0.751 51.859 114.000 124.000 81.000
-3.869 -1.616 51.851 141.000 161.000 78.000
-3.869 -1.183 51.855 148.000 165.000 92.000
-3.869 -0.751 51.860 142.000 156.000 93.000
-3.869 -0.318 51.864 106.000 117.000 75.000
-3.436 -2.048 51.847 123.000 150.000 55.000
-3.436 -1.616 51.851 140.000 163.000 70.000
-3.436 -1.183 51.856 143.000 164.000 81.000
-3.436 -0.751 51.860 128.000 142.000 79.000
-3.436 -0.318 51.865 83.000 95.000 52.000
-3.004 -2.481 51.842 116.000 145.000 51.000
-3.004 -2.048 51.847 128.000 157.000 53.000
-3.004 -1.616 51.852 146.000 171.000 69.000
-3.004 -1.183 51.856 150.000 169.000 84.000
-3.004 -0.751 51.861 137.000 154.000 84.000
-2.571 -2.914 51.838 78.000 102.000 36.000
-2.571 -2.481 51.843 130.000 155.000 59.000
-2.571 -2.048 51.847 148.000 173.000 63.000
-2.571 -1.616 51.852 156.000 180.000 73.000
-2.138 -2.914 51.839 119.000 143.000 64.000
-2.138 -2.481 51.843 153.000 176.000 78.000
-4.302 -1.620 52.283 125.000 142.000 77.000
-4.302 -0.755 52.292 137.000 146.000 102.000
-3.869 -1.620 52.283 141.000 162.000 77.000
-3.869 -1.188 52.288 153.000 169.000 98.000
-3.869 -0.755 52.293 155.000 169.000 106.000
-3.869 -0.322 52.297 107.000 116.000 75.000
-3.437 -2.053 52.279 132.000 157.000 61.000
-3.437 -1.620 52.284 139.000 162.000 69.000
-3.437 -1.188 52.288 150.000 168.000 88.000
-3.437 -0.755 52.293 140.000 154.000 90.000
-3.004 -2.486 52.275 133.000 157.000 68.000
-3.004 -2.053 52.280 142.000 167.000 65.000
-3.004 -1.620 52.284 150.000 173.000 75.000
-2.571 -2.486 52.275 136.000 160.000 70.000
-4.735 -1.192 52.720 73.000 82.000 54.000
-4.303 -1.625 52.716 126.000 144.000 74.000
-4.303 -1.192 52.720 164.000 178.000 118.000
-4.303 -0.760 52.725 159.000 166.000 129.000
-3.870 -1.625 52.716 140.000 159.000 80.000
-3.870 -1.192 52.721 163.000 178.000 109.000
-3.870 -0.760 52.725 163.000 176.000 117.000
-3.437 -1.625 52.716 143.000 162.000 77.000
-4.303 -1.197 53.153 190.000 199.000 148.000
-4.303 -0.764 53.157 174.000 176.000 147.000
-3.870 -1.197 53.153 173.000 187.000 122.000
-3.870 -0.764 53.158 175.000 185.000 138.000
-3.870 -0.332 53.162 124.000 129.000 103.000
-3.871 -1.202 53.586 148.000 158.000 109.000
-3.871 -0.769 53.590 119.000 127.000 94.000
-3.438 -1.202 53.586 103.000 126.000 56.000
-3.006 -1.206 54.019 125.000 145.000 72.000
-3.006 -0.773 54.024 84.000 105.000 47.000
-3.006 -0.778 54.457 103.000 128.000 58.000
-2.574 -0.350 54.894 77.000 88.000 48.000
-2.569 -2.458 49.680 127.000 158.000 53.000
-2.569 -2.895 50.108 107.000 139.000 46.000
-2.569 -2.463 50.112 127.000 158.000 51.000
-2.137 -2.895 50.108 95.000 128.000 42.000
-1.704 -2.895 50.108 99.000 126.000 52.000
-3.002 -2.467 50.544 134.000 161.000 60.000
-2.570 -2.900 50.540 130.000 157.000 58.000
-2.570 -2.467 50.545 138.000 165.000 60.000
-2.137 -2.900 50.541 120.000 148.000 55.000
-3.003 -2.905 50.973 133.000 160.000 60.000
-3.003 -2.472 50.977 133.000 160.000 57.000
-2.570 -2.905 50.973 138.000 163.000 63.000
-3.003 -2.909 51.405 79.000 112.000 28.000
-2.571 -2.909 51.406 53.000 82.000 16.000
-3.436 -2.481 51.842 105.000 135.000 46.000
-3.004 -2.914 51.838 84.000 108.000 37.000
-0.837 -2.016 48.821 113.000 134.000 60.000
-0.837 -1.584 48.825 133.000 155.000 72.000
-0.405 -2.016 48.821 78.000 99.000 40.000
-0.838 -2.454 49.249 74.000 85.000 47.000
-0.838 -2.021 49.253 121.000 144.000 64.000
-0.838 -1.588 49.258 131.000 154.000 68.000
-0.838 -1.156 49.262 136.000 157.000 79.000
-0.405 -2.021 49.254 98.000 122.000 51.000
-0.405 -1.588 49.258 118.000 140.000 63.000
-0.838 -2.458 49.681 128.000 145.000 83.000
-0.838 -2.026 49.686 132.000 154.000 74.000
-0.838 -1.593 49.690 131.000 155.000 69.000
-0.838 -1.160 49.695 128.000 150.000 72.000
-0.838 -0.728 49.700 136.000 154.000 84.000
-0.406 -2.458 49.682 117.000 134.000 74.000
-0.406 -2.026 49.686 133.000 153.000 78.000
-0.406 -1.593 49.691 127.000 147.000 72.000
-0.406 -1.160 49.695 122.000 144.000 70.000
0.027 -2.026 49.687 86.000 108.000 45.000
0.027 -1.593 49.691 113.000 134.000 66.000
-0.839 -2.895 50.109 72.000 98.000 38.000
-0.839 -2.463 50.114 97.000 123.000 51.000
-0.839 -2.030 50.118 137.000 156.000 77.000
-0.839 -1.597 50.123 140.000 161.000 76.000
-0.839 -1.165 50.128 134.000 155.000 75.000
-0.839 -0.732 50.132 132.000 151.000 83.000
-0.839 -0.300 50.137 94.000 106.000 64.000
-0.406 -2.463 50.114 116.000 136.000 72.000
-0.406 -2.030 50.119 143.000 164.000 83.000
-0.406 -1.597 50.123 138.000 160.000 80.000
-0.406 -1.165 50.128 129.000 149.000 76.000
-0.406 -0.732 50.133 127.000 140.000 85.000
-0.406 -0.300 50.137 78.000 86.000 56.000
0.027 -2.030 50.119 136.000 155.000 82.000
0.027 -1.597 50.124 142.000 162.000 88.000
0.027 -1.165 50.128 144.000 156.000 101.000
0.459 -1.597 50.124 90.000 107.000 51.000
-0.839 -2.467 50.547 96.000 123.000 50.000
-0.839 -2.035 50.551 141.000 160.000 79.000
-0.839 -1.602 50.556 145.000 165.000 84.000
-0.839 -1.169 50.560 143.000 160.000 84.000
-0.839 -0.737 50.565 130.000 147.000 82.000
-0.406 -2.467 50.547 122.000 144.000 68.000
-0.406 -2.035 50.552 137.000 158.000 78.000
-0.406 -1.602 50.556 147.000 166.000 89.000
-0.406 -1.169 50.561 153.000 169.000 104.000
-0.406 -0.737 50.565 143.000 155.000 106.000
0.026 -2.035 50.552 136.000 155.000 76.000
0.026 -1.602 50.557 156.000 172.000 102.000
0.026 -1.169 50.561 196.000 203.000 155.000
0.459 -1.602 50.557 133.000 148.000 88.000
0.459 -1.169 50.562 131.000 134.000 107.000
-0.840 -2.472 50.979 99.000 125.000 51.000
-0.840 -2.039 50.984 140.000 162.000 77.000
-0.840 -1.607 50.988 155.000 173.000 91.000
-0.840 -1.174 50.993 148.000 163.000 93.000
-0.840 -0.741 50.998 135.000 150.000 87.000
-0.407 -2.472 50.980 121.000 145.000 65.000
-0.407 -2.039 50.984 138.000 158.000 77.000
-0.407 -1.607 50.989 152.000 171.000 95.000
-0.407 -1.174 50.993 180.000 192.000 130.000
-0.407 -0.741 50.998 148.000 156.000 118.000
0.026 -2.039 50.985 140.000 159.000 80.000
0.026 -1.607 50.989 162.000 176.000 108.000
0.026 -1.174 50.994 215.000 220.000 176.000
0.458 -1.607 50.990 154.000 167.000 106.000
0.458 -1.174 50.994 182.000 184.000 155.000
-0.840 -2.477 51.412 104.000 130.000 49.000
-0.840 -2.044 51.416 152.000 174.000 79.000
-0.840 -1.611 51.421 160.000 180.000 92.000
-0.840 -1.179 51.426 152.000 169.000 95.000
-0.840 -0.746 51.430 139.000 154.000 93.000
-0.407 -2.477 51.412 102.000 129.000 49.000
-0.407 -2.044 51.417 142.000 164.000 73.000
-0.407 -1.611 51.421 157.000 176.000 95.000
-0.407 -1.179 51.426 176.000 190.000 125.000
-0.407 -0.746 51.431 165.000 172.000 134.000
0.025 -2.044 51.417 143.000 163.000 79.000
0.025 -1.611 51.422 157.000 173.000 102.000
0.025 -1.179 51.426 211.000 215.000 168.000
0.458 -1.611 51.422 161.000 175.000 111.000
0.458 -1.179 51.427 153.000 156.000 124.000
-0.840 -2.481 51.844 119.000 144.000 55.000
-0.840 -2.048 51.849 150.000 171.000 75.000
-0.840 -1.616 51.854 162.000 181.000 90.000
-0.840 -1.183 51.858 161.000 178.000 103.000
-0.408 -2.481 51.845 89.000 121.000 36.000
-0.408 -2.048 51.849 150.000 172.000 77.000
-0.408 -1.616 51.854 174.000 191.000 107.000
-0.408 -1.183 51.859 185.000 198.000 130.000
-0.408 -0.751 51.863 170.000 179.000 135.000
0.025 -2.048 51.850 143.000 163.000 79.000
0.025 -1.616 51.854 162.000 177.000 103.000
0.025 -1.183 51.859 209.000 214.000 162.000
0.458 -1.616 51.855 155.000 169.000 104.000
0.458 -1.183 51.859 163.000 166.000 128.000
-0.841 -2.486 52.277 130.000 155.000 58.000
-0.841 -2.053 52.282 154.000 177.000 74.000
-0.841 -1.620 52.286 169.000 188.000 92.000
-0.841 -1.188 52.291 163.000 180.000 104.000
-0.408 -2.486 52.278 117.000 144.000 54.000
-0.408 -2.053 52.282 158.000 181.000 82.000
-0.408 -1.620 52.287 171.000 189.000 103.000
-0.408 -1.188 52.291 190.000 202.000 136.000
-0.408 -0.755 52.296 188.000 195.000 150.000
0.025 -2.053 52.283 158.000 178.000 88.000
0.025 -1.620 52.287 168.000 184.000 106.000
0.025 -1.188 52.292 200.000 208.000 153.000
0.025 -0.755 52.296 217.000 220.000 189.000
0.457 -1.620 52.288 161.000 176.000 107.000
0.457 -1.188 52.292 176.000 183.000 133.000
-0.841 -2.923 52.705 81.000 99.000 40.000
-0.841 -2.490 52.710 138.000 160.000 69.000
-0.841 -2.058 52.714 150.000 173.000 71.000
-0.841 -1.625 52.719 159.000 180.000 85.000
-0.841 -1.192 52.724 164.000 180.000 103.000
-0.409 -2.490 52.710 142.000 164.000 73.000
-0.409 -2.058 52.715 154.000 175.000 80.000
-0.409 -1.625 52.719 161.000 180.000 93.000
-0.409 -1.192 52.724 170.000 184.000 114.000
-0.409 -0.760 52.729 188.000 194.000 147.000
0.024 -2.058 52.715 156.000 177.000 86.000
0.024 -1.625 52.720 160.000 178.000 97.000
0.024 -1.192 52.724 180.000 192.000 127.000
0.024 -0.760 52.729 177.000 180.000 143.000
0.457 -1.625 52.720 165.000 180.000 108.000
0.457 -1.192 52.725 160.000 169.000 115.000
-0.842 -2.928 53.138 98.000 121.000 49.000
-0.842 -2.495 53.142 130.000 152.000 63.000
-0.842 -2.062 53.147 137.000 160.000 65.000
-0.842 -1.630 53.152 147.000 167.000 77.000
-0.409 -2.495 53.143 135.000 156.000 68.000
-0.409 -2.062 53.147 147.000 167.000 77.000
-0.409 -1.630 53.152 153.000 171.000 85.000
-0.409 -1.197 53.157 152.000 166.000 95.000
-0.409 -0.764 53.161 137.000 146.000 100.000
0.024 -2.062 53.148 161.000 182.000 91.000
0.024 -1.630 53.152 153.000 173.000 90.000
0.024 -1.197 53.157 151.000 165.000 99.000
0.024 -0.764 53.162 95.000 99.000 71.000
0.456 -1.630 53.153 162.000 179.000 106.000
0.456 -1.197 53.157 132.000 140.000 91.000
-0.842 -2.932 53.570 63.000 83.000 27.000
-0.842 -2.499 53.575 110.000 134.000 50.000
-0.842 -2.067 53.580 145.000 167.000 77.000
-0.842 -1.634 53.584 154.000 173.000 84.000
-0.409 -2.499 53.575 137.000 159.000 72.000
-0.409 -2.067 53.580 159.000 179.000 87.000
-0.409 -1.634 53.585 159.000 177.000 92.000
-0.409 -1.202 53.589 148.000 161.000 94.000
-0.409 -0.769 53.594 151.000 160.000 108.000
0.023 -2.067 53.580 166.000 186.000 98.000
0.023 -1.634 53.585 163.000 182.000 98.000
0.023 -1.202 53.590 154.000 168.000 99.000
0.456 -1.202 53.590 119.000 126.000 83.000
-0.842 -2.504 54.008 113.000 136.000 57.000
-0.842 -2.071 54.012 147.000 168.000 75.000
-0.410 -2.504 54.008 125.000 145.000 69.000
-0.410 -2.071 54.013 162.000 181.000 92.000
-0.410 -1.639 54.017 167.000 185.000 99.000
-0.410 -1.206 54.022 168.000 182.000 109.000
-0.410 -0.773 54.026 169.000 179.000 123.000
0.023 -1.639 54.018 179.000 196.000 114.000
0.023 -1.206 54.022 174.000 186.000 118.000
0.456 -1.206 54.023 140.000 145.000 105.000
-0.843 -2.509 54.440 85.000 108.000 41.000
-0.843 -2.076 54.445 158.000 178.000 86.000
-0.410 -2.509 54.441 99.000 118.000 53.000
-0.410 -2.076 54.445 173.000 191.000 104.000
-0.410 -1.643 54.450 176.000 193.000 109.000
-0.410 -1.211 54.454 175.000 189.000 115.000
-0.410 -0.778 54.459 151.000 157.000 113.000
0.022 -1.643 54.450 190.000 204.000 128.000
0.022 -1.211 54.455 187.000 197.000 135.000
-0.843 -2.081 54.878 161.000 179.000 93.000
-0.411 -2.081 54.878 180.000 196.000 114.000
-0.411 -1.648 54.883 187.000 202.000 121.000
-0.411 -1.215 54.887 181.000 193.000 121.000
-0.411 -0.783 54.892 118.000 121.000 88.000
0.022 -1.648 54.883 206.000 216.000 146.000
0.022 -1.215 54.888 173.000 180.000 127.000
-0.411 -2.085 55.311 177.000 193.000 121.000
-0.411 -1.653 55.315 214.000 224.000 152.000
-0.411 -1.220 55.320 217.000 225.000 160.000
-0.411 -0.787 55.324 128.000 130.000 99.000
0.022 -1.653 55.316 220.000 224.000 171.000
0.022 -1.220 55.320 210.000 213.000 166.000
-0.411 -2.090 55.743 146.000 157.000 104.000
-0.411 -1.657 55.748 215.000 222.000 164.000
-0.411 -1.224 55.752 221.000 226.000 173.000
0.460 -2.026 49.687 63.000 87.000 28.000
0.027 -2.463 50.115 66.000 91.000 28.000
0.459 -2.030 50.120 81.000 105.000 41.000
0.026 -2.467 50.547 88.000 112.000 43.000
0.459 -2.467 50.548 57.000 80.000 23.000
0.459 -2.035 50.552 111.000 131.000 64.000
0.026 -2.472 50.980 110.000 133.000 60.000
0.458 -2.472 50.980 70.000 91.000 32.000
0.458 -2.039 50.985 127.000 145.000 74.000
0.025 -2.477 51.413 116.000 140.000 62.000
0.458 -2.477 51.413 122.000 143.000 71.000
0.458 -2.044 51.418 152.000 170.000 93.000
0.891 -2.044 51.418 138.000 153.000 90.000
0.891 -1.611 51.423 161.000 167.000 121.000
0.025 -2.481 51.845 115.000 140.000 57.000
0.458 -2.481 51.846 86.000 106.000 42.000
0.458 -2.048 51.850 147.000 165.000 88.000
0.890 -2.048 51.851 166.000 182.000 113.000
0.890 -1.616 51.855 159.000 173.000 111.000
0.025 -2.918 52.273 87.000 115.000 35.000
0.025 -2.486 52.278 133.000 157.000 70.000
0.457 -2.486 52.278 106.000 130.000 53.000
0.457 -2.053 52.283 154.000 173.000 93.000
0.890 -2.053 52.283 159.000 174.000 105.000
0.890 -1.620 52.288 164.000 176.000 114.000
0.024 -2.923 52.706 79.000 101.000 33.000
0.024 -2.490 52.711 142.000 164.000 77.000
0.457 -2.490 52.711 125.000 149.000 69.000
0.457 -2.058 52.716 165.000 184.000 102.000
0.889 -2.058 52.716 151.000 167.000 99.000
0.889 -1.625 52.721 148.000 161.000 103.000
0.024 -2.495 53.143 153.000 174.000 86.000
0.456 -2.495 53.144 128.000 146.000 74.000
0.456 -2.062 53.148 169.000 187.000 106.000
0.889 -2.062 53.149 152.000 167.000 105.000
0.889 -1.630 53.153 160.000 168.000 118.000
-0.409 -2.932 53.571 70.000 87.000 33.000
0.023 -2.932 53.571 67.000 84.000 29.000
0.023 -2.499 53.576 150.000 171.000 84.000
0.456 -2.499 53.576 91.000 109.000 47.000
0.456 -2.067 53.581 165.000 182.000 109.000
0.456 -1.634 53.585 171.000 186.000 114.000
0.889 -2.067 53.581 107.000 116.000 78.000
0.023 -2.937 54.004 72.000 92.000 34.000
0.023 -2.504 54.008 107.000 129.000 55.000
0.023 -2.071 54.013 172.000 189.000 106.000
0.456 -2.071 54.014 179.000 192.000 124.000
0.456 -1.639 54.018 187.000 196.000 135.000
0.888 -2.071 54.014 77.000 83.000 55.000
0.022 -2.509 54.441 80.000 100.000 39.000
0.022 -2.076 54.446 178.000 194.000 114.000
0.455 -2.509 54.442 75.000 91.000 38.000
0.455 -2.076 54.446 163.000 178.000 110.000
0.455 -1.643 54.451 194.000 199.000 146.000
-0.411 -2.513 54.873 92.000 110.000 51.000
0.022 -2.513 54.874 81.000 102.000 42.000
0.022 -2.081 54.878 180.000 195.000 120.000
0.455 -2.513 54.874 72.000 91.000 35.000
0.455 -2.081 54.879 148.000 160.000 102.000
0.455 -1.648 54.883 181.000 184.000 142.000
-0.411 -2.518 55.306 68.000 85.000 35.000
0.022 -2.085 55.311 148.000 161.000 105.000
0.454 -2.518 55.307 59.000 80.000 27.000
