-9.251 9.045 137.060 79.000 90.000 29.000
-9.251 9.473 137.057 95.000 103.000 42.000
-9.272 8.191 137.493 104.000 109.000 67.000
-9.272 8.619 137.490 83.000 93.000 38.000
-9.272 9.048 137.488 109.000 118.000 40.000
-9.272 9.476 137.485 105.000 110.000 45.000
-9.721 9.050 137.895 130.000 137.000 49.000
-9.721 9.479 137.892 146.000 138.000 62.000
-9.721 9.907 137.890 105.000 106.000 59.000
-9.293 8.193 137.921 134.000 140.000 82.000
-9.293 8.622 137.918 117.000 123.000 53.000
-9.293 9.050 137.916 118.000 126.000 48.000
-9.293 9.479 137.913 121.000 128.000 55.000
-9.293 9.907 137.910 94.000 96.000 60.000
-8.865 8.622 137.939 88.000 91.000 47.000
-8.865 9.050 137.937 96.000 100.000 45.000
-8.865 9.479 137.934 90.000 92.000 48.000
-10.169 9.910 138.297 140.000 134.000 62.000
-9.742 8.624 138.325 128.000 138.000 53.000
-9.742 9.053 138.323 149.000 149.000 67.000
-9.742 9.481 138.320 153.000 146.000 66.000
-9.742 9.910 138.317 142.000 147.000 79.000
-9.741 10.338 138.315 105.000 108.000 66.000
-9.314 8.196 138.349 115.000 119.000 65.000
-9.314 8.624 138.346 124.000 131.000 58.000
-9.314 9.053 138.344 132.000 137.000 59.000
-9.314 9.481 138.341 134.000 139.000 66.000
-9.314 9.910 138.338 101.000 103.000 63.000
-8.886 8.625 138.367 79.000 82.000 41.000
-8.886 9.053 138.365 111.000 115.000 55.000
-8.886 9.481 138.362 101.000 103.000 56.000
-10.190 9.484 138.727 152.000 148.000 60.000
-10.190 9.912 138.724 140.000 133.000 65.000
-10.190 10.341 138.722 95.000 93.000 52.000
-9.763 7.770 138.758 127.000 133.000 73.000
-9.763 8.199 138.756 139.000 147.000 68.000
-9.763 8.627 138.753 137.000 146.000 61.000
-9.763 9.055 138.751 150.000 151.000 66.000
-9.762 9.484 138.748 147.000 142.000 69.000
-9.762 9.912 138.745 103.000 100.000 60.000
-9.335 7.770 138.779 83.000 87.000 49.000
-9.335 8.199 138.777 114.000 120.000 59.000
-9.335 8.627 138.774 115.000 122.000 57.000
-9.335 9.055 138.771 120.000 124.000 65.000
-9.335 9.484 138.769 97.000 100.000 55.000
-9.335 9.912 138.766 79.000 80.000 54.000
-10.639 10.343 139.129 141.000 139.000 64.000
-10.639 10.771 139.126 84.000 82.000 34.000
-10.211 8.630 139.160 149.000 150.000 59.000
-10.211 9.058 139.158 155.000 154.000 59.000
-10.211 9.486 139.155 153.000 152.000 60.000
-10.211 9.915 139.152 135.000 137.000 62.000
-10.211 10.343 139.150 107.000 105.000 56.000
-9.784 7.773 139.186 130.000 136.000 65.000
-9.784 8.201 139.184 143.000 150.000 70.000
-9.784 8.630 139.181 143.000 147.000 61.000
-9.783 9.058 139.178 147.000 149.000 71.000
-9.783 9.486 139.176 135.000 139.000 67.000
-9.783 9.915 139.173 105.000 109.000 60.000
-9.783 10.343 139.171 80.000 82.000 54.000
-9.356 8.201 139.205 106.000 111.000 56.000
-9.356 8.630 139.202 127.000 131.000 71.000
-9.356 9.058 139.199 113.000 115.000 66.000
-9.356 9.486 139.197 90.000 92.000 52.000
-11.088 11.202 139.531 120.000 126.000 58.000
-11.088 11.631 139.528 84.000 89.000 48.000
-10.660 9.489 139.562 154.000 155.000 59.000
-10.660 9.917 139.559 148.000 151.000 64.000
-10.660 10.346 139.557 138.000 141.000 64.000
-10.660 10.774 139.554 112.000 114.000 52.000
-10.660 11.202 139.551 90.000 97.000 47.000
-10.232 8.204 139.591 146.000 150.000 71.000
-10.232 8.632 139.588 153.000 151.000 66.000
-10.232 9.061 139.585 154.000 154.000 60.000
-10.232 9.489 139.583 150.000 154.000 63.000
-10.232 9.917 139.580 139.000 142.000 66.000
-10.232 10.346 139.578 103.000 105.000 56.000
-10.232 10.774 139.575 76.000 80.000 43.000
-9.805 7.775 139.614 117.000 125.000 59.000
-9.805 8.204 139.612 145.000 149.000 74.000
-9.804 8.632 139.609 146.000 147.000 69.000
-9.804 9.061 139.606 146.000 149.000 69.000
-9.804 9.489 139.604 141.000 147.000 73.000
-9.804 9.917 139.601 112.000 117.000 64.000
-9.377 8.204 139.632 100.000 94.000 56.000
-9.377 8.632 139.630 105.000 108.000 62.000
-9.376 9.061 139.627 110.000 113.000 61.000
-9.376 9.489 139.625 104.000 106.000 63.000
-11.109 10.777 139.961 135.000 144.000 59.000
-11.109 11.205 139.958 130.000 139.000 64.000
-11.109 11.633 139.956 89.000 94.000 49.000
-10.681 9.063 139.992 154.000 154.000 58.000
-10.681 9.492 139.990 153.000 154.000 62.000
-10.681 9.920 139.987 148.000 151.000 65.000
-10.681 10.348 139.985 136.000 141.000 64.000
-10.681 10.777 139.982 126.000 133.000 63.000
-10.681 11.205 139.979 110.000 116.000 60.000
-10.253 7.350 140.024 73.000 81.000 49.000
-10.253 7.778 140.021 114.000 122.000 58.000
-10.253 8.206 140.019 144.000 145.000 72.000
-10.253 8.635 140.016 153.000 150.000 68.000
-10.253 9.063 140.013 152.000 153.000 62.000
-10.253 9.492 140.011 149.000 153.000 64.000
-10.253 9.920 140.008 141.000 147.000 69.000
-10.253 10.348 140.005 103.000 105.000 58.000
-10.253 10.777 140.003 89.000 92.000 51.000
-9.825 7.778 140.042 103.000 111.000 53.000
-9.825 8.206 140.039 144.000 145.000 75.000
-9.825 8.635 140.037 146.000 148.000 74.000
-9.825 9.063 140.034 138.000 144.000 64.000
-9.825 9.492 140.032 138.000 142.000 69.000
-9.825 9.920 140.029 116.000 119.000 65.000
-9.397 8.635 140.058 92.000 94.000 52.000
-9.397 9.063 140.055 104.000 107.000 60.000
-9.397 9.492 140.053 108.000 108.000 65.000
-9.397 9.920 140.050 83.000 81.000 54.000
-11.557 11.636 140.363 115.000 120.000 54.000
-11.130 9.922 140.394 140.000 149.000 54.000
-11.130 10.351 140.392 134.000 141.000 56.000
-11.130 10.779 140.389 142.000 150.000 63.000
-11.130 11.208 140.386 129.000 138.000 63.000
-11.130 11.636 140.384 87.000 93.000 47.000
-10.702 8.209 140.425 139.000 141.000 61.000
-10.702 8.637 140.423 159.000 155.000 66.000
-10.702 9.066 140.420 157.000 153.000 60.000
-10.702 9.494 140.418 152.000 155.000 59.000
-10.702 9.923 140.415 141.000 149.000 62.000
-10.702 10.351 140.412 127.000 134.000 61.000
-10.702 10.779 140.410 130.000 136.000 64.000
-10.702 11.208 140.407 99.000 104.000 51.000
-10.274 7.781 140.449 97.000 105.000 53.000
-10.274 8.209 140.446 138.000 138.000 70.000
-10.274 8.637 140.444 150.000 149.000 70.000
-10.274 9.066 140.441 149.000 152.000 65.000
-10.274 9.494 140.439 147.000 155.000 64.000
-10.274 9.923 140.436 141.000 147.000 69.000
-10.274 10.351 140.433 116.000 120.000 62.000
-10.274 10.779 140.431 99.000 101.000 55.000
-9.847 6.924 140.475 76.000 84.000 56.000
-9.846 7.781 140.470 85.000 92.000 45.000
-9.846 8.209 140.467 134.000 130.000 72.000
-9.846 8.637 140.465 145.000 143.000 76.000
-9.846 9.066 140.462 139.000 144.000 66.000
-9.846 9.494 140.459 134.000 137.000 68.000
-9.846 9.923 140.457 114.000 116.000 65.000
-9.418 8.638 140.486 87.000 88.000 52.000
-9.418 9.066 140.483 103.000 104.000 60.000
-9.418 9.494 140.480 105.000 104.000 62.000
-11.578 10.782 140.796 137.000 148.000 49.000
-11.578 11.210 140.793 136.000 145.000 55.000
-11.578 11.639 140.791 124.000 128.000 60.000
-11.151 9.068 140.827 156.000 161.000 61.000
-11.151 9.497 140.825 158.000 160.000 61.000
-11.151 9.925 140.822 151.000 159.000 61.000
-11.151 10.353 140.819 146.000 153.000 57.000
-11.151 10.782 140.817 143.000 152.000 60.000
-11.150 11.210 140.814 121.000 128.000 55.000
-11.150 11.639 140.812 90.000 96.000 49.000
-10.723 7.783 140.856 101.000 111.000 49.000
-10.723 8.212 140.853 135.000 138.000 57.000
-10.723 8.640 140.851 147.000 151.000 63.000
-10.723 9.068 140.848 148.000 153.000 58.000
-10.723 9.497 140.846 149.000 153.000 59.000
-10.723 9.925 140.843 144.000 150.000 64.000
-10.723 10.354 140.840 141.000 148.000 65.000
-10.723 10.782 140.838 135.000 140.000 64.000
-10.723 11.210 140.835 97.000 101.000 46.000
-10.295 7.783 140.877 101.000 110.000 55.000
-10.295 8.212 140.874 137.000 137.000 65.000
-10.295 8.640 140.872 148.000 150.000 68.000
-10.295 9.068 140.869 148.000 154.000 64.000
-10.295 9.497 140.866 148.000 150.000 64.000
-10.295 9.925 140.864 141.000 145.000 68.000
-10.295 10.354 140.861 133.000 135.000 68.000
-10.295 10.782 140.859 97.000 97.000 52.000
-9.867 7.355 140.900 93.000 102.000 58.000
-9.867 7.783 140.898 118.000 124.000 66.000
-9.867 8.212 140.895 133.000 129.000 71.000
-9.867 8.640 140.893 136.000 140.000 69.000
-9.867 9.068 140.890 141.000 144.000 68.000
-9.867 9.497 140.887 129.000 132.000 67.000
-9.867 9.925 140.885 118.000 120.000 69.000
-9.867 10.354 140.882 109.000 107.000 69.000
-12.027 11.641 141.198 107.000 114.000 45.000
-11.599 9.928 141.229 166.000 170.000 62.000
-11.599 10.356 141.226 156.000 157.000 54.000
-11.599 10.784 141.224 150.000 148.000 54.000
-11.599 11.213 141.221 141.000 146.000 56.000
-11.599 11.641 141.219 121.000 126.000 56.000
-11.172 8.642 141.258 161.000 166.000 74.000
-11.172 9.071 141.255 160.000 167.000 63.000
-11.172 9.499 141.253 162.000 170.000 60.000
-11.172 9.928 141.250 151.000 159.000 56.000
-11.172 10.356 141.247 141.000 150.000 52.000
-11.171 10.784 141.245 138.000 147.000 55.000
-11.171 11.213 141.242 121.000 129.000 53.000
-11.171 11.641 141.239 83.000 89.000 43.000
-10.744 7.786 141.284 70.000 80.000 32.000
-10.744 8.214 141.281 130.000 138.000 60.000
-10.744 8.643 141.279 140.000 149.000 61.000
-10.744 9.071 141.276 151.000 158.000 59.000
-10.744 9.499 141.273 149.000 155.000 57.000
-10.744 9.928 141.271 149.000 156.000 62.000
-10.744 10.356 141.268 138.000 145.000 61.000
-10.744 10.785 141.266 126.000 132.000 56.000
-10.744 11.213 141.263 95.000 101.000 44.000
-10.316 8.214 141.302 120.000 128.000 59.000
-10.316 8.643 141.300 135.000 143.000 63.000
-10.316 9.071 141.297 145.000 152.000 60.000
-10.316 9.499 141.294 146.000 151.000 63.000
-10.316 9.928 141.292 142.000 146.000 68.000
-10.316 10.356 141.289 132.000 135.000 72.000
-10.316 10.785 141.287 105.000 106.000 56.000
-9.888 8.214 141.323 91.000 89.000 48.000
-9.888 8.643 141.320 108.000 107.000 57.000
-9.888 9.071 141.318 106.000 111.000 50.000
-9.888 9.499 141.315 131.000 134.000 68.000
-9.888 9.928 141.313 125.000 126.000 72.000
-9.888 10.356 141.310 104.000 101.000 66.000
-12.048 11.215 141.628 117.000 126.000 44.000
-12.048 11.644 141.626 113.000 121.000 48.000
-12.048 12.072 141.623 89.000 95.000 47.000
-11.620 9.502 141.659 178.000 183.000 76.000
-11.620 9.930 141.657 157.000 166.000 57.000
-11.620 10.359 141.654 146.000 155.000 50.000
-11.620 10.787 141.652 146.000 151.000 56.000
-11.620 11.215 141.649 135.000 144.000 54.000
-11.620 11.644 141.646 124.000 132.000 62.000
-11.193 8.217 141.688 153.000 161.000 81.000
-11.193 8.645 141.686 151.000 160.000 69.000
-11.193 9.073 141.683 162.000 170.000 70.000
-11.193 9.502 141.680 165.000 172.000 65.000
-11.193 9.930 141.678 151.000 158.000 58.000
-11.192 10.359 141.675 140.000 147.000 53.000
-11.192 10.787 141.673 137.000 144.000 56.000
-11.192 11.215 141.670 126.000 134.000 57.000
-11.192 11.644 141.667 100.000 105.000 54.000
-10.765 8.217 141.709 129.000 137.000 66.000
-10.765 8.645 141.707 139.000 146.000 66.000
-10.765 9.074 141.704 149.000 157.000 62.000
-10.765 9.502 141.701 152.000 160.000 59.000
-10.765 9.930 141.699 151.000 159.000 63.000
-10.765 10.359 141.696 146.000 152.000 65.000
-10.764 10.787 141.693 134.000 138.000 65.000
-10.764 11.216 141.691 96.000 99.000 48.000
-10.337 8.217 141.730 108.000 116.000 59.000
-10.337 8.645 141.727 130.000 138.000 62.000
-10.337 9.074 141.725 143.000 149.000 63.000
-10.337 9.502 141.722 149.000 155.000 62.000
-10.337 9.930 141.720 146.000 152.000 68.000
-10.337 10.359 141.717 133.000 136.000 70.000
-10.337 10.787 141.714 97.000 98.000 52.000
-9.909 8.645 141.748 102.000 104.000 59.000
-9.909 9.074 141.746 117.000 122.000 59.000
-9.909 9.502 141.743 129.000 133.000 63.000
-9.909 9.930 141.741 119.000 120.000 70.000
-9.909 10.359 141.738 90.000 89.000 61.000
-12.497 12.075 142.030 87.000 94.000 41.000
-12.069 10.361 142.061 141.000 149.000 50.000
-12.069 10.790 142.059 123.000 133.000 40.000
-12.069 11.218 142.056 114.000 124.000 42.000
-12.069 11.646 142.053 110.000 119.000 46.000
-12.069 12.075 142.051 84.000 90.000 42.000
-11.642 8.648 142.093 188.000 195.000 100.000
-11.641 9.076 142.090 197.000 203.000 98.000
-11.641 9.504 142.087 185.000 190.000 78.000
-11.641 9.933 142.085 158.000 168.000 59.000
-11.641 10.361 142.082 148.000 158.000 54.000
-11.641 10.790 142.080 136.000 145.000 46.000
-11.641 11.218 142.077 133.000 142.000 56.000
-11.641 11.646 142.074 128.000 134.000 69.000
-11.641 12.075 142.072 88.000 91.000 58.000
-11.214 8.219 142.116 150.000 159.000 82.000
-11.214 8.648 142.113 158.000 166.000 81.000
-11.214 9.076 142.111 166.000 174.000 76.000
-11.213 9.504 142.108 160.000 169.000 63.000
-11.213 9.933 142.106 152.000 161.000 59.000
-11.213 10.361 142.103 146.000 154.000 58.000
-11.213 10.790 142.100 135.000 142.000 55.000
-11.213 11.218 142.098 124.000 129.000 57.000
-11.213 11.646 142.095 95.000 99.000 53.000
-10.786 8.219 142.137 105.000 115.000 55.000
-10.786 8.648 142.134 140.000 149.000 68.000
-10.786 9.076 142.132 146.000 156.000 62.000
-10.786 9.505 142.129 151.000 159.000 61.000
-10.786 9.933 142.127 151.000 158.000 64.000
-10.785 10.361 142.124 143.000 148.000 65.000
-10.785 10.790 142.121 127.000 131.000 59.000
-10.785 11.218 142.119 102.000 105.000 50.000
-10.358 8.648 142.155 123.000 132.000 61.000
-10.358 9.076 142.153 138.000 145.000 65.000
-10.358 9.505 142.150 147.000 154.000 66.000
-10.358 9.933 142.148 142.000 148.000 66.000
-10.358 10.361 142.145 132.000 134.000 70.000
-10.358 10.790 142.142 104.000 104.000 58.000
-9.930 9.076 142.174 86.000 92.000 41.000
-9.930 9.505 142.171 112.000 116.000 58.000
-9.930 9.933 142.168 111.000 112.000 69.000
-12.518 11.220 142.463 115.000 120.000 40.000
-12.518 11.649 142.460 105.000 114.000 46.000
-12.518 12.077 142.458 80.000 88.000 39.000
-12.090 9.507 142.494 201.000 207.000 101.000
-12.090 9.935 142.492 166.000 174.000 68.000
-12.090 10.364 142.489 132.000 144.000 44.000
-12.090 10.792 142.487 116.000 127.000 36.000
-12.090 11.221 142.484 114.000 124.000 42.000
-12.090 11.649 142.481 112.000 120.000 50.000
-12.090 12.077 142.479 76.000 83.000 40.000
-11.662 8.222 142.523 157.000 159.000 93.000
-11.662 8.650 142.520 198.000 203.000 114.000
-11.662 9.079 142.518 209.000 214.000 109.000
-11.662 9.507 142.515 187.000 194.000 75.000
-11.662 9.935 142.513 155.000 165.000 54.000
-11.662 10.364 142.510 139.000 148.000 47.000
-11.662 10.792 142.507 123.000 133.000 41.000
-11.662 11.221 142.505 126.000 135.000 53.000
-11.662 11.649 142.502 125.000 130.000 71.000
-11.662 12.077 142.500 83.000 85.000 56.000
-11.235 8.222 142.544 98.000 103.000 51.000
-11.235 8.650 142.541 173.000 181.000 95.000
-11.234 9.079 142.539 163.000 172.000 75.000
-11.234 9.507 142.536 157.000 166.000 61.000
-11.234 9.935 142.534 151.000 161.000 58.000
-11.234 10.364 142.531 143.000 150.000 56.000
-11.234 10.792 142.528 126.000 131.000 48.000
-11.234 11.221 142.526 112.000 117.000 50.000
-11.234 11.649 142.523 85.000 88.000 49.000
-10.807 8.650 142.562 151.000 161.000 80.000
-10.807 9.079 142.560 144.000 153.000 65.000
-10.807 9.507 142.557 148.000 156.000 61.000
-10.806 9.936 142.554 149.000 156.000 64.000
-10.806 10.364 142.552 146.000 149.000 66.000
-10.806 10.792 142.549 122.000 125.000 56.000
-10.806 11.221 142.547 92.000 94.000 47.000
-10.379 8.650 142.583 96.000 106.000 49.000
-10.379 9.079 142.581 130.000 138.000 61.000
-10.379 9.507 142.578 133.000 141.000 56.000
-10.379 9.936 142.575 134.000 140.000 63.000
-10.378 10.364 142.573 134.000 135.000 70.000
-10.378 10.792 142.570 91.000 91.000 51.000
-12.539 10.795 142.893 128.000 133.000 45.000
-12.539 11.223 142.891 113.000 122.000 49.000
-12.539 11.651 142.888 76.000 83.000 43.000
-12.111 9.081 142.925 212.000 215.000 123.000
-12.111 9.510 142.922 208.000 213.000 110.000
-12.111 9.938 142.920 182.000 189.000 80.000
-12.111 10.366 142.917 136.000 148.000 47.000
-12.111 10.795 142.914 126.000 136.000 46.000
-12.111 11.223 142.912 115.000 123.000 50.000
-12.111 11.652 142.909 90.000 95.000 51.000
-11.683 8.653 142.948 209.000 211.000 135.000
-11.683 9.081 142.946 208.000 214.000 112.000
-11.683 9.510 142.943 192.000 199.000 83.000
-11.683 9.938 142.941 166.000 173.000 63.000
-11.683 10.366 142.938 139.000 147.000 46.000
-11.683 10.795 142.935 130.000 138.000 47.000
-11.683 11.223 142.933 128.000 134.000 62.000
-11.683 11.652 142.930 93.000 97.000 62.000
-11.255 8.653 142.969 179.000 187.000 109.000
-11.255 9.081 142.967 171.000 180.000 86.000
-11.255 9.510 142.964 158.000 166.000 68.000
-11.255 9.938 142.961 150.000 157.000 61.000
-11.255 10.366 142.959 147.000 153.000 59.000
-11.255 10.795 142.956 127.000 133.000 53.000
-11.255 11.223 142.954 108.000 111.000 58.000
-10.828 8.653 142.990 128.000 138.000 72.000
-10.827 9.081 142.988 138.000 147.000 67.000
-10.827 9.510 142.985 140.000 148.000 60.000
-10.827 9.938 142.982 143.000 150.000 63.000
-10.827 10.367 142.980 146.000 151.000 66.000
-10.827 10.795 142.977 118.000 122.000 57.000
-10.400 9.081 143.008 112.000 120.000 57.000
-10.400 9.510 143.006 118.000 125.000 55.000
-10.399 9.938 143.003 119.000 124.000 58.000
-10.399 10.367 143.001 128.000 130.000 66.000
-12.560 9.941 143.327 197.000 202.000 101.000
-12.560 10.369 143.324 148.000 158.000 57.000
-12.560 10.797 143.321 131.000 140.000 52.000
-12.560 11.226 143.319 111.000 120.000 55.000
-12.132 8.655 143.355 133.000 131.000 95.000
-12.132 9.084 143.353 216.000 217.000 137.000
-12.132 9.512 143.350 216.000 219.000 125.000
-12.132 9.941 143.347 191.000 197.000 89.000
-12.132 10.369 143.345 153.000 164.000 58.000
-12.132 10.797 143.342 141.000 150.000 58.000
-12.132 11.226 143.340 113.000 119.000 59.000
-11.704 8.655 143.376 155.000 156.000 101.000
-11.704 9.084 143.374 211.000 215.000 125.000
-11.704 9.512 143.371 191.000 198.000 94.000
-11.704 9.941 143.368 170.000 177.000 70.000
-11.704 10.369 143.366 153.000 161.000 54.000
-11.704 10.797 143.363 145.000 154.000 62.000
-11.704 11.226 143.361 121.000 126.000 70.000
-11.276 8.656 143.397 128.000 133.000 76.000
-11.276 9.084 143.395 174.000 182.000 98.000
-11.276 9.512 143.392 172.000 179.000 85.000
-11.276 9.941 143.389 154.000 161.000 65.000
-11.276 10.369 143.387 151.000 158.000 63.000
-11.276 10.797 143.384 140.000 147.000 65.000
-11.276 11.226 143.382 110.000 113.000 74.000
-10.848 9.084 143.415 137.000 146.000 74.000
-10.848 9.512 143.413 134.000 142.000 63.000
-10.848 9.941 143.410 140.000 147.000 64.000
-10.848 10.369 143.408 149.000 156.000 71.000
-10.848 10.798 143.405 112.000 117.000 57.000
-10.420 9.512 143.434 79.000 84.000 39.000
-10.420 9.941 143.431 95.000 99.000 48.000
-10.420 10.369 143.429 98.000 103.000 50.000
-13.009 10.800 143.728 137.000 147.000 57.000
-13.008 11.228 143.726 109.000 118.000 49.000
-12.581 9.086 143.760 119.000 116.000 84.000
-12.581 9.515 143.757 177.000 176.000 114.000
-12.581 9.943 143.754 188.000 193.000 100.000
-12.581 10.372 143.752 143.000 152.000 55.000
-12.581 10.800 143.749 125.000 135.000 46.000
-12.581 11.228 143.747 90.000 99.000 43.000
-12.153 9.086 143.781 170.000 168.000 114.000
-12.153 9.515 143.778 205.000 207.000 120.000
-12.153 9.943 143.775 182.000 188.000 91.000
-12.153 10.372 143.773 156.000 164.000 63.000
-12.153 10.800 143.770 140.000 148.000 61.000
-12.153 11.228 143.768 93.000 97.000 51.000
-11.725 9.086 143.802 148.000 146.000 96.000
-11.725 9.515 143.799 209.000 211.000 125.000
-11.725 9.943 143.796 187.000 192.000 96.000
-11.725 10.372 143.794 162.000 164.000 65.000
-11.725 10.800 143.791 154.000 161.000 79.000
-11.725 11.228 143.788 94.000 99.000 59.000
-11.297 9.515 143.820 171.000 174.000 103.000
-11.297 9.943 143.817 174.000 180.000 96.000
-11.297 10.372 143.815 154.000 159.000 73.000
-11.297 10.800 143.812 142.000 147.000 80.000
-10.869 9.943 143.838 94.000 100.000 47.000
-10.869 10.372 143.836 113.000 118.000 59.000
-12.602 9.517 144.185 100.000 99.000 65.000
-12.602 9.946 144.182 191.000 196.000 109.000
-12.602 10.374 144.180 164.000 174.000 74.000
-12.602 10.803 144.177 131.000 142.000 51.000
-12.601 11.231 144.175 110.000 120.000 49.000
-12.601 11.659 144.172 73.000 80.000 40.000
-12.174 9.517 144.206 87.000 85.000 59.000
-12.174 9.946 144.203 190.000 195.000 113.000
-12.174 10.374 144.201 178.000 183.000 96.000
-12.174 10.803 144.198 113.000 122.000 47.000
-11.746 9.946 144.224 202.000 205.000 129.000
-11.746 10.374 144.222 195.000 199.000 118.000
-11.746 10.803 144.219 113.000 119.000 54.000
-11.318 9.946 144.245 118.000 119.000 80.000
-11.318 10.374 144.242 177.000 180.000 116.000
-12.623 9.520 144.613 126.000 124.000 88.000
-12.195 9.948 144.631 181.000 181.000 118.000
-12.195 10.377 144.629 164.000 169.000 94.000
-11.767 9.948 144.652 111.000 112.000 77.000
-11.767 10.377 144.649 152.000 160.000 93.000
-10.493 7.754 136.149 81.000 93.000 44.000
-10.493 8.183 136.147 90.000 104.000 46.000
-10.065 7.755 136.170 84.000 97.000 44.000
-10.065 8.183 136.168 93.000 106.000 44.000
-9.637 8.183 136.188 80.000 92.000 40.000
-11.370 8.614 136.530 81.000 93.000 37.000
-10.942 8.185 136.554 88.000 101.000 41.000
-10.942 8.614 136.551 82.000 96.000 33.000
-10.514 8.185 136.575 103.000 117.000 44.000
-10.514 8.614 136.572 88.000 102.000 33.000
-10.086 8.186 136.595 101.000 114.000 43.000
-10.086 8.614 136.593 89.000 103.000 32.000
-9.658 8.186 136.616 90.000 103.000 42.000
-9.658 8.614 136.614 84.000 99.000 35.000
-11.391 8.616 136.958 84.000 88.000 30.000
-11.390 9.045 136.955 98.000 108.000 35.000
-10.963 8.188 136.981 88.000 99.000 30.000
-10.963 8.616 136.979 86.000 97.000 29.000
-10.963 9.045 136.976 108.000 116.000 38.000
-10.535 8.188 137.002 105.000 121.000 39.000
-10.535 8.616 137.000 86.000 102.000 29.000
-10.535 9.045 136.997 99.000 110.000 31.000
-10.107 8.188 137.023 106.000 121.000 43.000
-10.107 8.617 137.021 88.000 103.000 30.000
-10.107 9.045 137.018 95.000 101.000 28.000
-9.679 8.188 137.044 106.000 119.000 47.000
-9.679 8.617 137.042 85.000 99.000 32.000
-9.679 9.045 137.039 89.000 98.000 30.000
-11.411 8.619 137.386 94.000 96.000 32.000
-11.411 9.047 137.383 104.000 110.000 35.000
-11.411 9.476 137.381 117.000 127.000 44.000
-10.984 8.191 137.409 86.000 102.000 33.000
-10.984 8.619 137.407 110.000 118.000 37.000
-10.983 9.047 137.404 111.000 119.000 35.000
-10.983 9.476 137.402 115.000 124.000 39.000
-10.556 7.762 137.433 72.000 86.000 33.000
-10.556 8.191 137.430 120.000 135.000 52.000
-10.556 8.619 137.428 105.000 118.000 36.000
-10.556 9.047 137.425 120.000 123.000 40.000
-10.556 9.476 137.422 120.000 123.000 41.000
-10.128 7.762 137.454 93.000 105.000 51.000
-10.128 8.191 137.451 136.000 147.000 67.000
-10.128 8.619 137.449 104.000 117.000 38.000
-10.128 9.048 137.446 126.000 124.000 41.000
-10.128 9.476 137.443 117.000 115.000 40.000
-9.700 7.762 137.475 94.000 104.000 54.000
-9.700 8.191 137.472 135.000 143.000 71.000
-9.700 8.619 137.470 90.000 104.000 33.000
-9.700 9.048 137.467 109.000 119.000 37.000
-9.700 9.476 137.464 115.000 117.000 40.000
-12.288 9.478 137.767 78.000 82.000 46.000
-11.860 8.622 137.793 79.000 91.000 33.000
-11.860 9.050 137.790 87.000 100.000 34.000
-11.860 9.478 137.788 104.000 114.000 41.000
-11.860 9.907 137.785 108.000 116.000 48.000
-11.432 8.193 137.816 96.000 102.000 33.000
-11.432 8.622 137.814 112.000 119.000 38.000
-11.432 9.050 137.811 97.000 108.000 29.000
-11.432 9.478 137.809 98.000 108.000 29.000
-11.432 9.907 137.806 97.000 110.000 34.000
-11.005 8.193 137.837 95.000 112.000 38.000
-11.004 8.622 137.835 111.000 123.000 36.000
-11.004 9.050 137.832 129.000 128.000 41.000
-11.004 9.478 137.829 119.000 123.000 37.000
-11.004 9.907 137.827 111.000 119.000 42.000
-10.577 7.765 137.861 126.000 137.000 77.000
-10.577 8.193 137.858 140.000 151.000 72.000
-10.577 8.622 137.856 104.000 117.000 35.000
-10.577 9.050 137.853 141.000 139.000 49.000
-10.576 9.478 137.850 142.000 133.000 50.000
-10.576 9.907 137.848 114.000 121.000 46.000
-10.149 7.765 137.882 153.000 157.000 112.000
-10.149 8.193 137.879 157.000 164.000 97.000
-10.149 8.622 137.876 112.000 123.000 41.000
-10.149 9.050 137.874 151.000 144.000 56.000
-10.149 9.479 137.871 149.000 136.000 58.000
-10.148 9.907 137.869 106.000 106.000 49.000
-9.721 7.765 137.903 154.000 157.000 112.000
-9.721 8.193 137.900 135.000 140.000 79.000
-9.721 8.622 137.897 112.000 120.000 38.000
-12.737 9.052 138.176 104.000 110.000 63.000
-12.737 9.481 138.174 116.000 122.000 69.000
-12.737 9.909 138.171 76.000 80.000 46.000
-12.309 9.052 138.197 100.000 106.000 45.000
-12.309 9.481 138.195 122.000 128.000 59.000
-12.309 9.909 138.192 116.000 122.000 62.000
-12.309 10.338 138.189 93.000 101.000 49.000
-11.881 8.196 138.223 92.000 93.000 48.000
-11.881 8.624 138.221 76.000 82.000 28.000
-11.881 9.053 138.218 82.000 89.000 27.000
-11.881 9.481 138.215 109.000 110.000 37.000
-11.881 9.909 138.213 117.000 120.000 52.000
-11.881 10.338 138.210 93.000 105.000 39.000
-11.454 6.911 138.252 99.000 90.000 36.000
-11.453 8.196 138.244 151.000 157.000 62.000
-11.453 8.624 138.242 165.000 166.000 64.000
-11.453 9.053 138.239 102.000 95.000 24.000
-11.453 9.481 138.236 114.000 119.000 33.000
-11.453 9.909 138.234 115.000 121.000 41.000
-11.453 10.338 138.231 108.000 110.000 43.000
-11.025 8.196 138.265 120.000 133.000 49.000
-11.025 8.624 138.263 163.000 175.000 71.000
-11.025 9.053 138.260 141.000 140.000 48.000
-11.025 9.481 138.257 136.000 135.000 46.000
-11.025 9.909 138.255 127.000 127.000 50.000
-11.025 10.338 138.252 98.000 102.000 39.000
-10.598 7.768 138.289 117.000 128.000 65.000
-10.598 8.196 138.286 129.000 141.000 58.000
-10.597 8.624 138.283 119.000 131.000 43.000
-10.597 9.053 138.281 136.000 142.000 44.000
-10.597 9.481 138.278 148.000 147.000 48.000
-10.597 9.909 138.276 137.000 132.000 54.000
-10.597 10.338 138.273 85.000 85.000 38.000
-10.170 7.768 138.310 143.000 148.000 96.000
-10.170 8.196 138.307 149.000 157.000 80.000
-10.170 8.624 138.304 97.000 112.000 32.000
-10.170 9.053 138.302 136.000 138.000 44.000
-10.169 9.481 138.299 154.000 142.000 58.000
-9.742 7.768 138.330 159.000 162.000 109.000
-9.742 8.196 138.328 133.000 140.000 70.000
-12.758 9.055 138.604 86.000 93.000 47.000
-12.758 9.483 138.602 120.000 122.000 66.000
-12.758 9.912 138.599 111.000 117.000 64.000
-12.330 8.627 138.628 94.000 103.000 45.000
-12.330 9.055 138.625 100.000 111.000 43.000
-12.330 9.483 138.622 114.000 123.000 48.000
-12.330 9.912 138.620 121.000 125.000 60.000
-12.330 10.340 138.617 110.000 118.000 52.000
-12.330 10.769 138.615 105.000 111.000 57.000
-11.902 8.198 138.651 114.000 104.000 56.000
-11.902 8.627 138.649 125.000 122.000 52.000
-11.902 9.055 138.646 101.000 107.000 32.000
-11.902 9.484 138.643 112.000 116.000 34.000
-11.902 9.912 138.641 118.000 124.000 43.000
-11.902 10.340 138.638 119.000 125.000 49.000
-11.902 10.769 138.636 98.000 109.000 41.000
-11.474 6.913 138.680 122.000 110.000 44.000
-11.474 8.198 138.672 135.000 123.000 45.000
-11.474 8.627 138.670 173.000 163.000 64.000
-11.474 9.055 138.667 149.000 142.000 44.000
-11.474 9.484 138.664 141.000 140.000 43.000
-11.474 9.912 138.662 138.000 137.000 47.000
-11.474 10.340 138.659 128.000 130.000 46.000
-11.474 10.769 138.656 109.000 118.000 44.000
-11.047 6.913 138.701 90.000 102.000 48.000
-11.046 7.342 138.698 79.000 84.000 33.000
-11.046 7.770 138.696 112.000 118.000 43.000
-11.046 8.198 138.693 134.000 138.000 48.000
-11.046 8.627 138.690 158.000 161.000 63.000
-11.046 9.055 138.688 153.000 150.000 52.000
-11.046 9.484 138.685 149.000 146.000 49.000
-11.046 9.912 138.683 142.000 140.000 53.000
-11.046 10.340 138.680 132.000 130.000 57.000
-11.046 10.769 138.677 116.000 109.000 51.000
-10.619 7.342 138.719 75.000 86.000 45.000
-10.619 7.770 138.717 124.000 134.000 60.000
-10.618 8.199 138.714 143.000 154.000 64.000
-10.618 8.627 138.711 136.000 145.000 50.000
-10.618 9.055 138.709 153.000 152.000 53.000
-10.618 9.484 138.706 156.000 148.000 59.000
-10.618 9.912 138.704 146.000 139.000 61.000
-10.618 10.340 138.701 129.000 123.000 60.000
-10.191 7.770 138.737 123.000 130.000 67.000
-10.191 8.199 138.735 141.000 149.000 67.000
-10.191 8.627 138.732 133.000 142.000 51.000
-10.190 9.055 138.730 153.000 153.000 57.000
-12.779 8.629 139.035 93.000 101.000 51.000
-12.779 9.058 139.032 112.000 120.000 58.000
-12.779 9.486 139.029 116.000 125.000 56.000
-12.779 9.914 139.027 119.000 124.000 57.000
-12.779 10.343 139.024 106.000 113.000 51.000
-12.351 8.201 139.058 121.000 122.000 71.000
-12.351 8.629 139.056 112.000 115.000 50.000
-12.351 9.058 139.053 100.000 113.000 39.000
-12.351 9.486 139.050 99.000 111.000 35.000
-12.351 9.914 139.048 116.000 125.000 43.000
-12.351 10.343 139.045 124.000 124.000 51.000
-12.351 10.771 139.043 111.000 118.000 55.000
-12.351 11.200 139.040 80.000 85.000 50.000
-11.923 6.916 139.087 91.000 86.000 38.000
-11.923 7.773 139.082 84.000 82.000 32.000
-11.923 8.201 139.079 143.000 136.000 65.000
-11.923 8.629 139.076 139.000 130.000 56.000
-11.923 9.058 139.074 120.000 121.000 35.000
-11.923 9.486 139.071 113.000 120.000 31.000
-11.923 9.915 139.069 119.000 130.000 40.000
-11.923 10.343 139.066 129.000 131.000 46.000
-11.923 10.771 139.063 119.000 123.000 45.000
-11.923 11.200 139.061 107.000 115.000 51.000
-11.495 6.916 139.108 128.000 126.000 48.000
-11.495 7.344 139.105 116.000 114.000 37.000
-11.495 7.773 139.103 92.000 84.000 22.000
-11.495 8.201 139.100 104.000 90.000 26.000
-11.495 8.629 139.097 197.000 182.000 86.000
-11.495 9.058 139.095 166.000 152.000 47.000
-11.495 9.486 139.092 140.000 135.000 34.000
-11.495 9.915 139.090 135.000 135.000 36.000
-11.495 10.343 139.087 139.000 137.000 43.000
-11.495 10.771 139.084 132.000 131.000 46.000
-11.495 11.200 139.082 110.000 116.000 45.000
-11.067 6.916 139.129 110.000 119.000 56.000
-11.067 7.344 139.126 105.000 114.000 44.000
-11.067 7.773 139.124 106.000 105.000 34.000
-11.067 8.201 139.121 124.000 119.000 37.000
-11.067 8.629 139.118 167.000 161.000 61.000
-11.067 9.058 139.116 155.000 157.000 50.000
-11.067 9.486 139.113 147.000 149.000 46.000
-11.067 9.915 139.110 140.000 145.000 48.000
-11.067 10.343 139.108 138.000 140.000 55.000
-11.067 10.771 139.105 124.000 122.000 48.000
-11.067 11.200 139.103 106.000 110.000 50.000
-10.640 6.916 139.150 87.000 93.000 59.000
-10.640 7.344 139.147 94.000 104.000 51.000
-10.639 7.773 139.144 122.000 132.000 54.000
-10.639 8.201 139.142 145.000 145.000 56.000
-10.639 8.630 139.139 141.000 146.000 48.000
-10.639 9.058 139.137 154.000 155.000 54.000
-10.639 9.486 139.134 154.000 155.000 56.000
-10.639 9.915 139.131 144.000 147.000 58.000
-10.212 7.344 139.168 88.000 95.000 56.000
-10.212 7.773 139.165 127.000 134.000 63.000
-10.211 8.201 139.163 144.000 151.000 65.000
-13.228 8.632 139.442 80.000 86.000 45.000
-13.228 9.060 139.439 119.000 127.000 69.000
-13.227 9.489 139.436 132.000 139.000 79.000
-13.227 9.917 139.434 119.000 123.000 68.000
-12.800 8.632 139.463 99.000 104.000 58.000
-12.800 9.060 139.460 119.000 128.000 59.000
-12.800 9.489 139.457 116.000 126.000 52.000
-12.800 9.917 139.455 123.000 129.000 56.000
-12.799 10.345 139.452 128.000 125.000 57.000
-12.799 10.774 139.449 106.000 110.000 55.000
-12.372 8.632 139.483 107.000 107.000 52.000
-12.372 9.060 139.481 117.000 123.000 46.000
-12.372 9.489 139.478 113.000 124.000 43.000
-12.372 9.917 139.476 117.000 127.000 47.000
-12.372 10.345 139.473 125.000 126.000 48.000
-12.371 10.774 139.470 123.000 122.000 54.000
-12.371 11.202 139.468 105.000 112.000 59.000
-11.944 8.204 139.507 158.000 155.000 74.000
-11.944 8.632 139.504 183.000 173.000 85.000
-11.944 9.060 139.502 153.000 155.000 59.000
-11.944 9.489 139.499 132.000 137.000 47.000
-11.944 9.917 139.497 129.000 136.000 46.000
-11.944 10.346 139.494 134.000 132.000 48.000
-11.944 10.774 139.491 122.000 124.000 42.000
-11.944 11.202 139.489 107.000 116.000 46.000
-11.943 11.631 139.486 91.000 97.000 48.000
-11.516 6.918 139.536 110.000 110.000 47.000
-11.516 7.347 139.533 101.000 98.000 34.000
-11.516 8.632 139.525 178.000 169.000 67.000
-11.516 9.060 139.523 167.000 164.000 58.000
-11.516 9.489 139.520 151.000 150.000 47.000
-11.516 9.917 139.517 143.000 142.000 45.000
-11.516 10.346 139.515 141.000 142.000 46.000
-11.516 10.774 139.512 138.000 138.000 49.000
-11.516 11.202 139.510 120.000 125.000 48.000
-11.516 11.631 139.507 79.000 86.000 40.000
-11.088 6.918 139.557 117.000 124.000 64.000
-11.088 7.347 139.554 84.000 94.000 38.000
-11.088 7.775 139.551 108.000 109.000 37.000
-11.088 8.204 139.549 137.000 132.000 44.000
-11.088 8.632 139.546 158.000 152.000 56.000
-11.088 9.060 139.544 154.000 156.000 56.000
-11.088 9.489 139.541 149.000 152.000 51.000
-11.088 9.917 139.538 151.000 151.000 57.000
-11.088 10.346 139.536 146.000 147.000 59.000
-11.088 10.774 139.533 137.000 135.000 56.000
-10.660 6.919 139.578 89.000 95.000 65.000
-10.660 7.347 139.575 88.000 98.000 51.000
-10.660 7.775 139.572 116.000 126.000 52.000
-10.660 8.204 139.570 148.000 146.000 62.000
-10.660 8.632 139.567 157.000 155.000 60.000
-10.660 9.061 139.564 150.000 153.000 54.000
-10.233 7.347 139.596 86.000 93.000 56.000
-10.232 7.775 139.593 126.000 132.000 63.000
-13.248 9.063 139.867 112.000 121.000 60.000
-13.248 9.491 139.864 122.000 130.000 67.000
-13.248 9.920 139.862 135.000 144.000 76.000
-13.248 10.348 139.859 99.000 99.000 53.000
-12.821 9.063 139.888 123.000 132.000 58.000
-12.820 9.491 139.885 119.000 129.000 52.000
-12.820 9.920 139.883 121.000 130.000 54.000
-12.820 10.348 139.880 128.000 128.000 57.000
-12.820 10.776 139.877 124.000 119.000 61.000
-12.820 11.205 139.875 78.000 82.000 43.000
-12.393 8.634 139.911 150.000 149.000 82.000
-12.393 9.063 139.909 128.000 135.000 52.000
-12.393 9.491 139.906 120.000 131.000 48.000
-12.393 9.920 139.904 122.000 131.000 47.000
-12.392 10.348 139.901 127.000 129.000 47.000
-12.392 10.776 139.898 120.000 121.000 47.000
-12.392 11.205 139.896 111.000 118.000 56.000
-12.392 11.633 139.893 76.000 80.000 45.000
-11.965 8.206 139.935 135.000 137.000 55.000
-11.965 8.635 139.932 179.000 171.000 86.000
-11.965 9.063 139.930 172.000 169.000 75.000
-11.965 9.491 139.927 151.000 156.000 59.000
-11.965 9.920 139.924 139.000 142.000 51.000
-11.965 10.348 139.922 134.000 132.000 42.000
-11.965 10.777 139.919 114.000 117.000 36.000
-11.964 11.205 139.917 102.000 113.000 40.000
-11.964 11.633 139.914 99.000 107.000 47.000
-11.537 6.921 139.964 87.000 82.000 43.000
-11.537 8.206 139.956 119.000 108.000 27.000
-11.537 8.635 139.953 156.000 154.000 53.000
-11.537 9.063 139.951 167.000 168.000 65.000
-11.537 9.491 139.948 154.000 158.000 56.000
-11.537 9.920 139.945 142.000 146.000 50.000
-11.537 10.348 139.943 146.000 145.000 53.000
-11.537 10.777 139.940 136.000 140.000 50.000
-11.537 11.205 139.938 124.000 133.000 52.000
-11.536 11.633 139.935 101.000 108.000 50.000
-11.109 6.921 139.984 97.000 104.000 58.000
-11.109 7.778 139.979 111.000 110.000 37.000
-11.109 8.206 139.977 144.000 141.000 52.000
-11.109 8.635 139.974 166.000 162.000 66.000
-11.109 9.063 139.971 160.000 162.000 63.000
-11.109 9.491 139.969 150.000 152.000 54.000
-11.109 9.920 139.966 144.000 147.000 53.000
-11.109 10.348 139.964 146.000 149.000 60.000
-10.681 7.350 140.003 79.000 87.000 48.000
-10.681 7.778 140.000 118.000 127.000 56.000
-10.681 8.206 139.998 144.000 145.000 61.000
-10.681 8.635 139.995 164.000 159.000 70.000
-13.269 9.065 140.295 76.000 84.000 36.000
-13.269 9.494 140.292 109.000 119.000 52.000
-13.269 9.922 140.290 115.000 123.000 56.000
-13.269 10.351 140.287 117.000 117.000 60.000
-12.841 9.065 140.316 128.000 136.000 60.000
-12.841 9.494 140.313 113.000 123.000 45.000
-12.841 9.922 140.310 111.000 122.000 44.000
-12.841 10.351 140.308 118.000 126.000 50.000
-12.841 10.779 140.305 138.000 133.000 66.000
-12.841 11.207 140.303 116.000 116.000 59.000
-12.414 8.637 140.339 163.000 164.000 92.000
-12.414 9.065 140.337 162.000 168.000 77.000
-12.414 9.494 140.334 132.000 142.000 53.000
-12.413 9.922 140.331 119.000 129.000 45.000
-12.413 10.351 140.329 124.000 130.000 47.000
-12.413 10.779 140.326 128.000 128.000 53.000
-12.413 11.207 140.324 112.000 119.000 50.000
-12.413 11.636 140.321 110.000 112.000 57.000
-11.986 8.637 140.360 180.000 176.000 85.000
-11.986 9.066 140.358 175.000 174.000 81.000
-11.986 9.494 140.355 151.000 160.000 62.000
-11.986 9.922 140.352 136.000 144.000 51.000
-11.985 10.351 140.350 130.000 133.000 45.000
-11.985 10.779 140.347 116.000 124.000 39.000
-11.985 11.208 140.344 107.000 116.000 42.000
-11.985 11.636 140.342 100.000 109.000 47.000
-11.558 7.780 140.386 115.000 107.000 31.000
-11.558 8.209 140.384 139.000 128.000 35.000
-11.558 8.637 140.381 160.000 156.000 56.000
-11.558 9.066 140.378 175.000 174.000 71.000
-11.558 9.494 140.376 161.000 167.000 63.000
-11.558 9.922 140.373 140.000 150.000 51.000
-11.558 10.351 140.371 144.000 145.000 49.000
-11.558 10.779 140.368 139.000 143.000 50.000
-11.557 11.208 140.365 130.000 138.000 56.000
-11.130 7.352 140.410 74.000 80.000 38.000
-11.130 7.780 140.407 124.000 124.000 48.000
-11.130 8.209 140.405 149.000 150.000 56.000
-11.130 8.637 140.402 169.000 167.000 70.000
-11.130 9.066 140.399 165.000 163.000 64.000
-11.130 9.494 140.397 154.000 159.000 60.000
-10.702 7.781 140.428 111.000 120.000 53.000
-13.718 9.496 140.699 116.000 125.000 65.000
-13.718 9.925 140.697 106.000 114.000 60.000
-13.290 9.068 140.723 97.000 94.000 52.000
-13.290 9.496 140.720 114.000 124.000 54.000
-13.290 9.925 140.717 112.000 120.000 53.000
-13.290 10.353 140.715 107.000 116.000 51.000
-13.290 10.782 140.712 116.000 115.000 57.000
-12.862 8.640 140.746 134.000 123.000 85.000
-12.862 9.068 140.744 158.000 153.000 79.000
-12.862 9.496 140.741 118.000 129.000 47.000
-12.862 9.925 140.738 110.000 121.000 42.000
-12.862 10.353 140.736 114.000 118.000 45.000
-12.862 10.782 140.733 130.000 127.000 54.000
-12.862 11.210 140.731 120.000 117.000 53.000
-12.862 11.638 140.728 113.000 102.000 55.000
-12.435 8.640 140.767 191.000 184.000 111.000
-12.434 9.068 140.764 179.000 174.000 86.000
-12.434 9.496 140.762 137.000 144.000 52.000
-12.434 9.925 140.759 123.000 132.000 44.000
-12.434 10.353 140.757 128.000 127.000 45.000
-12.434 10.782 140.754 139.000 132.000 50.000
-12.434 11.210 140.751 115.000 115.000 45.000
-12.434 11.638 140.749 103.000 107.000 47.000
-12.007 8.640 140.788 173.000 170.000 79.000
-12.007 9.068 140.785 187.000 185.000 90.000
-12.007 9.497 140.783 174.000 175.000 79.000
-12.006 9.925 140.780 153.000 154.000 58.000
-12.006 10.353 140.778 141.000 144.000 51.000
-12.006 10.782 140.775 123.000 130.000 40.000
-12.006 11.210 140.772 119.000 126.000 46.000
-12.006 11.639 140.770 109.000 115.000 50.000
-11.579 7.783 140.814 115.000 113.000 41.000
-11.579 8.211 140.812 154.000 142.000 45.000
-11.579 8.640 140.809 165.000 162.000 61.000
-11.579 9.068 140.806 180.000 179.000 78.000
-11.579 9.497 140.804 178.000 180.000 75.000
-11.579 9.925 140.801 160.000 166.000 60.000
-11.579 10.353 140.798 150.000 154.000 53.000
-11.151 7.783 140.835 105.000 106.000 38.000
-11.151 8.211 140.832 137.000 140.000 47.000
-11.151 8.640 140.830 165.000 171.000 68.000
-13.739 8.642 141.132 97.000 99.000 61.000
-13.739 9.070 141.130 126.000 132.000 71.000
-13.739 9.499 141.127 116.000 123.000 59.000
-13.739 9.927 141.124 96.000 106.000 48.000
-13.739 10.356 141.122 87.000 97.000 44.000
-13.311 9.071 141.151 134.000 141.000 70.000
-13.311 9.499 141.148 118.000 127.000 53.000
-13.311 9.927 141.145 100.000 112.000 43.000
-13.311 10.356 141.143 90.000 102.000 39.000
-13.311 10.784 141.140 110.000 117.000 53.000
-13.311 11.213 141.138 110.000 114.000 58.000
-12.883 8.642 141.174 123.000 120.000 76.000
-12.883 9.071 141.171 157.000 163.000 79.000
-12.883 9.499 141.169 130.000 141.000 54.000
-12.883 9.927 141.166 118.000 128.000 46.000
-12.883 10.356 141.164 108.000 119.000 42.000
-12.883 10.784 141.161 120.000 128.000 50.000
-12.883 11.213 141.158 113.000 121.000 53.000
-12.883 11.641 141.156 112.000 113.000 59.000
-12.455 8.642 141.195 179.000 181.000 103.000
-12.455 9.071 141.192 186.000 191.000 96.000
-12.455 9.499 141.190 159.000 167.000 68.000
-12.455 9.927 141.187 142.000 151.000 56.000
-12.455 10.356 141.185 132.000 140.000 48.000
-12.455 10.784 141.182 125.000 136.000 47.000
-12.455 11.213 141.179 114.000 122.000 46.000
-12.455 11.641 141.177 111.000 116.000 53.000
-12.028 8.214 141.218 83.000 84.000 28.000
-12.028 8.642 141.216 174.000 180.000 85.000
-12.028 9.071 141.213 203.000 204.000 104.000
-12.027 9.499 141.211 202.000 200.000 98.000
-12.027 9.928 141.208 166.000 167.000 65.000
-12.027 10.356 141.205 151.000 155.000 54.000
-12.027 10.784 141.203 146.000 149.000 54.000
-12.027 11.213 141.200 123.000 128.000 44.000
-11.600 8.214 141.239 165.000 164.000 69.000
-11.600 8.642 141.237 174.000 178.000 81.000
-11.600 9.071 141.234 186.000 188.000 87.000
-11.600 9.499 141.232 177.000 179.000 75.000
-11.172 8.214 141.260 148.000 155.000 65.000
-14.188 9.501 141.534 86.000 95.000 48.000
-14.188 9.930 141.531 91.000 102.000 47.000
-14.188 10.358 141.529 84.000 93.000 46.000
-13.760 8.645 141.560 101.000 102.000 64.000
-13.760 9.073 141.558 122.000 129.000 61.000
-13.760 9.501 141.555 109.000 117.000 48.000
-13.760 9.930 141.552 95.000 107.000 43.000
-13.760 10.358 141.550 101.000 112.000 46.000
-13.760 10.787 141.547 95.000 103.000 44.000
-13.332 9.073 141.578 80.000 82.000 43.000
-13.332 9.502 141.576 112.000 124.000 47.000
-13.332 9.930 141.573 100.000 113.000 40.000
-13.332 10.358 141.571 92.000 106.000 35.000
-13.332 10.787 141.568 94.000 106.000 37.000
-13.332 11.215 141.565 103.000 112.000 49.000
-13.332 11.644 141.563 91.000 94.000 51.000
-12.904 8.645 141.602 121.000 121.000 76.000
-12.904 9.073 141.599 170.000 171.000 102.000
-12.904 9.502 141.597 163.000 167.000 74.000
-12.904 9.930 141.594 124.000 137.000 47.000
-12.904 10.358 141.592 108.000 115.000 32.000
-12.904 10.787 141.589 102.000 107.000 29.000
-12.904 11.215 141.586 103.000 109.000 35.000
-12.904 11.644 141.584 106.000 109.000 50.000
-12.476 8.645 141.623 197.000 198.000 108.000
-12.476 9.073 141.620 206.000 209.000 114.000
-12.476 9.502 141.618 184.000 191.000 87.000
-12.476 9.930 141.615 135.000 147.000 49.000
-12.476 10.358 141.612 125.000 131.000 39.000
-12.476 10.787 141.610 116.000 121.000 35.000
-12.476 11.215 141.607 105.000 116.000 38.000
-12.476 11.644 141.605 111.000 114.000 48.000
-12.476 12.072 141.602 95.000 93.000 49.000
-12.049 8.217 141.646 126.000 126.000 66.000
-12.048 8.645 141.644 184.000 190.000 93.000
-12.048 9.073 141.641 198.000 199.000 94.000
-12.048 9.502 141.639 184.000 183.000 75.000
-12.048 9.930 141.636 138.000 145.000 41.000
-12.048 10.359 141.633 134.000 145.000 46.000
-12.048 10.787 141.631 126.000 136.000 43.000
-11.621 8.217 141.667 174.000 176.000 84.000
-11.621 8.645 141.665 179.000 187.000 87.000
-11.621 9.073 141.662 185.000 191.000 85.000
-14.209 9.504 141.962 89.000 94.000 40.000
-13.781 9.504 141.983 95.000 106.000 38.000
-13.781 9.933 141.980 104.000 116.000 41.000
-13.781 10.361 141.978 116.000 127.000 48.000
-13.781 10.789 141.975 107.000 116.000 41.000
-13.353 9.504 142.004 95.000 101.000 31.000
-13.353 9.933 142.001 111.000 122.000 40.000
-13.353 10.361 141.998 103.000 117.000 36.000
-13.353 10.789 141.996 96.000 109.000 34.000
-13.353 11.218 141.993 99.000 110.000 43.000
-13.353 11.646 141.991 95.000 102.000 51.000
-12.925 8.647 142.030 141.000 142.000 90.000
-12.925 9.076 142.027 198.000 199.000 126.000
-12.925 9.504 142.025 194.000 187.000 95.000
-12.925 9.933 142.022 130.000 134.000 43.000
-12.925 10.361 142.019 119.000 121.000 35.000
-12.925 10.789 142.017 116.000 115.000 32.000
-12.925 11.218 142.014 110.000 110.000 38.000
-12.925 11.646 142.012 113.000 113.000 47.000
-12.925 12.075 142.009 83.000 85.000 40.000
-12.497 8.648 142.051 196.000 201.000 111.000
-12.497 9.076 142.048 213.000 216.000 123.000
-12.497 9.504 142.046 195.000 197.000 93.000
-12.497 9.933 142.043 164.000 168.000 64.000
-12.497 10.361 142.040 141.000 141.000 46.000
-12.497 10.789 142.038 126.000 125.000 38.000
-12.497 11.218 142.035 114.000 119.000 41.000
-12.497 11.646 142.033 101.000 112.000 40.000
-12.069 8.219 142.074 121.000 121.000 75.000
-12.069 8.648 142.072 190.000 195.000 106.000
-12.069 9.076 142.069 205.000 210.000 107.000
-12.069 9.504 142.066 187.000 190.000 83.000
-12.069 9.933 142.064 155.000 164.000 59.000
-11.642 8.219 142.095 174.000 176.000 99.000
-13.802 9.507 142.411 80.000 83.000 26.000
-13.802 9.935 142.408 116.000 129.000 43.000
-13.802 10.364 142.405 119.000 131.000 43.000
-13.802 10.792 142.403 99.000 111.000 32.000
-13.802 11.220 142.400 114.000 123.000 49.000
-13.801 11.649 142.398 83.000 88.000 45.000
-13.374 9.507 142.432 88.000 90.000 31.000
-13.374 9.935 142.429 117.000 130.000 42.000
-13.374 10.364 142.426 120.000 130.000 41.000
-13.374 10.792 142.424 101.000 114.000 34.000
-13.374 11.220 142.421 91.000 104.000 34.000
-13.374 11.649 142.419 93.000 103.000 45.000
-12.946 8.650 142.458 138.000 137.000 96.000
-12.946 9.078 142.455 179.000 178.000 121.000
-12.946 9.507 142.453 190.000 195.000 107.000
-12.946 9.935 142.450 136.000 146.000 51.000
-12.946 10.364 142.447 135.000 132.000 41.000
-12.946 10.792 142.445 128.000 116.000 35.000
-12.946 11.220 142.442 111.000 108.000 36.000
-12.946 11.649 142.439 102.000 108.000 43.000
-12.518 8.650 142.479 205.000 205.000 127.000
-12.518 9.079 142.476 210.000 213.000 121.000
-12.518 9.507 142.473 207.000 211.000 111.000
-12.518 9.935 142.471 174.000 178.000 75.000
-12.518 10.364 142.468 147.000 142.000 45.000
-12.518 10.792 142.466 130.000 127.000 40.000
-12.090 8.650 142.500 214.000 215.000 138.000
-12.090 9.079 142.497 213.000 216.000 118.000
-13.823 9.509 142.839 89.000 93.000 33.000
-13.395 9.509 142.859 131.000 136.000 67.000
-13.395 9.938 142.857 131.000 142.000 53.000
-13.395 10.366 142.854 131.000 143.000 49.000
-13.395 10.795 142.852 115.000 128.000 40.000
-13.395 11.223 142.849 100.000 113.000 37.000
-13.394 11.651 142.846 89.000 100.000 41.000
-12.967 9.081 142.883 157.000 155.000 112.000
-12.967 9.509 142.880 190.000 190.000 114.000
-12.967 9.938 142.878 157.000 167.000 70.000
-12.967 10.366 142.875 146.000 151.000 53.000
-12.967 10.795 142.873 129.000 128.000 42.000
-12.967 11.223 142.870 109.000 113.000 41.000
-12.967 11.651 142.867 75.000 84.000 40.000
-12.539 8.653 142.907 151.000 149.000 108.000
-12.539 9.081 142.904 217.000 217.000 139.000
-12.539 9.510 142.901 210.000 212.000 120.000
-12.539 9.938 142.899 178.000 186.000 83.000
-12.539 10.366 142.896 133.000 145.000 45.000
-12.111 8.653 142.927 217.000 215.000 151.000
-13.416 9.512 143.287 169.000 170.000 104.000
-13.416 9.940 143.285 168.000 177.000 83.000
-13.416 10.369 143.282 151.000 162.000 64.000
-12.988 9.084 143.311 115.000 113.000 86.000
-12.988 9.512 143.308 155.000 154.000 101.000
-12.988 9.940 143.306 187.000 191.000 101.000
-12.988 10.369 143.303 154.000 161.000 66.000
-12.988 10.797 143.300 136.000 144.000 57.000
-12.988 11.226 143.298 114.000 122.000 51.000
-12.560 9.084 143.332 201.000 199.000 138.000
-12.560 9.512 143.329 199.000 199.000 121.000
-13.009 9.515 143.736 150.000 148.000 105.000
-13.009 9.943 143.734 203.000 204.000 123.000
-13.009 10.371 143.731 164.000 169.000 71.000
-13.030 9.517 144.164 184.000 184.000 124.000
