16.323226191915158 31.276946823201914 125.76455746692021 139.0 142.0 94.0
16.750647741487146 31.704870694977757 125.78284411548829 145.0 150.0 89.0
16.30233672606478 31.279549640484184 126.19190751881406 160.0 162.0 107.0
16.302400302188794 31.707409936136017 126.18930470153178 151.0 148.0 89.0
16.72969469951276 31.279613216608197 126.21279698466445 135.0 142.0 77.0
16.72975827563677 31.707473512260027 126.21019416738214 143.0 149.0 83.0
17.157052672960738 31.279676792732207 126.23368645051481 126.0 135.0 63.0
17.157116249084748 31.70753708838404 126.23108363323253 130.0 137.0 69.0
17.584474222532727 31.70760066450805 126.25197309908292 118.0 127.0 56.0
15.85402571064242 30.854228585990615 126.60097092213981 123.0 128.0 80.0
15.854089286766431 31.28208888164244 126.59836810485753 117.0 120.0 71.0
16.281383684090397 30.85429216211462 126.6218603879902 126.0 132.0 77.0
16.28144726021441 31.28215245776645 126.61925757070792 128.0 135.0 73.0
16.28151083633842 31.710012753418283 126.61665475342566 125.0 132.0 64.0
16.708741657538376 30.85435573823863 126.64274985384056 103.0 112.0 52.0
16.708805233662385 31.282216033890464 126.6401470365583 109.0 118.0 56.0
16.7088688097864 31.710076329542293 126.637544219276 120.0 127.0 57.0
17.136163207110364 31.282279610014474 126.66103650240866 102.0 113.0 47.0
17.136226783234374 31.710139905666306 126.65843368512638 120.0 128.0 56.0
17.563521180558343 31.282343186138487 126.68192596825902 108.0 120.0 46.0
17.563584756682353 31.710203481790316 126.67932315097677 116.0 126.0 53.0
17.99094273013033 31.71026705791433 126.70021261682713 100.0 112.0 42.0
15.833136244792048 30.85683140327289 127.02832097403366 80.0 85.0 50.0
15.83319982091606 31.284691698924714 127.02571815675138 120.0 125.0 75.0
16.260494218240026 30.856894979396895 127.04921043988405 116.0 124.0 63.0
16.260557794364036 31.284755275048724 127.04660762260177 126.0 132.0 67.0
16.26062137048805 31.712615570700557 127.04400480531952 123.0 130.0 61.0
16.687852191688002 30.856958555520904 127.07009990573441 86.0 100.0 39.0
16.687915767812015 31.284818851172737 127.06749708845216 108.0 119.0 49.0
16.687979343936025 31.712679146824566 127.06489427116988 118.0 127.0 52.0
17.11521016513598 30.857022131644918 127.09098937158477 106.0 118.0 39.0
17.11527374125999 31.284882427296747 127.08838655430252 111.0 123.0 42.0
17.115337317384004 31.71274272294858 127.08578373702024 113.0 123.0 45.0
17.54263171470797 31.28494600342076 127.1092760201529 119.0 130.0 47.0
17.54269529083198 31.71280629907259 127.10667320287062 116.0 127.0 44.0
17.969989688155948 31.28500957954477 127.13016548600326 115.0 127.0 44.0
17.970053264279958 31.712869875196603 127.12756266872098 114.0 126.0 43.0
17.97011684040397 32.14073017084843 127.12495985143873 83.0 87.0 28.0
18.397411237727937 31.712933451320612 127.14845213457137 114.0 121.0 41.0
15.812310355065687 31.287294516206984 127.45306820864523 100.0 104.0 64.0
16.239604752389653 30.859497796679165 127.4765604917779 101.0 110.0 56.0
16.239668328513662 31.287358092330997 127.47395767449562 121.0 127.0 65.0
16.239731904637676 31.715218387982826 127.47135485721337 121.0 129.0 59.0
16.66696272583763 30.859561372803178 127.49744995762829 89.0 102.0 39.0
16.66702630196164 31.287421668455007 127.49484714034598 109.0 120.0 45.0
16.667089878085655 31.71528196410684 127.49224432306373 116.0 127.0 44.0
17.094320699285607 30.859624948927188 127.51833942347862 108.0 120.0 40.0
17.09438427540962 31.28748524457902 127.51573660619637 113.0 125.0 40.0
17.09444785153363 31.71534554023085 127.51313378891409 112.0 125.0 33.0
17.521678672733586 30.8596885250512 127.53922888932901 124.0 136.0 47.0
17.521742248857596 31.287548820703034 127.53662607204676 127.0 139.0 45.0
17.52180582498161 31.715409116354863 127.53402325476448 110.0 124.0 34.0
17.949100222305574 31.287612396827043 127.55751553789712 127.0 138.0 49.0
17.949163798429584 31.715472692478876 127.55491272061484 124.0 136.0 46.0
17.949227374553598 32.1433329881307 127.55230990333258 100.0 105.0 35.0
18.376521771877563 31.715536268602886 127.57580218646522 125.0 132.0 42.0
18.803879745325542 31.715599844726892 127.59669165231561 133.0 133.0 49.0
16.218715286539275 30.862100613961438 127.90391054367176 91.0 101.0 51.0
16.646009683863245 30.434303894433626 127.9274028268044 90.0 103.0 42.0
16.646073259987254 30.86216419008545 127.92480000952214 91.0 105.0 38.0
16.646136836111268 31.29002448573728 127.92219719223984 106.0 118.0 39.0
17.073431233435233 30.86222776620946 127.9456894753725 112.0 125.0 38.0
17.073494809559243 31.290088061861294 127.94308665809022 118.0 132.0 37.0
17.50078920688321 30.862291342333474 127.96657894122286 128.0 139.0 46.0
17.500852783007222 31.290151637985304 127.96397612394061 130.0 142.0 44.0
17.50091635913123 31.718011933637136 127.9613733066583 136.0 140.0 44.0
17.928210756455197 31.290215214109317 127.98486558979097 137.0 148.0 51.0
17.92827433257921 31.718075509761146 127.98226277250869 137.0 140.0 48.0
18.355568729903176 31.290278790233327 128.00575505564137 130.0 142.0 46.0
18.35563230602719 31.71813908588516 128.0031522383591 133.0 137.0 45.0
18.782990279475165 31.718202662009165 128.02404170420945 127.0 129.0 47.0
16.197762244564895 30.436843135591886 128.33386341284788 89.0 98.0 54.0
16.625120218012874 30.4369067117159 128.35475287869826 100.0 111.0 45.0
16.62518379413688 30.864767007367725 128.352150061416 95.0 109.0 36.0
17.05247819146085 30.436970287839905 128.37564234454862 118.0 130.0 48.0
17.05254176758486 30.864830583491734 128.37303952726637 115.0 128.0 39.0
17.47989974103284 30.864894159615748 128.39392899311673 129.0 140.0 49.0
17.907257714480814 30.864957735739758 128.41481845896712 129.0 140.0 49.0
17.907321290604827 31.29281803139159 128.41221564168484 134.0 143.0 47.0
18.334679264052802 31.2928816075156 128.43310510753523 130.0 141.0 48.0
18.76203723750078 31.292945183639613 128.4539945733856 128.0 139.0 49.0
16.60416717603849 30.01164923334634 128.7847057478744 72.0 87.0 31.0
17.03158872561048 30.439573105122175 128.80299239644248 95.0 105.0 38.0
17.458946699058455 30.43963668124619 128.82388186229286 125.0 136.0 57.0
17.886368248630443 30.86756055302203 128.84216851086094 126.0 137.0 50.0
18.31372622207842 30.86762412914604 128.86305797671133 140.0 149.0 64.0
16.34417923388954 31.70220430157147 125.33460459774408 98.0 98.0 59.0
16.323289768039167 31.704807118853743 125.76195464963793 123.0 122.0 76.0
16.750711317611156 32.13273099062959 125.78024129820604 142.0 149.0 79.0
16.302463878312803 32.13527023178785 126.18670188424953 110.0 116.0 55.0
16.302527454436817 32.563130527439675 126.18409906696725 94.0 103.0 42.0
16.729821851760782 32.135333807911856 126.20759135009989 141.0 150.0 74.0
16.729885427884795 32.56319410356369 126.20498853281761 141.0 144.0 61.0
17.15717982520876 32.13539738403587 126.22848081595028 138.0 147.0 68.0
15.854216439014454 32.1378094729461 126.593162470293 77.0 85.0 33.0
16.281574412462433 32.137873049070116 126.61405193614335 114.0 124.0 49.0
16.281637988586443 32.56573334472194 126.6114491188611 114.0 125.0 48.0
16.70893238591041 32.13793662519412 126.63494140199374 125.0 134.0 52.0
16.70899596203442 32.565796920845955 126.63233858471146 124.0 134.0 48.0
16.70905953815843 32.99365721649778 126.62973576742921 129.0 139.0 56.0
17.136290359358387 32.138000201318135 126.65583086784413 126.0 135.0 52.0
17.136353935482397 32.56586049696996 126.65322805056185 135.0 143.0 53.0
17.563648332806366 32.13806377744215 126.67672033369449 118.0 128.0 49.0
15.83326339704007 31.712551994576543 127.02311533946913 142.0 147.0 87.0
15.833326973164082 32.140412290228376 127.02051252218685 78.0 83.0 37.0
16.26068494661206 32.14047586635239 127.04140198803721 115.0 125.0 49.0
16.260748522736073 32.568336162004215 127.03879917075496 108.0 121.0 41.0
16.26081209886008 32.99619645765604 127.03619635347268 102.0 114.0 40.0
16.688042920060038 32.140539442476395 127.0622914538876 119.0 128.0 46.0
16.688106496184048 32.56839973812823 127.05968863660534 109.0 121.0 38.0
16.688170072308058 32.996260033780054 127.05708581932306 102.0 112.0 39.0
17.115400893508014 32.14060301860041 127.08318091973798 111.0 123.0 38.0
17.115464469632027 32.568463314252234 127.0805781024557 112.0 124.0 36.0
17.115528045756037 32.99632360990407 127.07797528517342 98.0 106.0 37.0
17.542758866955992 32.14066659472442 127.10407038558834 102.0 115.0 35.0
17.542822443080002 32.56852689037625 127.10146756830606 97.0 108.0 35.0
15.812373931189699 31.715154811858817 127.45046539136298 128.0 133.0 75.0
15.81243750731371 32.14301510751065 127.4478625740807 117.0 124.0 56.0
15.812501083437722 32.570875403162475 127.44525975679845 104.0 117.0 39.0
15.81256465956173 32.99873569881431 127.44265693951617 74.0 87.0 23.0
16.23979548076169 32.143078683634656 127.46875203993106 117.0 129.0 48.0
16.2398590568857 32.57093897928649 127.46614922264881 112.0 124.0 41.0
16.23992263300971 32.998799274938314 127.46354640536653 109.0 121.0 38.0
16.23998620913372 33.42665957059015 127.46094358808428 91.0 97.0 45.0
16.667153454209664 32.14314225975867 127.48964150578145 111.0 124.0 37.0
16.667217030333678 32.5710025554105 127.4870386884992 119.0 127.0 41.0
16.667280606457684 32.99886285106233 127.48443587121692 118.0 128.0 42.0
16.667344182581697 33.42672314671416 127.48183305393464 89.0 94.0 41.0
17.094511427657643 32.14320583588268 127.51053097163184 105.0 119.0 32.0
17.094575003781653 32.57106613153451 127.50792815434956 121.0 128.0 39.0
17.094638579905663 32.99892642718634 127.50532533706728 122.0 130.0 44.0
17.094702156029673 33.426786722838166 127.50272251978502 101.0 107.0 41.0
17.52186940110562 32.143269412006696 127.5314204374822 106.0 118.0 33.0
17.521932977229632 32.57112970765852 127.52881762019992 117.0 125.0 41.0
17.521996553353638 32.99899000331035 127.52621480291766 99.0 107.0 40.0
15.791420889215312 31.289897333489257 127.88041826053912 87.0 92.0 55.0
15.791484465339323 31.71775762914109 127.87781544325684 109.0 117.0 59.0
15.791548041463335 32.14561792479292 127.87521262597458 113.0 123.0 53.0
15.791611617587346 32.57347822044475 127.87260980869227 112.0 124.0 43.0
15.791675193711354 33.00133851609658 127.87000699141002 103.0 114.0 38.0
16.21877886266329 31.28996090961327 127.90130772638948 106.0 116.0 52.0
16.2188424387873 31.7178212052651 127.89870490910722 106.0 117.0 45.0
16.218906014911312 32.14568150091693 127.89610209182491 99.0 112.0 42.0
16.218969591035325 32.57354179656876 127.89349927454266 118.0 125.0 47.0
16.21903316715933 33.00140209222059 127.89089645726038 115.0 126.0 44.0
16.219096743283345 33.42926238787242 127.88829363997813 112.0 119.0 48.0
16.646200412235277 31.717884781389113 127.91959437495758 113.0 125.0 38.0
16.64626398835929 32.14574507704094 127.9169915576753 111.0 125.0 36.0
16.6463275644833 32.573605372692775 127.91438874039305 122.0 132.0 42.0
16.64639114060731 33.0014656683446 127.91178592311077 123.0 131.0 46.0
16.64645471673132 33.42932596399643 127.90918310582849 118.0 126.0 51.0
17.073558385683256 31.717948357513123 127.94048384080797 121.0 134.0 36.0
17.073621961807266 32.145808653164956 127.93788102352569 115.0 130.0 34.0
17.07368553793128 32.57366894881678 127.93527820624341 117.0 129.0 37.0
17.073749114055286 33.001529244468614 127.93267538896113 123.0 128.0 44.0
17.0738126901793 33.42938954012044 127.93007257167888 111.0 112.0 45.0
17.07387626630331 33.85724983577227 127.9274697543966 105.0 105.0 56.0
17.500979935255245 32.14587222928897 127.95877048937605 120.0 129.0 39.0
17.501043511379255 32.573732524940795 127.95616767209377 110.0 121.0 38.0
17.501107087503264 33.00159282059262 127.95356485481152 90.0 99.0 35.0
17.92833790870322 32.145935805412975 127.97965995522644 125.0 126.0 43.0
17.928401484827234 32.5737961010648 127.97705713794416 72.0 80.0 29.0
18.3556958821512 32.14599938153698 128.00054942107684 89.0 97.0 35.0
15.770467847240926 30.864639855119705 128.31037112971524 83.0 89.0 58.0
15.770531423364938 31.29250015077153 128.30776831243298 88.0 97.0 51.0
15.770594999488951 31.72036044642336 128.3051654951507 93.0 105.0 45.0
15.770658575612963 32.14822074207519 128.30256267786845 109.0 120.0 50.0
15.770722151736974 32.57608103772702 128.29995986058614 115.0 125.0 48.0
15.770785727860982 33.003941333378854 128.2973570433039 103.0 114.0 42.0
15.770849303984994 33.43180162903068 128.2947542260216 76.0 83.0 34.0
16.197825820688905 30.86470343124371 128.33126059556562 85.0 98.0 44.0
16.197889396812915 31.292563726895544 128.32865777828334 91.0 104.0 38.0
16.19795297293693 31.720424022547373 128.32605496100106 95.0 109.0 35.0
16.198016549060938 32.1482843181992 128.3234521437188 95.0 109.0 37.0
16.19808012518495 32.576144613851035 128.32084932643653 107.0 117.0 46.0
16.19814370130896 33.00400490950286 128.31824650915428 115.0 125.0 46.0
16.19820727743297 33.43186520515469 128.315643691872 113.0 120.0 48.0
16.625247370260894 31.292627303019554 128.3495472441337 103.0 117.0 33.0
16.625310946384904 31.720487598671387 128.34694442685145 116.0 129.0 35.0
16.625374522508917 32.148347894323216 128.34434160956917 118.0 130.0 40.0
16.62543809863293 32.57620818997505 128.34173879228692 121.0 130.0 43.0
16.625501674756936 33.004068485626874 128.33913597500464 121.0 132.0 44.0
16.62556525088095 33.4319287812787 128.33653315772236 121.0 129.0 52.0
17.052605343708873 31.292690879143567 128.3704367099841 121.0 135.0 38.0
17.052668919832882 31.720551174795396 128.36783389270184 130.0 140.0 40.0
17.052732495956896 32.14841147044723 128.36523107541956 125.0 134.0 38.0
17.052796072080906 32.576271766099055 128.36262825813728 120.0 128.0 38.0
17.052859648204915 33.00413206175088 128.360025440855 119.0 129.0 40.0
17.052923224328925 33.43199235740271 128.35742262357275 104.0 107.0 43.0
17.479963317156848 31.292754455267577 128.39132617583448 129.0 141.0 45.0
17.48002689328086 31.72061475091941 128.3887233585522 135.0 141.0 44.0
17.48009046940487 32.14847504657124 128.38612054126992 126.0 134.0 43.0
17.480154045528884 32.57633534222306 128.38351772398767 113.0 125.0 41.0
17.48021762165289 33.00419563787489 128.38091490670539 84.0 92.0 32.0
17.907384866728837 31.72067832704342 128.40961282440256 132.0 135.0 45.0
17.90744844285285 32.14853862269524 128.4070100071203 127.0 136.0 51.0
17.90751201897686 32.576398918347074 128.40440718983803 81.0 88.0 34.0
18.334742840176816 31.720741903167433 128.43050229025295 128.0 133.0 43.0
18.334806416300825 32.148602198819255 128.4278994729707 115.0 124.0 48.0
18.76210081362479 31.720805479291435 128.4513917561033 113.0 116.0 41.0
15.322538288562631 33.006480574537115 128.70381762934736 70.0 80.0 31.0
15.749514805266546 30.439382376750146 128.74032399889137 81.0 89.0 60.0
15.749578381390554 30.86724267240198 128.7377211816091 85.0 95.0 53.0
15.749641957514566 31.295102968053804 128.73511836432684 80.0 94.0 42.0
15.749705533638577 31.722963263705633 128.73251554704456 88.0 103.0 39.0
15.749769109762589 32.15082355935746 128.7299127297623 107.0 119.0 47.0
15.7498326858866 32.578683855009295 128.72730991248 110.0 120.0 48.0
15.74989626201061 33.00654415066113 128.72470709519774 101.0 111.0 45.0
15.749959838134622 33.43440444631295 128.72210427791546 92.0 100.0 46.0
16.176872778714525 30.43944595287416 128.76121346474176 71.0 81.0 44.0
16.17693635483853 30.867306248525985 128.75861064745948 81.0 95.0 40.0
16.176999930962545 31.295166544177814 128.75600783017723 84.0 101.0 35.0
16.177063507086554 31.723026839829647 128.75340501289492 94.0 110.0 33.0
16.177127083210568 32.150887135481476 128.75080219561266 102.0 116.0 35.0
16.177190659334578 32.57874743113331 128.74819937833038 111.0 123.0 42.0
16.177254235458587 33.006607726785134 128.74559656104813 107.0 118.0 40.0
16.177317811582597 33.43446802243697 128.74299374376585 107.0 115.0 43.0
16.60429432828651 30.867369824649995 128.77950011330984 101.0 115.0 35.0
16.60435790441052 31.295230120301827 128.77689729602758 109.0 124.0 34.0
16.604421480534533 31.723090415953656 128.7742944787453 125.0 136.0 38.0
16.604485056658543 32.15095071160549 128.77169166146302 120.0 132.0 39.0
16.604548632782556 32.57881100725732 128.76908884418077 119.0 131.0 38.0
16.604612208906566 33.00667130290915 128.7664860268985 119.0 129.0 40.0
16.604675785030576 33.43453159856097 128.7638832096162 119.0 129.0 46.0
17.031652301734486 30.867433400774008 128.80038957916022 124.0 137.0 44.0
17.0317158778585 31.295293696425837 128.79778676187794 134.0 146.0 42.0
17.03177945398251 31.72315399207767 128.7951839445957 142.0 148.0 41.0
17.031843030106522 32.1510142877295 128.7925811273134 131.0 138.0 38.0
17.03190660623053 32.57887458338133 128.78997831003113 119.0 128.0 36.0
17.03197018235454 33.006734879033154 128.78737549274885 114.0 126.0 37.0
17.032033758478555 33.434595174684986 128.7847726754666 103.0 110.0 38.0
17.459010275182465 30.867496976898018 128.8212790450106 132.0 143.0 53.0
17.459073851306478 31.29535727254985 128.81867622772833 135.0 146.0 47.0
17.459137427430488 31.72321756820168 128.81607341044605 136.0 144.0 43.0
17.4592010035545 32.15107786385351 128.81347059316377 126.0 137.0 41.0
17.45926457967851 32.578938159505334 128.81086777588152 117.0 129.0 42.0
17.45932815580252 33.00679845515717 128.80826495859924 92.0 101.0 35.0
17.886431824754453 31.29542084867386 128.8395656935787 128.0 140.0 46.0
17.886495400878466 31.723281144325693 128.8369628762964 131.0 142.0 44.0
17.886558977002476 32.151141439977515 128.83436005901416 127.0 137.0 48.0
17.88662255312649 32.57900173562935 128.83175724173188 118.0 128.0 48.0
18.313789798202432 31.295484424797873 128.86045515942908 133.0 144.0 52.0
18.313853374326442 31.723344720449703 128.8578523421468 127.0 134.0 44.0
18.313916950450455 32.15120501610153 128.85524952486452 123.0 132.0 52.0
18.313980526574465 32.57906531175336 128.85264670758224 77.0 82.0 36.0
18.741147771650407 31.295548000921883 128.88134462527947 126.0 136.0 50.0
18.74121134777442 31.72340829657371 128.87874180799716 116.0 119.0 43.0
15.30152167046424 32.15336280051572 129.13637331580577 99.0 110.0 44.0
15.301585246588251 32.58122309616755 129.13377049852352 92.0 101.0 45.0
15.30164882271226 33.00908339181938 129.1311676812412 82.0 90.0 42.0
15.728688915540182 30.869845489684245 129.16507123350294 73.0 84.0 43.0
15.728752491664194 31.29770578533607 129.1624684162207 76.0 91.0 38.0
15.728816067788205 31.7255660809879 129.1598655989384 84.0 100.0 35.0
15.728879643912217 32.15342637663973 129.15726278165613 105.0 117.0 43.0
15.728943220036228 32.58128667229156 129.15465996437388 96.0 109.0 40.0
15.729006796160236 33.009146967943394 129.1520571470916 94.0 105.0 40.0
15.729070372284248 33.43700726359522 129.14945432980934 87.0 96.0 43.0
16.15604688898816 30.86990906580825 129.18596069935333 79.0 94.0 38.0
16.15611046511217 31.29776936146008 129.18335788207108 104.0 117.0 42.0
16.156174041236184 31.725629657111913 129.18075506478877 113.0 126.0 42.0
16.156237617360194 32.15348995276374 129.17815224750652 100.0 114.0 32.0
16.156301193484207 32.581350248415575 129.17554943022424 95.0 109.0 31.0
16.156364769608214 33.0092105440674 129.17294661294198 95.0 107.0 30.0
16.156428345732227 33.43707083971923 129.1703437956597 99.0 108.0 36.0
16.156491921856237 33.86493113537106 129.16774097837742 84.0 88.0 42.0
16.58334128631213 30.44211234628044 129.20945298248597 90.0 99.0 43.0
16.583404862436137 30.86997264193226 129.2068501652037 107.0 121.0 40.0
16.58346843856015 31.297832937584094 129.20424734792144 120.0 135.0 39.0
16.58353201468416 31.725693233235923 129.20164453063916 129.0 141.0 40.0
16.583595590808173 32.153553528887755 129.1990417133569 115.0 129.0 34.0
16.583659166932183 32.58141382453959 129.19643889607462 112.0 126.0 33.0
16.583722743056192 33.009274120191414 129.19383607879234 114.0 127.0 37.0
16.583786319180202 33.43713441584324 129.19123326151006 119.0 129.0 46.0
17.010762835884115 30.870036218056274 129.22773963105408 129.0 136.0 44.0
17.010826412008125 31.297896513708103 129.2251368137718 136.0 147.0 41.0
17.01088998813214 31.725756809359936 129.22253399648955 140.0 148.0 39.0
17.01095356425615 32.15361710501177 129.21993117920726 131.0 139.0 38.0
17.01101714038016 32.581477400663594 129.21732836192498 119.0 128.0 34.0
17.01108071650417 33.00933769631542 129.21472554464273 118.0 128.0 37.0
17.01114429262818 33.43719799196725 129.21212272736045 118.0 124.0 45.0
17.43812080933209 30.870099794180284 129.24862909690447 133.0 145.0 55.0
17.438184385456104 31.297960089832117 129.24602627962219 135.0 145.0 47.0
17.438247961580114 31.725820385483946 129.2434234623399 133.0 142.0 40.0
17.438311537704127 32.153680681135775 129.24082064505762 136.0 141.0 44.0
17.438375113828137 32.5815409767876 129.23821782777537 119.0 127.0 38.0
17.438438689952147 33.00940127243943 129.2356150104931 99.0 110.0 37.0
17.86541520665606 30.442303074652465 129.2721213800371 98.0 105.0 51.0
17.86547878278007 30.870163370304297 129.26951856275483 133.0 142.0 60.0
17.86554235890408 31.298023665956126 129.26691574547255 133.0 143.0 48.0
17.865605935028093 31.72588396160796 129.2643129281903 129.0 140.0 43.0
17.865669511152106 32.15374425725978 129.261710110908 127.0 137.0 46.0
17.865733087276116 32.581604552911614 129.25910729362576 119.0 130.0 46.0
17.865796663400126 33.00946484856345 129.25650447634345 77.0 84.0 33.0
18.29283675622805 30.870226946428307 129.29040802860519 138.0 147.0 66.0
18.29290033235206 31.29808724208014 129.28780521132293 129.0 139.0 49.0
18.29296390847607 31.72594753773197 129.28520239404065 127.0 137.0 44.0
18.29302748460008 32.153807833383794 129.28259957675837 126.0 136.0 51.0
18.293091060724095 32.58166812903563 129.2799967594761 107.0 115.0 47.0
18.720258305800037 31.29815081820415 129.3086946771733 123.0 132.0 53.0
18.720321881924047 31.726011113855975 129.306091859891 117.0 127.0 45.0
18.72038545804806 32.15387140950781 129.30348904260876 106.0 113.0 47.0
14.853274231165889 32.15590204167398 129.54283390184924 111.0 118.0 63.0
15.280568628489856 31.728105322146163 129.5663261849819 90.0 103.0 38.0
15.280632204613868 32.155965617797996 129.56372336769962 125.0 137.0 55.0
15.28069578073788 32.58382591344982 129.56112055041737 119.0 129.0 54.0
15.280759356861887 33.011686209101654 129.55851773313506 94.0 106.0 43.0
15.70779944968981 30.87244830696652 129.59242128539682 78.0 90.0 44.0
15.707863025813822 31.300308602618344 129.58981846811454 82.0 96.0 38.0
15.707926601937833 31.728168898270173 129.5872156508323 88.0 103.0 35.0
15.707990178061845 32.156029193922 129.58461283354998 95.0 110.0 37.0
15.708053754185856 32.583889489573835 129.58201001626773 100.0 114.0 37.0
15.708117330309864 33.01174978522567 129.57940719898545 104.0 115.0 40.0
15.708180906433876 33.43961008087749 129.5768043817032 93.0 102.0 45.0
16.135157423137787 30.872511883090525 129.61331075124718 87.0 101.0 41.0
16.135220999261797 31.300372178742354 129.61070793396493 113.0 125.0 46.0
16.13528457538581 31.728232474394186 129.60810511668262 122.0 134.0 45.0
16.13534815150982 32.156092770046016 129.60550229940037 110.0 123.0 36.0
16.135411727633834 32.58395306569785 129.6028994821181 98.0 113.0 32.0
16.135475303757843 33.011813361349674 129.60029666483584 101.0 114.0 34.0
16.135538879881853 33.4396736570015 129.59769384755356 103.0 112.0 41.0
16.135602456005866 33.86753395265333 129.59509103027128 105.0 111.0 52.0
16.562515396585766 30.872575459214534 129.63420021709754 93.0 108.0 34.0
16.562578972709776 31.300435754866367 129.6315973998153 127.0 133.0 43.0
16.56264254883379 31.728296050518196 129.628994582533 131.0 142.0 41.0
16.5627061249578 32.15615634617003 129.62639176525076 122.0 134.0 37.0
16.562769701081812 32.58401664182186 129.62378894796848 118.0 130.0 37.0
16.56283327720582 33.01187693747368 129.6211861306862 118.0 129.0 39.0
16.562896853329832 33.43973723312551 129.61858331340392 118.0 126.0 44.0
16.98987337003374 30.872639035338548 129.65508968294793 120.0 128.0 43.0
16.989936946157755 31.300499330990377 129.65248686566568 133.0 142.0 42.0
16.990000522281765 31.72835962664221 129.6498840483834 134.0 145.0 37.0
16.990064098405778 32.15621992229404 129.64728123110112 130.0 142.0 39.0
16.990127674529788 32.58408021794586 129.64467841381884 126.0 137.0 41.0
16.990191250653798 33.01194051359769 129.64207559653659 123.0 134.0 43.0
16.990254826777807 33.439800809249526 129.6394727792543 95.0 96.0 35.0
17.41723134348172 30.872702611462557 129.67597914879832 124.0 135.0 52.0
17.41729491960573 31.30056290711439 129.673376331516 134.0 146.0 47.0
17.417358495729744 31.72842320276622 129.67077351423376 131.0 144.0 40.0
17.417422071853753 32.15628349841805 129.66817069695148 131.0 143.0 45.0
17.417485647977767 32.584143794069874 129.66556787966923 123.0 135.0 44.0
17.417549224101773 33.01200408972171 129.66296506238695 104.0 115.0 39.0
17.844589316929696 30.87276618758657 129.69686861464868 130.0 138.0 59.0
17.84465289305371 31.3006264832384 129.6942657973664 132.0 143.0 49.0
17.84471646917772 31.728486778890233 129.69166298008415 132.0 143.0 45.0
17.844780045301732 32.156347074542055 129.68906016280187 135.0 145.0 52.0
17.844843621425742 32.58420737019389 129.6864573455196 120.0 131.0 48.0
17.84490719754975 33.01206766584572 129.6838545282373 72.0 80.0 30.0
18.271947290377675 30.87282976371058 129.71775808049904 140.0 149.0 71.0
18.272010866501684 31.300690059362413 129.7151552632168 140.0 149.0 58.0
18.272074442625698 31.728550355014242 129.7125524459345 132.0 141.0 48.0
18.27213801874971 32.15641065066607 129.70994962865223 124.0 134.0 48.0
18.27220159487372 32.5842709463179 129.70734681136997 117.0 125.0 51.0
18.699305263825654 30.872893339834594 129.73864754634943 126.0 133.0 72.0
18.699368839949663 31.300753635486423 129.73604472906715 136.0 146.0 64.0
18.699432416073677 31.72861393113825 129.73344191178487 129.0 139.0 52.0
18.699495992197686 32.15647422679008 129.7308390945026 120.0 129.0 52.0
19.126790389521652 31.72867750726226 129.75433137763525 88.0 92.0 39.0
14.832384765315513 32.158504858956256 129.97018395374312 135.0 143.0 74.0
14.832448341439525 32.58636515460808 129.96758113646084 80.0 87.0 34.0
15.25967916263948 31.730708139428433 129.99367623687576 95.0 110.0 34.0
15.259742738763492 32.15856843508026 129.99107341959348 126.0 139.0 51.0
15.259806314887504 32.586428730732095 129.98847060231122 128.0 139.0 54.0
15.259869891011512 33.01428902638393 129.98586778502892 106.0 118.0 42.0
15.259933467135523 33.44214932203575 129.98326496774666 84.0 94.0 39.0
15.686909983839435 30.87505112424879 130.01977133729068 95.0 105.0 56.0
15.686973559963446 31.302911419900614 130.0171685200084 93.0 105.0 42.0
15.687037136087458 31.730771715552446 130.01456570272614 87.0 102.0 30.0
15.68710071221147 32.158632011204276 130.01196288544384 91.0 108.0 30.0
15.687164288335481 32.58649230685611 130.00936006816158 121.0 134.0 41.0
15.687227864459489 33.01435260250794 130.0067572508793 110.0 122.0 38.0
15.6872914405835 33.44221289815977 130.00415443359705 100.0 109.0 45.0
16.11426795728741 30.875114700372794 130.04066080314104 82.0 97.0 39.0
16.114331533411423 31.302974996024627 130.03805798585876 102.0 116.0 40.0
16.114395109535433 31.730835291676456 130.0354551685765 116.0 130.0 39.0
16.114458685659447 32.15869558732829 130.03285235129422 108.0 122.0 33.0
16.11452226178346 32.58655588298012 130.03024953401197 110.0 124.0 35.0
16.114585837907466 33.01441617863195 130.0276467167297 106.0 117.0 36.0
16.11464941403148 33.44227647428377 130.0250438994474 102.0 111.0 42.0
16.11471299015549 33.870136769935606 130.02244108216513 103.0 110.0 52.0
16.54162593073539 30.875178276496808 130.0615502689914 79.0 95.0 29.0
16.541689506859402 31.303038572148637 130.05894745170914 114.0 128.0 38.0
16.541753082983412 31.73089886780047 130.05634463442686 137.0 147.0 45.0
16.541816659107425 32.1587591634523 130.0537418171446 125.0 136.0 41.0
16.541880235231435 32.58661945910413 130.0511389998623 120.0 132.0 39.0
16.541943811355445 33.01447975475595 130.04853618258005 118.0 127.0 39.0
16.542007387479455 33.442340050407786 130.04593336529777 116.0 122.0 44.0
16.542070963603468 33.87020034605962 130.04333054801552 88.0 91.0 38.0
16.968983904183368 30.875241852620817 130.08243973484178 97.0 109.0 35.0
16.969047480307378 31.30310214827265 130.07983691755953 131.0 140.0 42.0
16.96911105643139 31.73096244392448 130.07723410027725 136.0 146.0 40.0
16.9691746325554 32.15882273957631 130.07463128299497 132.0 142.0 43.0
16.969238208679414 32.586683035228134 130.0720284657127 122.0 134.0 41.0
16.96930178480342 33.01454333087997 130.06942564843044 119.0 130.0 41.0
16.969365360927434 33.4424036265318 130.06682283114816 109.0 110.0 41.0
17.396341877631343 30.87530542874483 130.10332920069217 127.0 136.0 56.0
17.396405453755357 31.30316572439666 130.1007263834099 132.0 143.0 47.0
17.396469029879366 31.731026020048493 130.0981235661276 130.0 142.0 39.0
17.39653260600338 32.15888631570032 130.09552074884536 130.0 142.0 44.0
17.39659618212739 32.58674661135215 130.09291793156308 123.0 133.0 44.0
17.3966597582514 33.01460690700398 130.09031511428083 105.0 115.0 41.0
17.823699851079322 30.87536900486884 130.12421866654253 145.0 152.0 72.0
17.823763427203332 31.303229300520673 130.12161584926025 145.0 153.0 59.0
17.823827003327345 31.731089596172502 130.119013031978 133.0 143.0 45.0
17.823890579451355 32.15894989182433 130.11641021469572 133.0 142.0 50.0
17.823954155575368 32.58681018747616 130.11380739741344 128.0 134.0 52.0
17.824017731699378 33.01467048312799 130.11120458013116 79.0 86.0 34.0
18.251057824527297 30.875432580992854 130.14510813239292 128.0 136.0 66.0
18.25112140065131 31.303292876644683 130.14250531511064 139.0 148.0 58.0
18.25118497677532 31.731153172296516 130.1399024978284 131.0 140.0 48.0
18.251248552899334 32.15901346794834 130.13729968054608 130.0 140.0 51.0
18.251312129023347 32.586873763600174 130.13469686326383 127.0 134.0 55.0
18.678415797975276 30.875496157116864 130.16599759824328 93.0 97.0 57.0
18.67847937409929 31.303356452768696 130.163394780961 135.0 144.0 64.0
18.6785429502233 31.731216748420522 130.16079196367875 129.0 140.0 52.0
18.678606526347313 32.159077044072355 130.15818914639647 129.0 139.0 58.0
18.678670102471322 32.58693733972418 130.1555863291142 89.0 94.0 42.0
19.105837347547265 31.30342002889271 130.1842842468114 79.0 86.0 44.0
19.10590092367128 31.73128032454453 130.1816814295291 106.0 116.0 51.0
19.105964499795288 32.15914062019636 130.17907861224685 78.0 81.0 39.0
14.811495299465141 32.16110767623853 130.39753400563697 116.0 122.0 54.0
14.811558875589153 32.588967971890355 130.3949311883547 129.0 140.0 56.0
14.811622451713161 33.01682826754219 130.39232837107244 118.0 129.0 51.0
14.811686027837174 33.44468856319402 130.38972555379013 104.0 114.0 46.0
15.238789696789107 31.733310956710707 130.4210262887696 116.0 128.0 45.0
15.238853272913119 32.161171252362536 130.41842347148733 152.0 161.0 68.0
15.23891684903713 32.58903154801437 130.41582065420505 125.0 138.0 48.0
15.23898042516114 33.0168918436662 130.4132178369228 114.0 126.0 44.0
15.239044001285151 33.44475213931803 130.41061501964052 100.0 111.0 44.0
15.666020517989061 30.87765394153106 130.44712138918453 82.0 93.0 48.0
15.666084094113073 31.305514237182887 130.44451857190225 87.0 100.0 44.0
15.666147670237084 31.73337453283472 130.44191575462 102.0 116.0 41.0
15.666211246361097 32.16123482848655 130.4393129373377 122.0 134.0 48.0
15.666274822485109 32.58909512413838 130.43671012005544 126.0 137.0 44.0
15.666338398609117 33.016955419790214 130.43410730277316 110.0 122.0 37.0
15.666401974733128 33.44481571544203 130.4315044854909 92.0 103.0 39.0
16.09337849143704 30.877717517655068 130.46801085503492 80.0 93.0 39.0
16.09344206756105 31.3055778133069 130.4654080377526 103.0 116.0 42.0
16.093505643685063 31.73343810895873 130.46280522047036 119.0 132.0 43.0
16.093569219809073 32.16129840461056 130.46020240318808 113.0 127.0 35.0
16.093632795933086 32.589158700262395 130.45759958590583 112.0 125.0 34.0
16.093696372057096 33.01701899591421 130.45499676862354 104.0 116.0 31.0
16.093759948181106 33.444879291566046 130.45239395134126 99.0 109.0 37.0
16.09382352430512 33.87273958721788 130.44979113405898 87.0 94.0 41.0
16.520736464885015 30.87778109377908 130.48890032088525 83.0 96.0 35.0
16.52080004100903 31.30564138943091 130.486297503603 113.0 126.0 39.0
16.52086361713304 31.733501685082743 130.48369468632072 129.0 141.0 43.0
16.52092719325705 32.161361980734576 130.48109186903847 123.0 134.0 42.0
16.52099076938106 32.5892222763864 130.47848905175618 121.0 132.0 43.0
16.52105434550507 33.01708257203823 130.4758862344739 117.0 127.0 41.0
16.521117921629084 33.44494286769006 130.47328341719165 114.0 118.0 43.0
16.948094438332994 30.87784466990309 130.50978978673564 101.0 112.0 41.0
16.948158014457007 31.305704965554924 130.5071869694534 131.0 141.0 48.0
16.948221590581017 31.733565261206753 130.5045841521711 137.0 148.0 46.0
16.94828516670503 32.16142555685858 130.50198133488882 133.0 142.0 46.0
16.94834874282904 32.58928585251041 130.49937851760654 123.0 134.0 44.0
16.94841231895305 33.01714614816224 130.4967757003243 126.0 133.0 48.0
16.94847589507706 33.44500644381407 130.494172883042 118.0 115.0 45.0
17.375452411780973 30.877908246027104 130.53067925258603 114.0 122.0 54.0
17.375515987904983 31.305768541678933 130.52807643530375 142.0 152.0 58.0
17.375579564028996 31.733628837330766 130.52547361802146 146.0 155.0 54.0
17.375643140153006 32.161489132982595 130.5228708007392 143.0 152.0 55.0
17.37570671627702 32.58934942863442 130.52026798345693 127.0 136.0 48.0
17.375770292401025 33.01720972428625 130.51766516617468 116.0 124.0 48.0
17.80281038522895 30.877971822151114 130.55156871843639 112.0 117.0 59.0
17.80287396135296 31.305832117802947 130.5489659011541 141.0 150.0 61.0
17.80293753747697 31.733692413454776 130.54636308387185 142.0 152.0 55.0
17.803001113600985 32.1615527091066 130.54376026658957 143.0 151.0 57.0
17.803064689724994 32.589413004758434 130.5411574493073 130.0 138.0 52.0
17.803128265849004 33.01727330041027 130.53855463202504 106.0 113.0 46.0
18.230168358676927 30.878035398275127 130.57245818428677 109.0 115.0 61.0
18.230231934800937 31.305895693926956 130.5698553670045 140.0 148.0 65.0
18.23029551092495 31.73375598957879 130.5672525497222 140.0 149.0 56.0
18.23035908704896 32.161616285230615 130.56464973243993 138.0 148.0 60.0
18.230422663172973 32.58947658088245 130.56204691515768 134.0 142.0 60.0
18.230486239296983 33.01733687653427 130.5594440978754 88.0 92.0 42.0
18.657589908248916 31.30595927005097 130.59074483285485 135.0 143.0 71.0
18.657653484372926 31.733819565702795 130.5881420155726 131.0 141.0 55.0
18.65771706049694 32.16167986135463 130.58553919829032 126.0 136.0 55.0
18.657780636620952 32.589540157006454 130.58293638100807 116.0 122.0 55.0
19.084947881696895 31.30602284617498 130.61163429870524 97.0 103.0 60.0
19.085011457820904 31.733883141826805 130.60903148142296 110.0 121.0 56.0
14.790542257490758 31.735850197868967 130.82748687481308 76.0 81.0 30.0
14.79060583361477 32.163710493520796 130.82488405753082 123.0 134.0 47.0
15.217836654814723 31.308053478341147 130.85097915794574 89.0 99.0 43.0
15.217900230938735 31.73591377399298 130.84837634066346 111.0 123.0 47.0
15.217963807062747 32.16377406964481 130.8457735233812 123.0 135.0 49.0
15.218027383186758 32.59163436529664 130.8431707060989 129.0 140.0 49.0
15.218090959310766 33.019494660948475 130.84056788881665 113.0 126.0 41.0
15.218154535434778 33.4473549566003 130.83796507153437 95.0 107.0 38.0
15.218218111558791 33.875215252252126 130.83536225425212 79.0 84.0 39.0
15.645131052138689 30.880256758813335 130.87447144107838 83.0 94.0 50.0
15.6451946282627 31.30811705446516 130.8718686237961 94.0 106.0 50.0
15.645258204386712 31.73597735011699 130.86926580651382 118.0 129.0 56.0
15.645321780510724 32.16383764576882 130.86666298923157 118.0 129.0 48.0
15.645385356634735 32.591697941420655 130.8640601719493 123.0 134.0 45.0
15.645448932758745 33.01955823707248 130.86145735466704 109.0 122.0 37.0
15.645512508882756 33.447418532724306 130.85885453738476 89.0 101.0 36.0
16.072489025586666 30.88032033493734 130.89536090692877 74.0 86.0 38.0
16.07255260171068 31.30818063058917 130.89275808964646 103.0 115.0 46.0
16.07261617783469 31.736040926241003 130.8901552723642 121.0 133.0 48.0
16.072679753958703 32.163901221892836 130.88755245508193 118.0 129.0 40.0
16.072743330082712 32.59176151754466 130.88494963779968 117.0 128.0 39.0
16.072806906206722 33.01962181319649 130.8823468205174 104.0 116.0 33.0
16.072870482330732 33.44748210884832 130.87974400323512 89.0 100.0 33.0
16.499846999034645 30.88038391106135 130.91625037277913 84.0 96.0 41.0
16.499910575158655 31.308244206713184 130.91364755549685 110.0 123.0 42.0
16.499974151282668 31.736104502365013 130.9110447382146 119.0 132.0 42.0
16.500037727406678 32.16396479801684 130.90844192093232 118.0 132.0 40.0
16.50010130353069 32.591825093668675 130.90583910365004 118.0 129.0 44.0
16.5001648796547 33.0196853893205 130.90323628636776 116.0 125.0 42.0
16.50022845577871 33.44754568497233 130.9006334690855 111.0 115.0 44.0
16.92720497248262 30.880447487185364 130.9371398386295 71.0 82.0 29.0
16.927268548606634 31.308307782837193 130.93453702134724 119.0 131.0 43.0
16.927332124730643 31.736168078489026 130.93193420406493 137.0 144.0 47.0
16.927395700854657 32.164028374140855 130.92933138678268 123.0 135.0 43.0
16.927459276978666 32.59188866979268 130.9267285695004 122.0 133.0 46.0
16.927522853102676 33.01974896544451 130.92412575221815 124.0 131.0 49.0
16.92758642922669 33.447609261096346 130.92152293493587 125.0 127.0 55.0
17.354626522054613 31.308371358961207 130.9554264871976 132.0 141.0 57.0
17.354690098178622 31.736231654613036 130.95282366991532 145.0 154.0 59.0
17.354753674302636 32.16409195026487 130.95022085263307 132.0 142.0 50.0
17.354817250426645 32.591952245916694 130.94761803535079 130.0 139.0 49.0
17.354880826550655 33.01981254156853 130.9450152180685 127.0 136.0 53.0
17.354944402674665 33.44767283722035 130.94241240078622 108.0 114.0 54.0
17.781984495502588 31.30843493508522 130.976315953048 147.0 155.0 71.0
17.7820480716266 31.73629523073705 130.9737131357657 148.0 157.0 63.0
17.78211164775061 32.164155526388875 130.97111031848345 142.0 152.0 57.0
17.782175223874624 32.59201582204071 130.96850750120115 138.0 145.0 57.0
17.78223879999863 33.01987611769253 130.9659046839189 126.0 132.0 55.0
18.209342468950567 31.30849851120923 130.99720541889835 143.0 149.0 78.0
18.209406045074576 31.736358806861062 130.99460260161607 146.0 154.0 67.0
18.20946962119859 32.16421910251289 130.99199978433379 144.0 152.0 65.0
18.2095331973226 32.592079398164714 130.98939696705153 141.0 149.0 65.0
18.20959677344661 33.019939693816546 130.98679414976925 117.0 122.0 56.0
18.636700442398542 31.308562087333243 131.0180948847487 134.0 141.0 78.0
18.636764018522555 31.736422382985065 131.01549206746645 140.0 148.0 71.0
18.636827594646565 32.164282678636894 131.01288925018417 139.0 146.0 70.0
18.63689117077058 32.59214297428873 131.01028643290192 125.0 132.0 65.0
19.06405841584652 31.308625663457253 131.0389843505991 89.0 93.0 58.0
19.06412199197053 31.73648595910908 131.03638153331684 120.0 127.0 71.0
19.064185568094544 32.16434625476091 131.03377871603456 85.0 90.0 49.0
15.197074341212375 32.166376886927075 131.27312357527506 119.0 130.0 50.0
15.197137917336386 32.59423718257891 131.27052075799276 135.0 145.0 54.0
15.197201493460394 33.02209747823074 131.2679179407105 126.0 137.0 45.0
15.624241586288317 30.8828595760956 131.30182149297224 82.0 89.0 53.0
15.624305162412329 31.310719871747427 131.29921867568999 87.0 95.0 54.0
15.62436873853634 31.738580167399256 131.29661585840768 80.0 85.0 43.0
15.624432314660352 32.16644046305109 131.29401304112542 106.0 116.0 48.0
15.624495890784363 32.59430075870292 131.29141022384314 123.0 133.0 50.0
15.624559466908371 33.022161054354754 131.2888074065609 120.0 129.0 44.0
15.624623043032383 33.45002135000657 131.2862045892786 105.0 111.0 37.0
16.051663135860306 31.310783447871437 131.32010814154032 89.0 99.0 48.0
16.05172671198432 31.73864374352327 131.31750532425806 121.0 129.0 60.0
16.05179028810833 32.1665040391751 131.31490250697578 130.0 138.0 50.0
16.051853864232342 32.594364334826935 131.31229968969353 128.0 136.0 52.0
16.05191744035635 33.02222463047875 131.30969687241125 120.0 125.0 45.0
16.05198101648036 33.450084926130586 131.30709405512897 107.0 112.0 43.0
16.479021109308285 31.31084702399545 131.3409976073907 81.0 92.0 35.0
16.479084685432294 31.738707319647283 131.33839479010845 111.0 121.0 47.0
16.479148261556308 32.166567615299115 131.33579197282617 126.0 132.0 50.0
16.479211837680317 32.59442791095094 131.3331891555439 122.0 130.0 49.0
16.479275413804327 33.02228820660277 131.3305863382616 107.0 118.0 42.0
16.479338989928337 33.4501485022546 131.32798352097936 96.0 100.0 37.0
16.90637908275626 31.310910600119463 131.3618870732411 95.0 104.0 42.0
16.906442658880273 31.738770895771292 131.3592842559588 121.0 129.0 47.0
16.906506235004283 32.16663119142312 131.35668143867653 115.0 125.0 45.0
16.906569811128296 32.59449148707495 131.35407862139428 120.0 130.0 48.0
16.906633387252302 33.02235178272678 131.351475804112 120.0 129.0 51.0
16.906696963376316 33.45021207837861 131.34887298682975 110.0 116.0 51.0
17.33373705620424 31.310974176243473 131.38277653909145 105.0 111.0 52.0
17.33380063232825 31.738834471895306 131.38017372180917 137.0 144.0 61.0
17.333864208452262 32.166694767547135 131.37757090452692 117.0 126.0 46.0
17.33392778457627 32.59455506319896 131.37496808724464 131.0 138.0 55.0
17.33399136070028 33.02241535885079 131.37236526996236 132.0 139.0 60.0
17.334054936824295 33.45027565450262 131.36976245268008 118.0 124.0 64.0
17.761095029652214 31.311037752367486 131.40366600494184 119.0 122.0 65.0
17.761158605776227 31.738898048019315 131.40106318765956 145.0 151.0 73.0
17.76122218190024 32.16675834367114 131.39846037037728 139.0 147.0 60.0
17.76128575802425 32.594618639322974 131.395857553095 136.0 143.0 59.0
17.76134933414826 33.0224789349748 131.39325473581275 137.0 143.0 63.0
17.76141291027227 33.45033923062663 131.39065191853047 84.0 86.0 44.0
18.188453003100193 31.311101328491496 131.4245554707922 119.0 123.0 74.0
18.188516579224206 31.73896162414333 131.42195265350992 145.0 152.0 76.0
18.188580155348216 32.166821919795154 131.41934983622767 145.0 151.0 71.0
18.18864373147223 32.59468221544698 131.4167470189454 146.0 152.0 73.0
18.188707307596236 33.02254251109881 131.41414420166313 124.0 128.0 63.0
18.615810976548172 31.31116490461551 131.44544493664256 94.0 96.0 63.0
18.61587455267218 31.73902520026733 131.4428421193603 140.0 146.0 84.0
18.615938128796195 32.16688549591916 131.44023930207803 140.0 145.0 80.0
18.616001704920205 32.59474579157099 131.43763648479577 126.0 131.0 74.0
19.04323252612016 31.739088776391345 131.4637315852107 108.0 112.0 72.0
19.04329610224417 32.166949072043174 131.4611287679284 91.0 93.0 60.0
15.603542848809976 32.16904328033336 131.72136309301928 106.0 112.0 51.0
15.603606424933988 32.596903575985195 131.718760275737 140.0 151.0 64.0
15.603670001057996 33.02476387163702 131.71615745845475 133.0 142.0 50.0
15.603733577182007 33.452624167288846 131.71355464117246 126.0 128.0 45.0
16.03083724613394 31.741246560805543 131.74485537615192 102.0 107.0 57.0
16.030900822257955 32.169106856457375 131.74225255886967 136.0 146.0 69.0
16.030964398381965 32.5969671521092 131.73964974158739 128.0 136.0 54.0
16.031027974505974 33.02482744776103 131.7370469243051 134.0 140.0 54.0
16.031091550629984 33.45268774341286 131.73444410702282 119.0 121.0 43.0
16.031155126753998 33.88054803906469 131.73184128974057 87.0 81.0 31.0
16.45825879570593 32.16917043258138 131.76314202472 127.0 133.0 56.0
16.458322371829944 32.597030728233214 131.76053920743774 118.0 127.0 50.0
16.45838594795395 33.02489102388504 131.75793639015546 107.0 117.0 41.0
16.458449524077963 33.45275131953687 131.7553335728732 96.0 106.0 40.0
16.88561676915391 32.169234008705395 131.78403149057038 123.0 131.0 59.0
16.88568034527792 32.59709430435722 131.78142867328813 123.0 131.0 54.0
16.88574392140193 33.02495460000905 131.77882585600585 118.0 127.0 52.0
16.885807497525942 33.452814895660886 131.7762230387236 102.0 111.0 50.0
17.312911166477875 31.741437289177576 131.80752377370302 117.0 121.0 63.0
17.312974742601885 32.16929758482941 131.80492095642077 127.0 134.0 62.0
17.313038318725898 32.597157880481234 131.8023181391385 137.0 145.0 67.0
17.313101894849908 33.02501817613307 131.7997153218562 140.0 148.0 70.0
17.313165470973917 33.45287847178489 131.79711250457396 117.0 124.0 66.0
17.740269139925854 31.74150086530159 131.8284132395534 137.0 141.0 79.0
17.740332716049863 32.169361160953414 131.82581042227113 140.0 146.0 72.0
17.740396292173877 32.59722145660525 131.82320760498885 145.0 152.0 75.0
17.740459868297883 33.02508175225707 131.8206047877066 144.0 152.0 76.0
17.740523444421896 33.452942047908905 131.81800197042432 109.0 115.0 64.0
18.16762711337383 31.7415644414256 131.84930270540377 144.0 149.0 87.0
18.167690689497842 32.16942473707743 131.84669988812152 143.0 150.0 76.0
18.167754265621852 32.59728503272925 131.84409707083924 143.0 149.0 74.0
18.167817841745862 33.025145328381086 131.841494253557 119.0 125.0 62.0
18.594985086821808 31.741628017549605 131.87019217125416 134.0 139.0 85.0
18.595048662945818 32.169488313201434 131.86758935397188 136.0 141.0 77.0
18.59511223906983 32.59734860885327 131.86498653668963 118.0 123.0 64.0
19.022343060269783 31.741691593673618 131.89108163710455 89.0 92.0 54.0
16.009884204159558 31.315989082435983 132.17480824532805 75.0 83.0 47.0
16.009947780283568 31.743849378087816 132.17220542804577 87.0 88.0 57.0
16.01001135640758 32.17170967373965 132.16960261076352 164.0 170.0 97.0
16.010074932531595 32.599569969391474 132.16699979348124 124.0 134.0 53.0
16.0101385086556 33.0274302650433 132.16439697619896 116.0 125.0 39.0
16.010202084779614 33.45529056069513 132.16179415891668 97.0 97.0 31.0
16.010265660903624 33.883150856346965 132.15919134163443 107.0 100.0 37.0
16.43736932985556 32.171773249863655 132.19049207661388 139.0 147.0 78.0
16.43743290597957 32.59963354551549 132.1878892593316 111.0 122.0 46.0
16.43749648210358 33.02749384116731 132.18528644204935 102.0 115.0 40.0
16.43756005822759 33.455354136819146 132.18268362476707 93.0 105.0 41.0
16.864727303303535 32.17183682598767 132.21138154246424 120.0 129.0 64.0
16.86479087942755 32.599697121639494 132.208778725182 116.0 124.0 52.0
16.864854455551555 33.02755741729133 132.2061759078997 97.0 108.0 39.0
16.86491803167557 33.45541771294315 132.20357309061743 78.0 90.0 37.0
17.292085276751514 32.17190040211168 132.23227100831463 132.0 137.0 77.0
17.292148852875524 32.59976069776351 132.22966819103237 131.0 138.0 65.0
17.292212428999534 33.02762099341533 132.22706537375007 121.0 129.0 55.0
17.71944325019949 32.17196397823569 132.25316047416499 153.0 157.0 98.0
17.719506826323503 32.59982427388751 132.25055765688273 168.0 175.0 96.0
17.719570402447513 33.027684569539346 132.24795483960045 162.0 172.0 91.0
17.719633978571522 33.45554486519118 132.2453520223182 87.0 93.0 48.0
18.14680122364747 32.172027554359694 132.27404994001537 132.0 135.0 84.0
18.146864799771482 32.59988785001153 132.2714471227331 156.0 161.0 92.0
18.146928375895488 33.02774814566336 132.26884430545084 157.0 164.0 89.0
18.574222773219457 32.59995142613554 132.29233658858345 88.0 92.0 44.0
15.98912189055721 32.174312491021915 132.59695266265737 167.0 169.0 94.0
15.98918546668122 32.60217278667375 132.59434984537506 136.0 148.0 60.0
16.416479864005186 32.17437606714593 132.61784212850773 140.0 145.0 81.0
16.416543440129196 32.60223636279776 132.61523931122545 113.0 127.0 50.0
16.416607016253206 33.03009665844959 132.6126364939432 118.0 132.0 49.0
16.41667059237722 33.45795695410142 132.61003367666092 101.0 114.0 44.0
16.41673416850123 33.885817249753245 132.60743085937867 84.0 95.0 40.0
16.843837837453165 32.17443964326994 132.6387315943581 99.0 107.0 54.0
16.843901413577175 32.60229993892177 132.63612877707584 112.0 122.0 51.0
16.843964989701185 33.0301602345736 132.63352595979356 103.0 115.0 43.0
17.27119581090114 32.174503219393955 132.65962106020848 111.0 114.0 65.0
17.271259387025154 32.60236351504578 132.6570182429262 123.0 129.0 61.0
17.27132296314916 33.030223810697606 132.65441542564392 91.0 98.0 35.0
17.69855378434912 32.17456679551796 132.68051052605884 142.0 142.0 103.0
17.69861736047313 32.60242709116979 132.6779077087766 177.0 182.0 119.0
17.69868093659714 33.03028738682162 132.6753048914943 133.0 139.0 70.0
18.125975333921108 32.6024906672938 132.69879717462695 178.0 181.0 124.0
18.126038910045118 33.03035096294563 132.6961943573447 152.0 159.0 90.0
18.553333307369083 32.60255424341781 132.7196866404773 97.0 98.0 57.0
16.395590398154813 32.1769788844282 133.04519218040159 131.0 138.0 79.0
16.395653974278826 32.604839180080035 133.0425893631193 138.0 148.0 69.0
16.395717550402836 33.03269947573186 133.03998654583705 145.0 156.0 65.0
16.395781126526845 33.460559771383686 133.03738372855477 123.0 129.0 53.0
16.82294837160279 32.177042460552215 133.06608164625197 114.0 121.0 67.0
16.8230119477268 32.60490275620404 133.0634788289697 120.0 128.0 57.0
16.82307552385081 33.032763051855866 133.06087601168744 125.0 134.0 56.0
16.823139099974824 33.4606233475077 133.05827319440513 93.0 101.0 43.0
17.25030634505077 32.17710603667623 133.08697111210233 84.0 87.0 52.0
17.25036992117478 32.60496633232805 133.08436829482005 90.0 94.0 39.0
17.67772789462276 32.60502990845206 133.10525776067044 127.0 129.0 80.0
18.105085868070734 32.605093484576074 133.12614722652083 98.0 94.0 69.0
16.802058905752414 32.17964527783449 133.49343169814583 82.0 87.0 46.0
16.802122481876427 32.607505573486314 133.49082888086355 115.0 124.0 52.0
16.802186058000437 33.03536586913814 133.48822606358127 126.0 135.0 56.0
16.802249634124447 33.46322616478997 133.48562324629899 112.0 120.0 53.0
