17.815249318675008 27.931429062320348 77.74471398862569 77.0 83.0 38.0
17.25249966293671 27.363561387909442 78.20862329315918 85.0 91.0 48.0
17.251434427355417 27.89596678875658 78.24515080230424 102.0 112.0 42.0
17.78418659982712 27.894901553175284 78.27621352115212 125.0 134.0 61.0
17.783121364245822 28.427306954022416 78.31274103029719 127.0 140.0 51.0
18.315873536717525 28.42624171844112 78.34380374914508 127.0 140.0 47.0
16.686554300454524 28.392909916039947 78.78211512512785 126.0 137.0 60.0
17.221436944088822 27.32703387876438 78.74012282568562 77.0 82.0 43.0
17.220371708507525 27.859439279611518 78.77665033483068 125.0 137.0 51.0
17.21930647292623 28.39184468045865 78.81317784397574 130.0 145.0 44.0
17.75312388097923 27.858374044030224 78.80771305367855 123.0 136.0 46.0
17.752058645397934 28.390779444877356 78.84424056282363 144.0 158.0 56.0
18.285876053450934 27.857308808448927 78.83877577252646 102.0 119.0 30.0
18.284810817869637 28.38971420929606 78.87530328167152 137.0 150.0 51.0
18.28374558228834 28.9221196101432 78.91183079081657 146.0 164.0 56.0
18.817562990341344 28.388648973714762 78.9063660005194 71.0 84.0 25.0
16.65549158160664 28.356382406894884 79.31361465765428 129.0 141.0 69.0
17.190374225240934 27.290506369619315 79.27162235821206 82.0 86.0 53.0
17.189308989659636 27.822911770466455 79.30814986735712 127.0 142.0 64.0
17.18824375407834 28.355317171313587 79.34467737650216 142.0 159.0 59.0
17.187178518497042 28.887722572160726 79.38120488564724 144.0 161.0 56.0
17.723126397712637 27.289441134038018 79.30268507705993 92.0 101.0 43.0
17.72206116213134 27.821846534885157 79.339212586205 111.0 124.0 38.0
17.720995926550046 28.35425193573229 79.37574009535007 133.0 148.0 45.0
17.71993069096875 28.88665733657943 79.41226760449513 144.0 164.0 52.0
18.254813334603046 27.82078129930386 79.3702753050529 97.0 116.0 25.0
18.25374809902175 28.353186700150992 79.40680281419795 129.0 145.0 39.0
18.25268286344045 28.88559210099813 79.443330323343 151.0 172.0 53.0
18.786500271493452 28.3521214645697 79.43786553304584 109.0 123.0 36.0
18.78543503591216 28.884526865416838 79.47439304219091 112.0 125.0 42.0
18.78436980033086 29.41693226626397 79.51092055133597 106.0 120.0 36.0
16.624428862758748 28.31985489774982 79.84511419018072 120.0 132.0 60.0
16.62336362717745 28.852260298596963 79.88164169932578 142.0 160.0 67.0
17.15931150639305 27.253978860474255 79.8031218907385 93.0 96.0 62.0
17.158246270811752 27.786384261321395 79.83964939988354 120.0 131.0 63.0
17.157181035230455 28.318789662168527 79.8761769090286 149.0 167.0 67.0
17.156115799649157 28.851195063015666 79.91270441817367 150.0 170.0 62.0
17.692063678864752 27.252913624892958 79.83418460958637 82.0 89.0 39.0
17.690998443283455 27.785319025740097 79.87071211873143 120.0 134.0 41.0
17.689933207702158 28.31772442658723 79.9072396278765 134.0 150.0 41.0
17.688867972120864 28.85012982743437 79.94376713702157 145.0 164.0 51.0
17.687802736539567 29.3825352282815 79.98029464616661 131.0 147.0 43.0
18.22375061575516 27.7842537901588 79.90177483757932 120.0 135.0 37.0
18.222685380173864 28.316659191005932 79.93830234672438 132.0 150.0 36.0
18.221620144592567 28.84906459185307 79.97482985586944 148.0 166.0 47.0
18.22055490901127 29.381469992700204 80.01135736501452 132.0 148.0 41.0
18.755437552645567 28.315593955424635 79.96936506557228 86.0 108.0 19.0
18.75437231706427 28.847999356271774 80.00589257471734 109.0 124.0 32.0
18.753307081482976 29.380404757118907 80.0424200838624 120.0 132.0 40.0
18.75224184590168 29.912810157966046 80.07894759300746 80.0 98.0 22.0
16.593366143910863 28.283327388604757 80.37661372270716 111.0 122.0 61.0
16.592300908329566 28.815732789451896 80.41314123185222 129.0 139.0 62.0
16.59123567274827 29.34813819029903 80.44966874099728 144.0 160.0 71.0
17.12824878754516 27.21745135132919 80.33462142326492 93.0 99.0 55.0
17.127183551963864 27.749856752176328 80.37114893240998 144.0 158.0 75.0
17.126118316382566 28.28226215302346 80.40767644155504 169.0 185.0 83.0
17.12505308080127 28.8146675538706 80.44420395070011 143.0 162.0 56.0
17.123987845219972 29.34707295471773 80.48073145984517 140.0 154.0 52.0
17.661000960016864 27.21638611574789 80.36568414211281 78.0 88.0 34.0
17.659935724435567 27.74879151659503 80.40221165125787 130.0 144.0 50.0
17.65887048885427 28.281196917442163 80.43873916040295 135.0 151.0 45.0
17.657805253272972 28.813602318289306 80.47526666954799 143.0 159.0 54.0
17.65674001769168 29.346007719136438 80.51179417869305 136.0 149.0 52.0
17.65567478211038 29.878413119983577 80.54832168783813 128.0 142.0 51.0
18.19268789690727 27.747726281013737 80.43327437010576 114.0 130.0 34.0
18.191622661325976 28.28013168186087 80.46980187925082 123.0 140.0 34.0
18.19055742574468 28.81253708270801 80.50632938839588 87.0 108.0 22.0
18.18949219016338 29.34494248355514 80.54285689754096 117.0 130.0 43.0
18.188426954582084 29.87734788440228 80.57938440668602 93.0 108.0 34.0
18.72437483379768 28.279066446279572 80.5008645980987 103.0 117.0 33.0
18.72330959821638 28.81147184712671 80.53739210724378 93.0 109.0 26.0
18.722244362635085 29.343877247973843 80.57391961638884 92.0 107.0 29.0
18.721179127053787 29.876282648820983 80.6104471255339 88.0 104.0 29.0
16.56230342506297 28.246799879459697 80.90811325523359 91.0 96.0 54.0
16.561238189481678 28.779205280306837 80.94464076437866 87.0 93.0 47.0
16.56017295390038 29.31161068115397 80.98116827352372 117.0 126.0 62.0
16.559107718319083 29.844016082001108 81.01769578266878 110.0 117.0 67.0
17.096120833115975 27.713329243031268 80.90264846493642 144.0 158.0 79.0
17.095055597534678 28.2457346438784 80.9391759740815 163.0 180.0 80.0
17.09399036195338 28.77814004472554 80.97570348322655 143.0 162.0 56.0
17.092925126372084 29.31054544557267 81.01223099237161 138.0 153.0 51.0
17.091859890790786 29.84295084641981 81.04875850151669 143.0 162.0 55.0
17.629938241168976 27.17985860660283 80.89718367463925 84.0 94.0 37.0
17.62887300558768 27.71226400744997 80.9337111837843 126.0 140.0 49.0
17.62780777000638 28.244669408297103 80.97023869292937 128.0 143.0 43.0
17.626742534425084 28.777074809144242 81.00676620207443 129.0 145.0 39.0
17.625677298843787 29.309480209991374 81.0432937112195 130.0 145.0 46.0
17.624612063262493 29.841885610838514 81.07982122036456 136.0 150.0 51.0
18.16162517805938 27.711198771868673 80.9647739026322 121.0 136.0 40.0
18.160559942478084 28.243604172715806 81.00130141177726 128.0 144.0 40.0
18.15949470689679 28.776009573562945 81.03782892092234 117.0 134.0 30.0
18.158429471315493 29.308414974410077 81.07435643006738 123.0 138.0 41.0
18.157364235734196 29.840820375257216 81.11088393921244 119.0 132.0 44.0
18.1562990001529 30.37322577610436 81.14741144835752 134.0 146.0 53.0
18.69331211494979 28.24253893713451 81.03236413062514 108.0 120.0 39.0
18.692246879368493 28.77494433798165 81.06889163977021 89.0 108.0 24.0
18.691181643787196 29.30734973882878 81.10541914891527 87.0 105.0 24.0
18.6901164082059 29.839755139675923 81.14194665806035 92.0 109.0 27.0
18.689051172624602 30.372160540523062 81.17847416720541 113.0 127.0 39.0
19.224999051840197 28.773879102400354 81.0999543586181 74.0 82.0 29.0
19.2239338162589 29.306284503247486 81.13648186776315 74.0 90.0 22.0
16.531240706215083 28.21027237031463 81.43961278776003 85.0 92.0 50.0
16.530175470633786 28.74267777116177 81.4761402969051 74.0 81.0 36.0
16.528044999471195 29.807488572856045 81.54919531519522 125.0 133.0 73.0
16.526979763889898 30.339893973703184 81.5857228243403 134.0 141.0 82.0
17.065058114268084 27.6768017338862 81.43414799746286 148.0 161.0 85.0
17.063992878686786 28.209207134733333 81.47067550660793 155.0 171.0 77.0
17.062927643105493 28.741612535580476 81.50720301575299 142.0 160.0 58.0
17.061862407524195 29.274017936427608 81.54373052489804 121.0 134.0 46.0
17.060797171942898 29.806423337274747 81.58025803404311 146.0 164.0 66.0
17.0597319363616 30.338828738121887 81.61678554318817 162.0 179.0 77.0
17.59781028673979 27.675736498304907 81.46521071631075 129.0 143.0 50.0
17.596745051158493 28.20814189915204 81.50173822545581 133.0 150.0 40.0
17.595679815577196 28.74054729999918 81.53826573460087 142.0 159.0 42.0
17.5946145799959 29.27295270084631 81.57479324374594 128.0 144.0 37.0
17.5935493444146 29.80535810169345 81.611320752891 142.0 159.0 50.0
17.592484108833304 30.33776350254059 81.64784826203606 167.0 183.0 73.0
18.130562459211493 27.67467126272361 81.49627343515864 132.0 149.0 37.0
18.129497223630196 28.207076663570742 81.5328009443037 144.0 162.0 38.0
18.1284319880489 28.73948206441788 81.56932845344876 137.0 157.0 31.0
18.1273667524676 29.271887465265014 81.60585596259382 125.0 144.0 31.0
18.126301516886308 29.804292866112153 81.64238347173888 120.0 138.0 32.0
18.12523628130501 30.336698266959292 81.67891098088396 144.0 163.0 49.0
18.6622493961019 28.206011427989445 81.5638636631516 104.0 118.0 36.0
18.661184160520605 28.738416828836584 81.60039117229665 127.0 143.0 42.0
18.660118924939308 29.270822229683716 81.63691868144171 123.0 138.0 41.0
18.65905368935801 29.803227630530856 81.67344619058679 97.0 116.0 26.0
18.657988453776714 30.335633031377995 81.70997369973183 117.0 133.0 36.0
19.19287109741101 29.26975699410242 81.6679814002896 79.0 88.0 31.0
19.190740626248417 30.334567795796698 81.74103641857972 73.0 91.0 19.0
16.500177987367195 28.17374486116957 81.97111232028647 93.0 100.0 58.0
16.4991127517859 28.70615026201671 82.00763982943154 88.0 94.0 52.0
16.49591704504201 30.30336646455812 82.11722235686673 87.0 91.0 58.0
17.0339953954202 27.64027422474114 81.9656475299893 141.0 154.0 84.0
17.0329301598389 28.172679625588273 82.00217503913436 153.0 168.0 80.0
17.031864924257604 28.705085026435412 82.03870254827942 146.0 166.0 62.0
17.030799688676307 29.237490427282545 82.07523005742448 123.0 137.0 44.0
17.02973445309501 29.769895828129684 82.11175756656955 122.0 134.0 49.0
17.028669217513713 30.302301228976823 82.14828507571461 160.0 175.0 84.0
17.5667475678919 27.639208989159844 81.99671024883719 134.0 146.0 59.0
17.565682332310605 28.171614390006976 82.03323775798225 133.0 148.0 43.0
17.564617096729307 28.704019790854115 82.06976526712731 138.0 156.0 39.0
17.56355186114801 29.236425191701247 82.10629277627238 119.0 135.0 32.0
17.562486625566713 29.768830592548387 82.14282028541744 123.0 138.0 40.0
17.561421389985416 30.30123599339553 82.17934779456249 134.0 147.0 52.0
18.099499740363605 27.638143753578547 82.02777296768507 103.0 118.0 31.0
18.098434504782308 28.17054915442568 82.06430047683013 137.0 155.0 37.0
18.09736926920101 28.70295455527282 82.1008279859752 143.0 161.0 35.0
18.096304033619713 29.235359956119954 82.13735549512026 132.0 151.0 34.0
18.095238798038416 29.767765356967093 82.17388300426532 124.0 142.0 32.0
18.094173562457122 30.300170757814232 82.2104105134104 127.0 145.0 34.0
18.63118667725401 28.169483918844385 82.09536319567803 108.0 122.0 36.0
18.630121441672713 28.701889319691524 82.13189070482309 140.0 157.0 49.0
18.62905620609142 29.234294720538657 82.16841821396815 115.0 131.0 34.0
18.627990970510123 29.766700121385796 82.20494572311321 108.0 125.0 29.0
18.626925734928825 30.299105522232935 82.24147323225827 92.0 113.0 22.0
19.161808378563123 29.23322948495736 82.19948093281604 68.0 85.0 18.0
19.160743142981826 29.7656348858045 82.2360084419611 67.0 90.0 13.0
17.002932676572307 27.60374671559608 82.49714706251572 142.0 153.0 86.0
17.001867440991013 28.136152116443213 82.5336745716608 148.0 163.0 77.0
17.000802205409716 28.668557517290353 82.57020208080586 147.0 164.0 65.0
16.99973696982842 29.200962918137485 82.60672958995092 134.0 147.0 53.0
16.99867173424712 29.733368318984624 82.64325709909599 119.0 134.0 39.0
17.535684849044014 27.602681480014784 82.52820978136363 125.0 135.0 62.0
17.534619613462716 28.135086880861916 82.56473729050869 140.0 153.0 59.0
17.533554377881423 28.667492281709055 82.60126479965375 129.0 145.0 43.0
17.532489142300125 29.199897682556188 82.63779230879881 111.0 126.0 32.0
17.531423906718828 29.732303083403327 82.67431981794387 112.0 130.0 30.0
17.53035867113753 30.264708484250466 82.71084732708893 84.0 104.0 22.0
18.06843702151572 27.601616244433487 82.5592725002115 72.0 83.0 29.0
18.067371785934423 28.13402164528062 82.59580000935657 131.0 146.0 48.0
18.066306550353126 28.666427046127758 82.63232751850164 131.0 148.0 37.0
18.06524131477183 29.19883244697489 82.6688550276467 121.0 139.0 29.0
18.06417607919053 29.73123784782203 82.70538253679176 112.0 133.0 25.0
18.063110843609234 30.26364324866917 82.74191004593683 116.0 134.0 30.0
18.59905872282483 28.66536181054646 82.66339023734952 124.0 140.0 37.0
18.59799348724353 29.197767211393593 82.69991774649458 111.0 128.0 30.0
18.596928251662238 29.730172612240732 82.73644525563965 99.0 121.0 22.0
18.59586301608094 30.262578013087875 82.77297276478471 100.0 120.0 24.0
19.12968042413394 29.72910737665944 82.76750797448754 70.0 94.0 13.0
19.128615188552644 30.261512777506578 82.8040354836326 59.0 83.0 10.0
16.971869957724422 27.567219206451014 83.02864659504216 97.0 103.0 63.0
16.970804722143125 28.099624607298146 83.06517410418724 161.0 174.0 91.0
16.969739486561828 28.632030008145286 83.1017016133323 159.0 174.0 80.0
16.96867425098053 29.164435408992418 83.13822912247737 141.0 153.0 61.0
16.967609015399233 29.69684080983956 83.17475663162243 111.0 123.0 44.0
16.966543779817936 30.2292462106867 83.21128414076749 109.0 120.0 57.0
17.504622130196125 27.566153970869717 83.05970931389007 126.0 134.0 69.0
17.503556894614828 28.09855937171685 83.09623682303511 144.0 158.0 65.0
17.50249165903353 28.630964772563992 83.13276433218017 148.0 164.0 54.0
17.501426423452234 29.163370173411124 83.16929184132525 125.0 141.0 37.0
17.50036118787094 29.695775574258263 83.2058193504703 125.0 141.0 38.0
17.499295952289643 30.228180975105403 83.24234685961538 134.0 149.0 47.0
18.03630906708653 28.097494136135555 83.127299541883 149.0 157.0 51.0
18.035243831505237 28.629899536982695 83.16382705102808 145.0 167.0 48.0
18.03417859592394 29.162304937829827 83.20035456017314 130.0 148.0 33.0
18.033113360342643 29.694710338676966 83.2368820693182 122.0 143.0 25.0
18.032048124761346 30.227115739524105 83.27340957846326 127.0 146.0 31.0
18.56799600397694 28.628834301401398 83.19488976987596 115.0 132.0 30.0
18.566930768395643 29.16123970224853 83.23141727902102 122.0 140.0 30.0
18.565865532814346 29.69364510309567 83.26794478816609 121.0 140.0 29.0
18.564800297233052 30.22605050394281 83.30447229731115 112.0 133.0 25.0
16.939742003295237 28.063097098153087 83.59667363671367 159.0 169.0 92.0
16.93867676771394 28.595502499000226 83.63320114585873 172.0 183.0 94.0
16.937611532132642 29.127907899847358 83.66972865500381 157.0 169.0 81.0
16.935481060970048 30.192718701541637 83.74278367329391 102.0 109.0 51.0
16.93441582538875 30.72512410238877 83.77931118243899 83.0 89.0 40.0
17.473559411348237 27.529626461724657 83.59120884641649 80.0 84.0 46.0
17.47249417576694 28.06203186257179 83.62773635556155 145.0 159.0 59.0
17.471428940185643 28.59443726341893 83.66426386470663 146.0 162.0 53.0
17.470363704604345 29.12684266426606 83.70079137385169 146.0 162.0 53.0
17.469298469023048 29.6592480651132 83.73731888299675 137.0 153.0 41.0
17.468233233441754 30.19165346596034 83.77384639214182 131.0 147.0 42.0
17.467167997860457 30.72405886680747 83.81037390128688 127.0 142.0 43.0
18.005246348238643 28.060966626990492 83.65879907440946 138.0 153.0 50.0
18.004181112657346 28.59337202783763 83.69532658355452 135.0 153.0 34.0
18.003115877076052 29.125777428684763 83.73185409269956 133.0 152.0 31.0
18.002050641494755 29.658182829531906 83.76838160184464 130.0 151.0 27.0
18.000985405913458 30.190588230379046 83.8049091109897 130.0 149.0 31.0
17.99992017033216 30.722993631226178 83.84143662013476 123.0 141.0 31.0
18.536933285129052 28.592306792256338 83.7263893024024 124.0 141.0 33.0
18.535868049547755 29.12471219310347 83.76291681154746 129.0 146.0 35.0
18.534802813966458 29.65711759395061 83.79944432069253 122.0 140.0 31.0
18.53373757838516 30.18952299479775 83.83597182983759 126.0 143.0 31.0
19.069685457600755 28.59124155667504 83.75745202125029 105.0 124.0 28.0
19.068620222019458 29.123646957522173 83.79397953039535 112.0 129.0 33.0
16.90867928444735 28.02656958900802 84.12817316924011 151.0 160.0 96.0
16.90761404886605 28.558974989855162 84.16470067838517 176.0 187.0 103.0
16.906548813284754 29.091380390702295 84.20122818753023 174.0 185.0 101.0
16.905483577703457 29.623785791549434 84.2377556966753 134.0 144.0 76.0
16.904418342122163 30.156191192396573 84.27428320582035 110.0 119.0 63.0
16.903353106540866 30.688596593243705 84.31081071496543 91.0 96.0 55.0
17.44143145691905 28.025504353426726 84.15923588808799 157.0 170.0 84.0
17.440366221337754 28.557909754273865 84.19576339723307 167.0 184.0 79.0
17.439300985756457 29.090315155120997 84.23229090637813 166.0 184.0 74.0
17.43823575017516 29.622720555968137 84.26881841552319 159.0 177.0 66.0
17.437170514593863 30.155125956815276 84.30534592466826 145.0 163.0 61.0
17.43610527901257 30.687531357662408 84.3418734338133 130.0 142.0 53.0
17.974183629390755 28.02443911784543 84.1902986069359 135.0 148.0 56.0
17.973118393809457 28.556844518692568 84.22682611608094 147.0 163.0 50.0
17.97205315822816 29.0892499195397 84.263353625226 147.0 170.0 49.0
17.970987922646867 29.62165532038684 84.29988113437108 148.0 167.0 41.0
17.96992268706557 30.15406072123398 84.33640864351614 129.0 148.0 33.0
17.968857451484272 30.68646612208111 84.3729361526612 129.0 146.0 37.0
18.505870566281164 28.55577928311127 84.25788883492883 133.0 148.0 42.0
18.504805330699867 29.088184683958403 84.29441634407391 142.0 158.0 41.0
18.50374009511857 29.620590084805542 84.33094385321897 140.0 157.0 37.0
18.502674859537272 30.15299548565268 84.36747136236401 135.0 153.0 35.0
18.501609623955975 30.685400886499814 84.40399887150909 131.0 149.0 33.0
19.038622738752867 28.554714047529973 84.28895155377671 126.0 140.0 46.0
16.876551330018163 28.5224474807101 84.6962002109116 160.0 162.0 104.0
16.875486094436866 29.05485288155723 84.73272772005667 187.0 195.0 115.0
16.87442085885557 29.58725828240437 84.76925522920173 125.0 132.0 78.0
16.87335562327427 30.119663683251513 84.80578273834679 133.0 139.0 90.0
16.872290387692974 30.652069084098642 84.84231024749187 91.0 96.0 63.0
17.410368738071167 27.988976844281662 84.69073542061443 107.0 113.0 57.0
17.40930350248987 28.5213822451288 84.7272629297595 181.0 190.0 98.0
17.408238266908572 29.053787645975934 84.76379043890456 189.0 197.0 97.0
17.407173031327275 29.586193046823077 84.80031794804962 186.0 197.0 94.0
17.406107795745978 30.118598447670216 84.83684545719468 164.0 179.0 84.0
17.40504256016468 30.651003848517348 84.87337296633974 142.0 153.0 65.0
17.942055674961573 28.520317009547508 84.75832564860738 152.0 165.0 57.0
17.940990439380275 29.05272241039464 84.79485315775244 151.0 170.0 57.0
17.93992520379898 29.58512781124178 84.83138066689752 160.0 180.0 61.0
17.938859968217685 30.11753321208892 84.86790817604258 124.0 141.0 34.0
17.937794732636387 30.64993861293605 84.90443568518764 125.0 141.0 37.0
18.474807847433276 28.51925177396621 84.78938836745527 120.0 134.0 40.0
18.473742611851982 29.051657174813343 84.82591587660035 142.0 158.0 42.0
18.472677376270685 29.584062575660482 84.8624433857454 148.0 168.0 44.0
16.845488611170275 28.485919971565036 85.22769974343804 97.0 96.0 66.0
16.844423375588978 29.018325372412168 85.26422725258311 155.0 157.0 105.0
16.84335814000768 29.550730773259307 85.30075476172817 134.0 139.0 93.0
17.378240783641978 28.48485473598374 85.25876246228594 158.0 161.0 96.0
17.377175548060684 29.01726013683087 85.29528997143099 191.0 197.0 107.0
17.376110312479387 29.54966553767801 85.33181748057605 183.0 196.0 98.0
17.37504507689809 30.08207093852515 85.36834498972112 143.0 155.0 66.0
17.373979841316793 30.61447633937228 85.40487249886618 129.0 139.0 59.0
17.910992956113684 28.48378950040244 85.28982518113382 85.0 95.0 33.0
17.909927720532387 29.016194901249573 85.32635269027888 154.0 171.0 59.0
17.90886248495109 29.548600302096713 85.36288019942396 148.0 166.0 51.0
17.907797249369793 30.081005702943852 85.39940770856902 128.0 145.0 37.0
17.906732013788496 30.613411103790984 85.43593521771406 127.0 144.0 35.0
16.81336065674109 28.981797863267104 85.79572678510955 135.0 137.0 103.0
17.346112829212792 28.98073262768581 85.82678950395743 201.0 209.0 131.0
17.3450475936315 29.51313802853295 85.86331701310249 181.0 192.0 104.0
17.3439823580502 30.04554342938009 85.89984452224756 134.0 143.0 65.0
17.342917122468904 30.57794883022722 85.93637203139262 123.0 134.0 55.0
17.8788650016845 28.979667392104513 85.85785222280532 149.0 161.0 63.0
17.8777997661032 29.512072792951653 85.8943797319504 149.0 165.0 54.0
17.315050110364904 28.944205118540744 86.35828903648387 126.0 132.0 80.0
17.313984874783607 29.476610519387883 86.39481654562894 109.0 117.0 65.0
17.31291963920231 30.009015920235022 86.431344054774 141.0 153.0 75.0
17.311854403621016 30.541421321082154 86.46787156391906 130.0 140.0 64.0
17.28292215593572 29.440083010242823 86.92631607815538 89.0 95.0 56.0
18.656923218195416 30.868038432225127 81.7465012088769 122.0 137.0 41.0
17.02760398193242 30.834706629823955 82.18481258485967 191.0 201.0 112.0
17.56035615440412 30.83364139424266 82.21587530370756 170.0 181.0 79.0
18.093108326875825 30.832576158661364 82.24693802255545 141.0 160.0 44.0
18.625860499347528 30.831510923080067 82.27800074140333 81.0 103.0 19.0
18.62479526376623 31.363916323927207 82.3145282505484 70.0 84.0 23.0
16.995476027503233 31.330584521526035 82.75283962653117 184.0 187.0 124.0
17.528228199974937 31.329519285944738 82.78390234537906 156.0 166.0 86.0
18.06204560802794 30.7960486495163 82.7784375550819 119.0 136.0 34.0
18.060980372446643 31.328454050363444 82.81496506422694 122.0 137.0 43.0
18.594797780499643 30.794983413935007 82.80950027392977 78.0 100.0 18.0
17.498230716708346 30.760586375952535 83.27887436876044 114.0 128.0 40.0
18.03098288918005 30.759521140371238 83.30993708760832 125.0 142.0 37.0
18.029917653598755 31.291926541218377 83.34646459675339 113.0 129.0 35.0
18.028852418017458 31.824331942065516 83.38299210589845 90.0 106.0 27.0
18.563735061651755 30.75845590478994 83.34099980645621 118.0 134.0 34.0
18.562669826070458 31.29086130563708 83.37752731560128 92.0 108.0 28.0
17.46610276227916 31.256464267654614 83.84690141043194 116.0 128.0 44.0
17.998854934750863 31.255399032073317 83.87796412927983 128.0 143.0 42.0
17.997789699169566 31.787804432920456 83.91449163842489 107.0 121.0 36.0
18.532672342803863 30.72192839564488 83.87249933898266 126.0 144.0 31.0
18.53160710722257 31.25433379649202 83.90902684812771 102.0 118.0 31.0
19.06542451527557 30.720863160063583 83.90356205783054 75.0 88.0 17.0
19.064359279694273 31.253268560910723 83.9400895669756 62.0 84.0 11.0
17.435040043431272 31.219936758509547 84.37840094295836 120.0 131.0 52.0
17.967792215902975 31.21887152292825 84.40946366180627 127.0 143.0 39.0
17.966726980321678 31.75127692377539 84.44599117095133 118.0 132.0 41.0
18.500544388374678 31.217806287346953 84.44052638065415 110.0 126.0 31.0
18.499479152793384 31.750211688194096 84.47705388979921 68.0 89.0 16.0
17.403977324583387 31.183409249364487 84.9099004754848 100.0 109.0 46.0
17.93672949705509 31.18234401378319 84.94096319433271 127.0 143.0 39.0
17.935664261473793 31.71474941463033 84.97749070347776 118.0 133.0 40.0
17.372914605735495 31.14688174021942 85.44140000801124 84.0 91.0 45.0
17.341851886887607 31.11035423107436 85.9728995405377 84.0 90.0 47.0
