1.183 11.610 77.560 76.000 88.000 46.000
1.584 11.610 77.553 136.000 150.000 89.000
0.790 11.211 77.969 99.000 117.000 60.000
0.790 11.612 77.967 72.000 86.000 44.000
1.190 11.211 77.962 86.000 107.000 44.000
1.190 11.612 77.960 85.000 105.000 45.000
1.591 11.612 77.953 104.000 122.000 55.000
1.591 12.012 77.951 75.000 82.000 52.000
0.797 11.213 78.370 108.000 126.000 64.000
0.797 11.614 78.368 86.000 103.000 49.000
1.198 11.213 78.362 89.000 111.000 44.000
1.198 11.614 78.361 86.000 107.000 42.000
1.598 11.213 78.355 88.000 112.000 39.000
1.598 11.614 78.353 88.000 111.000 41.000
1.598 12.014 78.352 97.000 113.000 55.000
1.998 11.614 78.346 126.000 144.000 67.000
0.404 11.616 78.775 71.000 81.000 47.000
0.804 11.215 78.770 101.000 120.000 56.000
0.804 11.616 78.768 94.000 113.000 51.000
0.804 12.016 78.766 86.000 101.000 50.000
1.205 11.215 78.763 96.000 119.000 45.000
1.205 11.616 78.761 92.000 116.000 42.000
1.205 12.016 78.759 94.000 116.000 47.000
1.605 11.215 78.756 104.000 129.000 44.000
1.605 11.616 78.754 100.000 124.000 44.000
1.605 12.016 78.752 106.000 126.000 53.000
2.005 11.215 78.749 118.000 140.000 53.000
2.005 11.615 78.747 116.000 137.000 53.000
2.005 12.016 78.745 120.000 136.000 67.000
2.406 11.615 78.740 127.000 142.000 68.000
2.406 12.016 78.738 95.000 102.000 64.000
0.411 11.617 79.175 77.000 90.000 46.000
0.812 10.817 79.172 114.000 136.000 59.000
0.812 11.217 79.170 94.000 116.000 49.000
0.811 11.617 79.168 97.000 118.000 51.000
0.811 12.018 79.166 114.000 132.000 67.000
0.811 12.418 79.165 74.000 82.000 50.000
1.212 10.817 79.165 117.000 141.000 53.000
1.212 11.217 79.163 94.000 120.000 41.000
1.212 11.617 79.161 95.000 121.000 42.000
1.212 12.018 79.159 129.000 150.000 69.000
1.212 12.418 79.157 147.000 160.000 100.000
1.612 10.817 79.158 158.000 180.000 77.000
1.612 11.217 79.156 138.000 162.000 63.000
1.612 11.617 79.154 114.000 139.000 49.000
1.612 12.018 79.152 136.000 156.000 70.000
1.612 12.418 79.150 144.000 154.000 100.000
2.012 11.217 79.149 142.000 164.000 65.000
2.012 11.617 79.147 128.000 151.000 56.000
2.012 12.018 79.145 136.000 154.000 70.000
2.012 12.418 79.143 98.000 106.000 63.000
2.413 11.217 79.142 131.000 147.000 63.000
2.413 11.617 79.140 150.000 167.000 77.000
2.413 12.018 79.138 127.000 138.000 74.000
0.819 10.819 79.572 102.000 124.000 51.000
0.819 11.219 79.570 93.000 116.000 46.000
0.819 11.619 79.569 99.000 119.000 52.000
0.819 12.020 79.567 111.000 128.000 64.000
0.819 12.420 79.565 125.000 140.000 82.000
1.219 10.819 79.565 110.000 135.000 50.000
1.219 11.219 79.563 98.000 124.000 42.000
1.219 11.619 79.561 107.000 131.000 49.000
1.219 12.020 79.560 146.000 165.000 81.000
1.219 12.420 79.558 176.000 191.000 120.000
1.219 12.820 79.556 128.000 136.000 97.000
1.619 10.819 79.558 143.000 164.000 71.000
1.619 11.219 79.556 128.000 151.000 58.000
1.619 11.619 79.554 138.000 160.000 64.000
1.619 12.020 79.552 160.000 177.000 89.000
1.619 12.420 79.551 181.000 195.000 124.000
1.619 12.820 79.549 105.000 109.000 80.000
2.019 10.818 79.551 161.000 180.000 81.000
2.019 11.219 79.549 169.000 189.000 82.000
2.019 11.619 79.547 160.000 179.000 80.000
2.019 12.020 79.545 160.000 176.000 89.000
2.019 12.420 79.544 163.000 176.000 103.000
2.420 10.818 79.544 178.000 194.000 95.000
2.420 11.219 79.542 189.000 205.000 98.000
2.420 11.619 79.540 177.000 193.000 98.000
2.420 12.020 79.538 165.000 179.000 96.000
2.420 12.420 79.536 115.000 123.000 71.000
2.820 11.219 79.535 192.000 205.000 119.000
2.820 11.619 79.533 183.000 194.000 121.000
0.826 10.820 79.973 87.000 109.000 40.000
0.826 11.221 79.971 98.000 120.000 49.000
0.826 11.621 79.969 96.000 115.000 49.000
0.826 12.021 79.967 92.000 108.000 49.000
0.826 12.422 79.965 122.000 138.000 75.000
0.826 12.822 79.963 134.000 148.000 91.000
1.226 10.420 79.967 113.000 140.000 50.000
1.226 10.820 79.965 117.000 143.000 53.000
1.226 11.221 79.964 137.000 161.000 64.000
1.226 11.621 79.962 142.000 166.000 68.000
1.226 12.021 79.960 160.000 179.000 88.000
1.226 12.422 79.958 172.000 188.000 112.000
1.226 12.822 79.956 185.000 200.000 134.000
1.626 10.420 79.960 141.000 164.000 68.000
1.626 10.820 79.958 148.000 170.000 71.000
1.626 11.221 79.956 165.000 186.000 82.000
1.626 11.621 79.955 164.000 183.000 83.000
1.626 12.021 79.953 177.000 193.000 105.000
1.626 12.422 79.951 177.000 191.000 119.000
1.626 12.822 79.949 194.000 206.000 148.000
2.027 10.420 79.953 161.000 181.000 80.000
2.027 10.820 79.951 166.000 186.000 80.000
2.027 11.221 79.949 181.000 200.000 91.000
2.027 11.621 79.948 178.000 196.000 93.000
2.027 12.021 79.946 176.000 192.000 102.000
2.027 12.422 79.944 176.000 189.000 113.000
2.027 12.822 79.942 152.000 161.000 110.000
2.427 10.420 79.946 176.000 194.000 88.000
2.427 10.820 79.944 180.000 198.000 89.000
2.427 11.221 79.942 192.000 209.000 99.000
2.427 11.621 79.940 189.000 205.000 104.000
2.427 12.021 79.939 182.000 196.000 107.000
2.427 12.422 79.937 165.000 177.000 103.000
2.827 10.820 79.937 188.000 204.000 103.000
2.827 11.221 79.935 211.000 224.000 136.000
2.827 11.621 79.933 206.000 219.000 136.000
2.827 12.021 79.931 199.000 210.000 139.000
3.227 11.221 79.928 190.000 200.000 129.000
3.227 11.621 79.926 192.000 200.000 147.000
0.833 10.822 80.373 63.000 84.000 26.000
0.833 11.223 80.371 76.000 95.000 36.000
0.833 12.023 80.367 98.000 113.000 54.000
0.833 12.424 80.365 115.000 134.000 67.000
0.833 12.824 80.364 139.000 155.000 88.000
1.233 10.422 80.368 88.000 118.000 34.000
1.233 10.822 80.366 115.000 142.000 52.000
1.233 11.223 80.364 154.000 177.000 79.000
1.233 11.623 80.362 172.000 193.000 89.000
1.233 12.023 80.360 172.000 192.000 93.000
1.233 12.424 80.358 163.000 180.000 97.000
1.233 12.824 80.356 179.000 194.000 123.000
1.233 13.224 80.355 135.000 144.000 101.000
1.633 10.422 80.360 118.000 146.000 50.000
1.633 10.822 80.359 146.000 170.000 67.000
1.633 11.223 80.357 186.000 204.000 99.000
1.633 11.623 80.355 189.000 207.000 105.000
1.633 12.023 80.353 188.000 204.000 112.000
1.633 12.424 80.351 175.000 190.000 110.000
1.633 12.824 80.349 181.000 195.000 127.000
1.633 13.224 80.348 148.000 156.000 117.000
2.034 10.422 80.353 154.000 178.000 69.000
2.034 10.822 80.351 161.000 183.000 71.000
2.034 11.223 80.350 186.000 205.000 97.000
2.034 11.623 80.348 190.000 207.000 103.000
2.034 12.023 80.346 185.000 201.000 103.000
2.034 12.424 80.344 184.000 198.000 114.000
2.034 12.824 80.342 197.000 209.000 139.000
2.434 10.422 80.346 176.000 196.000 81.000
2.434 10.822 80.344 178.000 198.000 82.000
2.434 11.223 80.343 189.000 207.000 96.000
2.434 11.623 80.341 194.000 210.000 104.000
2.434 12.023 80.339 190.000 205.000 106.000
2.434 12.424 80.337 185.000 198.000 111.000
2.434 12.824 80.335 106.000 112.000 73.000
2.834 10.422 80.339 189.000 207.000 100.000
2.834 10.822 80.337 202.000 217.000 115.000
2.834 11.222 80.335 211.000 224.000 129.000
2.834 11.623 80.334 219.000 230.000 148.000
2.834 12.023 80.332 207.000 220.000 134.000
2.834 12.424 80.330 107.000 113.000 71.000
3.235 10.422 80.332 196.000 211.000 120.000
3.235 10.822 80.330 203.000 217.000 129.000
3.235 11.222 80.328 211.000 223.000 144.000
3.235 11.623 80.326 217.000 226.000 160.000
3.235 12.023 80.325 154.000 159.000 117.000
3.635 11.222 80.321 130.000 137.000 93.000
0.840 10.824 80.773 66.000 84.000 33.000
0.840 12.025 80.768 111.000 124.000 69.000
0.840 12.425 80.766 121.000 139.000 75.000
0.840 12.826 80.764 127.000 145.000 78.000
1.240 10.424 80.768 92.000 122.000 39.000
1.240 10.824 80.766 97.000 126.000 41.000
1.240 11.224 80.764 136.000 159.000 71.000
1.240 11.625 80.762 172.000 190.000 97.000
1.240 12.025 80.760 187.000 206.000 110.000
1.240 12.425 80.759 157.000 176.000 87.000
1.240 12.826 80.757 165.000 182.000 100.000
1.641 10.023 80.763 128.000 156.000 53.000
1.641 10.424 80.761 91.000 121.000 33.000
1.641 10.824 80.759 114.000 142.000 45.000
1.641 11.224 80.757 190.000 208.000 106.000
1.641 11.625 80.755 196.000 214.000 107.000
1.640 12.025 80.753 191.000 209.000 106.000
1.640 12.425 80.752 177.000 194.000 100.000
1.640 12.826 80.750 177.000 192.000 115.000
2.041 10.023 80.755 175.000 197.000 90.000
2.041 10.424 80.754 127.000 156.000 49.000
2.041 10.824 80.752 143.000 169.000 58.000
2.041 11.224 80.750 179.000 198.000 91.000
2.041 11.625 80.748 189.000 207.000 97.000
2.041 12.025 80.746 188.000 206.000 99.000
2.041 12.425 80.744 190.000 206.000 113.000
2.041 12.826 80.743 189.000 203.000 124.000
2.441 10.023 80.748 190.000 209.000 102.000
2.441 10.424 80.747 163.000 187.000 68.000
2.441 10.824 80.745 165.000 187.000 69.000
2.441 11.224 80.743 180.000 199.000 88.000
2.441 11.625 80.741 190.000 207.000 96.000
2.441 12.025 80.739 193.000 209.000 103.000
2.441 12.425 80.737 203.000 217.000 130.000
2.441 12.826 80.735 192.000 203.000 131.000
2.841 9.623 80.743 181.000 198.000 101.000
2.841 10.023 80.741 162.000 184.000 72.000
2.841 10.424 80.739 172.000 191.000 79.000
2.841 10.824 80.738 187.000 205.000 95.000
2.841 11.224 80.736 195.000 210.000 107.000
2.841 11.625 80.734 204.000 219.000 120.000
2.841 12.025 80.732 210.000 223.000 136.000
2.841 12.425 80.730 199.000 209.000 140.000
3.242 9.623 80.736 186.000 202.000 114.000
3.242 10.023 80.734 178.000 196.000 97.000
3.242 10.424 80.732 188.000 204.000 107.000
3.242 10.824 80.730 195.000 210.000 114.000
3.242 11.224 80.729 202.000 216.000 126.000
3.242 11.625 80.727 216.000 227.000 154.000
3.242 12.025 80.725 205.000 210.000 162.000
3.642 10.023 80.727 193.000 205.000 138.000
3.642 10.424 80.725 202.000 215.000 142.000
3.642 10.824 80.723 203.000 217.000 138.000
3.642 11.224 80.722 212.000 224.000 152.000
3.642 11.625 80.720 159.000 163.000 134.000
0.847 11.226 81.172 102.000 124.000 54.000
0.847 11.627 81.170 125.000 139.000 78.000
0.847 12.027 81.168 134.000 150.000 81.000
0.847 12.427 81.166 90.000 109.000 41.000
1.247 10.426 81.168 66.000 92.000 22.000
1.247 10.826 81.166 82.000 111.000 30.000
1.247 11.226 81.164 142.000 167.000 68.000
1.247 11.627 81.163 184.000 204.000 103.000
1.247 12.027 81.161 188.000 207.000 106.000
1.247 12.427 81.159 161.000 183.000 77.000
1.648 10.025 81.163 125.000 151.000 56.000
1.648 10.426 81.161 84.000 114.000 29.000
1.648 10.826 81.159 100.000 130.000 36.000
1.648 11.226 81.157 177.000 198.000 91.000
1.648 11.627 81.155 183.000 203.000 90.000
1.648 12.027 81.154 179.000 199.000 87.000
1.648 12.427 81.152 174.000 193.000 90.000
2.048 9.625 81.158 193.000 210.000 123.000
2.048 10.025 81.156 153.000 177.000 71.000
2.048 10.426 81.154 131.000 158.000 52.000
2.048 10.826 81.152 143.000 169.000 57.000
2.048 11.226 81.150 160.000 183.000 69.000
2.048 11.627 81.148 180.000 200.000 86.000
2.048 12.027 81.147 185.000 203.000 92.000
2.048 12.427 81.145 192.000 209.000 108.000
2.448 9.625 81.151 194.000 209.000 119.000
2.448 10.025 81.149 167.000 189.000 77.000
2.448 10.426 81.147 160.000 183.000 64.000
2.448 10.826 81.145 162.000 185.000 64.000
2.448 11.226 81.143 165.000 187.000 67.000
2.448 11.627 81.141 183.000 203.000 85.000
2.448 12.027 81.139 190.000 207.000 96.000
2.448 12.427 81.138 194.000 210.000 109.000
2.849 9.224 81.145 214.000 225.000 158.000
2.849 9.625 81.143 186.000 203.000 108.000
2.849 10.025 81.142 162.000 184.000 72.000
2.849 10.425 81.140 185.000 204.000 91.000
2.849 10.826 81.138 190.000 208.000 92.000
2.848 11.226 81.136 191.000 208.000 92.000
2.848 11.627 81.134 201.000 216.000 110.000
2.848 12.027 81.132 197.000 212.000 114.000
2.848 12.427 81.130 193.000 207.000 121.000
2.848 12.828 81.129 132.000 140.000 89.000
3.249 8.824 81.140 186.000 193.000 152.000
3.249 9.224 81.138 200.000 214.000 142.000
3.249 9.625 81.136 181.000 199.000 108.000
3.249 10.025 81.134 180.000 199.000 95.000
3.249 10.425 81.133 194.000 211.000 109.000
3.249 10.826 81.131 198.000 214.000 112.000
3.249 11.226 81.129 201.000 217.000 118.000
3.249 11.627 81.127 215.000 227.000 147.000
3.249 12.027 81.125 221.000 230.000 162.000
3.249 12.427 81.123 131.000 135.000 101.000
3.649 8.824 81.133 98.000 102.000 76.000
3.649 9.224 81.131 148.000 161.000 99.000
3.649 9.625 81.129 185.000 201.000 121.000
3.649 10.025 81.127 197.000 213.000 126.000
3.649 10.425 81.125 196.000 213.000 119.000
3.649 10.826 81.124 204.000 219.000 130.000
3.649 11.226 81.122 214.000 227.000 150.000
3.649 11.627 81.120 222.000 231.000 172.000
4.049 10.425 81.118 101.000 108.000 69.000
4.049 10.826 81.117 96.000 101.000 67.000
0.854 10.828 81.574 63.000 84.000 24.000
0.854 11.228 81.572 101.000 126.000 48.000
0.854 11.628 81.570 135.000 152.000 80.000
0.854 12.029 81.568 145.000 162.000 90.000
1.254 10.828 81.567 85.000 114.000 32.000
1.254 11.228 81.565 135.000 161.000 63.000
1.254 11.628 81.563 174.000 195.000 93.000
1.254 12.029 81.561 184.000 205.000 102.000
1.655 9.627 81.565 105.000 117.000 60.000
1.655 10.027 81.563 122.000 147.000 56.000
1.655 10.427 81.561 91.000 120.000 35.000
1.655 10.828 81.559 121.000 149.000 51.000
1.655 11.228 81.558 170.000 192.000 85.000
1.655 11.628 81.556 179.000 200.000 87.000
1.655 12.029 81.554 179.000 200.000 88.000
2.055 9.627 81.558 169.000 187.000 97.000
2.055 10.027 81.556 140.000 165.000 64.000
2.055 10.427 81.554 126.000 153.000 51.000
2.055 10.828 81.552 141.000 167.000 58.000
2.055 11.228 81.551 157.000 181.000 66.000
2.055 11.628 81.549 175.000 195.000 82.000
2.055 12.029 81.547 184.000 203.000 94.000
2.455 9.226 81.553 200.000 213.000 143.000
2.455 9.627 81.551 178.000 195.000 105.000
2.455 10.027 81.549 151.000 174.000 67.000
2.455 10.427 81.547 154.000 178.000 62.000
2.455 10.828 81.545 160.000 184.000 63.000
2.455 11.228 81.543 164.000 187.000 65.000
2.455 11.628 81.542 180.000 200.000 85.000
2.455 12.029 81.540 191.000 207.000 101.000
2.856 9.226 81.546 199.000 213.000 142.000
2.856 9.627 81.544 175.000 193.000 98.000
2.856 10.027 81.542 162.000 185.000 73.000
2.856 10.427 81.540 184.000 204.000 88.000
2.856 10.828 81.538 190.000 208.000 92.000
2.856 11.228 81.536 192.000 209.000 93.000
2.856 11.628 81.534 200.000 215.000 109.000
2.856 12.029 81.533 199.000 214.000 115.000
3.256 9.226 81.538 187.000 203.000 129.000
3.256 9.627 81.537 173.000 191.000 98.000
3.256 10.027 81.535 178.000 198.000 92.000
3.256 10.427 81.533 192.000 209.000 104.000
3.256 10.828 81.531 197.000 214.000 109.000
3.256 11.228 81.529 202.000 218.000 118.000
3.256 11.628 81.527 205.000 220.000 126.000
3.256 12.029 81.525 211.000 223.000 145.000
3.256 12.429 81.524 180.000 190.000 126.000
3.656 8.826 81.533 80.000 85.000 58.000
3.656 9.226 81.531 154.000 168.000 103.000
3.656 9.627 81.529 184.000 201.000 118.000
3.656 10.027 81.528 196.000 213.000 120.000
3.656 10.427 81.526 197.000 214.000 119.000
3.656 10.828 81.524 202.000 217.000 126.000
3.656 11.228 81.522 211.000 224.000 142.000
3.656 11.628 81.520 220.000 231.000 161.000
3.656 12.029 81.518 196.000 201.000 162.000
4.057 9.627 81.522 107.000 117.000 68.000
4.057 10.027 81.521 156.000 171.000 100.000
4.057 10.427 81.519 173.000 185.000 120.000
4.056 10.828 81.517 156.000 166.000 107.000
4.056 11.228 81.515 111.000 117.000 80.000
0.461 11.630 81.977 79.000 92.000 50.000
0.861 10.830 81.974 63.000 83.000 26.000
0.861 11.230 81.972 94.000 118.000 44.000
0.861 11.630 81.970 114.000 131.000 66.000
1.262 10.429 81.969 75.000 96.000 35.000
1.262 10.830 81.967 98.000 124.000 43.000
1.262 11.230 81.965 118.000 145.000 53.000
1.262 11.630 81.963 161.000 184.000 83.000
1.662 9.629 81.965 78.000 92.000 37.000
1.662 10.029 81.963 132.000 157.000 64.000
1.662 10.429 81.962 108.000 135.000 46.000
1.662 10.830 81.960 131.000 157.000 59.000
1.662 11.230 81.958 162.000 184.000 81.000
1.662 11.630 81.956 181.000 202.000 92.000
2.062 9.629 81.958 132.000 153.000 69.000
2.062 10.029 81.956 131.000 156.000 61.000
2.062 10.429 81.954 124.000 151.000 53.000
2.062 10.830 81.953 143.000 169.000 61.000
2.062 11.230 81.951 164.000 186.000 74.000
2.062 11.630 81.949 175.000 195.000 87.000
2.463 9.228 81.953 132.000 147.000 81.000
2.462 9.629 81.951 146.000 168.000 77.000
2.462 10.029 81.949 141.000 166.000 64.000
2.462 10.429 81.947 145.000 170.000 59.000
2.462 10.830 81.946 158.000 183.000 64.000
2.462 11.230 81.944 174.000 196.000 74.000
2.462 11.630 81.942 183.000 201.000 93.000
2.863 9.228 81.946 143.000 159.000 89.000
2.863 9.628 81.944 150.000 171.000 77.000
2.863 10.029 81.942 160.000 183.000 73.000
2.863 10.429 81.940 179.000 200.000 83.000
2.863 10.830 81.938 190.000 208.000 93.000
2.863 11.230 81.937 197.000 213.000 104.000
2.863 11.630 81.935 192.000 208.000 101.000
3.263 9.228 81.939 158.000 174.000 102.000
3.263 9.628 81.937 171.000 189.000 98.000
3.263 10.029 81.935 184.000 203.000 100.000
3.263 10.429 81.933 192.000 210.000 106.000
3.263 10.830 81.931 198.000 214.000 112.000
3.263 11.230 81.929 204.000 219.000 126.000
3.263 11.630 81.928 204.000 219.000 125.000
3.263 12.031 81.926 202.000 217.000 128.000
3.663 9.228 81.932 153.000 168.000 101.000
3.663 9.628 81.930 195.000 211.000 130.000
3.663 10.029 81.928 203.000 219.000 128.000
3.663 10.429 81.926 195.000 212.000 118.000
3.663 10.830 81.924 199.000 215.000 124.000
3.663 11.230 81.922 206.000 220.000 135.000
3.663 11.630 81.921 217.000 229.000 154.000
3.663 12.031 81.919 216.000 228.000 160.000
4.064 9.228 81.924 87.000 94.000 63.000
4.064 9.628 81.923 165.000 177.000 117.000
4.064 10.029 81.921 203.000 217.000 142.000
4.064 10.429 81.919 203.000 217.000 142.000
4.064 10.829 81.917 198.000 210.000 143.000
4.064 11.230 81.915 148.000 156.000 108.000
0.868 10.831 82.374 63.000 83.000 28.000
0.868 11.232 82.372 76.000 100.000 35.000
1.269 10.431 82.369 86.000 106.000 42.000
1.269 10.831 82.367 103.000 130.000 49.000
1.269 11.232 82.365 105.000 133.000 47.000
1.669 9.630 82.366 72.000 83.000 39.000
1.669 10.031 82.364 137.000 157.000 77.000
1.669 10.431 82.362 132.000 157.000 65.000
1.669 10.831 82.360 131.000 156.000 63.000
1.669 11.232 82.358 142.000 166.000 70.000
2.069 10.031 82.357 134.000 156.000 69.000
2.069 10.431 82.355 136.000 163.000 57.000
2.069 10.831 82.353 154.000 180.000 68.000
2.069 11.232 82.351 180.000 200.000 90.000
2.470 9.630 82.351 95.000 111.000 45.000
2.470 10.031 82.350 149.000 173.000 70.000
2.470 10.431 82.348 154.000 181.000 62.000
2.470 10.831 82.346 175.000 199.000 75.000
2.470 11.232 82.344 200.000 218.000 105.000
2.870 9.230 82.346 95.000 108.000 55.000
2.870 9.630 82.344 156.000 176.000 83.000
2.870 10.031 82.342 158.000 180.000 75.000
2.870 10.431 82.341 174.000 196.000 81.000
2.870 10.831 82.339 187.000 207.000 91.000
2.870 11.232 82.337 197.000 214.000 103.000
3.270 9.230 82.339 146.000 162.000 91.000
3.270 9.630 82.337 172.000 191.000 100.000
3.270 10.031 82.335 179.000 198.000 96.000
3.270 10.431 82.333 190.000 209.000 104.000
3.270 10.831 82.332 198.000 215.000 113.000
3.270 11.232 82.330 202.000 217.000 120.000
3.670 9.230 82.332 177.000 193.000 123.000
3.670 9.630 82.330 192.000 208.000 127.000
3.670 10.031 82.328 194.000 211.000 118.000
3.670 10.431 82.326 204.000 219.000 131.000
3.670 10.831 82.324 207.000 221.000 135.000
3.670 11.232 82.323 215.000 227.000 149.000
3.670 11.632 82.321 216.000 228.000 155.000
4.071 9.230 82.325 123.000 133.000 85.000
4.071 9.630 82.323 192.000 207.000 137.000
4.071 10.031 82.321 206.000 220.000 142.000
4.071 10.431 82.319 207.000 221.000 145.000
4.071 10.831 82.317 204.000 216.000 146.000
4.071 11.232 82.316 181.000 192.000 127.000
4.071 11.632 82.314 141.000 147.000 112.000
1.276 10.433 82.769 64.000 80.000 32.000
1.276 10.833 82.767 105.000 130.000 52.000
1.676 10.033 82.764 94.000 109.000 53.000
1.676 10.433 82.762 137.000 162.000 68.000
1.676 10.833 82.760 143.000 169.000 68.000
2.076 10.033 82.757 115.000 134.000 59.000
2.076 10.433 82.755 150.000 175.000 69.000
2.076 10.833 82.753 162.000 187.000 73.000
2.477 9.632 82.752 87.000 102.000 43.000
2.477 10.033 82.750 152.000 175.000 75.000
2.477 10.433 82.748 160.000 185.000 69.000
2.477 10.833 82.746 177.000 201.000 78.000
2.877 9.632 82.745 161.000 180.000 88.000
2.877 10.033 82.743 168.000 189.000 85.000
2.877 10.433 82.741 165.000 189.000 72.000
2.877 10.833 82.739 175.000 197.000 79.000
3.277 9.232 82.739 158.000 175.000 99.000
3.277 9.632 82.737 177.000 195.000 103.000
3.277 10.033 82.736 185.000 203.000 102.000
3.277 10.433 82.734 185.000 204.000 98.000
3.277 10.833 82.732 193.000 210.000 105.000
3.678 9.232 82.732 179.000 195.000 122.000
3.678 9.632 82.730 189.000 207.000 117.000
3.678 10.033 82.728 197.000 213.000 118.000
3.678 10.433 82.727 199.000 215.000 123.000
3.678 10.833 82.725 203.000 217.000 127.000
4.078 9.232 82.725 158.000 170.000 115.000
4.078 9.632 82.723 199.000 214.000 141.000
4.078 10.032 82.721 208.000 222.000 142.000
4.078 10.433 82.720 208.000 221.000 142.000
4.078 10.833 82.718 206.000 220.000 141.000
4.078 11.234 82.716 190.000 201.000 133.000
1.683 10.435 83.162 105.000 126.000 48.000
2.084 10.034 83.157 94.000 111.000 46.000
2.083 10.435 83.155 160.000 183.000 78.000
2.484 9.634 83.152 93.000 108.000 46.000
2.484 10.034 83.150 153.000 176.000 76.000
2.484 10.435 83.148 172.000 195.000 82.000
2.884 9.234 83.147 80.000 91.000 46.000
2.884 9.634 83.145 163.000 183.000 90.000
2.884 10.034 83.143 179.000 198.000 95.000
2.884 10.435 83.141 163.000 187.000 72.000
3.284 9.234 83.140 159.000 177.000 99.000
3.284 9.634 83.138 183.000 202.000 111.000
3.284 10.034 83.136 195.000 213.000 115.000
3.284 10.435 83.134 183.000 202.000 96.000
3.685 9.234 83.132 175.000 192.000 114.000
3.685 9.634 83.131 194.000 211.000 122.000
3.685 10.034 83.129 202.000 218.000 124.000
3.685 10.435 83.127 196.000 211.000 117.000
4.085 9.234 83.125 147.000 157.000 105.000
4.085 9.634 83.123 207.000 221.000 148.000
4.085 10.034 83.122 213.000 228.000 146.000
4.085 10.435 83.120 208.000 222.000 138.000
4.485 10.034 83.115 108.000 115.000 80.000
2.491 10.036 83.550 108.000 131.000 44.000
2.891 9.636 83.545 128.000 144.000 70.000
2.891 10.036 83.543 169.000 190.000 88.000
3.292 9.236 83.540 124.000 137.000 81.000
3.291 9.636 83.538 182.000 200.000 112.000
3.291 10.036 83.536 194.000 211.000 117.000
3.692 9.235 83.533 182.000 197.000 129.000
3.692 9.636 83.531 194.000 210.000 129.000
3.692 10.036 83.529 204.000 219.000 132.000
4.092 9.235 83.526 164.000 172.000 131.000
4.092 9.636 83.524 208.000 222.000 152.000
4.092 10.036 83.522 213.000 227.000 148.000
2.898 9.638 83.945 162.000 179.000 95.000
3.299 9.237 83.940 140.000 151.000 94.000
3.299 9.638 83.938 197.000 212.000 132.000
3.699 9.237 83.933 188.000 201.000 137.000
3.699 9.638 83.931 203.000 217.000 144.000
4.099 9.237 83.926 201.000 207.000 175.000
4.099 9.638 83.924 218.000 230.000 168.000
3.306 9.239 84.340 113.000 122.000 75.000
3.706 9.239 84.333 186.000 197.000 140.000
3.313 8.040 84.746 103.000 112.000 68.000
3.720 7.641 85.141 96.000 104.000 65.000
0.840 13.226 80.762 92.000 102.000 62.000
1.240 13.226 80.755 146.000 160.000 102.000
1.640 13.226 80.748 176.000 186.000 138.000
2.041 13.226 80.741 132.000 138.000 105.000
0.847 12.828 81.164 116.000 137.000 61.000
0.847 13.228 81.162 105.000 120.000 64.000
1.247 12.828 81.157 154.000 174.000 85.000
1.247 13.228 81.155 139.000 156.000 88.000
1.247 13.628 81.153 82.000 90.000 54.000
1.648 12.828 81.150 166.000 182.000 97.000
1.648 13.228 81.148 161.000 174.000 113.000
2.048 12.828 81.143 186.000 201.000 122.000
2.048 13.228 81.141 184.000 193.000 144.000
2.448 12.828 81.136 200.000 212.000 136.000
0.854 12.429 81.566 88.000 106.000 42.000
0.854 12.830 81.564 102.000 123.000 50.000
0.854 13.230 81.563 83.000 99.000 47.000
1.254 12.429 81.559 160.000 184.000 76.000
1.254 12.829 81.557 146.000 169.000 74.000
1.254 13.230 81.555 130.000 149.000 76.000
1.254 13.630 81.554 98.000 110.000 61.000
1.655 12.429 81.552 167.000 188.000 80.000
1.655 12.829 81.550 167.000 185.000 95.000
1.655 13.230 81.548 157.000 173.000 102.000
1.655 13.630 81.547 90.000 97.000 64.000
2.055 12.429 81.545 187.000 205.000 101.000
2.055 12.829 81.543 180.000 196.000 109.000
2.055 13.230 81.541 182.000 194.000 133.000
2.455 12.429 81.538 195.000 211.000 111.000
2.455 12.829 81.536 196.000 209.000 128.000
2.455 13.230 81.534 145.000 150.000 115.000
2.856 12.429 81.531 192.000 207.000 115.000
2.856 12.829 81.529 159.000 168.000 109.000
0.861 12.031 81.968 103.000 116.000 63.000
0.861 12.431 81.967 105.000 119.000 63.000
0.861 12.831 81.965 87.000 105.000 45.000
1.262 12.031 81.961 175.000 197.000 95.000
1.262 12.431 81.959 158.000 182.000 80.000
1.261 12.831 81.958 141.000 165.000 69.000
1.261 13.232 81.956 124.000 145.000 69.000
1.261 13.632 81.954 84.000 96.000 50.000
1.662 12.031 81.954 178.000 200.000 85.000
1.662 12.431 81.952 164.000 187.000 77.000
1.662 12.831 81.951 168.000 189.000 90.000
1.662 13.232 81.949 166.000 183.000 104.000
1.662 13.632 81.947 109.000 120.000 69.000
2.062 12.031 81.947 182.000 201.000 98.000
2.062 12.431 81.945 184.000 202.000 100.000
2.062 12.831 81.943 183.000 200.000 108.000
2.062 13.232 81.942 181.000 195.000 122.000
2.462 12.031 81.940 190.000 206.000 108.000
2.462 12.431 81.938 193.000 208.000 111.000
2.462 12.831 81.936 192.000 206.000 120.000
2.462 13.232 81.934 182.000 191.000 135.000
2.863 12.031 81.933 195.000 210.000 111.000
2.863 12.431 81.931 199.000 214.000 121.000
2.863 12.831 81.929 195.000 205.000 140.000
3.263 12.431 81.924 199.000 213.000 132.000
3.663 12.431 81.917 97.000 102.000 71.000
0.868 11.632 82.371 68.000 86.000 31.000
1.269 11.632 82.363 123.000 147.000 58.000
1.269 12.032 82.362 166.000 187.000 95.000
1.269 12.433 82.360 128.000 150.000 61.000
1.269 12.833 82.358 121.000 145.000 59.000
1.269 13.234 82.356 89.000 108.000 46.000
1.669 11.632 82.356 182.000 203.000 97.000
1.669 12.032 82.354 192.000 212.000 103.000
1.669 12.433 82.353 174.000 197.000 82.000
1.669 12.833 82.351 166.000 187.000 87.000
1.669 13.234 82.349 157.000 175.000 97.000
1.669 13.634 82.347 108.000 119.000 74.000
2.069 11.632 82.349 184.000 204.000 95.000
2.069 12.032 82.347 183.000 203.000 95.000
2.069 12.433 82.346 186.000 205.000 100.000
2.069 12.833 82.344 179.000 197.000 102.000
2.069 13.234 82.342 176.000 191.000 116.000
2.069 13.634 82.340 113.000 119.000 90.000
2.470 11.632 82.342 191.000 209.000 99.000
2.469 12.032 82.340 188.000 205.000 102.000
2.469 12.433 82.338 193.000 209.000 112.000
2.469 12.833 82.337 190.000 206.000 117.000
2.469 13.233 82.335 192.000 204.000 137.000
2.870 11.632 82.335 196.000 213.000 108.000
2.870 12.032 82.333 197.000 213.000 114.000
2.870 12.433 82.331 200.000 215.000 123.000
2.870 12.833 82.329 203.000 217.000 133.000
2.870 13.233 82.328 151.000 157.000 118.000
3.270 11.632 82.328 200.000 216.000 120.000
3.270 12.032 82.326 200.000 215.000 125.000
3.270 12.433 82.324 207.000 219.000 143.000
3.270 12.833 82.322 119.000 126.000 84.000
3.670 12.032 82.319 214.000 226.000 157.000
0.875 11.234 82.773 69.000 91.000 36.000
1.276 11.234 82.766 102.000 130.000 47.000
1.276 11.634 82.764 102.000 128.000 46.000
1.276 12.034 82.762 110.000 130.000 55.000
1.276 12.435 82.760 98.000 117.000 47.000
1.276 12.835 82.758 102.000 122.000 49.000
1.676 11.234 82.758 149.000 175.000 70.000
1.676 11.634 82.757 171.000 195.000 88.000
1.676 12.034 82.755 181.000 204.000 97.000
1.676 12.435 82.753 143.000 166.000 63.000
1.676 12.835 82.751 163.000 185.000 84.000
1.676 13.235 82.749 148.000 167.000 86.000
1.676 13.636 82.747 125.000 138.000 85.000
2.076 11.234 82.751 180.000 202.000 89.000
2.076 11.634 82.750 179.000 200.000 89.000
2.076 12.034 82.748 181.000 201.000 95.000
2.076 12.435 82.746 183.000 202.000 97.000
2.076 12.835 82.744 178.000 196.000 101.000
2.076 13.235 82.742 178.000 194.000 120.000
2.076 13.636 82.740 159.000 170.000 120.000
2.477 11.234 82.744 194.000 214.000 96.000
2.477 11.634 82.742 189.000 209.000 95.000
2.477 12.034 82.741 188.000 207.000 100.000
2.477 12.435 82.739 199.000 215.000 119.000
2.477 12.835 82.737 194.000 209.000 123.000
2.477 13.235 82.735 191.000 205.000 135.000
2.477 13.636 82.733 117.000 122.000 96.000
2.877 11.234 82.737 191.000 210.000 97.000
2.877 11.634 82.735 194.000 212.000 99.000
2.877 12.034 82.733 197.000 214.000 111.000
2.877 12.435 82.732 202.000 217.000 124.000
2.877 12.835 82.730 204.000 218.000 136.000
2.877 13.235 82.728 202.000 213.000 154.000
3.277 11.234 82.730 200.000 216.000 116.000
3.277 11.634 82.728 199.000 215.000 115.000
3.277 12.034 82.726 199.000 215.000 119.000
3.277 12.435 82.724 202.000 217.000 130.000
3.277 12.835 82.723 171.000 181.000 120.000
3.678 11.234 82.723 202.000 217.000 126.000
3.677 11.634 82.721 209.000 223.000 141.000
3.677 12.034 82.719 208.000 221.000 142.000
3.677 12.435 82.717 111.000 120.000 69.000
4.078 11.634 82.714 176.000 183.000 136.000
1.283 10.835 83.168 72.000 91.000 33.000
1.283 11.235 83.166 101.000 127.000 49.000
1.283 11.636 83.164 98.000 124.000 46.000
1.283 12.036 83.162 75.000 93.000 38.000
1.283 12.837 83.158 81.000 94.000 44.000
1.283 13.237 83.157 67.000 80.000 36.000
1.683 10.835 83.161 152.000 178.000 71.000
1.683 11.235 83.159 156.000 183.000 70.000
1.683 11.636 83.157 151.000 177.000 73.000
1.683 12.036 83.155 115.000 136.000 54.000
1.683 12.837 83.151 132.000 152.000 64.000
1.683 13.237 83.150 127.000 146.000 68.000
1.683 13.638 83.148 92.000 105.000 57.000
2.083 10.835 83.153 172.000 196.000 82.000
2.083 11.235 83.152 178.000 202.000 85.000
2.083 11.636 83.150 171.000 195.000 82.000
2.083 12.036 83.148 174.000 196.000 91.000
2.083 12.437 83.146 180.000 200.000 97.000
2.083 12.837 83.144 180.000 197.000 104.000
2.083 13.237 83.142 173.000 190.000 113.000
2.083 13.638 83.141 156.000 169.000 115.000
2.484 10.835 83.146 181.000 204.000 84.000
2.484 11.235 83.145 189.000 211.000 89.000
2.484 11.636 83.143 188.000 209.000 91.000
2.484 12.036 83.141 191.000 211.000 102.000
2.484 12.436 83.139 200.000 216.000 119.000
2.484 12.837 83.137 194.000 210.000 119.000
2.484 13.237 83.135 190.000 205.000 132.000
2.484 13.638 83.133 177.000 185.000 142.000
2.884 10.835 83.139 176.000 199.000 81.000
2.884 11.235 83.137 190.000 209.000 96.000
2.884 11.636 83.136 192.000 212.000 97.000
2.884 12.036 83.134 200.000 217.000 111.000
2.884 12.436 83.132 208.000 223.000 131.000
2.884 12.837 83.130 203.000 218.000 130.000
2.884 13.237 83.128 205.000 217.000 149.000
3.284 10.835 83.132 187.000 206.000 98.000
3.284 11.235 83.130 195.000 212.000 106.000
3.284 11.636 83.128 198.000 215.000 111.000
3.284 12.036 83.127 199.000 216.000 116.000
3.284 12.436 83.125 200.000 216.000 123.000
3.284 12.837 83.123 206.000 219.000 141.000
3.685 10.835 83.125 194.000 211.000 113.000
3.685 11.235 83.123 199.000 215.000 116.000
3.685 11.636 83.121 207.000 221.000 134.000
3.685 12.036 83.120 204.000 219.000 131.000
3.685 12.436 83.118 144.000 155.000 87.000
4.085 10.835 83.118 205.000 219.000 135.000
4.085 11.235 83.116 189.000 203.000 125.000
4.085 11.636 83.114 183.000 192.000 138.000
0.890 11.638 83.571 68.000 89.000 34.000
0.890 12.038 83.570 83.000 99.000 48.000
0.890 12.438 83.568 78.000 88.000 52.000
1.290 11.237 83.566 93.000 120.000 43.000
1.290 11.638 83.564 93.000 120.000 43.000
1.290 12.038 83.562 90.000 109.000 47.000
1.290 12.839 83.559 71.000 82.000 41.000
1.690 10.837 83.561 135.000 159.000 63.000
1.690 11.237 83.559 137.000 163.000 66.000
1.690 11.638 83.557 129.000 155.000 62.000
1.690 12.038 83.555 108.000 130.000 54.000
1.690 12.839 83.552 101.000 118.000 52.000
1.690 13.239 83.550 98.000 114.000 53.000
2.091 10.437 83.556 163.000 185.000 81.000
2.091 10.837 83.554 176.000 199.000 88.000
2.091 11.237 83.552 178.000 200.000 88.000
2.091 11.638 83.550 157.000 182.000 73.000
2.091 12.038 83.548 155.000 178.000 77.000
2.091 12.438 83.546 170.000 189.000 94.000
2.090 12.839 83.545 169.000 187.000 99.000
2.090 13.239 83.543 163.000 180.000 103.000
2.090 13.639 83.541 104.000 115.000 68.000
2.491 10.437 83.549 177.000 200.000 86.000
2.491 10.837 83.547 187.000 209.000 91.000
2.491 11.237 83.545 193.000 214.000 94.000
2.491 11.638 83.543 183.000 205.000 89.000
2.491 12.038 83.541 180.000 200.000 91.000
2.491 12.438 83.539 193.000 210.000 110.000
2.491 12.839 83.537 189.000 205.000 116.000
2.491 13.239 83.536 186.000 201.000 129.000
2.491 13.639 83.534 149.000 157.000 117.000
2.891 10.437 83.541 166.000 189.000 79.000
2.891 10.837 83.540 165.000 190.000 72.000
2.891 11.237 83.538 174.000 198.000 76.000
2.891 11.638 83.536 189.000 209.000 98.000
2.891 12.038 83.534 198.000 214.000 116.000
2.891 12.438 83.532 206.000 221.000 131.000
2.891 12.839 83.530 204.000 219.000 135.000
2.891 13.239 83.528 210.000 221.000 161.000
3.291 10.437 83.534 184.000 203.000 100.000
3.291 10.837 83.532 185.000 204.000 97.000
3.291 11.237 83.531 185.000 204.000 94.000
3.291 11.638 83.529 195.000 212.000 112.000
3.291 12.038 83.527 199.000 215.000 122.000
3.291 12.438 83.525 207.000 222.000 137.000
3.291 12.839 83.523 212.000 225.000 148.000
3.291 13.239 83.521 122.000 126.000 99.000
3.692 10.437 83.527 198.000 214.000 122.000
3.692 10.837 83.525 199.000 215.000 120.000
3.692 11.237 83.524 203.000 218.000 124.000
3.692 11.638 83.522 206.000 221.000 133.000
3.692 12.038 83.520 205.000 220.000 136.000
3.692 12.438 83.518 188.000 200.000 130.000
3.692 12.839 83.516 90.000 95.000 64.000
4.092 10.437 83.520 210.000 224.000 140.000
4.092 10.837 83.518 204.000 219.000 131.000
4.092 11.237 83.516 184.000 198.000 114.000
4.092 11.638 83.515 202.000 213.000 145.000
4.092 12.038 83.513 121.000 127.000 89.000
1.297 11.239 83.966 83.000 106.000 38.000
1.297 11.640 83.965 91.000 118.000 43.000
1.297 12.040 83.963 89.000 112.000 45.000
1.697 10.839 83.961 79.000 93.000 40.000
1.697 11.239 83.959 136.000 160.000 72.000
1.697 11.640 83.957 121.000 146.000 62.000
1.697 12.040 83.956 116.000 139.000 62.000
1.697 12.440 83.954 74.000 90.000 38.000
1.697 12.841 83.952 84.000 99.000 44.000
1.697 13.241 83.950 79.000 92.000 46.000
2.098 10.438 83.956 84.000 98.000 40.000
2.098 10.839 83.954 162.000 185.000 83.000
2.098 11.239 83.952 157.000 182.000 75.000
2.098 11.639 83.950 137.000 161.000 66.000
2.098 12.040 83.949 137.000 159.000 70.000
2.098 12.440 83.947 143.000 163.000 76.000
2.098 12.841 83.945 154.000 173.000 88.000
2.098 13.241 83.943 158.000 174.000 104.000
2.098 13.641 83.941 114.000 123.000 83.000
2.498 10.438 83.949 175.000 196.000 87.000
2.498 10.839 83.947 175.000 198.000 81.000
2.498 11.239 83.945 169.000 194.000 74.000
2.498 11.639 83.943 157.000 180.000 71.000
2.498 12.040 83.941 164.000 184.000 83.000
2.498 12.440 83.940 182.000 200.000 103.000
2.498 12.841 83.938 188.000 203.000 116.000
2.498 13.241 83.936 190.000 205.000 136.000
2.498 13.641 83.934 129.000 136.000 100.000
2.898 10.038 83.944 192.000 210.000 112.000
2.898 10.438 83.942 186.000 205.000 100.000
2.898 10.839 83.940 177.000 199.000 85.000
2.898 11.239 83.938 173.000 196.000 78.000
2.898 11.639 83.936 172.000 193.000 81.000
2.898 12.040 83.934 189.000 207.000 106.000
2.898 12.440 83.932 202.000 216.000 130.000
2.898 12.841 83.931 202.000 216.000 132.000
2.898 13.241 83.929 202.000 215.000 152.000
3.299 10.038 83.936 201.000 217.000 131.000
3.299 10.438 83.935 200.000 216.000 124.000
3.299 10.839 83.933 198.000 214.000 117.000
3.299 11.239 83.931 194.000 212.000 107.000
3.299 11.639 83.929 197.000 215.000 113.000
3.299 12.040 83.927 197.000 213.000 118.000
3.298 12.440 83.925 203.000 218.000 136.000
3.298 12.840 83.924 212.000 226.000 148.000
3.298 13.241 83.922 177.000 185.000 138.000
3.699 10.038 83.929 210.000 223.000 143.000
3.699 10.438 83.927 212.000 225.000 145.000
3.699 10.839 83.926 207.000 222.000 134.000
3.699 11.239 83.924 207.000 222.000 131.000
3.699 11.639 83.922 210.000 224.000 136.000
3.699 12.040 83.920 211.000 225.000 142.000
3.699 12.440 83.918 205.000 220.000 141.000
3.699 12.840 83.916 171.000 181.000 125.000
4.099 10.038 83.922 215.000 228.000 151.000
4.099 10.438 83.920 215.000 228.000 150.000
4.099 10.839 83.919 211.000 225.000 141.000
4.099 11.239 83.917 190.000 205.000 119.000
4.099 11.639 83.915 214.000 226.000 155.000
4.099 12.040 83.913 185.000 195.000 136.000
1.704 11.241 84.360 133.000 154.000 72.000
1.704 11.641 84.358 122.000 145.000 62.000
1.704 12.042 84.356 113.000 135.000 58.000
1.704 12.442 84.354 75.000 92.000 38.000
2.105 10.841 84.354 109.000 127.000 52.000
2.105 11.241 84.353 149.000 173.000 72.000
2.105 11.641 84.351 135.000 157.000 68.000
2.105 12.042 84.349 134.000 155.000 70.000
2.105 12.442 84.347 131.000 151.000 69.000
2.105 12.842 84.345 139.000 157.000 80.000
2.105 13.243 84.343 126.000 139.000 82.000
2.505 10.440 84.349 124.000 146.000 52.000
2.505 10.841 84.347 166.000 190.000 76.000
2.505 11.241 84.345 159.000 183.000 70.000
2.505 11.641 84.344 154.000 175.000 74.000
2.505 12.042 84.342 155.000 175.000 80.000
2.505 12.442 84.340 168.000 186.000 94.000
2.505 12.842 84.338 183.000 198.000 114.000
2.505 13.243 84.336 186.000 200.000 132.000
2.505 13.643 84.334 132.000 138.000 105.000
2.905 9.640 84.346 153.000 168.000 92.000
2.905 10.040 84.344 187.000 205.000 106.000
2.905 10.440 84.342 196.000 215.000 110.000
2.905 10.841 84.340 185.000 205.000 94.000
2.905 11.241 84.338 178.000 198.000 86.000
2.905 11.641 84.336 166.000 187.000 77.000
2.905 12.042 84.335 182.000 200.000 101.000
2.905 12.442 84.333 189.000 204.000 114.000
2.905 12.842 84.331 202.000 216.000 135.000
2.905 13.243 84.329 206.000 218.000 158.000
3.306 9.640 84.339 197.000 213.000 132.000
3.306 10.040 84.337 201.000 217.000 127.000
3.306 10.440 84.335 205.000 220.000 128.000
3.306 10.841 84.333 200.000 216.000 118.000
3.306 11.241 84.331 194.000 212.000 107.000
3.306 11.641 84.329 190.000 208.000 104.000
3.306 12.042 84.327 197.000 213.000 120.000
3.306 12.442 84.326 197.000 213.000 127.000
3.306 12.842 84.324 208.000 223.000 142.000
3.306 13.243 84.322 188.000 198.000 146.000
3.706 9.640 84.331 205.000 219.000 149.000
3.706 10.040 84.330 212.000 225.000 147.000
3.706 10.440 84.328 214.000 227.000 145.000
3.706 10.841 84.326 214.000 228.000 142.000
3.706 11.241 84.324 209.000 224.000 131.000
3.706 11.641 84.322 210.000 224.000 136.000
3.706 12.042 84.320 213.000 227.000 145.000
3.706 12.442 84.319 207.000 222.000 140.000
3.706 12.842 84.317 199.000 211.000 141.000
4.106 9.640 84.324 227.000 236.000 184.000
4.106 10.040 84.323 225.000 233.000 162.000
4.106 10.440 84.321 222.000 234.000 159.000
4.106 10.841 84.319 213.000 227.000 144.000
4.106 11.241 84.317 209.000 224.000 137.000
4.106 11.641 84.315 213.000 227.000 149.000
4.106 12.042 84.313 209.000 222.000 151.000
4.106 12.442 84.311 75.000 84.000 37.000
1.712 10.843 84.762 89.000 105.000 44.000
2.112 10.842 84.755 150.000 172.000 75.000
2.112 11.243 84.753 166.000 190.000 82.000
2.112 11.643 84.751 155.000 179.000 77.000
2.112 12.044 84.749 142.000 165.000 70.000
2.112 12.444 84.747 131.000 153.000 65.000
2.112 12.844 84.745 126.000 143.000 68.000
2.512 10.442 84.749 112.000 132.000 46.000
2.512 10.842 84.748 178.000 200.000 88.000
2.512 11.243 84.746 177.000 199.000 84.000
2.512 11.643 84.744 167.000 188.000 82.000
2.512 12.044 84.742 160.000 180.000 82.000
2.512 12.444 84.740 154.000 174.000 82.000
2.512 12.844 84.738 169.000 185.000 102.000
2.512 13.245 84.736 166.000 179.000 114.000
2.913 9.641 84.746 83.000 92.000 45.000
2.913 10.042 84.744 121.000 143.000 46.000
2.912 10.442 84.742 195.000 215.000 101.000
2.912 10.842 84.740 193.000 213.000 101.000
2.912 11.243 84.739 193.000 211.000 106.000
2.912 11.643 84.737 186.000 203.000 102.000
2.912 12.044 84.735 183.000 201.000 106.000
2.912 12.444 84.733 192.000 207.000 122.000
2.912 12.844 84.731 202.000 216.000 136.000
2.912 13.245 84.729 202.000 213.000 155.000
3.313 9.641 84.739 186.000 201.000 123.000
3.313 10.042 84.737 205.000 221.000 129.000
3.313 10.442 84.735 205.000 222.000 119.000
3.313 10.842 84.733 204.000 221.000 115.000
3.313 11.243 84.731 199.000 216.000 108.000
3.313 11.643 84.730 201.000 216.000 119.000
3.313 12.043 84.728 201.000 216.000 127.000
3.313 12.444 84.726 204.000 219.000 133.000
3.313 12.844 84.724 213.000 227.000 151.000
3.313 13.245 84.722 216.000 225.000 178.000
3.713 9.241 84.734 115.000 121.000 86.000
3.713 9.641 84.732 207.000 220.000 152.000
3.713 10.042 84.730 215.000 229.000 151.000
3.713 10.442 84.728 213.000 228.000 137.000
3.713 10.842 84.726 215.000 230.000 130.000
3.713 11.243 84.724 216.000 231.000 128.000
3.713 11.643 84.723 217.000 231.000 142.000
3.713 12.043 84.721 219.000 232.000 154.000
3.713 12.444 84.719 215.000 229.000 148.000
3.713 12.844 84.717 209.000 221.000 152.000
4.113 9.641 84.725 233.000 240.000 198.000
4.113 10.042 84.723 225.000 235.000 170.000
4.113 10.442 84.721 223.000 235.000 158.000
4.113 10.842 84.719 225.000 237.000 158.000
4.113 11.243 84.717 223.000 235.000 154.000
4.113 11.643 84.715 226.000 238.000 164.000
4.113 12.043 84.714 222.000 232.000 165.000
4.113 12.444 84.712 163.000 171.000 121.000
4.514 11.243 84.710 90.000 95.000 63.000
2.119 10.444 85.157 92.000 101.000 54.000
2.119 10.844 85.155 164.000 185.000 89.000
2.119 11.245 85.153 151.000 177.000 68.000
2.519 10.444 85.150 104.000 120.000 47.000
2.519 10.844 85.148 170.000 192.000 88.000
2.519 11.245 85.146 163.000 187.000 76.000
2.519 11.645 85.144 150.000 175.000 69.000
2.519 12.045 85.142 151.000 173.000 76.000
2.519 12.446 85.140 166.000 184.000 96.000
2.519 12.846 85.139 162.000 177.000 97.000
2.519 13.246 85.137 87.000 93.000 61.000
2.920 10.044 85.144 64.000 80.000 22.000
2.920 10.444 85.143 183.000 200.000 106.000
2.920 10.844 85.141 204.000 221.000 123.000
2.920 11.245 85.139 205.000 221.000 125.000
2.920 11.645 85.137 198.000 215.000 116.000
2.920 12.045 85.135 195.000 211.000 117.000
2.920 12.446 85.133 195.000 210.000 123.000
2.920 12.846 85.131 205.000 218.000 142.000
2.919 13.246 85.130 181.000 187.000 146.000
3.320 9.643 85.139 83.000 92.000 50.000
3.320 10.044 85.137 188.000 203.000 122.000
3.320 10.444 85.135 212.000 227.000 141.000
3.320 10.844 85.134 221.000 234.000 151.000
3.320 11.245 85.132 225.000 237.000 150.000
3.320 11.645 85.130 225.000 237.000 151.000
3.320 12.045 85.128 221.000 234.000 148.000
3.320 12.446 85.126 216.000 230.000 148.000
3.320 12.846 85.124 221.000 232.000 165.000
3.320 13.246 85.123 182.000 186.000 158.000
3.720 9.643 85.132 122.000 129.000 91.000
3.720 10.044 85.130 212.000 226.000 154.000
3.720 10.444 85.128 226.000 237.000 166.000
3.720 10.844 85.126 231.000 241.000 166.000
3.720 11.245 85.125 236.000 244.000 164.000
3.720 11.645 85.123 237.000 244.000 166.000
3.720 12.045 85.121 234.000 242.000 168.000
3.720 12.446 85.119 226.000 237.000 163.000
3.720 12.846 85.117 220.000 230.000 169.000
4.121 9.643 85.125 169.000 174.000 142.000
4.120 10.044 85.123 229.000 238.000 178.000
4.120 10.444 85.121 232.000 241.000 174.000
4.120 10.844 85.119 235.000 242.000 172.000
4.120 11.245 85.118 237.000 242.000 173.000
4.120 11.645 85.116 236.000 242.000 172.000
4.120 12.045 85.114 233.000 242.000 174.000
4.120 12.446 85.112 227.000 236.000 174.000
2.526 10.846 85.548 75.000 98.000 24.000
2.526 11.247 85.546 137.000 165.000 60.000
2.526 11.647 85.544 142.000 168.000 65.000
2.927 10.846 85.541 124.000 137.000 67.000
2.927 11.247 85.539 195.000 212.000 119.000
2.927 11.647 85.537 198.000 214.000 121.000
2.927 12.047 85.535 197.000 213.000 124.000
2.927 12.448 85.534 182.000 199.000 112.000
2.927 12.848 85.532 157.000 168.000 106.000
3.327 10.446 85.536 169.000 180.000 116.000
3.327 10.846 85.534 209.000 221.000 146.000
3.327 11.246 85.532 228.000 239.000 163.000
3.327 11.647 85.530 231.000 241.000 165.000
3.327 12.047 85.528 227.000 238.000 163.000
3.327 12.448 85.526 214.000 228.000 148.000
3.327 12.848 85.525 201.000 211.000 148.000
3.727 10.045 85.530 116.000 122.000 87.000
3.727 10.446 85.529 217.000 228.000 161.000
3.727 10.846 85.527 233.000 242.000 173.000
3.727 11.246 85.525 241.000 246.000 174.000
3.727 11.647 85.523 240.000 245.000 169.000
3.727 12.047 85.521 237.000 244.000 173.000
3.727 12.448 85.519 231.000 240.000 174.000
3.727 12.848 85.518 200.000 208.000 157.000
4.128 10.045 85.523 182.000 190.000 141.000
4.128 10.446 85.522 230.000 240.000 175.000
4.128 10.846 85.520 238.000 243.000 178.000
4.128 11.246 85.518 246.000 247.000 189.000
4.128 11.647 85.516 245.000 246.000 184.000
4.128 12.047 85.514 241.000 245.000 183.000
4.127 12.448 85.512 242.000 246.000 207.000
2.934 11.248 85.939 78.000 91.000 40.000
2.934 11.649 85.938 182.000 198.000 114.000
2.934 12.049 85.936 176.000 193.000 107.000
3.334 11.248 85.932 154.000 163.000 111.000
3.334 11.649 85.930 228.000 239.000 171.000
3.334 12.049 85.929 223.000 235.000 166.000
3.334 12.449 85.927 209.000 223.000 147.000
3.334 12.850 85.925 112.000 122.000 69.000
3.734 10.848 85.927 106.000 112.000 69.000
3.734 11.248 85.925 194.000 198.000 138.000
3.734 11.649 85.923 247.000 249.000 199.000
3.734 12.049 85.922 245.000 248.000 203.000
3.734 12.449 85.920 231.000 240.000 184.000
3.734 12.850 85.918 77.000 82.000 56.000
4.135 11.248 85.918 202.000 202.000 172.000
4.135 11.649 85.916 248.000 249.000 205.000
4.135 12.049 85.914 240.000 242.000 203.000
3.341 11.651 86.331 102.000 111.000 60.000
3.341 12.051 86.329 199.000 213.000 134.000
3.341 12.451 86.327 204.000 218.000 141.000
3.741 11.651 86.324 137.000 144.000 83.000
3.741 12.051 86.322 230.000 239.000 178.000
3.741 12.451 86.320 230.000 239.000 186.000
3.741 12.852 86.318 175.000 186.000 127.000
4.142 12.051 86.315 203.000 206.000 177.000
4.142 7.647 86.335 93.000 98.000 68.000
1.304 11.241 84.367 89.000 109.000 44.000
1.304 11.641 84.365 100.000 125.000 48.000
1.304 12.042 84.363 84.000 106.000 41.000
1.311 12.444 84.761 61.000 80.000 25.000
1.712 11.243 84.760 150.000 174.000 77.000
1.712 11.643 84.758 140.000 164.000 67.000
1.712 12.044 84.756 121.000 145.000 58.000
1.712 12.444 84.754 90.000 113.000 39.000
1.719 12.846 85.153 113.000 126.000 68.000
2.119 11.645 85.151 125.000 152.000 54.000
2.119 12.045 85.149 127.000 152.000 59.000
2.119 12.446 85.148 141.000 161.000 74.000
2.119 12.846 85.146 126.000 141.000 73.000
2.126 12.848 85.546 167.000 184.000 104.000
2.126 13.248 85.544 116.000 123.000 88.000
2.526 12.047 85.543 144.000 167.000 72.000
2.526 12.448 85.541 154.000 173.000 85.000
2.526 12.848 85.539 163.000 178.000 100.000
2.533 11.248 85.947 96.000 124.000 39.000
2.533 11.649 85.945 141.000 167.000 66.000
2.533 12.049 85.943 145.000 168.000 72.000
2.533 12.449 85.941 145.000 165.000 77.000
2.934 12.449 85.934 147.000 166.000 80.000
2.934 12.850 85.932 141.000 157.000 82.000
2.934 13.250 85.930 87.000 94.000 58.000
2.941 11.250 86.340 69.000 81.000 34.000
2.941 11.651 86.338 150.000 161.000 96.000
2.941 12.051 86.336 154.000 169.000 92.000
2.941 12.451 86.334 147.000 166.000 81.000
3.341 12.852 86.325 174.000 190.000 108.000
3.341 13.252 86.323 79.000 86.000 52.000
3.348 12.053 86.729 71.000 83.000 32.000
3.348 12.453 86.727 128.000 142.000 72.000
