41.02274274555824 31.88443127786981 41.24764365820037 87.0 109.0 45.0
41.02272634909665 32.284779433587374 41.24579675375507 86.0 109.0 44.0
41.02270995263506 32.68512758930494 41.243949849309786 78.0 98.0 39.0
41.02985065065003 31.8862781823151 41.6479287113069 74.0 94.0 32.0
41.02983425418845 32.28662633803266 41.646081806861616 75.0 96.0 34.0
41.02981785772686 32.686974493750235 41.64423490241632 82.0 103.0 41.0
41.430156360643345 31.485913630135943 41.64266771066039 79.0 98.0 38.0
41.430139964181755 31.88626178585351 41.64082080621511 69.0 89.0 29.0
41.430123567720166 32.28660994157108 41.63897390176981 74.0 95.0 31.0
41.43010717125858 32.686958097288645 41.63712699732453 78.0 100.0 34.0
41.03695855574184 31.888125086760393 42.04821376441345 69.0 87.0 29.0
41.437264265735145 31.487760534581238 42.04295276376694 74.0 93.0 34.0
41.43724786927356 31.888108690298807 42.041105859321654 70.0 90.0 28.0
41.43723147281197 32.28845684601637 42.03925895487636 68.0 87.0 27.0
41.437215076350384 32.68880500173394 42.03741205043107 68.0 89.0 26.0
41.83755357926686 31.487744138119652 42.03584485867515 79.0 98.0 37.0
41.83753718280527 31.888092293837218 42.03399795422985 72.0 93.0 28.0
41.83752078634369 32.288440449554784 42.03215104978455 76.0 99.0 29.0
41.8375043898821 32.68878860527235 42.030304145339265 76.0 100.0 28.0
41.83748799342051 33.089136760989916 42.02845724089397 82.0 107.0 33.0
41.04408285729522 31.489623835488118 42.450345721965284 93.0 109.0 52.0
41.04406646083364 31.889971991205684 42.44849881751999 76.0 92.0 36.0
41.444372170826945 31.48960743902653 42.443237816873484 87.0 104.0 42.0
41.444355774365356 31.889955594744098 42.44139091242819 81.0 99.0 35.0
41.444339377903766 32.29030375046166 42.4395440079829 84.0 104.0 35.0
41.44432298144218 32.690651906179234 42.4376971035376 88.0 108.0 36.0
41.84466148435866 31.489591042564943 42.43612991178168 82.0 100.0 38.0
41.84464508789707 31.88993919828251 42.4342830073364 97.0 118.0 43.0
41.84462869143548 32.29028735400008 42.432436102891096 101.0 124.0 43.0
41.84461229497389 32.690635509717644 42.430589198445816 94.0 118.0 36.0
42.24493440142879 31.88992280182092 42.42717510224459 104.0 127.0 46.0
42.244918004967204 32.29027095753849 42.4253281977993 111.0 137.0 48.0
42.244901608505614 32.690619113256055 42.42348129335401 107.0 134.0 43.0
42.244885212044025 33.09096726897362 42.421634388908714 98.0 126.0 42.0
42.244868815582436 33.49131542469119 42.41978748446343 79.0 104.0 33.0
41.05119076238702 31.49147073993341 42.85063077507183 128.0 143.0 78.0
41.051174365925434 31.891818895650974 42.848783870626534 97.0 113.0 50.0
41.051157969463844 32.292167051368544 42.84693696618124 99.0 109.0 44.0
41.451480075918745 31.49145434347182 42.84352286998003 118.0 136.0 65.0
41.451463679457156 31.89180249918939 42.84167596553473 124.0 143.0 66.0
41.45144728299557 32.292150654906955 42.839829061089446 118.0 137.0 58.0
41.45143088653398 32.69249881062452 42.83798215664415 103.0 122.0 45.0
41.85176938945046 31.491437947010233 42.83641496488823 108.0 126.0 55.0
41.85175299298887 31.8917861027278 42.83456806044294 126.0 146.0 65.0
41.85173659652728 32.292134258445365 42.832721155997646 128.0 150.0 62.0
41.85172020006569 32.69248241416293 42.83087425155236 118.0 140.0 51.0
42.252042306520586 31.89176970626621 42.82746015535113 146.0 166.0 78.0
42.252025910059004 32.292117861983776 42.82561325090584 140.0 162.0 68.0
42.252009513597415 32.69246601770134 42.82376634646055 144.0 167.0 68.0
42.251993117135825 33.09281417341891 42.82191944201526 125.0 151.0 58.0
42.251976720674236 33.49316232913648 42.82007253756997 91.0 117.0 39.0
42.65228243066754 33.092797776957326 42.814811536923465 145.0 168.0 67.0
42.65226603420595 33.49314593267489 42.81296463247817 69.0 93.0 24.0
40.657992957485526 31.893682196557855 43.25617682882487 82.0 87.0 41.0
41.05829866747883 31.4933176443787 43.250915828178364 149.0 161.0 95.0
41.05828227101724 31.893665800096265 43.24906892373308 133.0 150.0 76.0
41.05826587455565 32.29401395581383 43.24722201928778 136.0 150.0 71.0
41.05824947809406 32.6943621115314 43.245375114842496 138.0 142.0 66.0
41.458604377472135 31.092953092199544 43.24565482753186 131.0 141.0 90.0
41.458587981010545 31.49330124791711 43.24380792308657 148.0 163.0 90.0
41.458571584548956 31.89364940363468 43.24196101864128 150.0 166.0 87.0
41.45855518808737 32.29399755935224 43.24011411419599 135.0 154.0 74.0
41.458538791625784 32.694345715069815 43.238267209750695 137.0 152.0 67.0
41.458522395164195 33.09469387078738 43.236420305305394 135.0 144.0 70.0
41.85889369100385 31.092936695737954 43.238546922440065 115.0 123.0 80.0
41.85887729454226 31.493284851455524 43.23670001799477 153.0 168.0 92.0
41.85886089808067 31.89363300717309 43.23485311354947 149.0 166.0 82.0
41.85884450161908 32.29398116289066 43.23300620910419 142.0 162.0 74.0
41.85882810515749 32.694329318608226 43.23115930465889 136.0 158.0 67.0
41.85881170869591 33.09467747432579 43.22931240021361 135.0 158.0 70.0
42.25916660807398 31.493268454993935 43.229592112902964 160.0 175.0 100.0
42.25915021161239 31.8936166107115 43.227745208457684 163.0 180.0 90.0
42.259133815150804 32.29396476642907 43.22589830401238 155.0 176.0 77.0
42.259117418689215 32.694312922146636 43.224051399567095 149.0 173.0 68.0
42.259101022227625 33.0946610778642 43.2222044951218 138.0 163.0 66.0
42.259084625766036 33.49500923358177 43.220357590676514 92.0 119.0 38.0
42.259019039919686 35.09640185645204 43.212969972895344 64.0 80.0 33.0
42.6594559216057 31.493252058532345 43.22248420781117 126.0 134.0 85.0
42.65943952514411 31.89360021424991 43.220637303365876 168.0 183.0 100.0
42.65942312868252 32.29394836996748 43.21879039892059 169.0 186.0 93.0
42.65940673222093 32.69429652568505 43.216943494475295 164.0 183.0 81.0
42.65939033575934 33.09464468140261 43.21509659003 156.0 178.0 76.0
42.65937393929775 33.49499283712018 43.213249685584714 112.0 142.0 45.0
42.65935754283616 33.895340992837745 43.21140278113942 76.0 105.0 27.0
42.65934114637458 34.29568914855532 43.20955587669413 70.0 97.0 26.0
42.65932474991299 34.696037304272885 43.20770897224884 65.0 85.0 29.0
43.059630459906295 34.29567275209373 43.202447971602325 86.0 116.0 32.0
43.059614063444705 34.6960209078113 43.200601067157045 94.0 118.0 42.0
40.66510086257732 31.895529101003145 43.65646188193141 80.0 85.0 40.0
41.06540657257062 31.49516454882399 43.65120088128491 145.0 156.0 93.0
41.065390176109034 31.89551270454156 43.64935397683962 128.0 142.0 75.0
41.065373779647445 32.295860860259126 43.647507072394326 128.0 145.0 73.0
41.06535738318586 32.69620901597669 43.64566016794904 122.0 135.0 67.0
41.465712282563935 31.094799996644834 43.6459398806384 135.0 145.0 92.0
41.465695886102345 31.495148152362404 43.64409297619311 156.0 171.0 96.0
41.465679489640756 31.89549630807997 43.64224607174782 144.0 160.0 84.0
41.46566309317917 32.295844463797536 43.640399167302526 121.0 140.0 61.0
41.46564669671758 32.6961926195151 43.63855226285724 116.0 137.0 55.0
41.46563030025599 33.09654077523267 43.636705358411945 100.0 120.0 49.0
41.86600159609565 31.094783600183245 43.6388319755466 141.0 152.0 93.0
41.86598519963406 31.495131755900815 43.636985071101314 163.0 179.0 99.0
41.86596880317247 31.89547991161838 43.63513816665602 154.0 172.0 85.0
41.86595240671088 32.29582806733595 43.63329126221073 137.0 158.0 67.0
41.86593601024929 32.69617622305351 43.63144435776544 121.0 144.0 51.0
41.8659196137877 33.09652437877108 43.62959745332015 115.0 140.0 54.0
41.865903217326114 33.49687253448865 43.62775054887485 110.0 136.0 54.0
41.86588682086453 33.89722069020622 43.62590364442957 81.0 102.0 40.0
42.266290909627365 31.09476720372166 43.63172407045481 87.0 92.0 62.0
42.266274513165776 31.495115359439225 43.62987716600951 166.0 180.0 103.0
42.26625811670419 31.89546351515679 43.62803026156423 163.0 181.0 88.0
42.266241720242604 32.29581167087436 43.626183357118926 152.0 175.0 70.0
42.266225323781015 32.69615982659192 43.62433645267363 144.0 169.0 61.0
42.266208927319425 33.0965079823095 43.622489548228344 119.0 146.0 51.0
42.266192530857836 33.49685613802706 43.62064264378305 106.0 134.0 47.0
42.26617613439625 33.89720429374463 43.61879573933776 90.0 117.0 39.0
42.26615973793466 34.297552449462195 43.61694883489247 78.0 102.0 36.0
42.26614334147307 34.69790060517977 43.61510193044718 76.0 99.0 37.0
42.266126945011486 35.098248760897334 43.61325502600189 73.0 93.0 37.0
42.66656382669749 31.495098962977636 43.62276926091771 160.0 168.0 112.0
42.66654743023591 31.895447118695206 43.62092235647242 169.0 184.0 100.0
42.66653103377432 32.29579527441277 43.619075452027126 160.0 178.0 84.0
42.66651463731273 32.69614343013034 43.61722854758184 152.0 174.0 72.0
42.66649824085114 33.09649158584791 43.615381643136544 130.0 154.0 58.0
42.66648184438955 33.49683974156547 43.61353473869126 113.0 140.0 49.0
42.66646544792796 33.89718789728304 43.61168783424596 104.0 132.0 45.0
42.66644905146637 34.297536053000606 43.609840929800676 86.0 113.0 38.0
42.66643265500478 34.69788420871818 43.60799402535538 83.0 107.0 39.0
42.6664162585432 35.098232364435745 43.60614712091008 75.0 93.0 39.0
43.066836743767624 31.895430722233616 43.61381445138062 168.0 179.0 108.0
43.066820347306034 32.295778877951186 43.61196754693533 161.0 176.0 93.0
43.066803950844445 32.69612703366875 43.61012064249004 157.0 175.0 83.0
43.06678755438286 33.09647518938632 43.60827373804475 141.0 163.0 67.0
43.06677115792127 33.496823345103884 43.60642683359946 123.0 149.0 54.0
43.066754761459684 33.89717150082145 43.604579929154156 109.0 137.0 46.0
43.066738364998095 34.29751965653902 43.602733024708876 91.0 120.0 38.0
43.066721968536505 34.69786781225659 43.600886120263574 90.0 115.0 42.0
40.67220876766912 31.897376005448436 44.056746935037964 83.0 88.0 46.0
40.67219237120753 32.297724161166 44.05490003059268 106.0 107.0 66.0
41.07253087412401 31.096663297551714 44.05333283883675 136.0 140.0 105.0
41.07251447766242 31.49701145326928 44.05148593439145 145.0 156.0 94.0
41.072498081200834 31.89735960898685 44.04963902994616 140.0 152.0 86.0
41.072481684739245 32.29770776470441 44.04779212550087 133.0 148.0 79.0
41.072465288277655 32.698055920421986 44.045945221055575 132.0 144.0 79.0
41.072448891816066 33.09840407613955 44.04409831661029 105.0 117.0 61.0
41.47282018765573 31.096646901090125 44.046224933744945 143.0 152.0 96.0
41.472803791194146 31.496995056807695 44.04437802929965 154.0 167.0 93.0
41.472787394732556 31.89734321252526 44.042531124854364 137.0 152.0 77.0
41.47277099827097 32.29769136824283 44.04068422040907 119.0 138.0 61.0
41.47275460180938 32.6980395239604 44.03883731596378 125.0 144.0 64.0
41.47273820534779 33.09838767967796 44.03699041151849 121.0 141.0 64.0
41.4727218088862 33.49873583539553 44.0351435070732 85.0 101.0 44.0
41.87312589764903 30.69628234891097 44.04096393309844 83.0 89.0 60.0
41.87310950118744 31.09663050462854 44.039117028653145 161.0 172.0 110.0
41.873093104725854 31.496978660346105 44.03727012420786 167.0 181.0 101.0
41.87307670826427 31.89732681606367 44.03542321976256 152.0 168.0 83.0
41.87306031180268 32.29767497178124 44.033576315317276 142.0 161.0 70.0
41.87304391534109 32.69802312749881 44.03172941087198 125.0 148.0 57.0
41.8730275188795 33.09837128321637 44.02988250642668 116.0 139.0 55.0
41.873011122417914 33.49871943893394 44.0280356019814 110.0 134.0 54.0
41.872994725956325 33.899067594651505 44.0261886975361 100.0 124.0 50.0
41.872978329494735 34.29941575036907 44.02434179309082 64.0 83.0 32.0
41.872961933033146 34.699763906086645 44.02249488864552 64.0 83.0 31.0
42.273398814719165 31.09661410816695 44.03200912356135 142.0 150.0 99.0
42.273382418257576 31.496962263884516 44.03016221911606 175.0 187.0 112.0
42.27336602179599 31.897310419602082 44.028315314670756 163.0 180.0 89.0
42.2733496253344 32.29765857531965 44.026468410225476 153.0 174.0 75.0
42.273333228872815 32.69800673103722 44.024621505780175 141.0 164.0 63.0
42.273316832411226 33.098354886754784 44.022774601334895 112.0 139.0 48.0
42.273300435949636 33.49870304247235 44.02092769688959 105.0 131.0 46.0
42.27328403948805 33.899051198189916 44.019080792444306 94.0 121.0 41.0
42.27326764302646 34.29939935390748 44.01723388799901 85.0 110.0 40.0
42.27325124656487 34.699747509625055 44.015386983553725 80.0 103.0 40.0
42.27323485010328 35.10009566534263 44.01354007910843 80.0 100.0 43.0
42.67367173178929 31.496945867422927 44.02305431402425 152.0 160.0 104.0
42.6736553353277 31.897294023140496 44.02120740957896 170.0 184.0 100.0
42.67363893886611 32.29764217885806 44.01936050513367 161.0 179.0 87.0
42.67362254240452 32.69799033457563 44.01751360068838 147.0 168.0 70.0
42.67360614594294 33.098338490293195 44.01566669624309 122.0 147.0 54.0
42.67358974948135 33.49868664601076 44.0138197917978 115.0 142.0 51.0
42.67357335301976 33.89903480172833 44.011972887352506 104.0 132.0 46.0
42.67355695655817 34.2993829574459 44.01012598290721 88.0 115.0 41.0
42.67354056009658 34.69973111316347 44.008279078461925 86.0 110.0 44.0
42.673524163634994 35.10007926888104 44.00643217401663 81.0 99.0 45.0
43.073944648859424 31.897277626678907 44.01409950448716 161.0 171.0 102.0
43.073928252397835 32.29762578239647 44.012252600041876 164.0 180.0 94.0
43.073911855936245 32.69797393811404 44.01040569559658 150.0 170.0 78.0
43.073895459474656 33.098322093831605 44.00855879115129 125.0 149.0 58.0
43.07387906301307 33.49867024954917 44.006711886706 116.0 142.0 52.0
43.07386266655148 33.899018405266744 44.004864982260706 111.0 139.0 50.0
43.073846270089895 34.29936656098431 44.00301807781542 94.0 121.0 43.0
43.073829873628306 34.699714716701884 44.00117117337012 90.0 114.0 45.0
43.47421756592956 32.297609385934884 44.005144694950076 77.0 85.0 44.0
43.47420116946797 32.69795754165245 44.003297790504774 119.0 136.0 61.0
43.47418477300638 33.098305697370016 44.001450886059494 125.0 145.0 62.0
43.47416837654479 33.49865385308759 43.99960398161419 114.0 138.0 52.0
43.4741519800832 33.899002008805155 43.99775707716891 100.0 128.0 42.0
43.47413558362161 34.29935016452273 43.99591017272361 92.0 119.0 43.0
43.47411918716002 34.699698320240294 43.99406326827833 78.0 101.0 38.0
40.67933306922251 31.49887475417616 44.4588788925898 115.0 124.0 71.0
40.67931667276092 31.899222909893727 44.45703198814451 95.0 99.0 57.0
41.07963877921581 31.098510201997005 44.45361789194328 110.0 116.0 75.0
41.07962238275422 31.49885835771457 44.451770987498 128.0 141.0 78.0
41.079605986292634 31.89920651343214 44.4499240830527 142.0 152.0 88.0
41.07958958983105 32.29955466914971 44.44807717860741 144.0 155.0 89.0
41.07957319336946 32.69990282486727 44.44623027416212 145.0 157.0 91.0
41.07955679690787 33.10025098058484 44.44438336971683 126.0 138.0 75.0
41.479928092747535 31.098493805535416 44.44650998685149 137.0 146.0 94.0
41.479911696285946 31.498841961252985 44.444663082406194 144.0 157.0 84.0
41.479895299824356 31.89919011697055 44.44281617796091 144.0 159.0 80.0
41.47987890336277 32.29953827268812 44.44096927351561 143.0 161.0 79.0
41.47986250690118 32.699886428405684 44.43912236907032 145.0 162.0 80.0
41.47984611043959 33.10023458412325 44.43727546462503 142.0 159.0 80.0
41.479829713978006 33.500582739840816 44.43542856017974 117.0 135.0 63.0
41.88021740627925 31.09847740907383 44.43940208175969 146.0 155.0 99.0
41.88020100981766 31.498825564791396 44.437555177314394 160.0 173.0 94.0
41.88018461335607 31.899173720508962 44.43570827286911 153.0 169.0 81.0
41.88016821689448 32.29952187622653 44.43386136842381 147.0 165.0 76.0
41.88015182043289 32.699870031944094 44.432014463978525 150.0 169.0 78.0
41.8801354239713 33.10021818766166 44.43016755953323 130.0 151.0 66.0
41.88011902750972 33.500566343379234 44.428320655087944 107.0 131.0 50.0
41.88010263104813 33.9009144990968 44.42647375064264 79.0 102.0 34.0
42.280506719810965 31.09846101261224 44.43229417666789 122.0 128.0 86.0
42.28049032334938 31.498809168329807 44.4304472722226 168.0 181.0 105.0
42.280473926887794 31.899157324047373 44.4286003677773 166.0 182.0 94.0
42.280457530426204 32.29950547976494 44.42675346333202 159.0 176.0 86.0
42.280441133964615 32.699853635482505 44.42490655888672 151.0 171.0 76.0
42.280424737503026 33.10020179120008 44.42305965444144 120.0 146.0 52.0
42.280408341041436 33.500549946917644 44.42121274999614 103.0 132.0 44.0
42.28039194457985 33.90089810263521 44.41936584555084 88.0 117.0 36.0
42.28037554811826 34.301246258352776 44.417518941105556 84.0 110.0 38.0
42.280359151656675 34.70159441407035 44.41567203666026 83.0 107.0 43.0
42.280342755195086 35.101942569787916 44.413825132214974 89.0 109.0 52.0
42.68077963688109 31.498792771868217 44.423339367130794 145.0 152.0 98.0
42.68076324041951 31.899140927585787 44.421492462685514 176.0 190.0 105.0
42.68074684395792 32.29948908330335 44.41964555824021 163.0 181.0 89.0
42.68073044749633 32.69983723902092 44.41779865379492 155.0 175.0 78.0
42.68071405103474 33.10018539473849 44.41595174934963 129.0 154.0 58.0
42.68069765457315 33.500533550456055 44.41410484490434 110.0 139.0 46.0
42.68068125811156 33.90088170617362 44.41225794045905 100.0 129.0 42.0
42.68066486164997 34.30122986189119 44.410411036013755 87.0 114.0 39.0
42.68064846518839 34.70157801760876 44.40856413156847 92.0 115.0 49.0
42.6806320687268 35.101926173326326 44.406717227123174 87.0 104.0 54.0
43.081052553951224 31.899124531124198 44.414384557593706 157.0 167.0 101.0
43.081036157489635 32.29947268684177 44.41253765314841 171.0 187.0 97.0
43.08101976102805 32.69982084255933 44.410690748703125 154.0 175.0 77.0
43.08100336456646 33.1001689982769 44.40884384425783 133.0 157.0 61.0
43.080986968104874 33.500517153994466 44.406996939812544 118.0 145.0 52.0
43.080970571643284 33.90086530971203 44.40515003536725 108.0 138.0 47.0
43.080954175181695 34.301213465429605 44.40330313092196 91.0 118.0 42.0
43.080937778720106 34.70156162114717 44.40145622647667 93.0 117.0 49.0
43.48130907455977 32.699804446097744 44.403582843611325 81.0 97.0 38.0
43.48129267809818 33.10015260181531 44.40173593916604 113.0 136.0 52.0
43.481276281636596 33.500500757532876 44.39988903472074 98.0 123.0 42.0
43.48125988517501 33.90084891325044 44.39804213027544 86.0 113.0 36.0
43.48124348871342 34.301197068968015 44.39619522583016 90.0 115.0 45.0
43.48122709225183 34.70154522468558 44.39434832138486 79.0 100.0 42.0
43.881565595168304 33.50048436107129 44.392781129628936 83.0 106.0 37.0
43.88154919870672 33.90083251678885 44.39093422518365 77.0 102.0 32.0
43.88153280224513 34.301180672506426 44.389087320738355 65.0 87.0 29.0
40.68644097431431 31.50072165862145 44.85916394569634 100.0 105.0 64.0
40.68642457785272 31.901069814339017 44.85731704125105 85.0 89.0 53.0
41.08674668430761 31.100357106442296 44.853902945049825 113.0 121.0 76.0
41.086730287846024 31.50070526215986 44.852056040604545 122.0 135.0 72.0
41.086713891384434 31.90105341787743 44.85020913615924 131.0 145.0 77.0
41.086697494922845 32.301401573594994 44.84836223171396 142.0 155.0 88.0
41.086681098461256 32.70174972931257 44.84651532726866 170.0 179.0 116.0
41.086664701999666 33.10209788503013 44.84466842282337 157.0 166.0 108.0
41.487035997839335 31.100340709980706 44.84679503995804 128.0 137.0 84.0
41.487019601377746 31.500688865698276 44.84494813551274 137.0 151.0 78.0
41.48700320491616 31.901037021415842 44.84310123106744 137.0 154.0 72.0
41.48698680845457 32.30138517713341 44.841254326622156 147.0 162.0 81.0
41.48697041199298 32.70173333285098 44.83940742217686 155.0 172.0 91.0
41.48695401553139 33.102081488568544 44.837560517731575 159.0 176.0 93.0
41.4869376190698 33.50242964428611 44.83571361328628 126.0 140.0 71.0
41.88732531137104 31.10032431351912 44.83968713486623 125.0 133.0 83.0
41.88730891490946 31.500672469236687 44.83784023042094 150.0 164.0 85.0
41.88729251844787 31.901020624954253 44.83599332597565 150.0 168.0 76.0
41.88727612198628 32.30136878067182 44.834146421530356 154.0 173.0 80.0
41.88725972552469 32.70171693638939 44.83229951708507 156.0 175.0 79.0
41.887243329063104 33.102065092106955 44.830452612639775 143.0 164.0 71.0
41.887226932601514 33.50241324782452 44.82860570819449 123.0 147.0 58.0
41.887210536139925 33.90276140354209 44.82675880374919 93.0 118.0 41.0
41.887194139678336 34.30310955925965 44.82491189930389 66.0 85.0 30.0
42.287598228441176 31.500656072775097 44.830732325329144 168.0 178.0 108.0
42.28758183197959 31.901004228492663 44.82888542088385 172.0 188.0 98.0
42.287565435518 32.30135238421023 44.82703851643856 164.0 182.0 85.0
42.287549039056415 32.7017005399278 44.82519161199327 161.0 181.0 77.0
42.287532642594826 33.102048695645365 44.82334470754797 139.0 162.0 63.0
42.28751624613324 33.50239685136293 44.82149780310269 99.0 128.0 41.0
42.28749984967165 33.9027450070805 44.819650898657386 83.0 111.0 34.0
42.28748345321006 34.30309316279806 44.8178039942121 84.0 111.0 39.0
42.28746705674847 34.70344131851564 44.815957089766805 89.0 114.0 44.0
42.28745066028688 35.10378947423321 44.81411018532152 86.0 108.0 44.0
42.68788754197289 31.500639676313508 44.82362442023734 139.0 144.0 98.0
42.6878711455113 31.900987832031078 44.82177751579204 193.0 206.0 127.0
42.68785474904971 32.301335987748644 44.819930611346756 170.0 187.0 94.0
42.68783835258813 32.70168414346621 44.81808370690146 163.0 183.0 83.0
42.68782195612654 33.102032299183776 44.816236802456174 132.0 156.0 59.0
42.68780555966495 33.50238045490134 44.81438989801088 107.0 133.0 45.0
42.68778916320336 33.90272861061891 44.81254299356559 99.0 127.0 42.0
42.68777276674177 34.30307676633648 44.8106960891203 89.0 115.0 40.0
42.687756370280184 34.703424922054054 44.80884918467501 102.0 126.0 52.0
42.687739973818594 35.10377307777162 44.80700228022972 95.0 116.0 52.0
42.687723577357005 35.50412123348919 44.80515537578442 75.0 88.0 45.0
43.088160459043024 31.900971435569488 44.81466961070025 178.0 188.0 124.0
43.088144062581435 32.301319591287054 44.812822706254956 177.0 191.0 109.0
43.088127666119846 32.70166774700462 44.81097580180967 161.0 180.0 87.0
43.088111269658256 33.10201590272219 44.809128897364374 132.0 156.0 61.0
43.08809487319667 33.50236405843975 44.80728199291909 119.0 145.0 53.0
43.088078476735085 33.902712214157326 44.80543508847379 113.0 141.0 50.0
43.088062080273495 34.3030603698749 44.8035881840285 100.0 127.0 46.0
43.088045683811906 34.703408525592465 44.80174127958321 106.0 130.0 56.0
43.08802928735032 35.10375668131003 44.79989437513792 95.0 111.0 55.0
43.48841697965157 32.70165135054303 44.80386789671787 136.0 150.0 83.0
43.48840058318998 33.1019995062606 44.80202099227257 137.0 157.0 76.0
43.48838418672839 33.50234766197817 44.80017408782729 122.0 145.0 60.0
43.4883677902668 33.90269581769574 44.798327183381986 99.0 126.0 44.0
43.48835139380521 34.30304397341331 44.796480278936706 96.0 120.0 47.0
43.48833499734363 34.703392129130876 44.794633374491404 100.0 120.0 56.0
43.48831860088204 35.10374028484844 44.792786470046124 103.0 114.0 67.0
43.888689896721694 33.101983109799015 44.79491308718078 85.0 100.0 46.0
43.888673500260104 33.50233126551658 44.79306618273548 90.0 112.0 42.0
43.888657103798515 33.90267942123415 44.7912192782902 80.0 106.0 34.0
43.888640707336926 34.30302757695172 44.7893723738449 81.0 105.0 37.0
43.888624310875336 34.703375732669286 44.78752546939962 77.0 93.0 41.0
41.093854589399406 31.102204010887586 45.254187998156375 93.0 102.0 62.0
41.093838192937824 31.502552166605152 45.252341093711074 115.0 129.0 69.0
41.093821796476234 31.902900322322722 45.250494189265794 117.0 132.0 69.0
41.093805400014645 32.30324847804029 45.24864728482049 140.0 152.0 88.0
41.093789003553056 32.703596633757854 45.24680038037521 164.0 175.0 112.0
41.093772607091466 33.10394478947542 45.24495347592991 121.0 124.0 89.0
41.49414390293113 31.102187614425997 45.24708009306457 98.0 105.0 66.0
41.49412750646954 31.502535770143567 45.24523318861928 132.0 146.0 77.0
41.49411111000795 31.902883925861133 45.24338628417399 133.0 149.0 74.0
41.49409471354637 32.3032320815787 45.2415393797287 142.0 157.0 79.0
41.49407831708478 32.703580237296265 45.239692475283405 159.0 175.0 93.0
41.49406192062319 33.10392839301383 45.23784557083812 164.0 180.0 98.0
41.4940455241616 33.504276548731404 45.235998666392824 144.0 155.0 92.0
41.89443321646284 31.10217121796441 45.239972187972775 97.0 102.0 67.0
41.894416820001254 31.502519373681977 45.23812528352748 151.0 165.0 87.0
41.894400423539665 31.902867529399543 45.236278379082194 155.0 170.0 83.0
41.894384027078075 32.30321568511711 45.2344314746369 154.0 172.0 80.0
41.89436763061649 32.703563840834676 45.232584570191605 160.0 179.0 81.0
41.894351234154904 33.10391199655225 45.23073766574632 155.0 175.0 78.0
41.894334837693314 33.504260152269815 45.228890761301024 131.0 154.0 64.0
41.894318441231725 33.90460830798738 45.22704385685574 83.0 105.0 37.0
42.294706133532976 31.502502977220388 45.23101737843568 166.0 177.0 107.0
42.29468973707139 31.902851132937954 45.22917047399039 164.0 180.0 90.0
42.2946733406098 32.30319928865552 45.22732356954509 159.0 177.0 78.0
42.29465694414821 32.703547444373086 45.22547666509981 158.0 179.0 72.0
42.29464054768662 33.10389560009066 45.22362976065451 151.0 174.0 70.0
42.29462415122504 33.504243755808226 45.22178285620923 113.0 139.0 48.0
42.29460775476345 33.90459191152579 45.21993595176393 83.0 110.0 33.0
42.29459135830186 34.30494006724336 45.21808904731865 82.0 108.0 36.0
42.29457496184027 34.70528822296093 45.21624214287335 80.0 106.0 36.0
42.29455856537868 35.1056363786785 45.214395238428054 76.0 98.0 34.0
42.69499544706469 31.5024865807588 45.22390947334389 127.0 134.0 84.0
42.6949790506031 31.90283473647637 45.222062568898586 177.0 191.0 108.0
42.69496265414151 32.30318289219393 45.220215664453306 165.0 183.0 88.0
42.69494625767992 32.703531047911504 45.218368760008005 160.0 180.0 78.0
42.694929861218334 33.10387920362907 45.216521855562725 140.0 163.0 65.0
42.694913464756745 33.504227359346636 45.21467495111742 122.0 148.0 56.0
42.69489706829516 33.9045755150642 45.21282804667213 97.0 124.0 42.0
42.69488067183357 34.30492367078177 45.21098114222684 91.0 117.0 42.0
42.694864275371984 34.70527182649934 45.20913423778155 92.0 116.0 45.0
42.694847878910394 35.10561998221691 45.20728733333626 103.0 124.0 56.0
42.694831482448805 35.505968137934474 45.20544042889097 92.0 103.0 56.0
43.095268364134824 31.90281834001478 45.21495466380679 177.0 188.0 120.0
43.095251967673235 32.30316649573235 45.2131077593615 179.0 194.0 111.0
43.095235571211646 32.703514651449915 45.211260854916205 161.0 179.0 85.0
43.095219174750056 33.10386280716748 45.20941395047092 137.0 159.0 66.0
43.09520277828847 33.50421096288505 45.20756704602562 122.0 147.0 58.0
43.09518638182688 33.90455911860261 45.205720141580336 113.0 140.0 53.0
43.09516998536529 34.304907274320186 45.20387323713504 104.0 130.0 50.0
43.095153588903706 34.70525543003775 45.202026332689755 106.0 128.0 57.0
43.09513719244212 35.10560358575532 45.20017942824446 98.0 114.0 59.0
43.09512079598053 35.505951741472884 45.19833252379917 80.0 87.0 55.0
43.49554128120495 32.30315009927076 45.2059998542697 79.0 84.0 56.0
43.49552488474337 32.703498254988325 45.20415294982441 102.0 114.0 60.0
43.49550848828178 33.10384641070589 45.20230604537912 133.0 152.0 72.0
43.49549209182019 33.50419456642346 45.20045914093383 123.0 146.0 63.0
43.4954756953586 33.904542722141024 45.198612236488536 106.0 131.0 51.0
43.49545929889701 34.3048908778586 45.19676533204325 100.0 123.0 50.0
43.49544290243542 34.70523903357616 45.194918427597955 104.0 120.0 62.0
43.49542650597383 35.10558718929373 45.19307152315265 75.0 83.0 51.0
43.895797801813494 33.1038300142443 45.195198140287324 68.0 82.0 34.0
43.895781405351904 33.50417816996187 45.19335123584202 86.0 108.0 41.0
43.895765008890315 33.904526325679434 45.19150433139673 89.0 114.0 40.0
43.895748612428726 34.30487448139701 45.18965742695144 95.0 117.0 47.0
43.895732215967136 34.705222637114574 45.18781052250615 88.0 104.0 52.0
44.29605432242204 33.90450992921785 45.184396426304936 67.0 91.0 26.0
44.29603792596045 34.30485808493542 45.18254952185964 85.0 109.0 41.0
44.29602152949886 34.70520624065299 45.180702617414354 70.0 84.0 38.0
41.10096249449121 31.104050915332884 45.65447305126292 80.0 89.0 53.0
41.100946098029624 31.50439907105045 45.65262614681762 107.0 119.0 66.0
41.100929701568035 31.904747226768016 45.65077924237234 105.0 119.0 64.0
41.100913305106445 32.30509538248558 45.648932337927036 130.0 142.0 81.0
41.100896908644856 32.70544353820315 45.647085433481756 157.0 168.0 105.0
41.501251808022936 31.104034518871295 45.64736514617111 74.0 80.0 50.0
41.501235411561346 31.50438267458886 45.64551824172583 114.0 128.0 66.0
41.50121901509976 31.90473083030643 45.64367133728053 127.0 144.0 70.0
41.50120261863817 32.30507898602399 45.64182443283525 136.0 152.0 74.0
41.50118622217658 32.705427141741566 45.63997752838995 151.0 167.0 83.0
41.50116982571499 33.10577529745913 45.638130623944654 168.0 183.0 105.0
41.5011534292534 33.5061234531767 45.63628371949937 144.0 153.0 97.0
41.90154112155465 31.104018122409705 45.64025724107932 81.0 85.0 59.0
41.90152472509306 31.504366278127275 45.638410336634024 145.0 159.0 86.0
41.90150832863147 31.90471443384484 45.63656343218873 155.0 170.0 85.0
41.90149193216988 32.30506258956241 45.63471652774344 155.0 172.0 81.0
41.90147553570829 32.70541074527998 45.63286962329815 160.0 179.0 81.0
41.901459139246704 33.10575890099754 45.63102271885286 163.0 182.0 89.0
41.901442742785115 33.50610705671511 45.62917581440757 131.0 153.0 65.0
41.901426346323525 33.906455212432675 45.62732890996228 85.0 107.0 40.0
41.90140994986194 34.30680336815024 45.625482005516986 71.0 89.0 34.0
42.30181403862478 31.504349881665686 45.631302431542224 157.0 168.0 95.0
42.30179764216319 31.904698037383252 45.62945552709694 159.0 174.0 87.0
42.301781245701605 32.30504619310082 45.62760862265164 156.0 174.0 77.0
42.301764849240016 32.70539434881839 45.625761718206356 155.0 176.0 70.0
42.301748452778426 33.105742504535954 45.62391481376106 147.0 169.0 67.0
42.30173205631684 33.50609066025352 45.622067909315774 120.0 147.0 52.0
42.30171565985525 33.906438815971086 45.62022100487048 79.0 105.0 30.0
42.30169926339366 34.30678697168865 45.61837410042518 71.0 96.0 28.0
42.30168286693207 34.707135127406225 45.61652719597989 72.0 96.0 30.0
42.30166647047048 35.10748328312379 45.6146802915346 64.0 82.0 26.0
42.3016500740089 35.507831438841365 45.61283338708931 72.0 87.0 36.0
42.70210335215649 31.504333485204096 45.62419452645043 115.0 122.0 75.0
42.7020869556949 31.904681640921662 45.62234762200514 162.0 176.0 92.0
42.70207055923332 32.30502979663923 45.62050071755985 160.0 177.0 83.0
42.70205416277173 32.7053779523568 45.61865381311455 156.0 177.0 75.0
42.70203776631014 33.105726108074364 45.616806908669254 144.0 165.0 70.0
42.70202136984855 33.50607426379193 45.61496000422397 119.0 145.0 55.0
42.70200497338696 33.9064224195095 45.61311309977867 92.0 120.0 40.0
42.70198857692537 34.30677057522706 45.611266195333386 86.0 113.0 38.0
42.701972180463784 34.707118730944636 45.60941929088809 85.0 110.0 42.0
42.701955784002195 35.10746688666221 45.607572386442804 84.0 104.0 45.0
42.70193938754061 35.507815042379775 45.60572548199751 111.0 124.0 71.0
43.102392665688214 31.504317088742507 45.617086621358624 99.0 102.0 73.0
43.102376269226625 31.904665244460077 45.61523971691333 170.0 182.0 109.0
43.102359872765035 32.30501340017764 45.61339281246804 161.0 177.0 90.0
43.102343476303446 32.70536155589521 45.61154590802275 153.0 172.0 78.0
43.10232707984186 33.105709711612775 45.60969900357746 141.0 162.0 72.0
43.102310683380274 33.50605786733034 45.60785209913217 118.0 143.0 57.0
43.102294286918685 33.90640602304791 45.60600519468688 106.0 133.0 49.0
43.102277890457096 34.30675417876548 45.604158290241585 99.0 124.0 47.0
43.102261493995506 34.707102334483054 45.60231138579629 102.0 124.0 54.0
43.10224509753392 35.10745049020062 45.600464481351004 91.0 105.0 57.0
43.50263278983517 32.70534515943362 45.604438002930955 92.0 107.0 47.0
43.50261639337358 33.105693315151186 45.60259109848566 120.0 140.0 61.0
43.50259999691199 33.50604147086875 45.60074419404036 110.0 133.0 54.0
43.5025836004504 33.906389626586325 45.59889728959508 100.0 124.0 48.0
43.50256720398882 34.3067377823039 45.59705038514978 101.0 124.0 51.0
43.50255080752723 34.707085938021464 45.5952034807045 99.0 116.0 57.0
43.902905706905294 33.105676918689596 45.595483193393854 71.0 86.0 35.0
43.902889310443705 33.50602507440717 45.593636288948574 89.0 110.0 43.0
43.902872913982115 33.906373230124736 45.59178938450327 95.0 119.0 44.0
43.902856517520526 34.30672138584231 45.58994248005799 101.0 123.0 51.0
43.902840121058944 34.707069541559875 45.58809557561269 99.0 114.0 58.0
44.30316222751384 33.906356833663146 45.58468147941148 80.0 105.0 35.0
44.30314583105225 34.30670498938072 45.582834574966185 98.0 121.0 49.0
44.30312943459066 34.707053145098286 45.58098767052089 105.0 123.0 59.0
41.10807039958301 31.105897819778175 46.05475810436946 95.0 103.0 68.0
41.108054003121424 31.50624597549574 46.05291119992417 119.0 131.0 78.0
41.108037606659835 31.906594131213307 46.05106429547888 100.0 112.0 61.0
41.108021210198245 32.30694228693088 46.04921739103359 75.0 85.0 43.0
41.50835971311473 31.105881423316585 46.047650199277655 83.0 88.0 60.0
41.50834331665314 31.50622957903415 46.04580329483236 125.0 137.0 78.0
41.50832692019156 31.90657773475172 46.04395639038707 112.0 129.0 55.0
41.50831052372997 32.30692589046929 46.04210948594178 124.0 143.0 60.0
41.50829412726838 32.70727404618685 46.04026258149649 145.0 163.0 75.0
41.50827773080679 33.10762220190442 46.0384156770512 185.0 196.0 123.0
41.5082613343452 33.507970357621986 46.03656877260591 121.0 129.0 83.0
41.908632630184854 31.506213182572566 46.03869538974057 133.0 145.0 81.0
41.908616233723265 31.906561338290132 46.03684848529527 135.0 154.0 65.0
41.90859983726168 32.3069094940077 46.035001580849986 142.0 162.0 66.0
41.90858344080009 32.707257649725264 46.03315467640469 148.0 168.0 68.0
41.908567044338504 33.10760580544283 46.031307771959405 154.0 174.0 81.0
41.908550647876915 33.507953961160396 46.02946086751411 140.0 161.0 72.0
41.908534251415325 33.90830211687797 46.027613963068816 114.0 136.0 58.0
41.908517854953736 34.308650272595536 46.02576705862353 71.0 88.0 34.0
42.30892194371658 31.506196786110976 46.03158748464877 130.0 139.0 81.0
42.30890554725499 31.906544941828543 46.02974058020348 156.0 171.0 86.0
42.3088891507934 32.30689309754611 46.027893675758186 155.0 174.0 78.0
42.30887275433181 32.707241253263675 46.026046771312885 154.0 175.0 70.0
42.308856357870226 33.10758940898124 46.024199866867605 132.0 155.0 57.0
42.30883996140864 33.507937564698814 46.0223529624223 113.0 140.0 47.0
42.30882356494705 33.90828572041638 46.02050605797702 95.0 121.0 37.0
42.30880716848546 34.308633876133946 46.01865915353172 93.0 120.0 37.0
42.30879077202387 34.70898203185152 46.01681224908644 83.0 107.0 32.0
42.30877437556228 35.109330187569086 46.01496534464114 69.0 88.0 29.0
42.30875797910069 35.50967834328665 46.01311844019586 68.0 80.0 37.0
42.70921125724829 31.506180389649387 46.02447957955696 106.0 111.0 74.0
42.7091948607867 31.906528545366953 46.02263267511168 159.0 173.0 95.0
42.70917846432511 32.30687670108452 46.02078577066638 157.0 174.0 84.0
42.709162067863524 32.707224856802085 46.0189388662211 153.0 174.0 74.0
42.709145671401934 33.10757301251966 46.0170919617758 132.0 155.0 61.0
42.70912927494035 33.507921168237225 46.01524505733052 110.0 137.0 47.0
42.70911287847876 33.90826932395479 46.013398152885216 92.0 120.0 37.0
42.70909648201717 34.30861747967236 46.011551248439936 92.0 120.0 38.0
42.709080085555584 34.70896563538993 46.009704343994635 88.0 113.0 38.0
42.709063689093995 35.109313791107496 46.00785743954934 88.0 109.0 46.0
42.709047292632405 35.50966194682506 46.00601053510405 99.0 114.0 63.0
43.109484174318425 31.906512148905367 46.01552477001987 137.0 145.0 93.0
43.109467777856835 32.30686030462293 46.01367786557459 156.0 172.0 90.0
43.109451381395246 32.7072084603405 46.01183096112929 149.0 168.0 78.0
43.10943498493366 33.10755661605807 46.009984056684004 134.0 156.0 68.0
43.10941858847207 33.507904771775635 46.00813715223871 109.0 135.0 49.0
43.10940219201048 33.9082529274932 46.006290247793416 90.0 118.0 37.0
43.10938579554889 34.308601083210775 46.00444334334813 92.0 119.0 40.0
43.109369399087306 34.70894923892834 46.002596438902835 96.0 119.0 47.0
43.10935300262572 35.10929739464591 46.00074953445755 108.0 125.0 65.0
43.10933660616413 35.50964555036347 45.99890263001225 96.0 107.0 64.0
43.50975709138856 32.30684390816135 46.006569960482786 91.0 99.0 57.0
43.50974069492697 32.707192063878914 46.00472305603749 132.0 149.0 78.0
43.50972429846538 33.10754021959648 46.002876151592204 119.0 139.0 65.0
43.50970790200379 33.507888375314046 46.00102924714691 117.0 141.0 57.0
43.5096915055422 33.90823653103161 45.99918234270162 96.0 123.0 42.0
43.50967510908061 34.308584686749185 45.99733543825633 107.0 132.0 50.0
43.50965871261902 34.70893284246675 45.99548853381104 118.0 139.0 65.0
43.50964231615743 35.10928099818432 45.99364162936575 83.0 92.0 55.0
43.910013611997094 33.10752382313489 45.995768246500404 77.0 92.0 40.0
43.909997215535505 33.50787197885246 45.99392134205512 97.0 118.0 47.0
43.909980819073915 33.90822013457002 45.992074437609816 96.0 121.0 42.0
43.909964422612326 34.308568290287596 45.990227533164536 95.0 120.0 43.0
43.90994802615074 34.70891644600516 45.988380628719234 105.0 125.0 55.0
43.90993162968915 35.10926460172273 45.98653372427394 73.0 81.0 46.0
44.31028652906723 33.50785558239087 45.98681343696331 77.0 99.0 34.0
44.31027013260564 33.90820373810843 45.984966532518015 88.0 115.0 37.0
44.31025373614405 34.30855189382601 45.98311962807273 84.0 110.0 35.0
44.31023733968246 34.70890004954357 45.981272723627434 92.0 116.0 43.0
44.31022094322087 35.109248205261146 45.97942581918215 81.0 96.0 44.0
40.7148725946815 31.50810927640262 46.46030415812251 78.0 83.0 51.0
41.11517830467481 31.107744724223465 46.455043157476005 90.0 97.0 63.0
41.11516190821322 31.50809287994103 46.45319625303071 119.0 132.0 73.0
41.11514551175163 31.908441035658598 46.45134934858541 70.0 80.0 38.0
41.115129115290046 32.308789191376164 46.44950244414013 81.0 86.0 46.0
41.51546761820653 31.107728327761876 46.447935252384205 83.0 88.0 59.0
41.51545122174494 31.508076483479442 46.446088347938904 127.0 139.0 77.0
41.51543482528335 31.908424639197012 46.444241443493624 116.0 133.0 59.0
41.51541842882176 32.308772794914574 46.44239453904832 131.0 149.0 71.0
41.51540203236017 32.70912095063215 46.44054763460304 144.0 160.0 82.0
41.51538563589859 33.109469106349714 46.43870073015774 156.0 169.0 101.0
41.915740535276655 31.508060087017856 46.43898044284711 136.0 148.0 84.0
41.915724138815065 31.908408242735423 46.43713353840182 141.0 159.0 74.0
41.915707742353476 32.30875639845299 46.43528663395653 139.0 157.0 69.0
41.91569134589189 32.70910455417056 46.433439729511235 145.0 164.0 71.0
41.9156749494303 33.109452709888124 46.43159282506594 152.0 171.0 80.0
41.915658552968715 33.50980086560569 46.429745920620654 142.0 162.0 75.0
41.915642156507126 33.91014902132326 46.42789901617536 97.0 116.0 50.0
42.31602984880838 31.508043690556267 46.43187253775531 134.0 140.0 96.0
42.31601345234679 31.908391846273833 46.43002563331002 158.0 173.0 90.0
42.3159970558852 32.3087400019914 46.42817872886473 154.0 172.0 78.0
42.31598065942361 32.70908815770897 46.426331824419435 150.0 171.0 68.0
42.31596426296202 33.109436313426535 46.42448491997415 134.0 158.0 58.0
42.31594786650043 33.5097844691441 46.422638015528854 125.0 151.0 55.0
42.31593147003884 33.91013262486167 46.42079111108357 94.0 119.0 37.0
42.31591507357726 34.31048078057923 46.41894420663827 77.0 101.0 28.0
42.31589867711567 34.71082893629681 46.417097302192985 64.0 85.0 23.0
42.31586588419249 35.511525247731946 46.41340349330239 69.0 82.0 37.0
42.71631916234009 31.508027294094678 46.42476463266351 124.0 129.0 90.0
42.7163027658785 31.908375449812244 46.42291772821822 161.0 176.0 97.0
42.71628636941691 32.30872360552981 46.42107082377293 158.0 176.0 86.0
42.716269972955324 32.70907176124738 46.41922391932764 153.0 174.0 74.0
42.716253576493735 33.109419916964946 46.41737701488234 139.0 162.0 64.0
42.716237180032145 33.50976807268251 46.41553011043706 108.0 135.0 46.0
42.716220783570556 33.91011622840008 46.41368320599176 95.0 122.0 39.0
42.71620438710897 34.31046438411765 46.411836301546465 89.0 115.0 36.0
42.716187990647384 34.71081253983522 46.40998939710118 81.0 104.0 35.0
42.716171594185795 35.11116069555279 46.408142492655884 80.0 100.0 41.0
42.716155197724206 35.51150885127036 46.4062955882106 96.0 112.0 59.0
42.716138801262616 35.91185700698792 46.4044486837653 106.0 114.0 78.0
43.11659207941022 31.908359053350658 46.415809823126416 144.0 154.0 100.0
43.116575682948636 32.308707209068224 46.413962918681136 156.0 173.0 90.0
43.116559286487046 32.70905536478579 46.412116014235835 145.0 166.0 75.0
43.11654289002546 33.109403520503356 46.41026910979054 127.0 150.0 61.0
43.11652649356387 33.50975167622092 46.40842220534525 103.0 129.0 46.0
43.11651009710228 33.910099831938496 46.40657530089996 92.0 119.0 39.0
43.11649370064069 34.31044798765606 46.40472839645467 87.0 114.0 38.0
43.1164773041791 34.710796143373635 46.40288149200938 95.0 119.0 46.0
43.11646090771751 35.1111442990912 46.40103458756409 98.0 116.0 57.0
43.11644451125593 35.51149245480877 46.3991876831188 103.0 116.0 67.0
43.11642811479434 35.91184061052633 46.3973407786735 95.0 102.0 70.0
43.51686499648035 32.308690812606635 46.40685501358933 73.0 80.0 46.0
43.51684860001876 32.7090389683242 46.405008109144035 105.0 121.0 59.0
43.51683220355717 33.10938712404177 46.40316120469875 121.0 139.0 67.0
43.51681580709559 33.50973527975934 46.40131430025345 107.0 128.0 54.0
43.516799410634 33.910083435476906 46.399467395808166 101.0 127.0 47.0
43.51678301417241 34.31043159119448 46.39762049136287 94.0 119.0 43.0
43.51676661771082 34.710779746912046 46.39577358691757 111.0 132.0 58.0
43.51675022124923 35.11112790262961 46.39392668247229 109.0 122.0 67.0
43.91712151708889 33.109370727580185 46.39605329960695 88.0 103.0 48.0
43.917105120627305 33.50971888329775 46.394206395161646 113.0 133.0 59.0
43.917088724165716 33.91006703901532 46.392359490716366 103.0 128.0 48.0
43.917072327704126 34.31041519473289 46.390512586271065 98.0 123.0 45.0
43.91705593124254 34.710763350450456 46.388665681825785 109.0 133.0 53.0
43.91703953478095 35.11111150616802 46.38681877738048 102.0 117.0 58.0
44.31736164123584 34.3103987982713 46.38340468117927 101.0 128.0 44.0
44.31734524477426 34.71074695398887 46.38155777673398 91.0 117.0 39.0
44.31732884831267 35.11109510970643 46.37971087228869 95.0 117.0 45.0
41.122269813305024 31.509939784386322 46.853481306137255 95.0 106.0 58.0
41.122237020381846 32.31063609582146 46.84978749724667 90.0 93.0 55.0
41.122220623920256 32.710984251539024 46.84794059280138 96.0 95.0 63.0
41.52257552329833 31.109575232207167 46.84822030549075 81.0 87.0 58.0
41.52255912683675 31.509923387924736 46.846373401045454 123.0 137.0 74.0
41.52254273037516 31.910271543642303 46.84452649660017 120.0 136.0 67.0
41.52252633391357 32.31061969935987 46.842679592154866 128.0 144.0 72.0
41.52250993745198 32.710967855077435 46.84083268770957 140.0 156.0 81.0
41.52249354099039 33.111316010795 46.838985783264285 141.0 155.0 86.0
41.922848440368455 31.509906991463147 46.83926549595365 144.0 156.0 91.0
41.92283204390687 31.910255147180713 46.83741859150836 142.0 158.0 80.0
41.92281564744528 32.31060330289828 46.835571687063066 141.0 158.0 76.0
41.922799250983694 32.710951458615845 46.83372478261778 143.0 162.0 74.0
41.922782854522104 33.11129961433341 46.831877878172484 147.0 166.0 78.0
41.922766458060515 33.511647770050985 46.8300309737272 131.0 152.0 69.0
42.32313775390018 31.509890595001558 46.832157590861854 149.0 158.0 100.0
42.32312135743859 31.910238750719124 46.83031068641656 159.0 174.0 92.0
42.323104960977 32.31058690643669 46.82846378197127 153.0 169.0 82.0
42.32308856451541 32.710935062154256 46.82661687752598 144.0 164.0 68.0
42.32307216805383 33.11128321787183 46.82476997308069 136.0 159.0 60.0
42.32305577159224 33.511631373589395 46.8229230686354 119.0 144.0 52.0
42.32303937513065 33.91197952930696 46.821076164190096 105.0 130.0 47.0
42.32302297866906 34.31232768502453 46.819229259744816 63.0 83.0 23.0
42.72342706743189 31.50987419853997 46.825049685770054 94.0 97.0 69.0
42.7234106709703 31.910222354257538 46.82320278132477 169.0 184.0 107.0
42.72339427450871 32.3105705099751 46.82135587687947 157.0 175.0 87.0
42.723377878047124 32.710918665692674 46.81950897243417 147.0 167.0 70.0
42.72336148158554 33.11126682141024 46.81766206798889 135.0 158.0 61.0
42.72334508512395 33.511614977127806 46.81581516354359 111.0 138.0 49.0
42.72332868866236 33.91196313284537 46.81396825909831 97.0 123.0 41.0
42.723312292200774 34.31231128856294 46.81212135465301 78.0 102.0 31.0
42.723295895739184 34.71265944428051 46.81027445020773 73.0 95.0 30.0
42.723279499277595 35.11300759999808 46.80842754576243 73.0 92.0 35.0
42.723263102816006 35.513355755715644 46.80658064131714 86.0 102.0 48.0
43.123699984502025 31.91020595779595 46.81609487623297 128.0 136.0 86.0
43.123683588040436 32.31055411351352 46.814247971787665 152.0 169.0 84.0
43.123667191578846 32.710902269231084 46.812401067342385 143.0 164.0 70.0
43.12365079511726 33.11125042494865 46.810554162897084 131.0 155.0 63.0
43.12363439865567 33.51159858066622 46.8087072584518 104.0 130.0 47.0
43.12361800219408 33.91194673638378 46.8068603540065 90.0 116.0 37.0
43.123601605732496 34.312294892101356 46.805013449561216 85.0 110.0 37.0
43.12358520927091 34.71264304781892 46.80316654511592 82.0 104.0 38.0
43.12356881280932 35.11299120353649 46.80131964067063 87.0 106.0 47.0
43.12355241634773 35.513339359254054 46.79947273622534 94.0 109.0 57.0
43.12353601988614 35.91368751497163 46.797625831780046 80.0 88.0 55.0
43.52395650511057 32.710885872769495 46.80529316225058 110.0 129.0 59.0
43.52394010864898 33.11123402848706 46.80344625780529 117.0 137.0 63.0
43.52392371218739 33.51158218420463 46.80159935336 105.0 126.0 53.0
43.5239073157258 33.91193033992219 46.7997524489147 92.0 117.0 43.0
43.52389091926421 34.31227849563977 46.797905544469415 76.0 98.0 33.0
43.52387452280262 34.71262665135733 46.79605864002412 79.0 97.0 38.0
43.52385812634104 35.1129748070749 46.794211735578834 82.0 98.0 45.0
43.924245818642284 32.710869476307906 46.79818525715878 70.0 82.0 39.0
43.924229422180694 33.11121763202547 46.79633835271349 114.0 130.0 64.0
43.924213025719105 33.51156578774304 46.7944914482682 115.0 137.0 60.0
43.924196629257516 33.911913943460604 46.79264454382291 105.0 130.0 50.0
43.924180232795926 34.31226209917818 46.790797639377615 93.0 120.0 41.0
43.92416383633434 34.71261025489574 46.78895073493233 98.0 122.0 46.0
43.92414743987275 35.11295841061331 46.78710383048703 89.0 107.0 47.0
44.32445314986606 34.712593858434154 46.78184282984052 101.0 127.0 44.0
44.32443675340447 35.11294201415173 46.77999592539523 89.0 111.0 38.0
44.32442035694288 35.51329016986929 46.77814902094994 70.0 81.0 40.0
41.52966703192854 31.511770292370027 47.246658454152 119.0 127.0 80.0
41.52965063546695 31.912118448087593 47.2448115497067 134.0 147.0 84.0
41.52963423900536 32.31246660380516 47.24296464526142 136.0 151.0 83.0
41.52961784254378 32.71281475952273 47.241117740816115 145.0 159.0 86.0
41.52960144608219 33.113162915240295 47.239270836370835 138.0 150.0 86.0
41.929956345460255 31.511753895908438 47.23955054906019 143.0 155.0 91.0
41.929939948998665 31.912102051626004 47.2377036446149 147.0 162.0 86.0
41.929923552537076 32.31245020734357 47.23585674016961 148.0 164.0 84.0
41.92990715607549 32.71279836306114 47.23400983572432 142.0 160.0 76.0
41.929890759613905 33.113146518778706 47.23216293127903 123.0 143.0 61.0
41.929874363152315 33.51349467449627 47.23031602683374 117.0 137.0 62.0
42.33024565899198 31.51173749944685 47.2324426439684 153.0 165.0 96.0
42.33022926253039 31.912085655164415 47.2305957395231 156.0 170.0 92.0
42.3302128660688 32.312433810881984 47.22874883507781 149.0 163.0 87.0
42.33019646960721 32.71278196659955 47.22690193063252 143.0 159.0 78.0
42.33018007314562 33.113130122317116 47.22505502618723 116.0 138.0 51.0
42.33016367668403 33.51347827803468 47.22320812174194 111.0 135.0 53.0
42.33014728022245 33.91382643375225 47.221361217296646 83.0 105.0 40.0
42.33013088376086 34.314174589469815 47.21951431285136 62.0 81.0 26.0
42.73053497252369 31.51172110298526 47.2253347388766 98.0 103.0 71.0
42.7305185760621 31.91206925870283 47.2234878344313 158.0 170.0 102.0
42.730502179600514 32.312417414420395 47.221640929986016 155.0 171.0 89.0
42.730485783138924 32.71276557013796 47.21979402554072 141.0 160.0 70.0
42.730469386677335 33.11311372585553 47.217947121095435 117.0 141.0 51.0
42.730452990215746 33.51346188157309 47.21610021665013 107.0 132.0 48.0
42.730436593754156 33.91381003729066 47.21425331220485 82.0 107.0 35.0
42.730420197292574 34.31415819300823 47.21240640775955 64.0 86.0 25.0
42.730403800830985 34.714506348725806 47.21055950331426 63.0 83.0 25.0
42.730387404369395 35.11485450444337 47.20871259886897 66.0 83.0 29.0
43.130791493132236 32.312401017958805 47.21453302489421 152.0 169.0 84.0
43.13077509667065 32.71274917367637 47.21268612044893 143.0 165.0 69.0
43.13075870020906 33.11309732939394 47.21083921600363 132.0 155.0 64.0
43.13074230374747 33.513445485111504 47.20899231155833 110.0 137.0 50.0
43.13072590728588 33.91379364082908 47.207145407113046 89.0 117.0 37.0
43.13070951082429 34.31414179654665 47.20529850266775 76.0 103.0 30.0
43.1306931143627 34.714489952264216 47.203451598222465 77.0 100.0 33.0
43.13067671790112 35.11483810798178 47.20160469377717 83.0 101.0 42.0
43.53106441020236 32.71273277721478 47.20557821535712 114.0 135.0 55.0
43.53104801374078 33.11308093293235 47.20373131091183 127.0 149.0 66.0
43.53103161727919 33.51342908864992 47.20188440646654 117.0 142.0 58.0
43.5310152208176 33.91377724436749 47.200037502021246 108.0 135.0 51.0
43.53099882435601 34.31412540008506 47.19819059757596 93.0 120.0 41.0
43.53098242789442 34.71447355580263 47.196343693130665 81.0 102.0 37.0
43.93133732727249 33.113064536470766 47.196623405820034 121.0 141.0 65.0
43.931320930810905 33.51341269218833 47.19477650137474 113.0 137.0 57.0
43.931304534349316 33.9137608479059 47.19292959692945 101.0 128.0 46.0
43.93128813788773 34.31410900362347 47.19108269248416 93.0 121.0 39.0
43.93127174142614 34.71445715934104 47.18923578803886 89.0 115.0 39.0
43.93125534496455 35.114805315058604 47.18738888359358 88.0 106.0 44.0
44.33154465849627 35.114788918597014 47.18028097850177 105.0 128.0 51.0
41.53675854055875 31.913965352532884 47.64509660281325 117.0 124.0 83.0
41.53674214409716 32.31431350825045 47.64324969836796 137.0 146.0 93.0
41.53672574763557 32.714661663968016 47.64140279392266 155.0 165.0 104.0
41.53670935117398 33.11500981968558 47.63955588947738 109.0 114.0 73.0
41.937064250552055 31.51360080035373 47.639835602166734 111.0 117.0 77.0
41.937047854090466 31.913948956071295 47.637988697721454 150.0 162.0 95.0
41.937031457628876 32.31429711178886 47.63614179327615 151.0 165.0 90.0
41.93701506116729 32.71464526750643 47.63429488883086 148.0 164.0 84.0
41.9369986647057 33.11499342322399 47.63244798438557 151.0 169.0 89.0
41.93698226824411 33.515341578941566 47.63060107994028 120.0 137.0 66.0
42.33735356408377 31.51358440389214 47.632727697074934 163.0 173.0 113.0
42.33733716762219 31.913932559609705 47.63088079262965 157.0 171.0 97.0
42.3373207711606 32.31428071532727 47.62903388818435 152.0 168.0 82.0
42.33730437469901 32.71462887104484 47.627186983739065 143.0 163.0 69.0
42.33728797823742 33.11497702676241 47.62534007929377 132.0 153.0 62.0
42.33727158177583 33.51532518247998 47.623493174848484 120.0 142.0 58.0
42.33725518531424 33.91567333819754 47.62164627040319 101.0 125.0 50.0
42.33723878885265 34.31602149391511 47.6197993659579 66.0 86.0 27.0
42.33722239239106 34.71636964963268 47.61795246151261 63.0 82.0 25.0
42.737626481153896 31.91391616314812 47.62377288753785 149.0 162.0 93.0
42.737610084692314 32.31426431886568 47.62192598309256 152.0 168.0 83.0
42.737593688230724 32.714612474583255 47.620079078647265 145.0 166.0 70.0
42.737577291769135 33.11496063030082 47.61823217420198 123.0 148.0 55.0
42.737560895307546 33.51530878601839 47.616385269756684 109.0 135.0 49.0
42.737544498845956 33.91565694173595 47.61453836531138 95.0 122.0 43.0
42.73752810238437 34.31600509745352 47.6126914608661 80.0 105.0 34.0
42.73751170592278 34.71635325317109 47.6108445564208 70.0 92.0 29.0
42.73749530946119 35.11670140888866 47.60899765197552 70.0 88.0 31.0
42.737478912999606 35.517049564606225 47.60715074753022 71.0 88.0 33.0
43.13791579468562 31.91389976668653 47.61666498244605 99.0 109.0 60.0
43.13789939822403 32.3142479224041 47.61481807800076 147.0 164.0 80.0
43.13788300176244 32.714596078121666 47.61297117355546 138.0 160.0 67.0
43.13786660530086 33.11494423383923 47.61112426911018 124.0 151.0 57.0
43.13785020883927 33.5152923895568 47.60927736466488 101.0 128.0 44.0
43.13783381237768 33.915640545274364 47.60743046021959 90.0 119.0 38.0
43.13781741591609 34.31598870099194 47.605583555774295 82.0 109.0 35.0
43.1378010194545 34.7163368567095 47.60373665132901 87.0 112.0 41.0
43.13778462299291 35.11668501242707 47.601889746883714 90.0 109.0 46.0
43.13776822653132 35.517033168144636 47.60004284243843 71.0 87.0 33.0
43.53818871175575 32.31423152594251 47.60771017290895 83.0 95.0 45.0
43.53817231529416 32.71457968166008 47.605863268463665 112.0 133.0 56.0
43.53815591883257 33.11492783737764 47.60401636401837 118.0 142.0 59.0
43.53813952237098 33.51527599309521 47.60216945957308 107.0 133.0 50.0
43.538123125909394 33.915624148812775 47.60032255512779 97.0 126.0 43.0
43.53810672944781 34.31597230453035 47.5984756506825 94.0 124.0 41.0
43.53809033298622 34.716320460247914 47.59662874623721 83.0 108.0 36.0
43.53807393652463 35.11666861596548 47.594781841791914 70.0 86.0 33.0
43.93841243944111 33.915607752351185 47.59321465003599 93.0 123.0 40.0
43.93839604297953 34.31595590806876 47.5913677455907 97.0 128.0 41.0
43.93837964651794 34.716304063786325 47.58952084114541 91.0 119.0 39.0
43.93836325005635 35.1166522195039 47.58767393670012 71.0 89.0 33.0
44.33865256358806 35.11663582304231 47.58056603160831 88.0 113.0 39.0
44.33863616712648 35.516983978759875 47.57871912716303 70.0 80.0 40.0
41.54385004918897 32.316160412695744 48.0435347514745 103.0 105.0 71.0
41.54383365272738 32.71650856841331 48.04168784702921 100.0 104.0 64.0
41.944155759182266 31.915795860516585 48.03827375082798 150.0 161.0 104.0
41.944139362720676 32.316144016234155 48.0364268463827 155.0 167.0 101.0
41.944122966259094 32.71649217195172 48.0345799419374 153.0 167.0 92.0
41.944106569797505 33.11684032766929 48.032733037492115 145.0 160.0 86.0
41.944090173335915 33.51718848338685 48.03088613304682 103.0 116.0 60.0
42.34446146917558 31.51543130833743 48.03301275018148 113.0 117.0 84.0
42.34444507271399 31.915779464054996 48.03116584573619 157.0 170.0 102.0
42.3444286762524 32.316127619772566 48.029318941290896 153.0 168.0 89.0
42.34441227979081 32.71647577549013 48.02747203684561 154.0 171.0 81.0
42.34439588332922 33.1168239312077 48.025625132400314 143.0 163.0 73.0
42.34437948686764 33.517172086925264 48.02377822795502 130.0 152.0 67.0
42.34436309040605 33.91752024264283 48.02193132350973 96.0 119.0 47.0
42.74475078270729 31.51541491187584 48.025904845089684 92.0 96.0 68.0
42.7447343862457 31.91576306759341 48.02405794064439 150.0 163.0 93.0
42.744717989784114 32.316111223310976 48.022211036199096 148.0 164.0 83.0
42.744701593322525 32.71645937902854 48.02036413175381 146.0 165.0 75.0
42.744685196860935 33.11680753474611 48.018517227308514 136.0 158.0 67.0
42.744668800399346 33.517155690463674 48.01667032286323 120.0 145.0 58.0
42.74465240393776 33.91750384618124 48.01482341841793 102.0 129.0 49.0
42.744636007476174 34.317852001898814 48.012976513972646 71.0 92.0 32.0
42.744619611014585 34.71820015761639 48.011129609527345 63.0 80.0 31.0
42.744603214552995 35.11854831333395 48.009282705082065 66.0 81.0 33.0
42.744586818091406 35.51889646905152 48.00743580063676 71.0 89.0 34.0
43.145023699777425 31.91574667113182 48.01695003555258 121.0 134.0 72.0
43.145007303315836 32.31609482684939 48.0151031311073 143.0 161.0 79.0
43.14499090685425 32.71644298256695 48.013256226662 138.0 159.0 70.0
43.14497451039266 33.11679113828452 48.01140932221672 130.0 154.0 64.0
43.14495811393107 33.517139294002085 48.00956241777142 107.0 135.0 50.0
43.14494171746948 33.91748744971966 48.00771551332614 93.0 122.0 41.0
43.14492532100789 34.31783560543723 48.00586860888084 80.0 106.0 35.0
43.14487613162313 35.51888007258993 48.00032789554496 68.0 86.0 32.0
43.14485973516154 35.919228228307496 47.998480991099676 68.0 83.0 36.0
43.54529661684755 32.3160784303878 48.007995226015495 82.0 96.0 41.0
43.54528022038597 32.716426586105364 48.006148321570215 102.0 124.0 47.0
43.54526382392438 33.11677474182293 48.004301417124914 106.0 130.0 50.0
43.54524742746279 33.5171228975405 48.00245451267962 102.0 129.0 47.0
43.5452310310012 33.91747105325807 48.00060760823433 104.0 134.0 47.0
43.54521463453961 34.31781920897564 47.99876070378904 93.0 123.0 41.0
43.54519823807802 34.71816736469321 47.99691379934375 84.0 106.0 41.0
43.54513265223167 36.31955998756347 47.98952618156259 93.0 100.0 68.0
43.94550394807133 34.31780281251405 47.991652798697245 94.0 126.0 39.0
43.94548755160974 34.71815096823162 47.98980589425195 90.0 119.0 38.0
44.34574407221828 35.51883088320516 47.97900418026956 70.0 83.0 36.0
41.951263664274066 31.917642764961876 48.43855880393453 126.0 130.0 96.0
41.95124726781248 32.31799092067944 48.43671189948925 170.0 178.0 126.0
41.95123087135089 32.71833907639701 48.434864995043945 158.0 170.0 105.0
41.9512144748893 33.11868723211458 48.433018090598665 95.0 106.0 57.0
42.35155297780579 31.917626368500287 48.43145089884274 172.0 178.0 135.0
42.3515365813442 32.31797452421785 48.42960399439744 162.0 172.0 113.0
42.35152018488261 32.718322679935426 48.427757089952145 156.0 168.0 99.0
42.35150378842102 33.11867083565299 48.42591018550686 163.0 180.0 101.0
42.35148739195943 33.51901899137056 48.424063281061564 137.0 157.0 77.0
42.7518422913375 31.9176099720387 48.42434299375093 118.0 128.0 75.0
42.751825894875914 32.31795812775627 48.42249608930564 148.0 161.0 92.0
42.751809498414325 32.71830628347384 48.42064918486035 147.0 162.0 85.0
42.751793101952735 33.1186544391914 48.41880228041506 149.0 167.0 88.0
42.751776705491146 33.51900259490897 48.41695537596977 128.0 150.0 69.0
42.75176030902956 33.919350750626535 48.415108471524476 80.0 100.0 38.0
42.751694723183206 35.520743373496806 48.407720853743314 73.0 90.0 37.0
43.15213160486922 31.91759357557711 48.41723508865913 98.0 110.0 56.0
43.15211520840763 32.31794173129468 48.415388184213846 132.0 150.0 74.0
43.15209881194605 32.71828988701225 48.41354127976855 129.0 148.0 68.0
43.15208241548446 33.11863804272981 48.411694375323265 136.0 157.0 77.0
43.15206601902287 33.51898619844738 48.40984747087797 122.0 146.0 65.0
43.15204962256128 33.919334354164945 48.40800056643267 87.0 112.0 41.0
43.15196764025334 35.92107513275279 48.39876604420622 70.0 87.0 36.0
43.55237172901617 33.118621646268224 48.40458647023146 108.0 133.0 53.0
43.55235533255458 33.51896980198579 48.40273956578616 114.0 139.0 58.0
43.552338936093 33.919317957703356 48.400892661340876 105.0 130.0 52.0
43.55232253963141 34.31966611342093 48.39904575689558 73.0 91.0 38.0
43.95261185316313 34.31964971695934 48.39193785180379 96.0 125.0 43.0
43.95259545670154 34.719997872676906 48.390090947358495 71.0 93.0 32.0
41.95833877644269 32.7201859808423 48.835150048150496 109.0 116.0 76.0
42.35864448643599 32.31982142866315 48.82988904750398 145.0 152.0 108.0
42.35862808997441 32.72016958438071 48.82804214305869 163.0 176.0 106.0
42.35861169351282 33.12051774009828 48.8261952386134 161.0 177.0 100.0
42.35859529705123 33.520865895815845 48.82434833416811 137.0 151.0 85.0
42.75893379996771 32.31980503220156 48.82278114241218 126.0 139.0 78.0
42.75891740350612 32.720153187919124 48.820934237966895 147.0 163.0 86.0
42.758901007044535 33.12050134363669 48.8190873335216 149.0 167.0 88.0
42.758884610582946 33.520849499354256 48.81724042907631 129.0 148.0 76.0
43.15922311349943 32.31978863573997 48.815673237320375 104.0 120.0 55.0
43.15920671703784 32.720136791457534 48.813826332875095 126.0 145.0 66.0
43.15919032057625 33.1204849471751 48.811979428429794 133.0 153.0 76.0
43.15917392411466 33.520833102892674 48.810132523984514 116.0 136.0 66.0
43.55946323764638 33.520816706431084 48.80302461889271 87.0 110.0 43.0
43.559446841184794 33.92116486214865 48.80117771444743 62.0 80.0 30.0
42.36573599506621 32.72201648882601 49.22832719616523 171.0 176.0 126.0
42.36571959860462 33.12236464454357 49.22648029171995 155.0 157.0 121.0
42.766041705059514 32.32165193664685 49.223066195518726 81.0 87.0 55.0
42.766025308597925 32.72200009236442 49.22121929107343 158.0 172.0 102.0
42.766008912136336 33.12234824808199 49.219372386628145 168.0 183.0 114.0
43.16631462212965 32.721983695902836 49.21411138598164 131.0 150.0 72.0
43.16629822566806 33.1223318516204 49.212264481536344 133.0 151.0 80.0
43.16628182920647 33.52268000733797 49.21041757709106 94.0 105.0 59.0
42.773133213689725 32.72384699680971 49.621504344179975 156.0 157.0 112.0
42.773116817228136 33.12419515252728 49.61965743973469 132.0 133.0 96.0
43.17340613075985 33.12417875606569 49.61254953464289 123.0 136.0 74.0
43.17338973429827 33.524526911783255 49.610702630197586 80.0 90.0 47.0
42.780224722319936 33.12604205697257 50.01994249284123 80.0 81.0 52.0
40.61536192339631 31.482252614168537 40.85631341463091 75.0 87.0 47.0
40.61534552693472 31.882600769886103 40.85446651018562 85.0 101.0 51.0
40.615329130473135 32.28294892560367 40.85261960574033 67.0 81.0 40.0
41.02275914201983 31.48408312215224 41.249490562645654 95.0 116.0 53.0
41.02986704711162 31.48593002659753 41.6497756157522 73.0 91.0 38.0
41.05120715884861 31.091122584215842 42.852477679517115 87.0 94.0 60.0
40.6580257504087 31.092985885122722 43.259870637715466 78.0 83.0 51.0
40.658009353947115 31.49333404084029 43.258023733270164 102.0 111.0 58.0
41.05831506394041 31.092969488661133 43.25276273262366 123.0 128.0 85.0
40.66511725903891 31.49518094528558 43.658308786376715 110.0 119.0 64.0
41.06542296903221 31.094816393106424 43.65304778573021 154.0 155.0 111.0
40.6722415605923 31.096679694013304 44.060440743928545 84.0 86.0 58.0
40.67222516413071 31.49702784973087 44.05859383948326 119.0 125.0 73.0
