43.436251051002145 36.795647621999585 64.40647435957733 85.0 105.0 42.0
43.436234654540556 37.19599577771715 64.40462745513204 102.0 118.0 61.0
43.83655676099546 36.39528306982043 64.40121335893083 105.0 124.0 56.0
43.443358956093945 36.79749452644487 64.80675941268387 65.0 82.0 30.0
43.84366466608725 36.39712997426572 64.80149841203736 91.0 108.0 49.0
43.84364826962567 36.79747812998329 64.79965150759207 91.0 113.0 44.0
43.84363187316408 37.197826285700856 64.79780460314679 90.0 110.0 47.0
44.243953979618965 36.397113577804134 64.79439050694558 106.0 125.0 59.0
44.243937583157376 36.7974617335217 64.79254360250027 105.0 126.0 55.0
43.450466861185745 36.799341430890166 65.20704446579042 65.0 81.0 33.0
43.450450464724156 37.19968958660773 65.20519756134513 76.0 93.0 40.0
43.85075617471747 36.79932503442858 65.19993656069862 92.0 113.0 45.0
43.85073977825588 37.19967319014614 65.19808965625333 83.0 103.0 41.0
44.25106188471077 36.39896048224942 65.19467556005212 95.0 112.0 52.0
44.25104548824918 36.79930863796699 65.19282865560682 97.0 118.0 48.0
44.25102909178759 37.199656793684554 65.19098175116153 88.0 108.0 44.0
44.65135119824249 36.39894408578783 65.18756765496032 87.0 103.0 47.0
44.651334801780905 36.7992922415054 65.18572075051502 104.0 124.0 54.0
44.651318405319316 37.199640397222964 65.18387384606973 110.0 129.0 60.0
43.457558369815956 37.20153649105303 65.60548261445167 65.0 80.0 35.0
43.85786407980927 36.80117193887387 65.60022161380516 93.0 113.0 46.0
43.85784768334768 37.20152009459144 65.59837470935987 89.0 109.0 47.0
44.258169789802565 36.400807386694716 65.59496061315865 91.0 107.0 49.0
44.25815339334098 36.80115554241228 65.59311370871336 92.0 114.0 44.0
44.258136996879394 37.20150369812985 65.59126680426807 81.0 103.0 39.0
44.65845910333429 36.400790990233126 65.58785270806686 83.0 99.0 42.0
44.6584427068727 36.80113914595069 65.58600580362156 93.0 115.0 44.0
44.65842631041111 37.20148730166826 65.58415889917627 90.0 110.0 44.0
45.058748416866 36.40077459377154 65.58074480297505 76.0 87.0 42.0
45.05873202040441 36.8011227494891 65.57889789852976 122.0 140.0 63.0
45.058715623942824 37.20147090520667 65.57705099408447 131.0 146.0 76.0
43.86497198490106 36.80301884331916 66.0005066669117 96.0 118.0 46.0
43.86495558843947 37.203366999036724 65.99865976246642 93.0 114.0 46.0
43.86493919197789 37.60371515475429 65.99681285802112 92.0 110.0 55.0
44.265277694894365 36.40265429114 65.99524566626519 114.0 132.0 60.0
44.265261298432776 36.80300244685757 65.9933987618199 93.0 117.0 42.0
44.26524490197119 37.203350602575135 65.99155185737462 93.0 116.0 44.0
44.2652285055096 37.60369875829271 65.98970495292932 94.0 112.0 54.0
44.66558340488768 36.00228973896085 65.98998466561869 120.0 132.0 71.0
44.66556700842609 36.40263789467841 65.98813776117339 106.0 127.0 49.0
44.6655506119645 36.80298605039598 65.9862908567281 97.0 122.0 43.0
44.66553421550291 37.20333420611355 65.9844439522828 96.0 119.0 44.0
44.66551781904132 37.60368236183112 65.98259704783753 75.0 90.0 38.0
45.06587271841939 36.00227334249926 65.98287676052688 76.0 81.0 53.0
45.0658563219578 36.402621498216824 65.9810298560816 111.0 128.0 58.0
45.06583992549621 36.8029696539344 65.9791829516363 98.0 120.0 44.0
43.87209628645446 36.404517592046886 66.40263862446355 99.0 109.0 66.0
43.87207988999287 36.80486574776445 66.40079172001825 99.0 122.0 48.0
43.87206349353128 37.20521390348202 66.39894481557296 97.0 119.0 49.0
43.87204709706969 37.605562059199585 66.39709791112766 73.0 88.0 43.0
44.272401996447755 36.00415303986773 66.39737762381704 108.0 117.0 70.0
44.27238559998617 36.4045011955853 66.39553071937173 127.0 148.0 66.0
44.27236920352458 36.80484935130286 66.39368381492645 94.0 119.0 42.0
44.272352807062994 37.20519750702043 66.39183691048116 94.0 118.0 44.0
44.272336410601405 37.605545662737995 66.38999000603586 90.0 107.0 52.0
44.67270770644107 35.603788487688576 66.39211662317052 110.0 117.0 75.0
44.67269130997948 36.00413664340614 66.39026971872524 137.0 155.0 74.0
44.67267491351789 36.40448479912371 66.38842281427993 107.0 130.0 48.0
44.6726585170563 36.804832954841274 66.38657590983465 97.0 123.0 42.0
44.67264212059471 37.20518111055884 66.38472900538936 95.0 118.0 44.0
44.67262572413313 37.605529266276406 66.38288210094407 90.0 105.0 51.0
45.07298062351119 36.00412024694455 66.38316181363344 89.0 100.0 50.0
45.0729642270496 36.40446840266212 66.38131490918815 80.0 99.0 34.0
45.072947830588014 36.804816558379684 66.37946800474285 94.0 118.0 40.0
45.072931434126424 37.20516471409725 66.37762110029756 123.0 144.0 62.0
45.072915037664835 37.60551286981482 66.37577419585226 109.0 120.0 68.0
45.473237144119736 36.804800161918095 66.37236009965105 95.0 113.0 43.0
45.47322074765815 37.20514831763566 66.37051319520576 116.0 132.0 61.0
45.47320435119656 37.60549647335323 66.36866629076046 78.0 83.0 51.0
43.87920419154625 36.40636449649217 66.80292367757009 107.0 119.0 63.0
43.87918779508466 36.80671265220974 66.80107677312479 110.0 134.0 54.0
43.87917139862308 37.207060807927306 66.79922986867949 86.0 107.0 41.0
44.279509901539555 36.00599994431302 66.79766267692357 159.0 175.0 96.0
44.279493505077966 36.406348100030584 66.79581577247828 138.0 161.0 69.0
44.279477108616376 36.80669625574815 66.79396886803299 92.0 118.0 39.0
44.27946071215479 37.207044411465716 66.7921219635877 93.0 117.0 42.0
44.279444315693205 37.60739256718329 66.7902750591424 94.0 111.0 54.0
44.67981561153287 35.60563539213386 66.79240167627707 143.0 158.0 84.0
44.67979921507128 36.00598354785143 66.79055477183178 140.0 159.0 71.0
44.67978281860969 36.406331703568995 66.78870786738648 110.0 135.0 47.0
44.6797664221481 36.80667985928656 66.78686096294119 93.0 119.0 38.0
44.67975002568651 37.207028015004134 66.7850140584959 95.0 119.0 42.0
44.67973362922492 37.6073761707217 66.7831671540506 112.0 128.0 65.0
45.08010492506458 35.60561899567227 66.78529377118527 93.0 104.0 51.0
45.08008852860299 36.00596715138984 66.78344686673998 103.0 119.0 50.0
45.0800721321414 36.406315307107405 66.78159996229468 100.0 123.0 43.0
45.080055735679814 36.80666346282498 66.77975305784939 112.0 138.0 48.0
45.080039339218224 37.207011618542545 66.77790615340409 133.0 155.0 66.0
45.080022942756635 37.60735977426011 66.77605924895882 165.0 181.0 109.0
45.080006546295046 38.00770792997768 66.77421234451351 81.0 87.0 59.0
45.48037784213471 36.00595075492825 66.77633896164816 85.0 98.0 43.0
45.48036144567312 36.40629891064582 66.77449205720289 89.0 110.0 39.0
45.480345049211536 36.80664706636339 66.77264515275759 124.0 147.0 57.0
45.48032865274995 37.206995222080955 66.7707982483123 154.0 173.0 86.0
45.48031225628836 37.60734337779852 66.768951343867 189.0 203.0 136.0
45.48029585982677 38.00769153351609 66.76710443942171 104.0 109.0 80.0
45.88061796628166 37.206978825619366 66.7636903432205 114.0 124.0 73.0
45.88060156982007 37.60732698133693 66.7618434387752 105.0 110.0 78.0
43.88629570017647 36.80855955665504 67.20136182623133 89.0 111.0 40.0
44.286617806631355 36.00784684875831 67.19794773003011 151.0 167.0 87.0
44.28660141016977 36.40819500447588 67.19610082558482 138.0 158.0 68.0
44.286585013708184 36.80854316019345 67.19425392113953 102.0 127.0 44.0
44.286568617246594 37.20889131591102 67.19240701669425 100.0 124.0 47.0
44.286552220785005 37.609239471628584 67.19056011224895 106.0 124.0 61.0
44.686939913086256 35.20713414086159 67.1945336338289 107.0 114.0 75.0
44.68692351662467 35.60748229657916 67.19268672938361 161.0 178.0 92.0
44.68690712016308 36.00783045229672 67.19083982493832 153.0 173.0 79.0
44.68689072370149 36.408178608014296 67.18899292049302 147.0 169.0 73.0
44.6868743272399 36.80852676373186 67.18714601604773 124.0 150.0 55.0
44.68685793077832 37.20887491944943 67.18529911160245 126.0 150.0 59.0
44.68684153431673 37.609223075166994 67.18345220715715 143.0 161.0 84.0
44.68682513785514 38.00957123088456 67.18160530271186 75.0 81.0 52.0
45.08722922661797 35.2071177444 67.1874257287371 103.0 112.0 64.0
45.08721283015638 35.60746590011757 67.18557882429181 132.0 147.0 70.0
45.08719643369479 36.00781405583514 67.18373191984652 133.0 153.0 63.0
45.0871800372332 36.40816221155271 67.18188501540122 137.0 160.0 60.0
45.087163640771614 36.80851036727027 67.18003811095593 139.0 164.0 61.0
45.087147244310025 37.20885852298784 67.17819120651063 149.0 170.0 72.0
45.08713084784844 37.609206678705405 67.17634430206536 167.0 184.0 104.0
45.08711445138685 38.00955483442297 67.17449739762006 158.0 170.0 105.0
45.48751854014969 35.20710134793841 67.1803178236453 79.0 87.0 44.0
45.487502143688104 35.607449503655985 67.17847091920001 106.0 120.0 53.0
45.487485747226515 36.00779765937355 67.17662401475471 136.0 154.0 68.0
45.487469350764925 36.40814581509112 67.17477711030944 156.0 176.0 77.0
45.487452954303336 36.808493970808684 67.17293020586413 155.0 177.0 75.0
45.48743655784175 37.20884212652625 67.17108330141885 161.0 180.0 85.0
45.48742016138016 37.609190282243816 67.16923639697355 180.0 194.0 115.0
45.48740376491857 38.00953843796138 67.16738949252826 181.0 195.0 124.0
45.88775866429664 36.40812941862953 67.16766920521762 114.0 122.0 75.0
45.88774226783505 36.808477574347094 67.16582230077233 174.0 189.0 108.0
45.88772587137346 37.20882573006466 67.16397539632705 175.0 189.0 111.0
45.88770947491187 37.609173885782226 67.16212849188175 187.0 200.0 130.0
45.88769307845028 38.0095220414998 67.16028158743646 163.0 170.0 124.0
43.89342000172985 36.41005830538276 67.60349378378316 80.0 90.0 44.0
43.89340360526827 36.81040646110033 67.60164687933788 100.0 121.0 49.0
43.89338720880668 37.210754616817894 67.59979997489258 89.0 110.0 43.0
43.89337081234509 37.61110277253546 67.59795307044729 89.0 109.0 47.0
44.293742108184745 35.60934559748604 67.60007968758195 161.0 174.0 104.0
44.293725711723155 36.00969375320361 67.59823278313665 161.0 180.0 91.0
44.293709315261566 36.41004190892117 67.59638587869136 142.0 163.0 74.0
44.29369291879998 36.81039006463874 67.59453897424608 110.0 134.0 51.0
44.293676522338394 37.210738220356305 67.59269206980078 100.0 125.0 46.0
44.293660125876805 37.61108637607387 67.59084516535549 127.0 148.0 70.0
44.293643729415216 38.011434531791444 67.5889982609102 103.0 113.0 68.0
44.69406421463964 34.80863288958932 67.59666559138073 88.0 95.0 54.0
44.694047818178056 35.208981045306885 67.59481868693544 163.0 180.0 97.0
44.69403142171647 35.60932920102445 67.59297178249015 165.0 183.0 92.0
44.69401502525488 36.00967735674202 67.59112487804485 156.0 176.0 81.0
44.69399862879329 36.41002551245958 67.58927797359956 150.0 169.0 75.0
44.6939822323317 36.81037366817715 67.58743106915428 138.0 160.0 64.0
44.69396583587011 37.210721823894715 67.58558416470899 143.0 165.0 72.0
44.69394943940852 37.61106997961229 67.58373726026369 164.0 183.0 99.0
44.69393304294693 38.011418135329855 67.5818903558184 150.0 162.0 102.0
45.094353528171354 34.80861649312773 67.58955768628893 75.0 83.0 39.0
45.09433713170977 35.208964648845296 67.58771078184364 137.0 153.0 75.0
45.09432073524818 35.60931280456286 67.58586387739835 157.0 175.0 84.0
45.09430433878659 36.00966096028043 67.58401697295307 159.0 177.0 84.0
45.094287942325 36.410009115997994 67.58217006850776 164.0 183.0 86.0
45.094271545863414 36.81035727171556 67.58032316406248 157.0 178.0 75.0
45.094255149401825 37.21070542743313 67.57847625961719 157.0 178.0 77.0
45.094238752940235 37.6110535831507 67.57662935517189 154.0 173.0 81.0
45.094222356478646 38.011401738868265 67.5747824507266 156.0 171.0 93.0
45.49462644524149 35.208948252383706 67.58060287675184 97.0 108.0 49.0
45.4946100487799 35.60929640810127 67.57875597230655 142.0 159.0 74.0
45.49459365231831 36.00964456381884 67.57690906786127 159.0 178.0 84.0
45.494577255856726 36.409992719536405 67.57506216341596 170.0 188.0 91.0
45.494560859395136 36.81034087525398 67.57321525897068 164.0 185.0 80.0
45.49454446293355 37.210689030971544 67.57136835452538 162.0 182.0 78.0
45.49452806647196 37.61103718668911 67.56952145008009 157.0 175.0 79.0
45.49451167001037 38.011385342406676 67.5676745456348 165.0 181.0 98.0
45.49449527354878 38.41173349812425 67.56582764118951 94.0 101.0 60.0
45.89488296585002 36.00962816735725 67.56980116276945 133.0 143.0 85.0
45.894866569388434 36.40997632307482 67.56795425832416 179.0 194.0 113.0
45.89485017292685 36.81032447879239 67.56610735387888 169.0 186.0 95.0
45.89483377646526 37.210672634509955 67.56426044943359 163.0 180.0 88.0
45.89481738000367 37.61102079022752 67.56241354498829 159.0 175.0 88.0
45.89480098354208 38.01136894594509 67.560566640543 171.0 184.0 114.0
45.894784587080494 38.41171710166266 67.55871973609771 120.0 127.0 90.0
46.295155882920156 36.40995992661323 67.56084635323236 81.0 86.0 55.0
46.29513948645857 36.8103080823308 67.55899944878708 158.0 171.0 97.0
46.29512308999698 37.210656238048365 67.55715254434179 168.0 181.0 106.0
46.295106693535395 37.61100439376593 67.55530563989649 170.0 180.0 120.0
46.295090297073806 38.0113525494835 67.5534587354512 132.0 138.0 101.0
43.90051151036006 36.81225336554562 68.0019319324444 92.0 110.0 46.0
43.90049511389847 37.21260152126319 68.00008502799913 97.0 117.0 49.0
43.90047871743688 37.612949676980755 67.99823812355383 92.0 112.0 48.0
44.300866409738134 35.21084434621376 68.00221164513378 112.0 119.0 77.0
44.300850013276545 35.61119250193133 68.00036474068848 177.0 192.0 111.0
44.300833616814955 36.011540657648894 67.99851783624321 155.0 175.0 86.0
44.300817220353366 36.41188881336647 67.99667093179791 139.0 159.0 71.0
44.30080082389178 36.81223696908403 67.99482402735262 113.0 135.0 53.0
44.30078442743019 37.2125851248016 67.99297712290732 100.0 122.0 47.0
44.3007680309686 37.612933280519165 67.99113021846203 119.0 140.0 62.0
44.30075163450701 38.01328143623673 67.98928331401675 107.0 118.0 69.0
44.70117211973144 34.810479794034606 67.99695064448727 127.0 140.0 72.0
44.70115572326985 35.21082794975217 67.99510374004198 163.0 180.0 91.0
44.70113932680826 35.61117610546974 67.9932568355967 159.0 178.0 84.0
44.70112293034668 36.01152426118731 67.9914099311514 153.0 173.0 78.0
44.70110653388509 36.41187241690488 67.98956302670611 149.0 170.0 73.0
44.7010901374235 36.812220572622444 67.98771612226082 134.0 156.0 61.0
44.70107374096191 37.21256872834001 67.98586921781553 143.0 163.0 68.0
44.70105734450032 37.612916884057576 67.98402231337023 167.0 185.0 95.0
44.70104094803873 38.01326503977514 67.98217540892495 147.0 158.0 97.0
45.10147782972474 34.41011524185545 67.99168964384077 77.0 86.0 45.0
45.101461433263154 34.81046339757302 67.98984273939547 121.0 134.0 65.0
45.101445036801564 35.21081155329058 67.98799583495018 153.0 171.0 79.0
45.101428640339975 35.611159709008156 67.9861489305049 156.0 175.0 80.0
45.101412243878386 36.01150786472572 67.98430202605961 155.0 175.0 78.0
45.1013958474168 36.41185602044329 67.98245512161431 162.0 182.0 80.0
45.101379450955214 36.812204176160854 67.98060821716902 154.0 175.0 68.0
45.101363054493625 37.21255233187842 67.97876131272373 157.0 178.0 74.0
45.101346658032035 37.61290048759599 67.97691440827843 173.0 191.0 94.0
45.101330261570446 38.01324864331355 67.97506750383315 170.0 186.0 101.0
45.501750746794876 34.81044700111143 67.98273483430367 90.0 101.0 47.0
45.50173435033329 35.210795156829 67.98088792985838 118.0 132.0 58.0
45.5017179538717 35.61114331254657 67.97904102541308 151.0 169.0 75.0
45.50170155741011 36.01149146826413 67.97719412096781 157.0 175.0 78.0
45.50168516094852 36.4118396239817 67.97534721652251 168.0 187.0 84.0
45.50166876448693 36.812187779699265 67.97350031207722 163.0 184.0 73.0
45.50165236802534 37.21253593541683 67.97165340763192 163.0 184.0 74.0
45.50163597156376 37.6128840911344 67.96980650318665 166.0 185.0 81.0
45.50161957510217 38.01323224685196 67.96795959874134 161.0 178.0 85.0
45.50160317864058 38.413580402569536 67.96611269429606 115.0 127.0 64.0
45.90200726740341 35.61112691608498 67.9719331203213 104.0 112.0 64.0
45.90199087094182 36.01147507180254 67.970086215876 171.0 186.0 104.0
45.901974474480234 36.41182322752011 67.96823931143072 180.0 195.0 110.0
45.901958078018644 36.812171383237676 67.96639240698542 170.0 188.0 90.0
45.901941681557055 37.21251953895524 67.96454550254013 165.0 182.0 84.0
45.90192528509547 37.61286769467281 67.96269859809483 156.0 173.0 80.0
45.90190888863388 38.01321585039038 67.96085169364954 163.0 177.0 100.0
45.901892492172294 38.413564006107954 67.95900478920426 151.0 164.0 100.0
46.302280184473545 36.011458675340954 67.9629783107842 75.0 80.0 52.0
46.302263788011956 36.41180683105852 67.96113140633891 173.0 185.0 115.0
46.30224739155037 36.812154986776086 67.95928450189362 172.0 186.0 101.0
46.30223099508878 37.21250314249365 67.95743759744833 165.0 179.0 94.0
46.30221459862719 37.612851298211226 67.95559069300303 171.0 184.0 106.0
46.3021982021656 38.01319945392879 67.95374378855774 168.0 179.0 114.0
46.30218180570401 38.413547609646365 67.95189688411246 118.0 125.0 86.0
46.7025203086205 37.21248674603207 67.95032969235653 105.0 111.0 71.0
46.70250391215891 37.612834901749636 67.94848278791125 127.0 133.0 91.0
46.70248751569732 38.0131830574672 67.94663588346594 99.0 102.0 75.0
43.90761941545187 36.81410026999091 68.40221698555095 67.0 83.0 32.0
43.90760301899028 37.214448425708476 68.40037008110568 77.0 96.0 37.0
43.90758662252869 37.61479658142604 68.39852317666038 81.0 101.0 40.0
44.307974314829934 35.212691250659056 68.40249669824033 129.0 139.0 86.0
44.307957918368345 35.61303940637662 68.40064979379503 153.0 170.0 85.0
44.307941521906756 36.01338756209419 68.39880288934975 144.0 163.0 74.0
44.307925125445166 36.413735717811754 68.39695598490445 132.0 153.0 65.0
44.307908728983584 36.81408387352932 68.39510908045916 108.0 131.0 49.0
44.307892332521995 37.214432029246886 68.39326217601386 97.0 120.0 44.0
44.307875936060405 37.61478018496445 68.39141527156858 103.0 124.0 49.0
44.307859539598816 38.015128340682026 68.38956836712329 86.0 96.0 49.0
44.708280024823246 34.8123266984799 68.39723569759383 120.0 131.0 68.0
44.70826362836166 35.212674854197466 68.39538879314853 158.0 176.0 86.0
44.70824723190007 35.61302300991503 68.39354188870324 148.0 168.0 73.0
44.70823083543848 36.0133711656326 68.39169498425794 142.0 163.0 68.0
44.70821443897689 36.413719321350165 68.38984807981265 150.0 171.0 73.0
44.7081980425153 36.81406747706773 68.38800117536736 136.0 158.0 60.0
44.70818164605371 37.2144156327853 68.38615427092206 138.0 159.0 63.0
44.70816524959212 37.61476378850287 68.38430736647678 160.0 178.0 84.0
44.70814885313054 38.015111944220436 68.38246046203149 133.0 142.0 84.0
45.10858573481654 34.411962146300745 68.39197469694732 80.0 87.0 50.0
45.108569338354954 34.81231030201831 68.39012779250201 137.0 151.0 76.0
45.10855294189337 35.21265845773588 68.38828088805673 158.0 176.0 81.0
45.10853654543178 35.61300661345344 68.38643398361144 148.0 167.0 70.0
45.10852014897019 36.01335476917101 68.38458707916614 148.0 169.0 68.0
45.108503752508604 36.413702924888575 68.38274017472085 155.0 174.0 70.0
45.108487356047014 36.81405108060614 68.38089327027556 151.0 172.0 66.0
45.108470959585425 37.214399236323715 68.37904636583028 158.0 178.0 73.0
45.108454563123836 37.61474739204128 68.37719946138498 185.0 201.0 103.0
45.108438166662246 38.01509554775885 68.37535255693969 179.0 195.0 104.0
45.508858651886676 34.81229390555672 68.38301988741021 112.0 124.0 59.0
45.50884225542509 35.21264206127429 68.38117298296493 147.0 165.0 71.0
45.5088258589635 35.612990216991854 68.37932607851964 146.0 165.0 68.0
45.508809462501915 36.01333837270942 68.37747917407435 153.0 173.0 71.0
45.508793066040326 36.413686528426986 68.37563226962905 164.0 184.0 75.0
45.50877666957874 36.81403468414456 68.37378536518376 164.0 183.0 73.0
45.50876027311715 37.214382839862125 68.37193846073848 166.0 185.0 76.0
45.50874387665556 37.61473099557969 68.37009155629318 181.0 198.0 95.0
45.50872748019397 38.01507915129726 68.36824465184789 170.0 187.0 90.0
45.50871108373238 38.41542730701483 68.36639774740259 136.0 151.0 70.0
45.90911517249521 35.612973820530264 68.37221817342784 147.0 160.0 85.0
45.90909877603362 36.01332197624783 68.37037126898254 168.0 184.0 99.0
45.90908237957204 36.413670131965404 68.36852436453725 178.0 194.0 99.0
45.90906598311045 36.81401828768297 68.36667746009196 173.0 190.0 92.0
45.90904958664886 37.214366443400536 68.36483055564666 169.0 186.0 88.0
45.90903319018727 37.6147145991181 68.36298365120138 161.0 178.0 83.0
45.909016793725684 38.01506275483567 68.36113674675609 158.0 173.0 87.0
45.909000397264094 38.41541091055324 68.3592898423108 146.0 160.0 84.0
46.309388089565346 36.01330557978625 68.36326336389074 165.0 175.0 114.0
46.309371693103756 36.413653735503814 68.36141645944545 177.0 190.0 108.0
46.30935529664217 36.81400189122138 68.35956955500016 172.0 187.0 97.0
46.309338900180585 37.21435004693895 68.35772265055488 169.0 184.0 93.0
46.309322503718995 37.61469820265651 68.35587574610958 168.0 181.0 95.0
46.309306107257406 38.01504635837408 68.35402884166429 170.0 182.0 108.0
46.30928971079582 38.41539451409165 68.352181937219 150.0 161.0 101.0
46.70966100663548 36.413637339042225 68.35430855435365 82.0 87.0 54.0
46.70964461017389 36.81398549475979 68.35246164990836 148.0 159.0 87.0
46.7096282137123 37.21433365047736 68.35061474546308 169.0 181.0 102.0
46.70961181725071 37.61468180619492 68.34876784101778 183.0 194.0 119.0
46.70959542078913 38.01502996191249 68.34692093657249 184.0 193.0 132.0
46.70957902432754 38.41537811763006 68.34507403212719 132.0 139.0 99.0
43.91474371700525 36.41559901871863 68.8043489431028 88.0 100.0 46.0
43.91472732054366 36.815947174436204 68.80250203865751 103.0 121.0 52.0
43.91471092408207 37.21629533015377 68.80065513421222 92.0 111.0 46.0
43.91469452762049 37.616643485871336 68.79880822976692 80.0 98.0 39.0
44.315082219921734 35.21453815510434 68.80278175134687 107.0 121.0 56.0
44.315065823460145 35.61488631082191 68.80093484690158 118.0 137.0 56.0
44.315049426998556 36.015234466539475 68.7990879424563 122.0 143.0 56.0
44.315033030536966 36.41558262225705 68.797241038011 131.0 153.0 62.0
44.31501663407538 36.815930777974614 68.7953941335657 109.0 131.0 49.0
44.31500023761379 37.21627893369218 68.7935472291204 100.0 122.0 45.0
44.3149838411522 37.61662708940975 68.79170032467512 95.0 116.0 43.0
44.314967444690616 38.01697524512731 68.78985342022983 106.0 122.0 56.0
44.71538792991504 34.81417360292519 68.79752075070037 102.0 112.0 60.0
44.71537153345345 35.21452175864275 68.79567384625507 135.0 154.0 67.0
44.71535513699186 35.61486991436032 68.79382694180977 131.0 153.0 59.0
44.71533874053028 36.01521807007789 68.79198003736448 134.0 156.0 60.0
44.71532234406869 36.41556622579546 68.7901331329192 145.0 166.0 66.0
44.7153059476071 36.815914381513025 68.78828622847391 132.0 154.0 57.0
44.71528955114551 37.21626253723059 68.7864393240286 138.0 159.0 62.0
44.71527315468392 37.61661069294816 68.78459241958332 139.0 157.0 67.0
44.71525675822233 38.01695884866572 68.78274551513803 150.0 164.0 87.0
45.115677243446754 34.8141572064636 68.79041284560856 134.0 148.0 74.0
45.115660846985165 35.214505362181164 68.78856594116327 148.0 167.0 73.0
45.115644450523575 35.61485351789874 68.78671903671798 141.0 163.0 62.0
45.11562805406199 36.0152016736163 68.78487213227268 138.0 160.0 58.0
45.115611657600404 36.41554982933387 68.7830252278274 148.0 168.0 65.0
45.115595261138814 36.815897985051436 68.78117832338211 156.0 176.0 72.0
45.115578864677225 37.216246140769 68.7793314189368 167.0 185.0 84.0
45.115562468215636 37.61659429648657 68.77748451449152 181.0 197.0 98.0
45.115546071754046 38.016942452204134 68.77563761004623 183.0 200.0 104.0
45.11552967529246 38.41729060792171 68.77379070560094 108.0 119.0 63.0
45.515966556978476 34.81414081000201 68.78330494051676 126.0 139.0 65.0
45.51595016051689 35.21448896571958 68.78145803607147 144.0 164.0 68.0
45.5159337640553 35.61483712143715 68.77961113162618 143.0 166.0 61.0
45.51591736759371 36.015185277154714 68.77776422718088 149.0 171.0 63.0
45.51590097113212 36.41553343287228 68.7759173227356 158.0 178.0 68.0
45.51588457467053 36.815881588589846 68.7740704182903 164.0 183.0 76.0
45.51586817820895 37.21622974430741 68.77222351384502 171.0 189.0 85.0
45.51585178174736 37.61657790002498 68.77037660939972 184.0 200.0 98.0
45.51583538528577 38.01692605574255 68.76852970495443 180.0 197.0 95.0
45.51581898882418 38.41727421146012 68.76668280050913 162.0 179.0 85.0
45.9162394740486 35.21447256925799 68.77435013097967 114.0 127.0 60.0
45.91622307758701 35.61482072497556 68.77250322653437 152.0 170.0 78.0
45.91620668112542 36.015168880693125 68.7706563220891 163.0 180.0 84.0
45.916190284663834 36.41551703641069 68.7688094176438 170.0 187.0 85.0
45.916173888202245 36.81586519212826 68.76696251319851 168.0 185.0 85.0
45.91615749174066 37.21621334784582 68.7651156087532 165.0 181.0 83.0
45.91614109527907 37.616561503563396 68.76326870430793 164.0 181.0 82.0
45.916124698817484 38.01690965928096 68.76142179986263 160.0 177.0 84.0
45.916108302355894 38.417257814998536 68.75957489541734 152.0 167.0 83.0
46.316512391118735 35.61480432851397 68.76539532144258 166.0 179.0 103.0
46.316495994657146 36.015152484231535 68.76354841699728 178.0 192.0 108.0
46.316479598195556 36.4155006399491 68.761701512552 180.0 194.0 107.0
46.31646320173397 36.81584879566667 68.7598546081067 170.0 186.0 90.0
46.31644680527238 37.216196951384234 68.7580077036614 164.0 179.0 81.0
46.31643040881079 37.61654510710181 68.75616079921612 169.0 183.0 88.0
46.3164140123492 38.01689326281937 68.75431389477083 163.0 176.0 95.0
46.31639761588762 38.417241418536946 68.75246699032554 159.0 172.0 99.0
46.31638121942603 38.81758957425451 68.75062008588024 74.0 82.0 43.0
46.71678530818887 36.015136087769946 68.75644051190548 85.0 89.0 59.0
46.71676891172728 36.41548424348751 68.7545936074602 183.0 193.0 124.0
46.71675251526569 36.81583239920508 68.7527467030149 175.0 189.0 100.0
46.7167361188041 37.21618055492265 68.75089979856962 170.0 184.0 90.0
46.71671972234251 37.61652871064022 68.74905289412432 178.0 191.0 102.0
46.71670332588092 38.016876866357784 68.74720598967903 178.0 189.0 119.0
46.71668692941933 38.41722502207536 68.74535908523374 178.0 187.0 130.0
47.117009035874226 37.61651231417863 68.74194498903253 127.0 133.0 90.0
43.92186801855864 36.01709776744636 69.20648090065463 77.0 87.0 41.0
43.92185162209705 36.417445923163925 69.20463399620934 73.0 85.0 37.0
43.92183522563546 36.81779407888149 69.20278709176405 77.0 91.0 39.0
43.92181882917387 37.21814223459906 69.20094018731875 78.0 94.0 40.0
43.92180243271228 37.61849039031662 69.19909328287346 90.0 109.0 46.0
43.921786036250694 38.018838546034196 69.19724637842816 83.0 98.0 45.0
44.32219012501353 35.21638505954964 69.2030668044534 88.0 99.0 46.0
44.32217372855194 35.6167332152672 69.20121990000813 122.0 143.0 58.0
44.322157332090356 36.01708137098477 69.19937299556283 121.0 142.0 56.0
44.32214093562877 36.417429526702335 69.19752609111754 123.0 144.0 58.0
44.32212453916718 36.8177776824199 69.19567918667224 105.0 127.0 48.0
44.32210814270559 37.21812583813747 69.19383228222696 104.0 126.0 48.0
44.322091746244 37.61847399385504 69.19198537778166 99.0 121.0 46.0
44.32207534978241 38.01882214957261 69.19013847333638 111.0 129.0 58.0
44.32205895332082 38.41917030529017 69.18829156889107 76.0 86.0 45.0
44.72247943854525 35.21636866308805 69.19595889936161 133.0 151.0 67.0
44.72246304208366 35.616716818805614 69.19411199491631 131.0 154.0 59.0
44.72244664562207 36.01706497452318 69.19226509047104 129.0 151.0 56.0
44.72243024916048 36.417413130240746 69.19041818602574 140.0 161.0 66.0
44.7224138526989 36.81776128595831 69.18857128158045 135.0 157.0 61.0
44.72239745623731 37.218109441675885 69.18672437713515 128.0 149.0 56.0
44.72238105977572 37.61845759739345 69.18487747268986 146.0 165.0 71.0
44.72236466331413 38.01880575311102 69.18303056824458 157.0 174.0 87.0
45.122785148538554 34.81600411090889 69.19069789871511 123.0 134.0 69.0
45.122768752076965 35.21635226662646 69.18885099426981 139.0 159.0 65.0
45.122752355615376 35.616700422344024 69.18700408982453 137.0 160.0 58.0
45.122735959153786 36.01704857806159 69.18515718537923 135.0 157.0 57.0
45.1227195626922 36.41739673377916 69.18331028093394 147.0 166.0 67.0
45.12270316623061 36.81774488949673 69.18146337648865 155.0 174.0 71.0
45.122686769769025 37.218093045214296 69.17961647204335 162.0 180.0 78.0
45.122670373307436 37.61844120093186 69.17776956759806 173.0 190.0 90.0
45.12265397684585 38.01878935664943 69.17592266315278 181.0 197.0 100.0
45.12263758038426 38.419137512367 69.17407575870749 175.0 192.0 103.0
45.52307446207027 34.8159877144473 69.1835899936233 130.0 142.0 67.0
45.52305806560869 35.21633587016487 69.18174308917801 146.0 166.0 69.0
45.5230416691471 35.616684025882435 69.17989618473273 145.0 167.0 62.0
45.52302527268551 36.0170321816 69.17804928028742 152.0 173.0 66.0
45.52300887622392 36.417380337317574 69.17620237584214 160.0 180.0 71.0
45.52299247976233 36.81772849303514 69.17435547139685 166.0 185.0 78.0
45.52297608330074 37.21807664875271 69.17250856695156 173.0 190.0 86.0
45.52295968683915 37.61842480447027 69.17066166250626 185.0 201.0 99.0
45.52294329037757 38.01877296018784 69.16881475806098 183.0 199.0 97.0
45.52292689391598 38.41912111590541 69.16696785361569 181.0 197.0 99.0
45.9233473791404 35.21631947370328 69.17463518408621 149.0 164.0 83.0
45.92333098267881 35.616667629420846 69.17278827964093 162.0 179.0 85.0
45.923314586217224 36.01701578513842 69.17094137519564 168.0 186.0 85.0
45.923298189755634 36.417363940855985 69.16909447075034 169.0 186.0 78.0
45.923281793294045 36.81771209657355 69.16724756630505 170.0 186.0 83.0
45.923265396832456 37.21806025229112 69.16540066185975 170.0 186.0 87.0
45.923249000370866 37.61840840800868 69.16355375741446 175.0 190.0 94.0
45.92323260390928 38.01875656372625 69.16170685296917 171.0 187.0 91.0
45.923216207447695 38.41910471944382 69.15985994852387 163.0 179.0 87.0
45.923199810986105 38.81945287516139 69.15801304407859 122.0 135.0 69.0
46.32362029621053 35.616651232959256 69.16568037454913 170.0 185.0 99.0
46.32360389974894 36.01699938867683 69.16383347010382 181.0 196.0 106.0
46.32358750328736 36.417347544394396 69.16198656565854 184.0 199.0 106.0
46.32357110682577 36.81769570011196 69.16013966121325 177.0 192.0 96.0
46.32355471036418 37.21804385582953 69.15829275676795 174.0 189.0 93.0
46.32353831390259 37.618392011547094 69.15644585232266 179.0 192.0 100.0
46.323521917441 38.01874016726466 69.15459894787737 169.0 182.0 97.0
46.32350552097941 38.41908832298223 69.15275204343209 162.0 175.0 97.0
46.32348912451782 38.8194364786998 69.15090513898679 128.0 140.0 80.0
46.72390960974225 35.616634836497674 69.15857246945733 93.0 98.0 63.0
46.72389321328066 36.01698299221524 69.15672556501202 180.0 191.0 118.0
46.72387681681907 36.417331147932806 69.15487866056674 192.0 204.0 124.0
46.72386042035748 36.81767930365037 69.15303175612145 181.0 195.0 105.0
46.7238440238959 37.21802745936794 69.15118485167616 179.0 192.0 99.0
46.72382762743431 37.618375615085505 69.14933794723086 186.0 197.0 110.0
46.72381123097272 38.01872377080307 69.14749104278557 179.0 190.0 115.0
46.72379483451113 38.419071926520644 69.14564413834029 175.0 186.0 120.0
46.72377843804954 38.81942008223821 69.14379723389499 119.0 128.0 84.0
47.124116940966026 37.618359218623915 69.14223004213906 138.0 143.0 99.0
47.12410054450444 38.01870737434149 69.14038313769377 161.0 167.0 118.0
47.12408414804285 38.419055530059055 69.13853623324847 130.0 133.0 104.0
43.92892673426567 37.21998913904435 69.6012252404253 71.0 83.0 38.0
43.92891033780409 37.62033729476192 69.59937833598 89.0 107.0 47.0
43.9288939413425 38.02068545047948 69.59753143153472 81.0 95.0 45.0
44.329281633643745 35.61858011971249 69.60150495311467 116.0 133.0 58.0
44.329265237182156 36.01892827543006 69.59965804866937 129.0 147.0 66.0
44.32924884072057 36.41927643114763 69.59781114422408 120.0 138.0 62.0
44.32923244425898 36.819624586865196 69.5959642397788 102.0 121.0 50.0
44.32921604779739 37.21997274258276 69.59411733533351 98.0 119.0 47.0
44.329199651335806 37.62032089830033 69.5922704308882 99.0 120.0 48.0
44.329183254874216 38.020669054017894 69.5904235264429 102.0 120.0 54.0
44.72960374009864 34.81786741181577 69.59809085691344 101.0 111.0 61.0
44.72958734363705 35.218215567533335 69.59624395246816 131.0 149.0 68.0
44.72957094717547 35.61856372325091 69.59439704802286 131.0 153.0 60.0
44.72955455071388 36.018911878968474 69.59255014357758 135.0 156.0 63.0
44.72953815425229 36.41926003468604 69.59070323913228 139.0 158.0 68.0
44.7295217577907 36.819608190403606 69.58885633468698 130.0 151.0 60.0
44.72950536132911 37.21995634612117 69.5870094302417 128.0 149.0 58.0
44.72948896486752 37.62030450183874 69.5851625257964 137.0 156.0 68.0
44.72947256840593 38.020652657556305 69.58331562135112 150.0 167.0 83.0
45.129893053630354 34.81785101535418 69.59098295182164 132.0 146.0 75.0
45.129876657168765 35.21819917107175 69.58913604737636 138.0 158.0 66.0
45.12986026070718 35.61854732678932 69.58728914293106 136.0 158.0 58.0
45.12984386424559 36.018895482506885 69.58544223848577 137.0 159.0 59.0
45.129827467784004 36.41924363822445 69.58359533404048 151.0 172.0 67.0
45.129811071322415 36.81959179394202 69.5817484295952 155.0 175.0 70.0
45.129794674860825 37.21993994965958 69.5799015251499 158.0 177.0 74.0
45.129778278399236 37.62028810537715 69.5780546207046 166.0 183.0 84.0
45.12976188193765 38.020636261094715 69.57620771625932 175.0 192.0 93.0
45.12974548547606 38.42098441681229 69.57436081181402 152.0 168.0 81.0
45.53018236716208 34.8178346188926 69.58387504672984 149.0 161.0 79.0
45.53016597070049 35.21818277461016 69.58202814228456 149.0 168.0 73.0
45.5301495742389 35.61853093032773 69.58018123783927 148.0 170.0 65.0
45.53013317777731 36.018879086045295 69.57833433339397 154.0 175.0 66.0
45.53011678131572 36.41922724176286 69.57648742894868 162.0 182.0 68.0
45.53010038485414 36.81957539748043 69.5746405245034 167.0 186.0 74.0
45.53008398839255 37.219923553197994 69.57279362005809 174.0 192.0 83.0
45.53006759193096 37.62027170891556 69.5709467156128 186.0 202.0 100.0
45.53005119546937 38.02061986463313 69.5690998111675 187.0 204.0 101.0
45.53003479900778 38.4209680203507 69.56725290672223 181.0 199.0 98.0
45.93047168069379 34.81781822243101 69.57676714163804 122.0 126.0 67.0
45.9304552842322 35.218166378148574 69.57492023719276 161.0 176.0 93.0
45.93043888777061 35.61851453386614 69.57307333274747 166.0 184.0 91.0
45.930422491309024 36.018862689583706 69.57122642830217 173.0 190.0 91.0
45.930406094847434 36.41921084530127 69.56937952385688 172.0 190.0 80.0
45.930389698385845 36.81955900101884 69.56753261941158 170.0 188.0 81.0
45.93037330192426 37.219907156736404 69.5656857149663 170.0 188.0 85.0
45.93035690546267 37.62025531245398 69.563838810521 183.0 198.0 100.0
45.930340509001084 38.020603468171544 69.56199190607572 177.0 193.0 95.0
45.930324112539495 38.42095162388912 69.56014500163042 168.0 185.0 89.0
45.930307716077905 38.82129977960668 69.55829809718514 147.0 162.0 90.0
46.330744597763925 35.218149981686985 69.56781233210096 104.0 111.0 70.0
46.330728201302335 35.61849813740455 69.56596542765566 172.0 188.0 99.0
46.330711804840746 36.01884629312212 69.56411852321038 181.0 196.0 103.0
46.33069540837916 36.41919444883968 69.56227161876508 186.0 201.0 105.0
46.33067901191757 36.81954260455725 69.5604247143198 183.0 199.0 104.0
46.33066261545598 37.21989076027482 69.55857780987449 182.0 197.0 103.0
46.33064621899439 37.62023891599239 69.5567309054292 185.0 199.0 106.0
46.330629822532806 38.020587071709954 69.55488400098392 175.0 189.0 100.0
46.33061342607122 38.42093522742753 69.55303709653862 168.0 182.0 101.0
46.33059702960963 38.821283383145094 69.55119019209333 148.0 162.0 94.0
46.73101751483406 35.61848174094296 69.55885752256387 152.0 162.0 100.0
46.73100111837247 36.01882989666053 69.55701061811857 186.0 199.0 118.0
46.73098472191088 36.41917805237809 69.55516371367328 201.0 213.0 133.0
46.73096832544929 36.81952620809567 69.553316809228 192.0 205.0 119.0
46.7309519289877 37.21987436381323 69.55146990478269 192.0 205.0 119.0
46.73093553252611 37.6202225195308 69.5496230003374 192.0 204.0 118.0
46.73091913606452 38.020570675248365 69.54777609589212 181.0 193.0 113.0
46.73090273960293 38.42091883096594 69.54592919144683 171.0 183.0 108.0
46.73088634314135 38.821266986683504 69.54408228700153 156.0 167.0 109.0
47.131274035442594 36.41916165591651 69.54805580858148 90.0 94.0 67.0
47.131257638981005 36.81950981163408 69.5462089041362 93.0 98.0 65.0
47.131241242519415 37.21985796735164 69.5443619996909 137.0 145.0 92.0
47.131224846057826 37.62020612306921 69.5425150952456 193.0 201.0 138.0
47.13120844959624 38.020554278786776 69.54066819080032 202.0 210.0 150.0
47.13119205313465 38.42090243450435 69.53882128635502 190.0 198.0 146.0
43.936018242895884 37.622184199207204 69.99966338908655 78.0 92.0 43.0
44.33640593519713 35.22007886844022 70.0036369106665 77.0 87.0 43.0
44.336389538735546 35.620427024157785 70.00179000622121 115.0 129.0 64.0
44.336373142273956 36.02077517987535 69.99994310177591 108.0 121.0 61.0
44.33635674581237 36.42112333559292 69.99809619733061 100.0 113.0 57.0
44.33634034935078 36.82147149131048 69.99624929288534 102.0 118.0 55.0
44.33632395288919 37.22181964702805 69.99440238844004 102.0 120.0 53.0
44.3363075564276 37.62216780274562 69.99255548399475 106.0 124.0 56.0
44.33629115996601 38.02251595846319 69.99070857954945 99.0 116.0 55.0
44.73671164519044 34.81971431626106 69.99837591001999 103.0 115.0 56.0
44.73669524872885 35.22006247197863 69.99652900557469 126.0 143.0 67.0
44.73667885226726 35.620410627696195 69.99468210112941 139.0 158.0 68.0
44.73666245580567 36.02075878341376 69.99283519668411 144.0 164.0 72.0
44.73664605934409 36.42110693913133 69.99098829223882 149.0 169.0 80.0
44.7366296628825 36.82145509484889 69.98914138779352 133.0 152.0 66.0
44.73661326642091 37.22180325056647 69.98729448334825 125.0 145.0 62.0
44.73659686995932 37.62215140628403 69.98544757890295 125.0 142.0 64.0
44.73658047349773 38.0224995620016 69.98360067445766 137.0 154.0 77.0
45.137000958722155 34.819697919799474 69.99126800492819 140.0 155.0 80.0
45.136984562260565 35.22004607551704 69.9894211004829 145.0 163.0 75.0
45.136968165798976 35.620394231234606 69.9875741960376 142.0 163.0 65.0
45.13695176933739 36.02074238695217 69.98572729159231 147.0 169.0 64.0
45.1369353728758 36.42109054266974 69.98388038714702 153.0 177.0 62.0
45.136918976414215 36.82143869838731 69.98203348270174 155.0 178.0 66.0
45.136902579952626 37.22178685410488 69.98018657825644 158.0 178.0 75.0
45.136886183491036 37.62213500982244 69.97833967381115 165.0 182.0 87.0
45.13686978702945 38.02248316554001 69.97649276936586 177.0 195.0 100.0
45.13685339056786 38.42283132125758 69.97464586492056 154.0 171.0 84.0
45.53730666871546 34.41933336762032 69.98600700428167 83.0 86.0 49.0
45.53729027225388 34.819681523337884 69.98416009983639 154.0 170.0 88.0
45.53727387579229 35.22002967905545 69.9823131953911 152.0 170.0 78.0
45.5372574793307 35.620377834773016 69.98046629094581 150.0 171.0 67.0
45.53724108286911 36.02072599049058 69.97861938650051 154.0 177.0 65.0
45.53722468640752 36.421074146208156 69.97677248205522 166.0 190.0 64.0
45.53720828994593 36.82142230192572 69.97492557760994 168.0 191.0 69.0
45.53719189348434 37.22177045764329 69.97307867316464 175.0 195.0 81.0
45.53717549702275 37.622118613360854 69.97123176871935 188.0 205.0 104.0
45.53715910056117 38.02246676907842 69.96938486427406 190.0 208.0 102.0
45.53714270409958 38.42281492479599 69.96753795982877 177.0 195.0 94.0
45.93757958578559 34.819665126876295 69.97705219474459 154.0 165.0 95.0
45.937563189324 35.22001328259386 69.9752052902993 164.0 180.0 96.0
45.93754679286241 35.62036143831143 69.97335838585401 163.0 182.0 90.0
45.937530396400824 36.020709594029 69.97151148140871 173.0 190.0 93.0
45.937513999939235 36.421057749746566 69.96966457696342 184.0 201.0 94.0
45.937497603477645 36.82140590546413 69.96781767251814 173.0 193.0 85.0
45.937481207016056 37.2217540611817 69.96597076807285 169.0 188.0 80.0
45.93746481055447 37.622102216899265 69.96412386362755 187.0 205.0 97.0
45.937448414092884 38.02245037261683 69.96227695918226 177.0 195.0 90.0
45.937432017631295 38.422798528334404 69.96043005473696 161.0 179.0 82.0
45.937415621169706 38.82314668405197 69.95858315029167 112.0 127.0 62.0
46.33785250285572 35.21999688613227 69.9680973852075 175.0 186.0 123.0
46.33783610639413 35.620345041849845 69.9662504807622 170.0 187.0 95.0
46.337819709932546 36.02069319756741 69.96440357631693 177.0 193.0 96.0
46.33780331347096 36.42104135328498 69.96255667187162 186.0 202.0 104.0
46.33778691700937 36.82138950900254 69.96070976742634 188.0 203.0 109.0
46.33777052054778 37.22173766472011 69.95886286298104 189.0 203.0 110.0
46.33775412408619 37.622085820437675 69.95701595853575 197.0 212.0 114.0
46.3377377276246 38.02243397615524 69.95516905409046 179.0 195.0 98.0
46.33772133116301 38.422782131872815 69.95332214964516 160.0 177.0 87.0
46.33770493470142 38.82313028759038 69.95147524519987 147.0 162.0 87.0
46.73812541992585 35.620328645388255 69.95914257567041 158.0 171.0 93.0
46.73810902346426 36.02067680110582 69.95729567122511 180.0 195.0 105.0
46.73809262700267 36.42102495682339 69.95544876677982 186.0 201.0 114.0
46.73807623054109 36.821373112540954 69.95360186233454 198.0 211.0 130.0
46.7380598340795 37.22172126825852 69.95175495788924 200.0 212.0 132.0
46.73804343761791 37.622069423976086 69.94990805344395 201.0 214.0 126.0
46.73802704115632 38.02241757969365 69.94806114899866 184.0 198.0 110.0
46.73801064469473 38.422765735411225 69.94621424455337 167.0 182.0 98.0
46.73799424823314 38.8231138911288 69.94436734010807 152.0 164.0 103.0
47.13839833699598 36.02066040464423 69.95018776613331 84.0 88.0 61.0
47.13838194053439 36.4210085603618 69.94834086168802 144.0 152.0 103.0
47.1383655440728 36.821356716079364 69.94649395724274 163.0 173.0 112.0
47.138349147611216 37.22170487179693 69.94464705279745 191.0 203.0 129.0
47.138332751149626 37.6220530275145 69.94280014835215 207.0 217.0 148.0
47.13831635468804 38.02240118323207 69.94095324390685 193.0 204.0 135.0
47.13829995822645 38.42274933894964 69.93910633946157 189.0 199.0 139.0
44.34346465090416 36.42297024003821 70.39838125043717 82.0 93.0 48.0
44.34344825444258 36.82331839575578 70.39653434599188 88.0 101.0 49.0
44.34343185798099 37.22366655147334 70.39468744154658 97.0 114.0 53.0
44.3434154615194 37.62401470719091 70.39284053710129 106.0 123.0 59.0
44.34339906505781 38.024362862908475 70.390993632656 98.0 115.0 55.0
44.74381955028224 34.82156122070635 70.39866096312653 102.0 115.0 59.0
44.74380315382065 35.221909376423916 70.39681405868124 144.0 161.0 85.0
44.74378675735906 35.62225753214149 70.39496715423596 140.0 160.0 72.0
44.74377036089747 36.022605687859055 70.39312024979066 136.0 155.0 68.0
44.74375396443588 36.42295384357662 70.39127334534537 140.0 159.0 73.0
44.74373756797429 36.82330199929419 70.38942644090007 140.0 159.0 73.0
44.7437211715127 37.223650155011754 70.3875795364548 137.0 157.0 71.0
44.74370477505112 37.62399831072932 70.38573263200949 115.0 135.0 57.0
44.74368837858953 38.024346466446886 70.38388572756419 117.0 137.0 60.0
44.74367198212794 38.42469462216445 70.3820388231189 93.0 106.0 52.0
45.144108863813955 34.82154482424476 70.39155305803473 125.0 142.0 67.0
45.144092467352365 35.221892979962334 70.38970615358944 149.0 167.0 81.0
45.144076070890776 35.6222411356799 70.38785924914414 151.0 171.0 75.0
45.14405967442919 36.022589291397466 70.38601234469886 156.0 177.0 73.0
45.1440432779676 36.42293744711503 70.38416544025357 163.0 185.0 75.0
45.14402688150601 36.8232856028326 70.38231853580827 158.0 179.0 75.0
45.14401048504442 37.223633758550164 70.38047163136298 159.0 179.0 80.0
45.14399408858283 37.62398191426773 70.37862472691769 157.0 177.0 85.0
45.14397769212125 38.0243300699853 70.3767778224724 168.0 187.0 94.0
45.14396129565966 38.42467822570287 70.3749309180271 126.0 139.0 73.0
45.54441457380726 34.421180272065605 70.38629205738822 113.0 125.0 68.0
45.54439817734567 34.82152842778318 70.38444515294293 151.0 168.0 82.0
45.54438178088408 35.221876583500745 70.38259824849764 154.0 173.0 78.0
45.5443653844225 35.62222473921831 70.38075134405234 155.0 176.0 72.0
45.54434898796091 36.02257289493588 70.37890443960706 160.0 181.0 71.0
45.54433259149932 36.42292105065344 70.37705753516177 170.0 193.0 73.0
45.54431619503773 36.82326920637101 70.37521063071648 170.0 193.0 76.0
45.54429979857614 37.223617362088575 70.37336372627118 175.0 196.0 86.0
45.54428340211455 37.62396551780614 70.37151682182589 184.0 202.0 100.0
45.54426700565296 38.024313673523714 70.3696699173806 190.0 208.0 105.0
45.54425060919137 38.42466182924129 70.3678230129353 179.0 196.0 101.0
45.54423421272979 38.825009984958854 70.36597610849002 87.0 96.0 53.0
45.944687490877385 34.82151203132159 70.37733724785113 160.0 173.0 100.0
45.944671094415796 35.221860187039155 70.37549034340584 161.0 179.0 90.0
45.944654697954206 35.62220834275672 70.37364343896056 157.0 177.0 78.0
45.944638301492624 36.02255649847429 70.37179653451525 161.0 181.0 79.0
45.944621905031035 36.42290465419185 70.36994963006997 170.0 190.0 85.0
45.944605508569445 36.82325280990942 70.36810272562468 169.0 189.0 81.0
45.944589112107856 37.223600965626986 70.36625582117938 172.0 192.0 84.0
45.94457271564627 37.62394912134456 70.36440891673409 184.0 202.0 95.0
45.94455631918468 38.024297277062125 70.36256201228879 181.0 199.0 92.0
45.94453992272309 38.4246454327797 70.36071510784352 168.0 185.0 84.0
45.9445235262615 38.824993588497264 70.35886820339822 134.0 150.0 73.0
46.34496040794752 35.221843790577566 70.36838243831404 159.0 174.0 98.0
46.34494401148593 35.62219194629513 70.36653553386876 166.0 184.0 89.0
46.34492761502434 36.0225401020127 70.36468862942345 172.0 190.0 91.0
46.34491121856275 36.422888257730264 70.36284172497817 178.0 196.0 94.0
46.34489482210117 36.82323641344783 70.36099482053287 177.0 194.0 92.0
46.34487842563958 37.2235845691654 70.35914791608758 179.0 196.0 95.0
46.34486202917799 37.62393272488297 70.35730101164229 184.0 200.0 99.0
46.3448456327164 38.024280880600536 70.355454107197 177.0 193.0 98.0
46.34482923625481 38.42462903631811 70.3536072027517 171.0 186.0 100.0
46.34481283979322 38.824977192035675 70.35176029830642 152.0 167.0 93.0
46.74523332501765 35.62217554983354 70.35942762877694 171.0 186.0 101.0
46.74521692855606 36.02252370555111 70.35758072433165 181.0 197.0 104.0
46.74520053209447 36.422871861268675 70.35573381988637 185.0 201.0 108.0
46.74518413563288 36.82322001698625 70.35388691544108 184.0 199.0 106.0
46.74516773917129 37.223568172703814 70.35204001099578 186.0 200.0 107.0
46.745151342709704 37.62391632842138 70.35019310655049 191.0 205.0 114.0
46.74513494624812 38.024264484138946 70.3483462021052 183.0 196.0 114.0
46.74511854978653 38.42461263985652 70.3464992976599 176.0 189.0 116.0
46.74510215332494 38.824960795574086 70.34465239321462 174.0 188.0 125.0
47.14550624208778 36.02250730908952 70.35047281923985 123.0 132.0 83.0
47.14548984562619 36.42285546480709 70.34862591479457 178.0 191.0 118.0
47.1454734491646 36.82320362052466 70.34677901034928 186.0 200.0 123.0
47.14545705270301 37.223551776242225 70.34493210590398 194.0 208.0 131.0
47.14544065624142 37.62389993195979 70.34308520145869 204.0 215.0 143.0
47.14542425977983 38.02424808767736 70.3412382970134 200.0 212.0 146.0
47.14540786331825 38.42459624339493 70.33939139256812 191.0 203.0 144.0
47.14539146685666 38.824944399112496 70.33754448812282 135.0 141.0 110.0
44.35053976307279 37.22551345591864 70.79497249465312 86.0 99.0 49.0
44.3505233666112 37.6258616116362 70.79312559020782 105.0 121.0 61.0
44.35050697014961 38.02620976735378 70.79127868576255 96.0 113.0 54.0
44.75091105891245 35.22375628086922 70.79709911178779 121.0 135.0 71.0
44.75089466245086 35.624104436586784 70.7952522073425 95.0 107.0 51.0
44.75087826598927 36.02445259230435 70.7934053028972 96.0 111.0 47.0
44.75086186952769 36.424800748021916 70.7915583984519 110.0 128.0 56.0
44.7508454730661 36.82514890373948 70.78971149400662 129.0 148.0 69.0
44.75082907660451 37.22549705945705 70.78786458956132 128.0 146.0 69.0
44.75081268014292 37.62584521517462 70.78601768511604 112.0 132.0 59.0
44.75079628368133 38.02619337089219 70.78417078067073 119.0 139.0 63.0
44.75077988721974 38.42654152660975 70.78232387622546 94.0 108.0 52.0
45.151233165367344 34.423043572972496 70.79368501558658 74.0 85.0 42.0
45.151216768905755 34.82339172869006 70.79183811114127 136.0 154.0 75.0
45.151200372444166 35.22373988440763 70.78999120669597 150.0 167.0 84.0
45.151183975982576 35.624088040125194 70.7881443022507 157.0 176.0 84.0
45.15116757952099 36.02443619584276 70.7862973978054 160.0 181.0 81.0
45.151151183059405 36.42478435156033 70.78445049336011 160.0 183.0 76.0
45.151134786597815 36.82513250727789 70.78260358891481 160.0 182.0 81.0
45.151118390136226 37.225480662995466 70.78075668446952 157.0 177.0 83.0
45.15110199367464 37.62582881871303 70.77890978002424 146.0 166.0 76.0
45.15108559721305 38.0261769744306 70.77706287557895 152.0 172.0 83.0
45.15106920075146 38.42652513014817 70.77521597113365 84.0 93.0 49.0
45.55152247889907 34.42302717651091 70.78657711049476 129.0 144.0 75.0
45.55150608243748 34.82337533222847 70.78473020604947 151.0 168.0 83.0
45.55148968597589 35.22372348794604 70.78288330160419 156.0 175.0 83.0
45.5514732895143 35.624071643663605 70.78103639715889 160.0 181.0 78.0
45.55145689305271 36.02441979938117 70.7791894927136 164.0 185.0 76.0
45.55144049659112 36.42476795509874 70.77734258826831 168.0 192.0 74.0
45.55142410012953 36.82511611081631 70.77549568382302 172.0 194.0 81.0
45.55140770366794 37.225464266533876 70.77364877937772 174.0 194.0 86.0
45.55139130720636 37.62581242225144 70.77180187493244 176.0 195.0 92.0
45.55137491074477 38.02616057796901 70.76995497048715 185.0 203.0 104.0
45.55135851428318 38.42650873368658 70.76810806604185 127.0 139.0 74.0
45.951811792430775 34.42301078004932 70.77946920540296 117.0 125.0 81.0
45.95179539596919 34.82335893576688 70.77762230095767 173.0 188.0 109.0
45.9517789995076 35.22370709148445 70.77577539651239 174.0 190.0 103.0
45.951762603046014 35.624055247202016 70.7739284920671 164.0 183.0 83.0
45.951746206584424 36.02440340291958 70.7720815876218 163.0 183.0 80.0
45.951729810122835 36.424751558637155 70.77023468317651 164.0 185.0 77.0
45.951713413661246 36.82509971435472 70.76838777873122 167.0 188.0 79.0
45.951697017199656 37.22544787007229 70.76654087428592 174.0 194.0 84.0
45.951680620738074 37.62579602578985 70.76469396984064 185.0 202.0 95.0
45.951664224276485 38.02614418150742 70.76284706539533 184.0 202.0 95.0
45.951647827814895 38.42649233722499 70.76100016095006 175.0 192.0 93.0
45.951631431353306 38.82684049294256 70.75915325650476 127.0 142.0 72.0
46.35208470950091 34.823342539305294 70.77051439586587 134.0 143.0 93.0
46.35206831303932 35.22369069502286 70.76866749142057 168.0 183.0 104.0
46.352051916577736 35.624038850740426 70.7668205869753 167.0 185.0 91.0
46.35203552011615 36.024387006458 70.76497368253 171.0 189.0 92.0
46.35201912365456 36.424735162175566 70.76312677808471 176.0 194.0 95.0
46.35200272719297 36.82508331789313 70.76127987363941 175.0 194.0 90.0
46.35198633073138 37.2254314736107 70.75943296919414 177.0 195.0 91.0
46.35196993426979 37.625779629328264 70.75758606474884 189.0 205.0 105.0
46.3519535378082 38.02612778504583 70.75573916030355 180.0 197.0 101.0
46.35193714134661 38.4264759407634 70.75389225585825 168.0 184.0 97.0
46.35192074488503 38.82682409648097 70.75204535141296 156.0 171.0 99.0
46.75235762657104 35.22367429856127 70.76155958632879 86.0 91.0 59.0
46.75234123010945 35.624022454278844 70.75971268188349 169.0 185.0 101.0
46.75232483364786 36.02437060999641 70.75786577743821 179.0 196.0 105.0
46.75230843718628 36.424718765713976 70.75601887299291 186.0 201.0 110.0
46.75229204072469 36.82506692143154 70.75417196854762 185.0 201.0 106.0
46.7522756442631 37.22541507714911 70.75232506410232 184.0 200.0 103.0
46.75225924780151 37.625763232866674 70.75047815965704 191.0 206.0 114.0
46.75224285133992 38.02611138858424 70.74863125521175 181.0 195.0 110.0
46.75222645487833 38.426459544301814 70.74678435076645 173.0 186.0 110.0
46.75221005841674 38.82680770001938 70.74493744632116 174.0 188.0 125.0
47.15261414717958 36.02435421353482 70.7507578723464 138.0 148.0 94.0
47.15259775071799 36.42470236925239 70.74891096790111 187.0 201.0 122.0
47.152581354256405 36.82505052496995 70.74706406345582 190.0 204.0 124.0
47.152564957794816 37.22539868068752 70.74521715901052 195.0 208.0 130.0
47.15254856133323 37.625746836405085 70.74337025456524 207.0 219.0 147.0
47.15253216487164 38.02609499212265 70.74152335011995 194.0 206.0 136.0
47.15251576841005 38.426443147840224 70.73967644567466 191.0 203.0 142.0
47.15249937194846 38.8267913035578 70.73782954122936 173.0 182.0 140.0
47.55282147840336 38.02607859566107 70.73441544502813 121.0 126.0 94.0
47.55280508194177 38.426426751378635 70.73256854058286 110.0 114.0 88.0
44.357631271703 37.6277085160815 71.19341064331438 110.0 126.0 67.0
44.35761487524141 38.028056671799064 71.19156373886909 98.0 117.0 55.0
44.35759847877982 38.42840482751663 71.18971683442379 67.0 81.0 35.0
44.75795337815789 36.826995808184776 71.18999654711317 88.0 103.0 47.0
44.75793698169631 37.22734396390234 71.18814964266787 120.0 138.0 69.0
44.75792058523472 37.62769211961991 71.18630273822258 123.0 140.0 74.0
44.75790418877313 38.028040275337474 71.18445583377728 121.0 139.0 70.0
44.75788779231154 38.42838843105504 71.18260892933199 85.0 99.0 47.0
45.158324673997555 34.82523863313535 71.19212316424782 122.0 137.0 67.0
45.158308277535966 35.225586788852915 71.19027625980252 148.0 165.0 86.0
45.158291881074376 35.62593494457049 71.18842935535724 160.0 178.0 89.0
45.15827548461279 36.026283100288055 71.18658245091194 155.0 175.0 79.0
45.1582590881512 36.42663125600562 71.18473554646665 123.0 147.0 51.0
45.15824269168961 36.82697941172319 71.18288864202135 145.0 166.0 72.0
45.15822629522802 37.22732756744075 71.18104173757607 150.0 169.0 79.0
45.15820989876644 37.62767572315832 71.17919483313078 137.0 157.0 73.0
45.15819350230485 38.028023878875885 71.17734792868548 139.0 157.0 77.0
45.55863038399086 34.424874080956194 71.18686216360132 132.0 149.0 77.0
45.55861398752927 34.82522223667376 71.18501525915602 152.0 170.0 85.0
45.55859759106768 35.22557039239133 71.18316835471073 159.0 177.0 89.0
45.5585811946061 35.6259185481089 71.18132145026543 167.0 186.0 87.0
45.55856479814451 36.026266703826465 71.17947454582014 168.0 188.0 84.0
45.55854840168292 36.42661485954403 71.17762764137485 160.0 183.0 68.0
45.55853200522133 36.8269630152616 71.17578073692955 169.0 191.0 81.0
45.55851560875974 37.22731117097916 71.17393383248427 172.0 193.0 89.0
45.55849921229815 37.62765932669673 71.17208692803898 167.0 186.0 85.0
45.55848281583656 38.028007482414296 71.17024002359369 173.0 191.0 98.0
45.958919697522575 34.424857684494604 71.1797542585095 136.0 148.0 88.0
45.958903301060985 34.82520584021218 71.17790735406422 176.0 191.0 110.0
45.958886904599396 35.225553995929744 71.17606044961893 185.0 200.0 114.0
45.958870508137814 35.62590215164731 71.17421354517363 180.0 197.0 104.0
45.958854111676224 36.026250307364876 71.17236664072834 177.0 195.0 97.0
45.958837715214635 36.42659846308244 71.17051973628305 173.0 193.0 86.0
45.958821318753046 36.82694661880001 71.16867283183777 172.0 193.0 86.0
45.958804922291456 37.227294774517574 71.16682592739247 179.0 198.0 93.0
45.95878852582987 37.62764293023514 71.16497902294718 193.0 210.0 108.0
45.95877212936828 38.02799108595271 71.16313211850189 192.0 209.0 108.0
45.95875573290669 38.42833924167029 71.16128521405659 165.0 180.0 93.0
45.958739336445106 38.82868739738785 71.1594383096113 116.0 129.0 67.0
46.35919261459271 34.82518944375059 71.17079944897242 170.0 181.0 122.0
46.35917621813112 35.225537599468154 71.16895254452713 189.0 203.0 127.0
46.35915982166953 35.62588575518572 71.16710564008184 177.0 194.0 106.0
46.35914342520794 36.02623391090329 71.16525873563654 176.0 192.0 100.0
46.35912702874635 36.42658206662085 71.16341183119125 181.0 197.0 104.0
46.35911063228477 36.82693022233842 71.16156492674597 178.0 196.0 96.0
46.35909423582318 37.227278378055985 71.15971802230067 181.0 198.0 97.0
46.35907783936159 37.62762653377356 71.15787111785538 189.0 205.0 104.0
46.3590614429 38.027974689491124 71.15602421341008 181.0 198.0 99.0
46.35904504643841 38.4283228452087 71.15417730896479 168.0 184.0 93.0
46.35902864997682 38.82867100092626 71.1523304045195 151.0 166.0 93.0
46.75946553166284 35.225521203006565 71.16184463943533 143.0 152.0 103.0
46.75944913520125 35.62586935872413 71.15999773499003 175.0 190.0 108.0
46.75943273873966 36.0262175144417 71.15815083054474 180.0 195.0 110.0
46.75941634227807 36.42656567015926 71.15630392609945 185.0 200.0 114.0
46.75939994581648 36.82691382587683 71.15445702165415 185.0 200.0 107.0
46.759383549354894 37.2272619815944 71.15261011720887 188.0 204.0 109.0
46.75936715289331 37.62761013731197 71.15076321276358 191.0 206.0 111.0
46.75935075643172 38.027958293029535 71.14891630831829 182.0 197.0 107.0
46.75933435997013 38.42830644874711 71.14706940387299 174.0 189.0 106.0
46.75931796350854 38.828654604464674 71.1452224994277 168.0 182.0 114.0
47.15972205227138 36.02620111798011 71.15104292545294 175.0 187.0 122.0
47.15970565580979 36.426549273697674 71.14919602100765 186.0 201.0 119.0
47.1596892593482 36.82689742941525 71.14734911656237 189.0 203.0 121.0
47.15967286288661 37.22724558513281 71.14550221211707 193.0 207.0 123.0
47.15965646642502 37.62759374085038 71.14365530767178 198.0 212.0 133.0
47.15964006996344 38.027941896567945 71.14180840322649 194.0 206.0 135.0
47.15962367350185 38.42829005228552 71.13996149878119 189.0 201.0 140.0
47.15960727704026 38.828638208003085 71.1381145943359 175.0 184.0 141.0
47.55994577995674 37.62757734438879 71.13654740257998 128.0 134.0 97.0
47.55992938349515 38.02792550010636 71.13470049813468 183.0 191.0 142.0
47.55991298703356 38.42827365582393 71.1328535936894 143.0 149.0 117.0
44.36475557325638 37.22920726480922 71.59554260086621 84.0 97.0 49.0
44.3647391767948 37.629555420526785 71.59369569642092 98.0 115.0 55.0
44.36472278033321 38.02990357624436 71.59184879197564 98.0 118.0 52.0
44.76506128324969 36.82884271263006 71.59028160021971 87.0 99.0 49.0
44.765044886788104 37.22919086834763 71.58843469577441 106.0 123.0 60.0
44.765028490326515 37.6295390240652 71.58658779132911 120.0 138.0 75.0
44.765012093864925 38.02988717978277 71.58474088688384 117.0 135.0 70.0
44.76499569740334 38.430235335500335 71.58289398243853 97.0 113.0 56.0
45.16541618262776 35.22743369329821 71.59056131290907 80.0 88.0 49.0
45.16539978616618 35.627781849015776 71.58871440846379 94.0 109.0 48.0
45.16538338970459 36.02813000473334 71.58686750401849 128.0 146.0 67.0
45.165366993243 36.42847816045091 71.58502059957318 137.0 157.0 71.0
45.16535059678141 36.828826316168474 71.5831736951279 137.0 158.0 69.0
45.16533420031982 37.22917447188605 71.58132679068261 133.0 153.0 68.0
45.16531780385823 37.62952262760361 71.57947988623732 120.0 138.0 66.0
45.16530140739664 38.02987078332118 71.57763298179202 95.0 109.0 52.0
45.56573828908266 34.42672098540149 71.58714721670786 113.0 128.0 63.0
45.56572189262107 34.827069141119054 71.58530031226256 153.0 171.0 86.0
45.56570549615948 35.22741729683662 71.58345340781726 161.0 179.0 92.0
45.56568909969789 35.627765452554186 71.58160650337197 174.0 193.0 93.0
45.5656727032363 36.02811360827175 71.57975959892669 165.0 185.0 85.0
45.56565630677472 36.42846176398932 71.5779126944814 154.0 177.0 72.0
45.56563991031313 36.82880991970689 71.5760657900361 156.0 178.0 77.0
45.56562351385154 37.22915807542446 71.57421888559081 158.0 178.0 83.0
45.56560711738995 37.629506231142024 71.57237198114552 158.0 176.0 86.0
45.56559072092836 38.02985438685959 71.57052507670024 111.0 124.0 61.0
45.966027602614375 34.4267045889399 71.58003931161605 113.0 126.0 69.0
45.966011206152785 34.827052744657465 71.57819240717076 176.0 194.0 108.0
45.965994809691196 35.22740090037503 71.57634550272547 175.0 192.0 103.0
45.96597841322961 35.6277490560926 71.57449859828017 184.0 201.0 106.0
45.96596201676802 36.02809721181016 71.57265169383489 180.0 197.0 102.0
45.96594562030643 36.428445367527736 71.5708047893896 170.0 191.0 81.0
45.965929223844846 36.8287935232453 71.56895788494431 170.0 188.0 95.0
45.96591282738326 37.22914167896287 71.56711098049901 170.0 186.0 100.0
45.96589643092167 37.629489834680435 71.56526407605372 181.0 198.0 104.0
45.96588003446008 38.029837990398 71.56341717160844 186.0 203.0 106.0
45.96586363799849 38.430186146115574 71.56157026716313 114.0 128.0 59.0
46.36630051968451 34.827036348195875 71.57108450207896 166.0 172.0 118.0
46.36628412322292 35.22738450391344 71.56923759763367 194.0 208.0 132.0
46.36626772676133 35.62773265963101 71.56739069318837 179.0 195.0 107.0
46.36625133029974 36.02808081534858 71.56554378874308 177.0 194.0 103.0
46.36623493383815 36.42842897106615 71.56369688429778 182.0 199.0 103.0
46.36621853737656 36.82877712678371 71.56184997985251 180.0 197.0 106.0
46.36620214091497 37.22912528250128 71.56000307540721 182.0 198.0 109.0
46.36618574445339 37.629473438218845 71.55815617096192 184.0 200.0 106.0
46.3661693479918 38.02982159393641 71.55630926651662 183.0 199.0 106.0
46.36615295153021 38.430169749653984 71.55446236207135 179.0 195.0 108.0
46.36613655506862 38.83051790537155 71.55261545762605 130.0 143.0 79.0
46.76657343675463 35.22736810745185 71.56212969254186 174.0 180.0 129.0
46.76655704029305 35.627716263169425 71.56028278809659 181.0 194.0 117.0
46.76654064383146 36.02806441888699 71.55843588365128 185.0 200.0 116.0
46.76652424736987 36.42841257460456 71.556588979206 188.0 203.0 115.0
46.76650785090828 36.828760730322124 71.5547420747607 193.0 208.0 120.0
46.766491454446694 37.22910888603969 71.55289517031542 193.0 209.0 120.0
46.766475057985105 37.629457041757256 71.55104826587012 190.0 205.0 113.0
46.766458661523515 38.02980519747482 71.54920136142482 187.0 201.0 115.0
46.766442265061926 38.430153353192395 71.54735445697953 182.0 195.0 117.0
46.766425868600344 38.83050150890996 71.54550755253425 172.0 186.0 116.0
47.16682995736318 36.0280480224254 71.55132797855948 114.0 121.0 78.0
47.16681356090159 36.42839617814297 71.5494810741142 190.0 205.0 124.0
47.16679716444 36.828744333860534 71.5476341696689 202.0 216.0 137.0
47.16678076797841 37.2290924895781 71.54578726522361 200.0 214.0 132.0
47.16676437151682 37.62944064529567 71.54394036077832 198.0 212.0 128.0
47.16674797505523 38.02978880101323 71.54209345633303 194.0 207.0 132.0
47.16673157859364 38.430136956730806 71.54024655188773 194.0 206.0 146.0
47.16671518213206 38.83048511244838 71.53839964744245 193.0 203.0 156.0
47.56707008151013 37.22907609311651 71.53867936013181 111.0 116.0 86.0
47.56705368504854 37.62942424883408 71.53683245568652 124.0 131.0 85.0
47.56703728858695 38.02977240455165 71.53498555124123 199.0 210.0 152.0
47.56702089212536 38.43012056026922 71.53313864679595 191.0 201.0 152.0
44.3718470818866 37.63140232497208 71.99398074952747 76.0 91.0 42.0
44.7721691883415 36.83068961707536 71.99056665332624 81.0 95.0 44.0
44.77215279187991 37.231037772792924 71.98871974888095 111.0 130.0 63.0
44.77213639541832 37.63138592851049 71.98687284443565 111.0 130.0 65.0
44.77211999895673 38.031734084228056 71.98502593999038 113.0 133.0 66.0
45.17245850187321 36.83067322061377 71.98345874823445 114.0 136.0 56.0
45.172442105411626 37.231021376331334 71.98161184378915 105.0 126.0 52.0
45.17242570895004 37.6313695320489 71.97976493934387 108.0 126.0 60.0
45.17240931248845 38.031717687766466 71.97791803489856 83.0 97.0 48.0
45.57282979771287 34.82891604556434 71.9855853653691 141.0 159.0 79.0
45.57281340125129 35.229264201281914 71.9837384609238 163.0 181.0 95.0
45.5727970047897 35.62961235699948 71.98189155647853 170.0 189.0 91.0
45.57278060832811 36.02996051271705 71.98004465203323 157.0 178.0 79.0
45.57276421186652 36.43030866843461 71.97819774758794 135.0 159.0 62.0
45.57274781540493 36.83065682415218 71.97635084314264 148.0 170.0 71.0
45.57273141894334 37.231004979869745 71.97450393869735 150.0 171.0 77.0
45.57271502248175 37.63135313558731 71.97265703425207 147.0 166.0 84.0
45.973135507706175 34.428551493385186 71.9803243647226 125.0 138.0 81.0
45.973119111244586 34.82889964910276 71.9784774602773 167.0 184.0 101.0
45.973102714783 35.229247804820325 71.97663055583202 170.0 188.0 98.0
45.973086318321414 35.62959596053789 71.97478365138672 180.0 197.0 102.0
45.973069921859825 36.02994411625546 71.97293674694143 179.0 197.0 98.0
45.973053525398235 36.43029227197302 71.97108984249614 164.0 186.0 78.0
45.973037128936646 36.83064042769059 71.96924293805084 178.0 196.0 100.0
45.97302073247506 37.230988583408156 71.96739603360555 185.0 202.0 113.0
45.97300433601347 37.63133673912573 71.96554912916027 193.0 209.0 120.0
45.97298793955188 38.031684894843295 71.96370222471498 153.0 167.0 90.0
46.3734248212379 34.4285350969236 71.97321645963079 78.0 83.0 55.0
46.37340842477631 34.82888325264117 71.9713695551855 179.0 192.0 122.0
46.37339202831472 35.229231408358736 71.96952265074022 184.0 200.0 118.0
46.37337563185313 35.6295795640763 71.96767574629492 183.0 199.0 111.0
46.37335923539154 36.02992771979387 71.96582884184963 178.0 194.0 103.0
46.37334283892996 36.430275875511434 71.96398193740434 173.0 190.0 95.0
46.37332644246837 36.830624031229 71.96213503295905 184.0 200.0 108.0
46.37331004600678 37.23097218694657 71.96028812851375 187.0 203.0 113.0
46.37329364954519 37.63132034266414 71.95844122406847 188.0 204.0 112.0
46.3732772530836 38.031668498381705 71.95659431962318 179.0 196.0 105.0
46.37326085662201 38.43201665409928 71.95474741517788 169.0 185.0 102.0
46.37324446016042 38.832364809816845 71.95290051073259 111.0 123.0 65.0
46.77368134184644 35.229215011897146 71.96241474564842 180.0 191.0 129.0
46.77366494538485 35.62956316761471 71.96056784120313 187.0 202.0 121.0
46.77364854892326 36.02991132333228 71.95872093675783 181.0 196.0 111.0
46.77363215246167 36.430259479049845 71.95687403231254 186.0 200.0 113.0
46.77361575600008 36.83060763476741 71.95502712786724 192.0 207.0 118.0
46.7735993595385 37.230955790484984 71.95318022342195 192.0 208.0 116.0
46.77358296307691 37.63130394620255 71.95133331897667 192.0 208.0 116.0
46.77356656661532 38.031652101920116 71.94948641453136 186.0 201.0 113.0
46.77355017015373 38.43200025763769 71.94763951008608 179.0 193.0 114.0
46.773533773692144 38.832348413355255 71.94579260564079 178.0 192.0 124.0
47.17393786245498 36.02989492687069 71.95161303166603 101.0 108.0 67.0
47.17392146599339 36.430243082588255 71.94976612722074 185.0 200.0 120.0
47.1739050695318 36.83059123830583 71.94791922277544 196.0 211.0 127.0
47.17388867307021 37.230939394023395 71.94607231833015 202.0 216.0 134.0
47.17387227660863 37.63128754974096 71.94422541388487 196.0 210.0 126.0
47.17385588014704 38.03163570545853 71.94237850943958 196.0 209.0 136.0
47.17383948368545 38.4319838611761 71.94053160499428 194.0 207.0 144.0
47.17382308722386 38.832332016893666 71.93868470054899 171.0 181.0 134.0
47.57417798660193 37.230922997561805 71.93896441323835 143.0 148.0 114.0
47.57416159014034 37.63127115327937 71.93711750879307 192.0 202.0 145.0
47.57414519367875 38.031619308996945 71.93527060434778 204.0 214.0 161.0
47.57412879721717 38.43196746471451 71.93342369990248 200.0 208.0 165.0
44.77927709343329 36.832536521520645 72.39085170643278 76.0 90.0 41.0
44.779260696971704 37.23288467723822 72.3890048019875 110.0 129.0 60.0
44.779244300510115 37.633232832955784 72.38715789754221 98.0 120.0 51.0
45.17956640696501 36.83252012505906 72.383743801341 91.0 110.0 44.0
45.17955001050342 37.23286828077663 72.3818968968957 103.0 125.0 50.0
45.17953361404183 37.633216436494195 72.3800499924504 99.0 120.0 50.0
45.17951721758024 38.03356459221176 72.37820308800511 92.0 110.0 48.0
45.57993770280467 34.830762950009635 72.38587041847565 85.0 96.0 49.0
45.57992130634308 35.2311111057272 72.38402351403035 156.0 173.0 92.0
45.57990490988149 35.63145926144477 72.38217660958507 169.0 188.0 96.0
45.57988851341991 36.031807417162334 72.38032970513977 144.0 163.0 74.0
45.57987211695832 36.43215557287991 72.37848280069447 96.0 113.0 45.0
45.57985572049673 36.83250372859747 72.37663589624918 132.0 155.0 62.0
45.57983932403514 37.23285188431504 72.3747889918039 133.0 155.0 64.0
45.57982292757355 37.633200040032605 72.37294208735861 129.0 149.0 67.0
45.980243412797975 34.43039839783048 72.38060941782915 114.0 125.0 78.0
45.980227016336386 34.830746553548046 72.37876251338385 175.0 190.0 117.0
45.980210619874796 35.23109470926561 72.37691560893855 172.0 189.0 104.0
45.98019422341321 35.63144286498318 72.37506870449326 185.0 202.0 109.0
45.98017782695162 36.03179102070075 72.37322180004797 181.0 200.0 99.0
45.980161430490035 36.43213917641832 72.37137489560268 167.0 188.0 80.0
45.980145034028446 36.832487332135884 72.36952799115738 178.0 198.0 92.0
45.98012863756686 37.23283548785345 72.3676810867121 192.0 209.0 113.0
45.98011224110527 37.633183643571016 72.36583418226681 189.0 206.0 112.0
45.98009584464368 38.03353179928858 72.36398727782151 119.0 132.0 68.0
46.3805327263297 34.43038200136889 72.37350151273733 78.0 84.0 56.0
46.38051632986811 34.83073015708646 72.37165460829205 182.0 196.0 126.0
46.38049993340652 35.23107831280402 72.36980770384676 183.0 200.0 115.0
46.38048353694493 35.631426468521596 72.36796079940146 186.0 202.0 113.0
46.38046714048334 36.03177462423916 72.36611389495617 188.0 204.0 115.0
46.38045074402175 36.43212277995673 72.36426699051088 179.0 195.0 102.0
46.38043434756016 36.832470935674294 72.36242008606558 188.0 205.0 108.0
46.38041795109858 37.23281909139186 72.3605731816203 192.0 209.0 113.0
46.38040155463699 37.63316724710943 72.358726277175 187.0 204.0 107.0
46.3803851581754 38.03351540282699 72.35687937272972 177.0 194.0 102.0
46.38036876171381 38.433863558544566 72.35503246828442 154.0 169.0 90.0
46.38035236525222 38.83421171426213 72.35318556383913 86.0 97.0 48.0
46.78080564339982 34.83071376062487 72.36454670320025 92.0 95.0 63.0
46.78078924693824 35.23106191634244 72.36269979875496 173.0 187.0 113.0
46.78077285047665 35.63141007206001 72.36085289430966 194.0 209.0 124.0
46.78075645401506 36.03175822777757 72.35900598986437 187.0 202.0 116.0
46.78074005755347 36.43210638349514 72.35715908541907 182.0 197.0 110.0
46.78072366109188 36.832454539212705 72.3553121809738 195.0 210.0 120.0
46.780707264630294 37.23280269493027 72.3534652765285 196.0 212.0 118.0
46.780690868168705 37.63315085064784 72.35161837208321 195.0 210.0 117.0
46.780674471707115 38.0334990063654 72.34977146763791 188.0 204.0 116.0
46.78065807524553 38.43384716208298 72.34792456319263 182.0 197.0 118.0
46.780641678783944 38.83419531780054 72.34607765874733 160.0 173.0 106.0
47.18106216400837 35.63139367559842 72.35374498921787 99.0 104.0 75.0
47.18104576754678 36.03174183131598 72.35189808477257 133.0 141.0 93.0
47.18102937108519 36.43208998703355 72.35005118032728 187.0 201.0 120.0
47.1810129746236 36.832438142751116 72.34820427588198 193.0 208.0 122.0
47.18099657816201 37.23278629846868 72.3463573714367 200.0 214.0 132.0
47.18098018170042 37.63313445418625 72.34451046699141 203.0 216.0 140.0
47.18096378523883 38.03348260990382 72.34266356254611 200.0 212.0 141.0
47.18094738877724 38.43383076562139 72.34081665810082 198.0 211.0 148.0
47.18093099231566 38.83417892133896 72.33896975365553 158.0 167.0 123.0
47.58130228815532 36.832421746289526 72.34109637079018 122.0 127.0 92.0
47.58128589169373 37.23276990200709 72.3392494663449 171.0 179.0 133.0
47.58126949523214 37.633118057724666 72.33740256189961 211.0 220.0 168.0
47.58125309877055 38.03346621344223 72.33555565745432 211.0 220.0 172.0
47.58123670230896 38.433814369159805 72.33370875300902 203.0 210.0 170.0
44.786384998525094 36.83438342596594 72.79113675953933 84.0 94.0 50.0
45.18667431205681 36.83436702950435 72.78402885444753 89.0 105.0 47.0
45.18665791559522 37.234715185221916 72.78218195000224 97.0 119.0 45.0
45.18664151913363 37.63506334093948 72.78033504555694 85.0 109.0 37.0
45.58702921143488 35.232958010172496 72.7843085671369 81.0 92.0 45.0
45.58701281497329 35.63330616589006 72.7824616626916 150.0 165.0 88.0
45.5869964185117 36.03365432160763 72.78061475824632 120.0 133.0 69.0
45.58698002205011 36.434002477325194 72.77876785380101 73.0 84.0 37.0
45.586963625588524 36.83435063304276 72.77692094935574 124.0 145.0 60.0
45.58694722912694 37.234698788760326 72.77507404491044 112.0 136.0 52.0
45.58693083266535 37.63504694447789 72.77322714046515 104.0 129.0 47.0
45.58691443620376 38.035395100195466 72.77138023601985 104.0 126.0 50.0
45.987334921428186 34.83259345799334 72.77904756649039 150.0 163.0 100.0
45.9873185249666 35.232941613710906 72.77720066204509 177.0 193.0 112.0
45.98730212850501 35.63328976942847 72.7753537575998 193.0 209.0 122.0
45.98728573204342 36.03363792514604 72.77350685315452 196.0 213.0 120.0
45.98726933558183 36.433986080863605 72.77165994870923 184.0 203.0 95.0
45.98725293912024 36.83433423658117 72.76981304426393 186.0 206.0 99.0
45.98723654265865 37.23468239229874 72.76796613981864 181.0 200.0 97.0
45.98722014619707 37.63503054801631 72.76611923537335 168.0 189.0 87.0
45.98720374973548 38.035378703733876 72.76427233092805 154.0 174.0 80.0
46.3876242349599 34.83257706153175 72.77193966139859 189.0 201.0 145.0
46.38760783849832 35.23292521724932 72.7700927569533 202.0 216.0 143.0
46.38759144203673 35.63327337296688 72.768245852508 201.0 216.0 135.0
46.38757504557514 36.03362152868445 72.76639894806272 195.0 210.0 122.0
46.38755864911355 36.433969684402015 72.76455204361743 192.0 209.0 114.0
46.38754225265196 36.83431784011958 72.76270513917213 195.0 211.0 115.0
46.38752585619037 37.234665995837155 72.76085823472684 188.0 205.0 106.0
46.38750945972878 37.63501415155472 72.75901133028155 177.0 197.0 96.0
46.38749306326719 38.03536230727229 72.75716442583627 174.0 192.0 97.0
46.38747666680561 38.43571046298986 72.75531752139096 133.0 146.0 79.0
46.787897152030034 35.23290882078773 72.7629848518615 188.0 198.0 143.0
46.787880755568445 35.633256976505294 72.7611379474162 207.0 220.0 145.0
46.787864359106855 36.03360513222286 72.75929104297091 198.0 212.0 128.0
46.78784796264527 36.433953287940426 72.75744413852563 192.0 206.0 117.0
46.787831566183684 36.834301443658 72.75559723408034 198.0 212.0 121.0
46.787815169722094 37.234649599375565 72.75375032963504 198.0 212.0 118.0
46.787798773260505 37.63499775509313 72.75190342518975 195.0 212.0 116.0
46.787782376798916 38.0353459108107 72.75005652074445 191.0 206.0 117.0
46.787765980337326 38.43569406652827 72.74820961629916 192.0 206.0 126.0
46.78774958387574 38.83604222224584 72.74636271185388 129.0 137.0 81.0
47.18815367263857 36.03358873576127 72.75218313787911 181.0 192.0 131.0
47.18813727617699 36.433936891478844 72.75033623343383 187.0 202.0 113.0
47.1881208797154 36.83428504719641 72.74848932898853 201.0 215.0 135.0
47.18810448325381 37.234633202913976 72.74664242454324 210.0 222.0 151.0
47.18808808679222 37.63498135863154 72.74479552009795 214.0 225.0 158.0
47.18807169033063 38.03532951434911 72.74294861565265 215.0 225.0 162.0
47.18805529386904 38.43567767006668 72.74110171120736 208.0 220.0 158.0
47.18803889740745 38.83602582578425 72.73925480676208 106.0 112.0 80.0
47.588410193247114 36.83426865073482 72.74138142389673 129.0 135.0 98.0
47.588393796785525 37.23461680645239 72.73953451945144 209.0 218.0 163.0
47.58837740032394 37.63496496216995 72.73768761500615 214.0 223.0 168.0
47.58836100386235 38.035313117887526 72.73584071056086 218.0 225.0 177.0
47.588344607400764 38.43566127360509 72.73399380611556 213.0 218.0 183.0
45.19378221714861 36.836213933949644 73.18431390755407 78.0 87.0 47.0
45.19376582068702 37.23656208966721 73.18246700310878 114.0 134.0 59.0
45.59412072006509 35.63515307033535 73.18274671579815 92.0 101.0 57.0
45.59410432360351 36.035501226052915 73.18089981135286 103.0 113.0 66.0
45.59408792714192 36.43584938177049 73.17905290690756 85.0 93.0 54.0
45.59407153068033 36.836197537488054 73.17720600246228 94.0 105.0 55.0
45.59405513421874 37.23654569320562 73.17535909801698 112.0 132.0 57.0
45.59403873775715 37.63689384892319 73.17351219357168 92.0 117.0 41.0
45.9944264300584 35.23478851815619 73.17748571515163 165.0 178.0 118.0
45.99441003359681 35.63513667387376 73.17563881070635 182.0 197.0 118.0
45.994393637135225 36.03548482959133 73.17379190626106 190.0 206.0 124.0
45.994377240673636 36.4358329853089 73.17194500181576 194.0 210.0 125.0
45.994360844212046 36.836181141026465 73.17009809737047 180.0 195.0 114.0
45.99434444775046 37.23652929674403 73.16825119292518 155.0 172.0 86.0
45.99432805128887 37.6368774524616 73.1664042884799 120.0 144.0 55.0
45.99431165482728 38.03722560817916 73.1645573840346 88.0 110.0 38.0
46.39471574359012 35.234772121694604 73.17037781005983 195.0 209.0 142.0
46.39469934712853 35.63512027741218 73.16853090561455 202.0 217.0 137.0
46.39468295066694 36.03546843312974 73.16668400116926 204.0 219.0 136.0
46.39466655420535 36.43581658884731 73.16483709672397 208.0 222.0 139.0
46.39465015774376 36.836164744564876 73.16299019227867 208.0 222.0 138.0
46.39463376128218 37.23651290028244 73.16114328783338 197.0 212.0 123.0
46.39461736482059 37.63686105600001 73.1592963833881 180.0 198.0 101.0
46.394600968359 38.037209211717574 73.1574494789428 162.0 180.0 88.0
46.39458457189741 38.43755736743515 73.15560257449751 106.0 119.0 57.0
46.79500505712184 35.23475572523302 73.16326990496805 193.0 205.0 139.0
46.79498866066025 35.63510388095059 73.16142300052275 208.0 223.0 143.0
46.79497226419866 36.035452036668154 73.15957609607746 210.0 224.0 141.0
46.79495586773707 36.43580019238572 73.15772919163217 209.0 223.0 132.0
46.794939471275484 36.836148348103286 73.15588228718687 215.0 227.0 140.0
46.794923074813894 37.23649650382085 73.15403538274158 218.0 230.0 148.0
46.794906678352305 37.63684465953842 73.15218847829628 213.0 226.0 142.0
46.79489028189072 38.037192815255985 73.15034157385101 202.0 215.0 131.0
46.79487388542913 38.43754097097356 73.14849466940571 184.0 197.0 120.0
47.19527797419197 35.635087484489 73.15431509543095 190.0 200.0 145.0
47.19526157773038 36.035435640206565 73.15246819098566 212.0 225.0 152.0
47.19524518126879 36.43578379592413 73.15062128654036 212.0 225.0 144.0
47.1952287848072 36.8361319516417 73.14877438209508 218.0 229.0 153.0
47.19521238834561 37.23648010735926 73.14692747764978 221.0 232.0 163.0
47.19519599188402 37.63682826307683 73.1450805732045 215.0 226.0 158.0
47.19517959542243 38.0371764187944 73.1432336687592 207.0 219.0 152.0
47.19516319896085 38.437524574511976 73.1413867643139 202.0 213.0 151.0
47.19514680249926 38.83787273022954 73.13953985986862 80.0 85.0 55.0
47.59551809833892 36.83611555518011 73.14166647700327 216.0 226.0 167.0
47.59550170187733 37.236463710897674 73.13981957255798 222.0 231.0 176.0
47.59548530541574 37.63681186661525 73.1379726681127 217.0 226.0 172.0
47.59546890895415 38.03716002233282 73.1361257636674 214.0 221.0 177.0
45.60116303931054 37.23839259765091 73.57564415112353 116.0 135.0 61.0
46.00151793868861 35.636983578319054 73.57592386381289 100.0 106.0 76.0
46.00150154222702 36.03733173403662 73.5740769593676 144.0 154.0 105.0
46.00148514576543 36.437679889754186 73.5722300549223 135.0 144.0 95.0
46.00146874930384 36.83802804547175 73.57038315047701 95.0 102.0 63.0
46.00145235284226 37.23837620118932 73.56853624603173 122.0 137.0 68.0
46.00143595638067 37.63872435690689 73.56668934158644 116.0 138.0 54.0
46.40182364868192 35.2366190261399 73.57066286316638 142.0 152.0 104.0
46.40180725222033 35.636967181857464 73.56881595872109 198.0 211.0 142.0
46.40179085575874 36.03731533757503 73.5669690542758 204.0 218.0 143.0
46.40177445929715 36.4376634932926 73.56512214983051 212.0 224.0 152.0
46.40175806283556 36.83801164901016 73.56327524538521 198.0 208.0 142.0
46.40174166637397 37.238359804727736 73.56142834093993 193.0 205.0 132.0
46.40172526991238 37.6387079604453 73.55958143649464 178.0 194.0 102.0
46.802112962213634 35.23660262967831 73.56355495807459 164.0 173.0 124.0
46.802096565752045 35.636950785395875 73.56170805362929 217.0 229.0 161.0
46.80208016929046 36.03729894111344 73.559861149184 221.0 232.0 163.0
46.80206377282887 36.43764709683101 73.55801424473871 226.0 236.0 167.0
46.802047376367284 36.83799525254858 73.55616734029341 227.0 236.0 163.0
46.802030979905695 37.23834340826615 73.55432043584813 227.0 236.0 163.0
46.802014583444105 37.63869156398371 73.55247353140282 213.0 225.0 145.0
46.801998186982516 38.03903971970128 73.55062662695755 186.0 201.0 114.0
47.20238587928376 35.636934388934286 73.55460014853749 184.0 191.0 150.0
47.20236948282217 36.03728254465185 73.5527532440922 223.0 233.0 174.0
47.20235308636059 36.437630700369425 73.5509063396469 229.0 238.0 177.0
47.202336689899 36.83797885608699 73.54905943520163 231.0 239.0 176.0
47.20232029343741 37.23832701180456 73.54721253075633 229.0 237.0 173.0
47.20230389697582 37.63867516752212 73.54536562631104 219.0 229.0 160.0
47.20228750051423 38.03902332323969 73.54351872186574 203.0 215.0 146.0
47.20227110405264 38.43937147895726 73.54167181742045 186.0 198.0 135.0
47.602642399892304 36.437614303907836 73.54379843455511 139.0 143.0 113.0
47.602626003430714 36.8379624596254 73.54195153010981 226.0 232.0 190.0
47.60260960696913 37.23831061534297 73.54010462566453 228.0 234.0 189.0
47.60259321050754 37.638658771060534 73.53825772121924 230.0 236.0 192.0
47.60257681404595 38.03900692677811 73.53641081677394 183.0 190.0 148.0
47.602560417584364 38.43935508249567 73.53456391232865 101.0 106.0 78.0
46.00856025793405 37.24022310563461 73.96882129913827 81.0 96.0 40.0
46.40884957146577 37.24020670917302 73.96171339404647 110.0 119.0 66.0
46.40883317500418 37.64055486489059 73.95986648960118 152.0 170.0 80.0
46.809204470843845 35.63879768984117 73.96199310673583 93.0 96.0 69.0
46.809188074382256 36.039145845558735 73.96014620229055 130.0 134.0 101.0
46.809171677920666 36.4394940012763 73.95829929784526 173.0 178.0 137.0
46.80915528145908 36.83984215699387 73.95645239339996 203.0 208.0 162.0
46.809138884997495 37.240190312711434 73.95460548895467 215.0 223.0 158.0
46.809122488535905 37.640538468429 73.95275858450938 193.0 206.0 123.0
47.20947738791397 36.039129449097146 73.95303829719874 183.0 187.0 156.0
47.20946099145238 36.43947760481471 73.95119139275346 231.0 238.0 185.0
47.20944459499079 36.83982576053228 73.94934448830816 241.0 246.0 197.0
47.20942819852921 37.240173916249844 73.94749758386287 241.0 246.0 200.0
47.20941180206762 37.64052207196742 73.94565067941757 230.0 238.0 177.0
47.20939540560603 38.040870227684984 73.94380377497228 208.0 219.0 155.0
47.609717512060925 37.24015751978826 73.94038967877107 241.0 244.0 218.0
47.609701115599336 37.64050567550583 73.93854277432578 237.0 241.0 202.0
47.609684719137746 38.0408538312234 73.93669586988048 190.0 199.0 151.0
47.21653610362101 37.242020820695146 74.34778263696941 194.0 198.0 163.0
47.21651970715942 37.64236897641271 74.34593573252411 193.0 200.0 150.0
47.61680902069114 37.64235257995112 74.33882782743233 224.0 226.0 199.0
47.616792624229554 38.042700735668696 74.33698092298702 141.0 147.0 110.0
