18.990685873007642 35.12857951476891 131.55257839351447 71.0 81.0 28.0
18.535396011330715 35.126963876549645 131.96736121725968 93.0 102.0 43.0
18.97043392553614 35.12692539585673 131.9876131647312 84.0 91.0 39.0
18.515182544552122 34.68980385404578 132.40074186956423 101.0 107.0 40.0
18.515144063859207 35.12530975763747 132.4023959884764 73.0 84.0 29.0
18.950220458757542 34.68976537335286 132.42099381703574 97.0 103.0 35.0
18.95018197806463 35.12527127694455 132.42264793594794 88.0 95.0 45.0
17.62485476866977 34.68822669651942 132.79527274583793 126.0 127.0 73.0
18.059892682875194 34.68818821582651 132.81552469330947 96.0 103.0 41.0
18.494930597080614 34.68814973513359 132.83577664078098 83.0 95.0 29.0
18.930006991978953 34.25260535084899 132.8543744693403 73.0 82.0 21.0
18.929968511286038 34.68811125444068 132.85602858825249 86.0 95.0 31.0
18.929930030593123 35.12361715803237 132.85768270716466 76.0 84.0 34.0
18.03964073540369 34.68653409691433 133.2505594645262 76.0 80.0 34.0
18.474717130302025 34.250989712629725 133.26915729308553 89.0 100.0 26.0
18.47467864960911 34.686495616221414 133.2708114119977 74.0 87.0 21.0
18.474640168916196 35.12200151981311 133.27246553090987 72.0 83.0 31.0
18.909755044507445 34.25095123193681 133.289409240557 86.0 96.0 25.0
18.90967808312162 35.121963039120196 133.2927174783814 74.0 84.0 29.0
17.584389354419674 34.24941255510337 133.66368816935923 124.0 126.0 63.0
17.58435087372676 34.684918458695066 133.6653422882714 91.0 91.0 54.0
18.019427268625098 34.249374074410454 133.68394011683074 109.0 115.0 42.0
18.019388787932183 34.68487997800215 133.68559423574294 107.0 110.0 52.0
18.454465182830518 34.24933559371755 133.70419206430225 95.0 104.0 30.0
18.454426702137603 34.684841497309236 133.70584618321445 79.0 88.0 25.0
18.454388221444688 35.120347400900926 133.70750030212662 81.0 89.0 31.0
18.889541577728856 33.813791209432935 133.72278989286158 78.0 87.0 20.0
18.889426135650112 35.12030892020801 133.7277522495981 96.0 104.0 39.0
19.324464049855536 35.120270439515096 133.7480041970696 80.0 89.0 31.0
17.56413740694817 34.24775843619119 134.09872294057598 115.0 119.0 48.0
17.564098926255255 34.68326433978288 134.10037705948815 80.0 82.0 32.0
17.999175321153594 34.247719955498276 134.11897488804746 120.0 127.0 43.0
17.99913684046068 34.683225859089966 134.12062900695966 92.0 98.0 33.0
18.43425171605193 33.81217557121367 134.1375727166068 103.0 113.0 29.0
18.434213235359014 34.24768147480536 134.13922683551897 105.0 113.0 34.0
18.4341747546661 34.68318737839705 134.14088095443114 95.0 104.0 32.0
18.434136273973184 35.11869328198875 134.14253507334334 97.0 102.0 42.0
18.869251149564434 34.24764299411245 134.15947878299048 82.0 90.0 26.0
18.86921266887152 34.683148897704136 134.16113290190265 87.0 98.0 27.0
18.869174188178608 35.11865480129583 134.16278702081485 101.0 109.0 41.0
19.304212102384028 35.11861632060292 134.18303896828635 84.0 94.0 34.0
17.543923940169574 33.81059841368732 134.5321035928805 107.0 109.0 43.0
17.54388545947666 34.24610431727901 134.53375771179267 89.0 92.0 31.0
17.978961854374997 33.81055993299441 134.552355540352 114.0 120.0 38.0
17.978923373682083 34.2460658365861 134.55400965926418 115.0 121.0 43.0
17.978884892989168 34.681571740177795 134.55566377817638 103.0 109.0 40.0
17.978846412296253 35.117077643769484 134.55731789708855 81.0 85.0 29.0
17.97880793160334 35.55258354736118 134.55897201600075 79.0 83.0 23.0
18.413999768580418 33.810521452301494 134.57260748782352 96.0 107.0 22.0
18.413961287887503 34.24602735589318 134.57426160673572 110.0 119.0 32.0
18.413922807194588 34.68153325948488 134.5759157256479 103.0 110.0 33.0
18.413884326501673 35.11703916307657 134.57756984456006 96.0 100.0 36.0
18.84903768278584 33.81048297160858 134.59285943529505 78.0 86.0 18.0
18.848999202092926 34.24598887520027 134.59451355420723 103.0 111.0 28.0
18.84896072140001 34.681494778791965 134.5961676731194 94.0 103.0 26.0
18.848922240707097 35.117000682383654 134.59782179203157 86.0 96.0 27.0
18.848883760014182 35.55250658597535 134.59947591094374 78.0 84.0 24.0
19.28403711629835 34.245950394507354 134.61476550167873 82.0 87.0 26.0
19.283998635605435 34.68145629809905 134.6164196205909 77.0 82.0 26.0
19.28396015491252 35.11696220169074 134.61807373950307 80.0 90.0 26.0
19.283921674219606 35.552468105282436 134.61972785841525 78.0 86.0 30.0
17.52359503131224 34.679956101958524 134.9704466019216 81.0 83.0 29.0
17.95867142621058 34.24441171767392 134.98904443048093 97.0 102.0 34.0
17.958632945517664 34.67991762126561 134.9906985493931 111.0 115.0 46.0
17.95859446482475 35.115423524857306 134.99235266830527 107.0 107.0 46.0
17.958555984131834 35.550929428448995 134.99400678721747 104.0 106.0 35.0
18.393747821108914 33.808867333389315 135.00764225904027 96.0 106.0 21.0
18.393709340416 34.244373236981005 135.00929637795244 115.0 122.0 30.0
18.393670859723084 34.679879140572694 135.0109504968646 108.0 112.0 34.0
18.39363237903017 35.11538504416439 135.01260461577678 111.0 110.0 46.0
18.393593898337254 35.55089094775608 135.01425873468898 93.0 95.0 28.0
18.828785735314334 33.8088288526964 135.02789420651177 122.0 129.0 33.0
18.828747254621423 34.24433475628809 135.02954832542395 116.0 122.0 30.0
18.828708773928508 34.67984065987978 135.03120244433612 106.0 111.0 27.0
18.828670293235593 35.115346563471476 135.03285656324832 97.0 102.0 28.0
18.828631812542678 35.550852467063166 135.0345106821605 77.0 82.0 21.0
19.263862130212672 33.37328446841179 135.04649203507108 111.0 107.0 52.0
19.263823649519757 33.808790372003486 135.04814615398325 152.0 153.0 64.0
19.263785168826843 34.244296275595175 135.04980027289545 121.0 124.0 39.0
19.263746688133928 34.679802179186865 135.05145439180765 97.0 103.0 29.0
19.69886156372518 33.80875189131057 135.06839810145476 144.0 140.0 78.0
19.698823083032266 34.24425779490226 135.07005222036696 95.0 93.0 46.0
17.503343083840736 34.678301983046346 135.40548137313831 136.0 134.0 69.0
17.50330460314782 35.113807886638035 135.40713549205051 136.0 134.0 68.0
17.938457959431986 33.807251695170045 135.42242508278548 79.0 80.0 32.0
17.93841947873907 34.242757598761735 135.42407920169765 119.0 122.0 50.0
17.938380998046156 34.67826350235343 135.42573332060985 113.0 115.0 44.0
17.93834251735324 35.11376940594512 135.42738743952202 114.0 113.0 51.0
17.938304036660327 35.54927530953682 135.4290415584342 89.0 92.0 25.0
18.373495873637406 33.80721321447713 135.442677030257 119.0 125.0 33.0
18.37345739294449 34.24271911806882 135.4443311491692 128.0 134.0 39.0
18.373418912251577 34.678225021660516 135.44598526808136 118.0 120.0 41.0
18.37338043155866 35.113730925252206 135.44763938699353 112.0 110.0 45.0
18.373341950865747 35.5492368288439 135.4492935059057 90.0 93.0 27.0
18.80853378784283 33.807174733784215 135.4629289777285 133.0 136.0 40.0
18.808495307149915 34.24268063737591 135.46458309664067 134.0 137.0 42.0
18.808456826457 34.6781865409676 135.46623721555287 128.0 129.0 43.0
18.808418345764085 35.11369244455929 135.46789133446504 99.0 102.0 33.0
18.80837986507117 35.54919834815099 135.4695454533772 73.0 80.0 18.0
18.808341384378256 35.98470425174268 135.47119957228938 100.0 105.0 32.0
19.24361018274117 33.37163034949961 135.48152680628783 170.0 167.0 87.0
19.243571702048254 33.8071362530913 135.4831809252 152.0 150.0 57.0
19.24353322135534 34.242642156683 135.48483504411217 141.0 140.0 49.0
19.243494740662424 34.67814806027469 135.48648916302434 111.0 111.0 34.0
19.678648096946592 33.371591868806696 135.50177875375934 177.0 170.0 102.0
19.678609616253677 33.807097772398386 135.5034328726715 170.0 163.0 80.0
19.678571135560762 34.24260367599008 135.50508699158368 157.0 150.0 67.0
20.113647530459097 33.80705929170547 135.52368482014302 126.0 114.0 67.0
20.113609049766183 34.24256519529717 135.5253389390552 90.0 83.0 38.0
17.048053222163805 34.676686344827075 135.82026419688356 128.0 128.0 76.0
17.04801474147089 35.11219224841877 135.82191831579573 99.0 98.0 55.0
17.483129617062144 34.24114196054247 135.8388620254429 123.0 119.0 67.0
17.48309113636923 34.67664786413416 135.84051614435506 143.0 139.0 72.0
17.483052655676314 35.11215376772586 135.84217026326723 132.0 127.0 66.0
17.918167531267567 34.241103479849556 135.8591139729144 129.0 126.0 55.0
17.918129050574652 34.676609383441246 135.86076809182657 132.0 128.0 60.0
17.918090569881738 35.11211528703294 135.86242221073874 130.0 125.0 66.0
17.918052089188823 35.54762119062463 135.8640763296509 119.0 117.0 46.0
18.353243926165902 33.80555909556495 135.8777118014737 137.0 135.0 51.0
18.353205445472987 34.24106499915664 135.8793659203859 152.0 153.0 59.0
18.353166964780073 34.67657090274833 135.88102003929808 139.0 137.0 64.0
18.353128484087158 35.11207680634003 135.88267415821025 127.0 119.0 71.0
18.353090003394243 35.54758270993172 135.88432827712245 90.0 89.0 32.0
18.788320321064237 33.37001471128034 135.89630963003304 137.0 131.0 54.0
18.788281840371322 33.80552061487204 135.89796374894522 154.0 149.0 56.0
18.78824335967841 34.24102651846373 135.8996178678574 153.0 152.0 59.0
18.788204878985496 34.676532422055416 135.9012719867696 154.0 153.0 72.0
18.78816639829258 35.11203832564711 135.9029261056818 111.0 108.0 49.0
18.788089436906752 35.9830501328305 135.90623434350613 89.0 92.0 27.0
19.223396715962576 32.93447032699573 135.91490745859238 112.0 104.0 62.0
19.22335823526966 33.369976230587426 135.91656157750455 133.0 122.0 46.0
19.223319754576746 33.80548213417912 135.91821569641672 146.0 138.0 51.0
19.22328127388383 34.24098803777081 135.9198698153289 151.0 147.0 57.0
19.223242793190916 34.6764939413625 135.9215239342411 153.0 152.0 68.0
19.658434630168 32.93443184630282 135.9351594060639 153.0 141.0 91.0
19.658396149475085 33.36993774989451 135.93681352497606 161.0 152.0 76.0
19.65835766878217 33.80544365348621 135.93846764388823 154.0 147.0 62.0
19.658319188089255 34.2409495570779 135.94012176280043 141.0 134.0 50.0
19.65828070739634 34.676455460669594 135.9417758817126 104.0 99.0 38.0
20.09347254437342 32.93439336560991 135.95541135353537 118.0 107.0 84.0
20.093434063680505 33.369899269201596 135.95706547244757 161.0 150.0 98.0
20.09339558298759 33.80540517279329 135.95871959135977 155.0 145.0 78.0
20.093357102294675 34.24091107638498 135.96037371027194 119.0 109.0 45.0
17.0278012746923 34.675032225914904 136.25529896810028 98.0 97.0 55.0
17.46291615028355 33.8039819380386 136.27224267774744 106.0 101.0 56.0
17.462877669590636 34.23948784163029 136.2738967966596 142.0 136.0 76.0
17.462839188897725 34.67499374522199 136.27555091557178 147.0 140.0 78.0
17.46280070820481 35.11049964881368 136.27720503448398 138.0 132.0 68.0
17.897954064488975 33.80394345734569 136.29249462521892 126.0 119.0 59.0
17.89791558379606 34.23944936093738 136.29414874413112 148.0 141.0 67.0
17.897877103103145 34.674955264529075 136.29580286304332 136.0 127.0 65.0
17.89783862241023 35.110461168120764 136.2974569819555 136.0 129.0 79.0
17.897800141717315 35.54596707171246 136.29911110086766 132.0 127.0 67.0
18.332991978694395 33.803904976652774 136.31274657269043 158.0 148.0 65.0
18.33295349800148 34.23941088024446 136.31440069160263 155.0 147.0 68.0
18.332915017308565 34.67491678383616 136.3160548105148 142.0 133.0 73.0
18.33287653661565 35.11042268742785 136.317708929427 128.0 116.0 85.0
18.332838055922736 35.545928591019546 136.31936304833917 91.0 86.0 39.0
18.768068373592733 33.36836059236817 136.33134440124977 147.0 139.0 60.0
18.76802989289982 33.80386649595986 136.33299852016196 156.0 145.0 59.0
18.767991412206904 34.23937239955155 136.33465263907414 156.0 146.0 62.0
18.76795293151399 34.674878303143245 136.3363067579863 156.0 148.0 76.0
18.767914450821074 35.110384206734935 136.33796087689848 132.0 123.0 77.0
18.767837489435244 35.98139601391832 136.34126911472285 91.0 92.0 29.0
19.203106287798157 33.368322111675255 136.3515963487213 132.0 118.0 44.0
19.203067807105242 33.803828015266944 136.35325046763347 141.0 128.0 46.0
19.203029326412327 34.239333918858634 136.35490458654564 156.0 147.0 60.0
19.202990845719413 34.67483982245033 136.35655870545781 170.0 166.0 81.0
19.202952365026498 35.11034572604202 136.35821282436999 108.0 102.0 43.0
19.202875403640668 35.981357533225406 136.36152106219436 76.0 80.0 21.0
19.638182682696495 32.93277772739064 136.3701941772806 155.0 144.0 76.0
19.63814420200358 33.36828363098234 136.37184829619278 146.0 135.0 59.0
19.638105721310666 33.80378953457403 136.37350241510498 129.0 119.0 40.0
19.63806724061775 34.23929543816572 136.37515653401715 140.0 130.0 46.0
19.638028759924836 34.674801341757416 136.37681065292932 164.0 158.0 68.0
20.073220596901912 32.93273924669773 136.39044612475212 166.0 155.0 102.0
20.073182116209 33.368245150289425 136.3921002436643 164.0 155.0 87.0
20.073143635516086 33.803751053881115 136.39375436257646 125.0 115.0 46.0
20.07310515482317 34.23925695747281 136.39540848148866 93.0 85.0 24.0
20.073066674130256 34.6747628610645 136.39706260040083 100.0 94.0 36.0
20.508258511107336 32.932700766004814 136.41069807222362 164.0 151.0 127.0
20.50822003041442 33.36820666959651 136.4123521911358 167.0 154.0 111.0
20.508181549721506 33.8037125731882 136.41400631004797 106.0 94.0 43.0
17.007626288606623 33.80236629981933 136.68702550149266 96.0 94.0 54.0
17.00758780791371 34.23787220341103 136.68867962040486 131.0 129.0 72.0
17.007549327220794 34.67337810700272 136.69033373931703 93.0 91.0 49.0
17.442664202812047 33.80232781912642 136.70727744896416 151.0 143.0 76.0
17.442625722119132 34.237833722718115 136.70893156787636 158.0 149.0 88.0
17.442587241426217 34.673339626309804 136.71058568678853 159.0 150.0 91.0
17.442548760733303 35.1088455299015 136.7122398057007 155.0 150.0 87.0
17.87770211701747 33.8022893384335 136.72752939643567 163.0 151.0 82.0
17.877663636324556 34.2377952420252 136.72918351534784 156.0 143.0 77.0
17.87762515563164 34.67330114561689 136.73083763426 145.0 134.0 76.0
17.877586674938726 35.108807049208586 136.7324917531722 129.0 118.0 78.0
17.87754819424581 35.544312952800276 136.73414587208438 114.0 109.0 54.0
18.31274003122289 33.80225085774059 136.74778134390718 156.0 140.0 64.0
18.312701550529976 34.237756761332285 136.74943546281935 149.0 133.0 65.0
18.31266306983706 34.673262664923975 136.75108958173152 141.0 126.0 76.0
18.312624589144146 35.10876856851567 136.7527437006437 121.0 108.0 77.0
18.747816426121226 33.366706473455984 136.76637917246651 154.0 144.0 64.0
18.74777794542831 33.80221237704768 136.76803329137869 152.0 137.0 59.0
18.7477394647354 34.23771828063937 136.76968741029086 149.0 134.0 60.0
18.747700984042485 34.67322418423106 136.77134152920303 142.0 128.0 68.0
18.74766250334957 35.10873008782276 136.77299564811523 133.0 121.0 82.0
18.74758554196374 35.97974189500614 136.77630388593957 101.0 101.0 37.0
19.18285434032665 33.36666799276307 136.78663111993802 145.0 133.0 57.0
19.182815859633735 33.802173896354766 136.7882852388502 148.0 134.0 57.0
19.18277737894082 34.237679799946456 136.78993935776236 159.0 147.0 65.0
19.182738898247905 34.673185703538145 136.79159347667456 165.0 155.0 80.0
19.182700417554994 35.10869160712984 136.79324759558673 127.0 117.0 67.0
19.182623456169164 35.97970341431323 136.79655583341108 79.0 82.0 23.0
19.617930735224988 32.931123608478465 136.80522894849733 143.0 130.0 63.0
19.617892254532073 33.366629512070155 136.8068830674095 132.0 117.0 46.0
19.61785377383916 33.80213541566185 136.80853718632167 122.0 109.0 34.0
19.617815293146244 34.23764131925354 136.8101913052339 143.0 131.0 50.0
19.61777681245333 34.67314722284523 136.81184542414607 178.0 172.0 87.0
20.053007130123323 32.49557922419385 136.82382677705667 133.0 122.0 89.0
20.052968649430408 32.93108512778555 136.82548089596884 169.0 157.0 98.0
20.052930168737493 33.36659103137724 136.827135014881 159.0 148.0 80.0
20.05289168804458 33.80209693496894 136.8287891337932 109.0 98.0 34.0
20.052853207351664 34.237602838560626 136.83044325270538 107.0 96.0 30.0
20.05281472665875 34.673108742152316 136.83209737161755 170.0 165.0 85.0
20.48800656363583 32.931046647092636 136.84573284344035 195.0 182.0 148.0
20.487968082942917 33.366552550684325 136.84738696235252 166.0 152.0 99.0
20.487929602250002 33.80205845427602 136.84904108126472 98.0 86.0 32.0
20.487775679478343 35.54408206864279 136.85565755691343 81.0 84.0 24.0
20.487737198785428 35.97958797223449 136.85731167582563 84.0 87.0 29.0
20.923005997148337 33.36651406999141 136.86763890982405 114.0 101.0 77.0
16.9873358604422 34.236218084498844 137.12371439162158 126.0 123.0 71.0
16.987297379749286 34.67172398809054 137.12536851053375 122.0 120.0 67.0
17.42241225534054 33.80067370021424 137.14231222018088 157.0 148.0 94.0
17.422373774647625 34.23617960380593 137.14396633909305 168.0 159.0 104.0
17.42233529395471 34.671685507397626 137.14562045800525 168.0 160.0 108.0
17.422296813261795 35.107191410989316 137.14727457691745 141.0 137.0 88.0
17.85745016954596 33.800635219521325 137.1625641676524 162.0 147.0 84.0
17.857411688853045 34.236141123113015 137.16421828656456 158.0 145.0 84.0
17.85737320816013 34.67164702670471 137.16587240547676 159.0 149.0 93.0
17.85733472746722 35.1071529302964 137.16752652438893 137.0 127.0 84.0
18.292526564444294 33.36509083523672 137.18116199621173 127.0 115.0 53.0
18.29248808375138 33.80059673882841 137.1828161151239 140.0 123.0 55.0
18.292449603058465 34.2361026424201 137.1844702340361 140.0 123.0 60.0
18.29241112236555 34.6716085460118 137.18612435294827 137.0 121.0 67.0
18.292372641672635 35.107114449603486 137.18777847186044 116.0 106.0 63.0
18.727602959342633 32.9295464509521 137.19975982477104 106.0 98.0 44.0
18.727564478649718 33.365052354543806 137.20141394368324 148.0 137.0 60.0
18.727525997956803 33.800558258135496 137.20306806259543 140.0 122.0 53.0
18.72748751726389 34.236064161727185 137.2047221815076 139.0 122.0 55.0
18.727449036570974 34.67157006531888 137.20637630041978 139.0 124.0 62.0
18.72741055587806 35.10707596891057 137.20803041933195 93.0 84.0 40.0
18.72733359449223 35.97808777609396 137.2113386571563 103.0 104.0 39.0
19.162640873548057 32.92950797025919 137.22001177224254 143.0 134.0 65.0
19.162602392855142 33.36501387385089 137.22166589115474 153.0 143.0 65.0
19.162563912162227 33.80051977744258 137.2233200100669 153.0 140.0 61.0
19.162525431469312 34.23602568103427 137.2249741289791 152.0 138.0 62.0
19.162486950776398 34.67153158462597 137.22662824789128 136.0 121.0 54.0
19.162371508697653 35.97804929540104 137.23159060462783 76.0 81.0 17.0
19.59767878775348 32.92946948956628 137.24026371971408 130.0 116.0 48.0
19.597640307060566 33.36497539315798 137.24191783862625 129.0 115.0 38.0
19.59760182636765 33.800481296749666 137.24357195753842 125.0 113.0 35.0
19.597563345674736 34.23598720034136 137.2452260764506 154.0 144.0 59.0
19.59752486498182 34.67149310393305 137.2468801953628 175.0 168.0 85.0
20.032755182651815 32.49392510528167 137.2588615482734 153.0 140.0 103.0
20.0327167019589 32.929431008873365 137.2605156671856 163.0 151.0 89.0
20.032678221265986 33.36493691246506 137.26216978609776 144.0 128.0 65.0
20.03263974057307 33.80044281605675 137.26382390500993 108.0 95.0 32.0
20.032601259880156 34.23594871964845 137.2654780239221 147.0 136.0 61.0
20.03256277918724 34.67145462324014 137.26713214283427 162.0 158.0 75.0
20.467793096857235 32.493886624588754 137.2791134957449 178.0 167.0 147.0
20.46775461616432 32.92939252818045 137.2807676146571 195.0 182.0 147.0
20.467716135471406 33.36489843177215 137.28242173356927 170.0 153.0 102.0
20.467677654778495 33.80040433536384 137.28407585248144 103.0 89.0 34.0
20.46763917408558 34.23591023895553 137.2857299713936 113.0 101.0 39.0
20.467600693392665 34.67141614254722 137.2873840903058 125.0 120.0 60.0
20.902754049676826 33.36485995107923 137.30267368104077 149.0 129.0 97.0
16.96704543227778 34.67006986917836 137.56040328175047 122.0 120.0 73.0
17.402160307869032 33.79901958130206 137.57734699139763 156.0 147.0 93.0
17.402121827176117 34.23452548489376 137.5790011103098 164.0 155.0 100.0
17.402083346483202 34.67003138848545 137.58065522922197 152.0 144.0 103.0
17.402044865790288 35.105537292077145 137.58230934813415 96.0 92.0 64.0
17.837198222074456 33.79898110060915 137.59759893886914 145.0 132.0 71.0
17.83715974138154 34.234487004200844 137.5992530577813 149.0 136.0 79.0
17.837121260688626 34.66999290779253 137.60090717669348 155.0 142.0 95.0
17.83708277999571 35.10549881138423 137.60256129560565 145.0 136.0 96.0
18.27227461697279 33.36343671632454 137.61619676742845 138.0 122.0 61.0
18.272236136279876 33.79894261991623 137.61785088634065 139.0 120.0 58.0
18.27219765558696 34.23444852350793 137.61950500525282 140.0 121.0 63.0
18.272159174894046 34.66995442709962 137.621159124165 139.0 123.0 72.0
18.27212069420113 35.105460330691315 137.62281324307716 127.0 118.0 72.0
18.707312531178214 33.36339823563163 137.63644871489996 138.0 122.0 53.0
18.7072740504853 33.79890413922332 137.63810283381213 138.0 119.0 51.0
18.707235569792385 34.234410042815014 137.63975695272433 140.0 120.0 55.0
18.70719708909947 34.669915946406704 137.6414110716365 126.0 110.0 54.0
18.707081647020726 35.976433657181786 137.64637342837304 137.0 131.0 66.0
19.14238892607655 32.92785385134702 137.6550465434593 145.0 135.0 63.0
19.142350445383634 33.36335975493871 137.65670066237146 155.0 143.0 66.0
19.14231196469072 33.7988656585304 137.65835478128363 137.0 123.0 48.0
19.14227348399781 34.2343715621221 137.6600089001958 110.0 95.0 31.0
19.142235003304894 34.66987746571379 137.661663019108 110.0 98.0 41.0
19.577426840281973 32.92781537065411 137.6752984909308 134.0 121.0 45.0
19.577388359589058 33.3633212742458 137.67695260984297 133.0 121.0 39.0
19.577349878896143 33.79882717783749 137.67860672875514 142.0 128.0 47.0
19.57731139820323 34.234333081429185 137.68026084766734 154.0 141.0 58.0
19.577272917510314 34.669838985020874 137.6819149665795 148.0 137.0 64.0
20.012503235180308 32.49227098636949 137.69389631949014 145.0 131.0 82.0
20.012464754487393 32.927776889961194 137.6955504384023 153.0 139.0 75.0
20.01242627379448 33.363282793552884 137.69720455731448 141.0 123.0 58.0
20.012387793101563 33.79878869714458 137.69885867622668 123.0 107.0 39.0
20.01234931240865 34.23429460073627 137.70051279513885 146.0 135.0 60.0
20.012310831715734 34.66980050432796 137.70216691405102 144.0 139.0 59.0
20.44754114938573 32.492232505676576 137.71414826696162 186.0 169.0 143.0
20.447502668692817 32.92773840926828 137.7158023858738 184.0 167.0 131.0
20.447464187999902 33.36324431285997 137.71745650478599 168.0 148.0 99.0
20.447425707306987 33.798750216451666 137.71911062369819 112.0 96.0 40.0
20.447387226614072 34.234256120043355 137.72076474261036 128.0 117.0 56.0
20.447348745921158 34.669762023635045 137.72241886152253 137.0 132.0 67.0
20.882540582898237 32.927699928575365 137.7360543333453 215.0 205.0 186.0
20.882502102205322 33.363205832167054 137.7377084522575 166.0 147.0 114.0
21.317540016410746 33.36316735147414 137.757960399729 119.0 104.0 74.0
16.94683196549919 34.23290984667449 137.99378393405502 95.0 92.0 54.0
16.946793484806275 34.668415750266185 137.9954380529672 92.0 89.0 55.0
17.381908360397528 33.797365462389884 138.01238176261435 91.0 83.0 47.0
17.381869879704613 34.23287136598157 138.01403588152652 104.0 96.0 63.0
17.3818313990117 34.66837726957327 138.0156900004387 124.0 117.0 84.0
17.381792918318784 35.10388317316496 138.0173441193509 100.0 97.0 61.0
17.816984755295863 33.36182107810527 138.0309795911737 136.0 125.0 69.0
17.816946274602948 33.79732698169697 138.03263371008586 145.0 131.0 71.0
17.816907793910033 34.23283288528866 138.03428782899803 152.0 138.0 82.0
17.81686931321712 34.668338788880355 138.03594194791023 148.0 137.0 89.0
17.816830832524207 35.103844692472045 138.0375960668224 106.0 100.0 63.0
18.252022669501283 33.361782597412365 138.05123153864517 142.0 125.0 65.0
18.25198418880837 33.797288501004054 138.05288565755737 141.0 123.0 64.0
18.251945708115453 34.232794404595744 138.05453977646957 140.0 122.0 64.0
18.25190722742254 34.66830030818744 138.05619389538174 137.0 121.0 68.0
18.251868746729624 35.10380621177913 138.0578480142939 90.0 84.0 44.0
18.68709906439962 32.926238213127746 138.0698293672045 95.0 83.0 39.0
18.687060583706707 33.36174411671945 138.07148348611668 142.0 124.0 58.0
18.687022103013792 33.79725002031114 138.07313760502888 139.0 121.0 56.0
18.686983622320877 34.23275592390283 138.07479172394105 138.0 119.0 57.0
18.686945141627962 34.668261827494526 138.07644584285325 119.0 104.0 45.0
18.686829699549218 35.9747795382696 138.08140819958976 95.0 89.0 42.0
19.122136978605045 32.92619973243483 138.090081314676 144.0 131.0 58.0
19.12209849791213 33.361705636026535 138.0917354335882 138.0 123.0 51.0
19.122060017219216 33.797211539618225 138.09338955250038 138.0 122.0 49.0
19.1220215365263 34.232717443209914 138.09504367141255 137.0 122.0 51.0
19.121983055833386 34.66822334680161 138.09669779032473 109.0 96.0 36.0
19.55717489281047 32.926161251741924 138.11033326214755 138.0 125.0 50.0
19.557136412117554 33.36166715533362 138.11198738105972 139.0 127.0 47.0
19.55709793142464 33.79717305892531 138.1136414999719 149.0 137.0 53.0
19.557059450731725 34.232678962517 138.11529561888406 147.0 136.0 56.0
19.55702097003881 34.668184866108696 138.11694973779623 90.0 84.0 29.0
19.992251287708804 32.49061686745731 138.12893109070683 141.0 126.0 78.0
19.99221280701589 32.92612277104901 138.13058520961903 151.0 136.0 75.0
19.992174326322974 33.361628674640706 138.13223932853123 141.0 123.0 61.0
19.99213584563006 33.797134578232395 138.1338934474434 146.0 130.0 60.0
19.992097364937145 34.232640481824085 138.13554756635557 151.0 140.0 65.0
19.99205888424423 34.66814638541578 138.13720168526774 128.0 122.0 49.0
20.427289201914224 32.4905783867644 138.14918303817836 180.0 162.0 133.0
20.42725072122131 32.926084290356094 138.15083715709054 183.0 166.0 128.0
20.427212240528394 33.36159019394779 138.1524912760027 161.0 143.0 96.0
20.427173759835483 33.79709609753948 138.1541453949149 133.0 114.0 58.0
20.42713527914257 34.23260200113118 138.15579951382708 151.0 140.0 71.0
20.427096798449654 34.668107904722866 138.15745363273928 123.0 116.0 45.0
20.862327116119644 32.49053990607148 138.16943498564987 219.0 209.0 191.0
20.86228863542673 32.92604580966318 138.17108910456204 210.0 200.0 178.0
20.862250154733815 33.361551713254876 138.1727432234742 178.0 157.0 128.0
20.8622116740409 33.797057616846566 138.17439734238638 117.0 100.0 54.0
20.86217319334799 34.23256352043826 138.17605146129858 101.0 93.0 50.0
21.29728806893924 33.36151323256196 138.19299517094572 111.0 95.0 75.0
17.36165641292602 33.7957113434777 138.4474165338311 102.0 94.0 52.0
17.361617932233106 34.231217247069395 138.44907065274327 96.0 88.0 50.0
17.361540970847276 35.10222905425278 138.45237889056762 99.0 94.0 61.0
17.79673280782436 33.36016695919309 138.4660143623904 113.0 100.0 56.0
17.796694327131444 33.795672862784784 138.46766848130258 157.0 140.0 79.0
17.79665584643853 34.23117876637648 138.46932260021478 158.0 141.0 84.0
17.796617365745615 34.66668466996817 138.47097671912695 153.0 140.0 89.0
17.7965788850527 35.10219057355987 138.47263083803912 120.0 113.0 71.0
18.23177072202978 33.36012847850018 138.48626630986192 154.0 134.0 73.0
18.231732241336864 33.79563438209187 138.4879204287741 149.0 128.0 68.0
18.23169376064395 34.231140285683566 138.48957454768626 145.0 126.0 68.0
18.231655279951035 34.666646189275255 138.49122866659846 142.0 126.0 74.0
18.23161679925812 35.10215209286695 138.49288278551063 124.0 113.0 60.0
18.666847116928114 32.92458409421557 138.50486413842125 119.0 105.0 54.0
18.666808636235203 33.360089997807265 138.50651825733343 144.0 126.0 59.0
18.666770155542288 33.795595901398954 138.5081723762456 141.0 121.0 56.0
18.666731674849373 34.23110180499065 138.50982649515777 141.0 121.0 59.0
18.66669319415646 34.66660770858234 138.51148061406994 137.0 118.0 60.0
18.666654713463544 35.10211361217404 138.51313473298214 101.0 92.0 42.0
19.101885031133538 32.92454561352265 138.52511608589276 129.0 113.0 44.0
19.101846550440623 33.36005151711435 138.52677020480493 132.0 114.0 43.0
19.101808069747708 33.79555742070605 138.5284243237171 138.0 120.0 47.0
19.101769589054793 34.231063324297736 138.53007844262928 138.0 121.0 51.0
19.101731108361882 34.666569227889426 138.53173256154147 127.0 113.0 51.0
19.101692627668967 35.10207513148112 138.53338668045365 84.0 81.0 29.0
19.53692294533896 32.924507132829746 138.54536803336424 137.0 123.0 49.0
19.536884464646047 33.360013036421435 138.54702215227644 127.0 116.0 39.0
19.536845983953132 33.79551894001313 138.5486762711886 131.0 120.0 39.0
19.536807503260217 34.23102484360482 138.5503303901008 122.0 114.0 38.0
19.536769022567302 34.66653074719651 138.55198450901298 94.0 91.0 28.0
19.971999340237296 32.48896274854513 138.56396586192358 126.0 112.0 71.0
19.97196085954438 32.92446865213683 138.56561998083575 150.0 134.0 74.0
19.971922378851467 33.35997455572852 138.56727409974792 143.0 126.0 63.0
19.971883898158552 33.79548045932022 138.56892821866012 129.0 115.0 46.0
19.971845417465637 34.230986362911906 138.57058233757232 125.0 116.0 46.0
19.971806936772722 34.666492266503596 138.5722364564845 96.0 93.0 30.0
20.40703725444272 32.48892426785221 138.58421780939508 182.0 162.0 130.0
20.406998773749805 32.924430171443916 138.58587192830726 174.0 157.0 117.0
20.40696029305689 33.359936075035606 138.58752604721943 167.0 150.0 99.0
20.406921812363976 33.7954419786273 138.58918016613163 128.0 112.0 56.0
20.40688333167106 34.23094788221899 138.5908342850438 137.0 127.0 61.0
20.406844850978146 34.66645378581068 138.592488403956 100.0 94.0 34.0
20.84207516864814 32.488885787159305 138.6044697568666 211.0 199.0 179.0
20.842036687955225 32.924391690751 138.60612387577876 204.0 191.0 169.0
20.84199820726231 33.35989759434269 138.60777799469096 197.0 182.0 156.0
20.841959726569396 33.79540349793439 138.60943211360313 126.0 109.0 65.0
20.84192124587648 34.23090940152608 138.6110862325153 90.0 82.0 45.0
21.27707460216065 32.92435321005809 138.6263758232503 211.0 202.0 185.0
21.277036121467734 33.359859113649776 138.62802994216247 170.0 155.0 127.0
21.27699764077482 33.79536501724147 138.62968406107464 89.0 80.0 42.0
17.341404465454517 33.79405722456552 138.88245130504782 113.0 104.0 55.0
17.3413659847616 34.22956312815721 138.88410542396 124.0 115.0 62.0
17.77648086035285 33.35851284028091 138.90104913360713 136.0 121.0 76.0
17.776442379659937 33.794018743872606 138.9027032525193 160.0 141.0 80.0
17.776403898967022 34.229524647464295 138.90435737143147 153.0 138.0 79.0
17.776365418274107 34.66503055105599 138.9060114903437 141.0 127.0 76.0
17.776326937581196 35.10053645464768 138.90766560925587 130.0 121.0 69.0
17.77628845688828 35.53604235823938 138.90931972816804 83.0 81.0 36.0
18.21151877455827 33.358474359588 138.92130108107864 163.0 138.0 77.0
18.211480293865357 33.79398026317969 138.9229551999908 158.0 135.0 74.0
18.211441813172442 34.22948616677138 138.924609318903 149.0 128.0 69.0
18.211403332479527 34.66499207036308 138.92626343781518 141.0 121.0 64.0
18.211364851786612 35.10049797395477 138.92791755672735 134.0 122.0 58.0
18.2113263710937 35.53600387754646 138.92957167563955 97.0 92.0 38.0
18.64659516945661 32.92292997530338 138.93989890963798 122.0 104.0 57.0
18.646556688763695 33.35843587889509 138.94155302855015 141.0 116.0 54.0
18.64651820807078 33.793941782486776 138.94320714746235 143.0 122.0 58.0
18.646479727377866 34.229447686078466 138.94486126637452 143.0 122.0 60.0
18.64644124668495 34.66495358967016 138.9465153852867 133.0 114.0 54.0
18.646402765992036 35.10045949326185 138.94816950419886 111.0 102.0 43.0
18.64636428529912 35.53596539685355 138.94982362311103 81.0 80.0 28.0
19.081633083662034 32.92289149461047 138.96015085710948 128.0 109.0 41.0
19.08159460296912 33.35839739820217 138.96180497602168 138.0 117.0 50.0
19.081556122276204 33.79390330179386 138.96345909493385 140.0 121.0 49.0
19.08151764158329 34.22940920538555 138.96511321384602 139.0 121.0 53.0
19.081479160890375 34.66491510897725 138.9667673327582 124.0 111.0 49.0
19.08144068019746 35.10042101256894 138.96842145167037 91.0 89.0 33.0
19.516709478560372 32.487347110325864 138.9787486856688 109.0 96.0 50.0
19.516670997867458 32.92285301391756 138.980402804581 139.0 124.0 52.0
19.516632517174543 33.35835891750926 138.98205692349316 138.0 125.0 47.0
19.516594036481628 33.79386482110095 138.98371104240536 130.0 118.0 37.0
19.516555555788713 34.229370724692636 138.98536516131753 128.0 119.0 42.0
19.5165170750958 34.66487662828433 138.9870192802297 104.0 100.0 35.0
19.951747392765792 32.48730862963295 138.99900063314033 145.0 127.0 80.0
19.951708912072878 32.922814533224646 139.0006547520525 147.0 130.0 70.0
19.951670431379963 33.35832043681634 139.00230887096467 139.0 123.0 60.0
19.951631950687048 33.79382634040803 139.00396298987684 136.0 123.0 53.0
19.951593469994133 34.22933224399973 139.00561710878904 119.0 112.0 43.0
19.95155498930122 34.66483814759142 139.0072712277012 98.0 96.0 33.0
20.386785306971213 32.487270148940034 139.01925258061183 174.0 153.0 124.0
20.386746826278298 32.92277605253173 139.020906699524 168.0 149.0 107.0
20.386708345585383 33.35828195612343 139.02256081843618 152.0 133.0 86.0
20.386669864892472 33.79378785971512 139.02421493734835 130.0 115.0 58.0
20.386631384199557 34.22929376330681 139.02586905626052 139.0 129.0 62.0
20.821823221176633 32.48723166824712 139.03950452808334 208.0 194.0 170.0
20.821784740483718 32.922737571838816 139.0411586469955 206.0 194.0 171.0
20.821746259790803 33.35824347543051 139.04281276590768 199.0 183.0 157.0
20.82170777909789 33.7937493790222 139.04446688481985 144.0 127.0 79.0
20.821669298404977 34.2292552826139 139.04612100373203 147.0 138.0 80.0
21.25682265468914 32.9226990911459 139.06141059446702 213.0 204.0 187.0
21.256784173996227 33.3582049947376 139.0630647133792 200.0 188.0 166.0
21.256745693303312 33.79371089832929 139.06471883229136 104.0 94.0 59.0
17.321152517983005 33.79240310565334 139.31748607626454 99.0 90.0 57.0
17.32111403729009 34.22790900924504 139.31914019517671 94.0 84.0 52.0
17.756228912881344 33.35685872136873 139.33608390482388 147.0 129.0 84.0
17.75619043218843 33.79236462496043 139.33773802373605 158.0 139.0 82.0
17.756151951495514 34.227870528552124 139.33939214264822 154.0 139.0 85.0
17.7561134708026 34.663376432143814 139.3410462615604 144.0 131.0 84.0
17.756074990109685 35.09888233573551 139.3427003804726 128.0 118.0 76.0
18.191266827086764 33.35682024067582 139.3563358522954 162.0 138.0 80.0
18.19122834639385 33.79232614426751 139.35798997120756 157.0 134.0 74.0
18.191189865700935 34.22783204785921 139.35964409011973 152.0 131.0 75.0
18.19115138500802 34.6633379514509 139.3612982090319 143.0 124.0 72.0
18.191112904315105 35.098843855042595 139.36295232794407 138.0 125.0 76.0
18.19107442362219 35.534349758634285 139.36460644685627 88.0 81.0 44.0
18.626343221985103 32.92127585639121 139.3749336808547 113.0 96.0 53.0
18.626304741292188 33.35678175998291 139.3765877997669 156.0 132.0 67.0
18.626266260599273 33.7922876635746 139.37824191867907 149.0 126.0 64.0
18.62622777990636 34.227793567166295 139.37989603759124 147.0 127.0 67.0
18.626189299213443 34.663299470757984 139.3815501565034 133.0 112.0 62.0
18.62615081852053 35.09880537434968 139.3832042754156 112.0 101.0 57.0
18.626112337827614 35.53431127794137 139.38485839432778 88.0 84.0 38.0
19.061381136190523 32.9212373756983 139.3951856283262 138.0 118.0 55.0
19.061342655497608 33.356743279289994 139.39683974723837 149.0 129.0 60.0
19.061304174804697 33.79224918288168 139.39849386615057 145.0 126.0 59.0
19.061265694111782 34.22775508647338 139.40014798506274 140.0 121.0 59.0
19.061227213418867 34.66326099006507 139.40180210397494 128.0 113.0 58.0
19.061188732725952 35.098766893656766 139.40345622288712 93.0 89.0 38.0
19.061150252033038 35.534272797248455 139.4051103417993 77.0 80.0 26.0
19.49645753108886 32.485692991413686 139.41378345688554 100.0 89.0 48.0
19.496419050395946 32.92119889500539 139.4154375757977 142.0 127.0 58.0
19.49638056970303 33.35670479859708 139.41709169470988 142.0 127.0 55.0
19.496342089010117 33.79221070218877 139.41874581362205 146.0 132.0 57.0
19.496303608317202 34.227716605780465 139.42039993253425 146.0 133.0 62.0
19.49626512762429 34.663222509372154 139.42205405144645 120.0 112.0 54.0
19.93149544529428 32.48565451072077 139.43403540435705 141.0 124.0 73.0
19.931456964601367 32.921160414312475 139.43568952326922 147.0 130.0 69.0
19.931418483908452 33.356666317904164 139.4373436421814 144.0 127.0 62.0
19.931380003215537 33.79217222149585 139.4389977610936 152.0 139.0 68.0
19.931341522522622 34.22767812508755 139.44065188000576 148.0 138.0 67.0
19.931303041829707 34.66318402867924 139.44230599891793 98.0 94.0 33.0
20.366533359499705 32.485616030027856 139.45428735182855 167.0 147.0 108.0
20.36649487880679 32.92112193361956 139.45594147074073 163.0 144.0 91.0
20.366456398113876 33.35662783721125 139.45759558965293 148.0 127.0 73.0
20.36641791742096 33.792133740802946 139.4592497085651 142.0 124.0 63.0
20.366379436728046 34.227639644394635 139.46090382747727 159.0 148.0 76.0
20.36634095603513 34.663145547986325 139.46255794638944 94.0 91.0 30.0
20.801571273705125 32.48557754933494 139.47453929930003 194.0 176.0 149.0
20.80153279301221 32.921083452926645 139.47619341821223 193.0 176.0 148.0
20.801494312319296 33.356589356518334 139.47784753712443 188.0 168.0 126.0
20.80145583162638 33.79209526011003 139.4795016560366 138.0 117.0 63.0
20.801417350933466 34.22760116370172 139.48115577494877 167.0 158.0 92.0
21.23653222652472 33.35655087582542 139.4980994845959 212.0 202.0 185.0
21.671570140730143 33.356512395132505 139.51835143206742 159.0 142.0 122.0
17.73593848471692 33.79071050604825 139.77277279495277 161.0 140.0 89.0
17.73590000402401 34.22621640963994 139.77442691386494 157.0 139.0 91.0
17.735861523331096 34.661722313231635 139.77608103277714 158.0 142.0 105.0
17.73582304263818 35.097228216823325 139.7777351516893 136.0 123.0 98.0
18.171014879615257 33.35516612176364 139.7913706235121 156.0 134.0 79.0
18.170976398922342 33.790672025355335 139.79302474242428 154.0 131.0 74.0
18.170937918229427 34.226177928947024 139.79467886133648 158.0 135.0 80.0
18.170899437536516 34.66168383253872 139.79633298024865 160.0 140.0 98.0
18.1708609568436 35.09718973613041 139.79798709916082 128.0 116.0 97.0
18.606091274513595 32.91962173747903 139.80996845207142 102.0 87.0 50.0
18.60605279382068 33.35512764107072 139.8116225709836 160.0 138.0 79.0
18.606014313127766 33.79063354466242 139.81327668989582 158.0 136.0 77.0
18.60597583243485 34.22613944825411 139.814930808808 154.0 133.0 80.0
18.605937351741936 34.661645351845806 139.81658492772016 143.0 123.0 83.0
18.60589887104902 35.097151255437495 139.81823904663233 115.0 101.0 84.0
19.04112918871902 32.91958325678611 139.83022039954292 157.0 137.0 72.0
19.041090708026104 33.355089160377815 139.83187451845512 158.0 137.0 75.0
19.04105222733319 33.790595063969505 139.8335286373673 161.0 143.0 79.0
19.041013746640274 34.226100967561194 139.83518275627947 158.0 142.0 83.0
19.04097526594736 34.66160687115289 139.83683687519166 123.0 108.0 63.0
19.476205583617357 32.48403887250151 139.84881822810226 97.0 86.0 45.0
19.476167102924443 32.919544776093204 139.85047234701446 145.0 130.0 64.0
19.476128622231528 33.3550506796849 139.85212646592663 148.0 133.0 64.0
19.476090141538613 33.79055658327659 139.8537805848388 158.0 144.0 74.0
19.476051660845698 34.22606248686828 139.85543470375097 168.0 156.0 90.0
19.476013180152783 34.661568390459976 139.85708882266314 137.0 125.0 77.0
19.911243497822777 32.48400039180859 139.8690701755738 131.0 117.0 67.0
19.911205017129863 32.91950629540029 139.87072429448597 148.0 131.0 67.0
19.911166536436948 33.355012198991986 139.87237841339814 149.0 132.0 66.0
19.911128055744033 33.790518102583675 139.8740325323103 156.0 141.0 71.0
19.91108957505112 34.226024006175365 139.87568665122248 150.0 135.0 67.0
19.911051094358204 34.66152990976706 139.87734077013465 105.0 97.0 42.0
19.91101261366529 35.09703581335875 139.87899488904685 77.0 82.0 25.0
20.346281412028198 32.48396191111568 139.88932212304528 158.0 139.0 92.0
20.346242931335286 32.919467814707374 139.89097624195747 155.0 138.0 80.0
20.34620445064237 33.35497371829907 139.89263036086965 136.0 115.0 57.0
20.346165969949457 33.79047962189076 139.89428447978182 158.0 140.0 72.0
20.346127489256542 34.22598552548245 139.895938598694 142.0 124.0 55.0
20.346050527870712 35.096997332665836 139.89924683651836 78.0 83.0 24.0
20.781319326233618 32.48392343042276 139.90957407051678 184.0 166.0 139.0
20.781280845540703 32.91942933401446 139.91122818942895 179.0 162.0 121.0
20.78124236484779 33.354935237606156 139.91288230834112 163.0 141.0 88.0
20.781203884154877 33.790441141197846 139.91453642725332 141.0 116.0 58.0
20.781165403461962 34.225947044789535 139.91619054616552 142.0 129.0 74.0
21.21635724043904 32.483884949729855 139.9298260179883 201.0 190.0 170.0
21.216318759746127 32.919390853321545 139.93148013690046 211.0 202.0 183.0
21.216280279053212 33.35489675691324 139.93313425581263 205.0 192.0 167.0
21.651318193258636 33.35485827622033 139.95338620328414 169.0 154.0 135.0
17.715725017938333 33.35355048354437 140.20615344725735 95.0 84.0 61.0
17.715686537245418 33.789056387136064 140.20780756616952 165.0 144.0 99.0
17.715648056552503 34.22456229072776 140.2094616850817 164.0 144.0 103.0
17.715609575859588 34.66006819431945 140.21111580399386 112.0 98.0 78.0
18.150762932143753 33.35351200285146 140.22640539472883 133.0 113.0 70.0
18.150724451450838 33.78901790644315 140.22805951364103 153.0 131.0 79.0
18.150685970757923 34.224523810034846 140.2297136325532 162.0 139.0 89.0
18.15064749006501 34.660029713626535 140.23136775146537 166.0 144.0 109.0
18.585800846349176 33.353473522158545 140.24665734220034 150.0 127.0 73.0
18.58576236565626 33.788979425750234 140.2483114611125 151.0 127.0 72.0
18.585723884963347 34.22448532934193 140.2499655800247 155.0 133.0 84.0
18.585685404270432 34.65999123293362 140.25161969893688 146.0 126.0 93.0
19.02087724124751 32.917929137873934 140.26525517075967 146.0 126.0 68.0
19.020838760554597 33.35343504146563 140.26690928967184 160.0 137.0 77.0
19.020800279861685 33.78894094505732 140.26856340858401 159.0 136.0 79.0
19.02076179916877 34.224446848649016 140.2702175274962 152.0 131.0 77.0
19.020723318475856 34.659952752240706 140.27187164640839 128.0 111.0 70.0
19.455915155452935 32.917890657181026 140.28550711823118 147.0 130.0 67.0
19.45587667476002 33.353396560772715 140.28716123714335 162.0 144.0 82.0
19.455838194067105 33.788902464364405 140.28881535605552 170.0 153.0 92.0
19.45579971337419 34.2244083679561 140.29046947496772 169.0 153.0 97.0
19.45576123268128 34.65991427154779 140.2921235938799 126.0 113.0 64.0
19.89099155035127 32.48234627289641 140.3041049467905 91.0 80.0 46.0
19.890953069658355 32.91785217648811 140.3057590657027 148.0 130.0 64.0
19.89091458896544 33.3533580800798 140.30741318461486 158.0 140.0 63.0
19.890876108272526 33.7888639836715 140.30906730352706 164.0 145.0 77.0
19.89083762757961 34.22436988726319 140.31072142243923 150.0 134.0 67.0
19.890799146886696 34.659875790854876 140.3123755413514 98.0 91.0 33.0
19.890760666193785 35.09538169444657 140.31402966026357 82.0 87.0 27.0
20.326029464556694 32.48230779220349 140.324356894262 139.0 123.0 77.0
20.32599098386378 32.917813695795196 140.32601101317417 146.0 126.0 68.0
20.325952503170864 33.353319599386886 140.32766513208637 146.0 126.0 57.0
20.32591402247795 33.78882550297858 140.32931925099857 171.0 153.0 82.0
20.325875541785035 34.22433140657027 140.33097336991074 147.0 129.0 58.0
20.325798580399205 35.09534321375366 140.33428160773508 84.0 90.0 26.0
20.761067378762114 32.48226931151058 140.3446088417335 173.0 157.0 116.0
20.7610288980692 32.91777521510228 140.34626296064567 177.0 161.0 111.0
20.760990417376284 33.35328111869397 140.34791707955787 162.0 141.0 80.0
20.76095193668337 33.78878702228567 140.34957119847004 182.0 161.0 96.0
20.760913455990455 34.22429292587736 140.35122531738224 119.0 105.0 52.0
21.196105292967538 32.48223083081767 140.364860789205 203.0 192.0 169.0
21.196066812274623 32.91773673440937 140.3665149081172 212.0 203.0 182.0
21.196028331581708 33.353242638001056 140.36816902702938 199.0 182.0 149.0
21.195989850888793 33.78874854159275 140.36982314594155 138.0 119.0 77.0
21.63106624578713 33.35320415730814 140.3884209745009 167.0 147.0 121.0
17.69543458977391 33.78740226822389 140.64284233738624 118.0 105.0 77.0
18.130510984672245 33.35185788393928 140.66144016594555 108.0 93.0 64.0
18.13047250397933 33.78736378753098 140.66309428485772 160.0 138.0 91.0
18.130434023286416 34.22286969112267 140.66474840376992 160.0 140.0 98.0
18.130395542593504 34.658375594714364 140.66640252268212 149.0 131.0 102.0
18.56554889887767 33.35181940324637 140.68169211341706 142.0 119.0 74.0
18.565510418184754 33.78732530683806 140.68334623232926 149.0 124.0 74.0
18.56547193749184 34.22283121042975 140.68500035124143 148.0 127.0 82.0
18.565433456798925 34.65833711402145 140.6866544701536 149.0 132.0 100.0
19.000586813083093 33.35178092255345 140.7019440608886 153.0 131.0 74.0
19.000548332390178 33.78728682614515 140.70359817980076 149.0 128.0 69.0
19.000509851697263 34.22279272973684 140.70525229871294 139.0 118.0 65.0
19.00047137100435 34.658298633328535 140.7069064176251 101.0 87.0 44.0
19.43566320798143 32.91623653826885 140.7205418894479 153.0 139.0 79.0
19.435624727288516 33.35174244186054 140.7221960083601 162.0 147.0 83.0
19.4355862465956 33.787248345452234 140.72385012727227 160.0 145.0 80.0
19.435547765902687 34.22275424904392 140.72550424618444 141.0 125.0 64.0
19.435509285209772 34.65826015263562 140.7271583650966 90.0 83.0 31.0
19.87070112218685 32.91619805757593 140.7407938369194 149.0 133.0 68.0
19.870662641493936 33.35170396116762 140.74244795583158 153.0 137.0 69.0
19.87062416080102 33.78720986475932 140.74410207474378 156.0 139.0 69.0
19.870585680108107 34.22271576835101 140.74575619365595 127.0 110.0 47.0
19.870547199415192 34.658221671942705 140.74741031256812 90.0 86.0 28.0
19.870508718722277 35.093727575534395 140.74906443148032 87.0 90.0 32.0
20.305777517085186 32.48065367329132 140.75939166547874 148.0 130.0 82.0
20.305739036392275 32.91615957688302 140.76104578439092 153.0 136.0 74.0
20.30570055569936 33.351665480474715 140.7626999033031 156.0 140.0 71.0
20.305662075006445 33.787171384066404 140.76435402221526 159.0 141.0 69.0
20.30562359431353 34.222677287658094 140.76600814112746 117.0 103.0 39.0
20.740815431290606 32.48061519259841 140.77964361295025 175.0 156.0 114.0
20.74077695059769 32.9161210961901 140.78129773186242 179.0 163.0 115.0
20.74073846990478 33.3516269997818 140.7829518507746 159.0 136.0 78.0
20.740699989211866 33.78713290337349 140.78460596968677 172.0 154.0 87.0
21.17585334549603 32.4805767119055 140.79989556042176 208.0 196.0 172.0
21.175814864803115 32.91608261549719 140.80154967933393 214.0 204.0 183.0
21.1757763841102 33.351588519088885 140.8032037982461 204.0 190.0 160.0
21.175737903417286 33.787094422680575 140.80485791715827 131.0 119.0 86.0
21.610814298315624 33.35155003839597 140.8234557457176 166.0 149.0 125.0
18.110220556507826 33.78570966861879 141.09812905607447 154.0 135.0 100.0
18.11018207581491 34.22121557221049 141.09978317498664 150.0 131.0 99.0
18.110143595121997 34.65672147580218 141.1014372938988 139.0 122.0 96.0
18.545296951406165 33.35016528433419 141.1167268846338 140.0 119.0 83.0
18.54525847071325 33.78567118792588 141.11838100354598 155.0 134.0 92.0
18.545219990020335 34.221177091517575 141.12003512245815 157.0 139.0 98.0
18.54518150932742 34.656682995109264 141.12168924137032 151.0 136.0 102.0
18.980334865611585 33.350126803641274 141.1369788321053 140.0 119.0 67.0
18.980296384918674 33.78563270723296 141.13863295101748 134.0 112.0 57.0
18.98025790422576 34.22113861082466 141.14028706992966 128.0 111.0 61.0
18.980219423532844 34.65664451441635 141.14194118884186 97.0 86.0 44.0
18.98018094283993 35.092150418008046 141.14359530775403 87.0 82.0 43.0
19.415411260509924 32.91458241935667 141.15557666066462 139.0 124.0 74.0
19.41537277981701 33.35008832294836 141.15723077957682 139.0 121.0 60.0
19.415334299124094 33.78559422654005 141.158884898489 136.0 118.0 55.0
19.41529581843118 34.221100130131745 141.1605390174012 116.0 103.0 42.0
19.415257337738268 34.656606033723435 141.16219313631336 88.0 83.0 29.0
19.850449174715344 32.914543938663755 141.17582860813613 145.0 126.0 69.0
19.85041069402243 33.350049842255444 141.1774827270483 147.0 130.0 66.0
19.850372213329514 33.785555745847134 141.1791368459605 134.0 116.0 53.0
19.8503337326366 34.22106164943883 141.1807909648727 115.0 104.0 37.0
19.850295251943685 34.65656755303052 141.18244508378487 89.0 87.0 25.0
20.285525569613682 32.478999554379136 141.19442643669547 140.0 121.0 75.0
20.285487088920767 32.91450545797084 141.19608055560764 156.0 138.0 78.0
20.285448608227853 33.35001136156253 141.19773467451984 157.0 139.0 73.0
20.285410127534938 33.78551726515422 141.199388793432 138.0 119.0 52.0
20.285371646842023 34.221023168745916 141.20104291234418 108.0 98.0 33.0
20.720563483819102 32.47896107368622 141.21467838416697 177.0 154.0 108.0
20.720525003126188 32.914466977277925 141.21633250307914 179.0 161.0 111.0
20.720486522433273 33.349972880869615 141.21798662199134 170.0 152.0 88.0
20.720448041740358 33.78547878446131 141.21964074090351 148.0 131.0 61.0
21.155601398024526 32.478922592993314 141.23493033163848 210.0 196.0 171.0
21.15556291733161 32.91442849658501 141.23658445055068 217.0 207.0 186.0
21.155524436638697 33.3499344001767 141.23823856946285 191.0 173.0 135.0
21.15548595594578 33.7854403037684 141.23989268837502 108.0 95.0 65.0
21.59056235084412 33.349895919483785 141.25849051693436 155.0 138.0 114.0
18.08996860903632 33.784055549706615 141.5331638272912 100.0 87.0 70.0
18.089930128343404 34.219561453298304 141.5348179462034 94.0 81.0 66.0
18.525045003934654 33.348511165422 141.55176165585053 141.0 122.0 93.0
18.52500652324174 33.7840170690137 141.55341577476273 143.0 123.0 90.0
18.524968042548824 34.21952297260539 141.5550698936749 128.0 112.0 81.0
18.52492956185591 34.655028876197086 141.55672401258707 117.0 104.0 79.0
18.960082918140078 33.34847268472909 141.57201360332203 127.0 108.0 55.0
18.960044437447163 33.783978588320785 141.57366772223423 136.0 118.0 67.0
18.960005956754248 34.219484491912475 141.5753218411464 117.0 103.0 55.0
18.959967476061333 34.65499039550417 141.57697596005858 95.0 86.0 45.0
19.3951208323455 33.34843420403618 141.59226555079354 130.0 113.0 52.0
19.395082351652587 33.78394010762787 141.5939196697057 138.0 122.0 56.0
19.39504387095967 34.21944601121956 141.5955737886179 121.0 109.0 45.0
19.395005390266757 34.65495191481126 141.59722790753008 84.0 80.0 25.0
19.830197227243836 32.91288981975157 141.61086337935288 118.0 100.0 57.0
19.83015874655092 33.348395723343266 141.61251749826505 141.0 123.0 64.0
19.830120265858007 33.783901626934956 141.61417161717722 136.0 120.0 55.0
19.830081785165092 34.219407530526645 141.6158257360894 126.0 116.0 47.0
20.26523514144926 32.912851339058655 141.63111532682439 163.0 144.0 84.0
20.265196660756345 33.34835724265035 141.63276944573656 156.0 140.0 72.0
20.26515818006343 33.78386314624204 141.63442356464873 142.0 127.0 56.0
20.700311536347595 32.47730695477404 141.6497131553837 186.0 164.0 119.0
20.70027305565468 32.91281285836574 141.6513672742959 179.0 161.0 106.0
20.700234574961765 33.34831876195744 141.65302139320806 173.0 157.0 90.0
20.70019609426885 33.783824665549126 141.65467551212024 133.0 118.0 45.0
21.135349450553015 32.477268474081136 141.6699651028552 215.0 205.0 183.0
21.1353109698601 32.912774377672825 141.67161922176737 219.0 208.0 184.0
21.135272489167185 33.34828028126452 141.67327334067957 171.0 153.0 106.0
18.50479305646315 33.34685704650983 141.98679642706728 98.0 87.0 65.0
18.504754575770235 33.78236295010152 141.98845054597945 120.0 107.0 71.0
18.50471609507732 34.21786885369322 141.99010466489162 110.0 99.0 64.0
18.939830970668574 33.34681856581692 142.00704837453875 132.0 117.0 72.0
18.93979248997566 33.78232446940861 142.00870249345093 133.0 119.0 63.0
18.939754009282744 34.217830373000304 142.01035661236313 116.0 107.0 53.0
19.374868884873994 33.346780085124 142.02730032201026 155.0 144.0 84.0
19.374830404181083 33.78228598871569 142.02895444092243 144.0 135.0 60.0
19.374791923488168 34.21779189230739 142.03060855983463 124.0 118.0 47.0
19.80994527977233 32.9112357008394 142.0458981505696 129.0 117.0 71.0
19.809906799079414 33.34674160443109 142.04755226948177 154.0 142.0 72.0
19.8098683183865 33.78224750802278 142.04920638839397 152.0 143.0 66.0
20.244983193977752 32.911197220146484 142.0661500980411 164.0 151.0 88.0
20.244944713284838 33.34670312373817 142.0678042169533 162.0 151.0 76.0
20.680059588876087 32.475652835861865 142.08474792660041 193.0 176.0 130.0
20.680021108183173 32.91115873945357 142.08640204551259 180.0 167.0 106.0
20.679982627490258 33.34666464304526 142.0880561644248 171.0 161.0 86.0
21.115059022388596 32.911120258760654 142.10665399298412 211.0 203.0 166.0
18.484502628298728 33.780708831189344 142.42348531719617 88.0 81.0 49.0
18.91954054250415 33.78067035049643 142.44373726466767 116.0 108.0 45.0
19.35461693740249 33.34512596621182 142.462335093227 117.0 108.0 48.0
19.354578456709575 33.780631869803514 142.46398921213918 124.0 118.0 37.0
19.78965485160791 33.3450874855189 142.48258704069852 112.0 105.0 37.0
20.22473124650625 32.9095431012343 142.50118486925783 118.0 109.0 61.0
20.659807641404583 32.47399871694969 142.51978269781716 156.0 144.0 99.0
19.334364989930982 33.34347184729964 142.89736986444373 141.0 136.0 77.0
