16.016719726844837 34.73473442952503 120.51303941441199 82.0 97.0 17.0
15.996506260066244 34.297574407021145 120.94642006671654 86.0 102.0 18.0
15.99646777937333 34.73308031061285 120.94807418562871 95.0 112.0 19.0
16.431659616350412 32.991018215553154 120.96170965745151 76.0 81.0 30.0
15.976254312594738 34.295920288108974 121.38145483793326 103.0 118.0 27.0
15.976215831901824 34.73142619170067 121.38310895684546 109.0 123.0 28.0
16.41144614957182 32.55385819304929 121.39509030975606 96.0 99.0 40.0
16.411407668878905 32.98936409664098 121.39674442866823 76.0 81.0 29.0
15.956040845816148 33.8587602656051 121.81483549023784 100.0 114.0 23.0
15.956002365123233 34.29426616919679 121.81648960915001 96.0 110.0 23.0
16.391194202100316 32.55220407413711 121.83012508097278 100.0 104.0 37.0
16.3911557214074 32.9877099777288 121.83177919988498 88.0 96.0 27.0
15.935788898344642 33.85710614669292 122.24987026145453 113.0 127.0 27.0
16.37098073532172 32.115044051633234 122.26350573327736 80.0 87.0 31.0
16.370942254628808 32.55054995522492 122.26515985218953 121.0 130.0 42.0
16.370903773935893 32.98605585881662 122.2668139711017 124.0 132.0 41.0
15.915536950873136 33.85545202778074 122.68490503267128 122.0 131.0 38.0
16.350690307157304 32.54889583631275 122.70019462340625 128.0 134.0 55.0
15.895323484094542 33.41829200527687 123.11828568497583 154.0 155.0 68.0
16.330438359685793 32.54724171740057 123.13522939462297 117.0 121.0 64.0
15.662689602525441 34.74138938586666 118.75264838207357 69.0 83.0 20.0
13.902247517539331 35.17539509331783 119.10832948231646 158.0 169.0 74.0
14.337285431744752 35.17535661262492 119.12858142978797 128.0 143.0 44.0
14.77236182664309 34.73981222834031 119.14717925834728 95.0 112.0 26.0
14.772323345950175 35.175318131932 119.14883337725948 78.0 91.0 21.0
15.207438221541427 34.304267844055694 119.16577708690662 81.0 98.0 16.0
13.88203405076074 34.73823507081395 119.54171013462101 151.0 162.0 58.0
13.881995570067826 35.17374097440565 119.54336425353318 182.0 189.0 83.0
14.31707196496616 34.738196590121035 119.56196208209249 124.0 135.0 36.0
14.317033484273246 35.17370249371274 119.56361620100469 131.0 145.0 40.0
14.7521483598645 34.30265220583643 119.58055991065183 109.0 125.0 27.0
14.752109879171584 34.73815810942813 119.582214029564 93.0 111.0 20.0
15.187224754762836 33.867107821551826 119.59915773921117 100.0 114.0 23.0
15.187186274069921 34.302613725143516 119.60081185812334 94.0 112.0 20.0
15.187147793377006 34.73811962873521 119.60246597703551 94.0 113.0 22.0
15.622224188275345 34.3025752444506 119.62106380559484 68.0 82.0 14.0
15.62218570758243 34.7380811480423 119.62271792450704 69.0 84.0 15.0
15.622147226889515 35.173587051633994 119.62437204341921 67.0 83.0 17.0
13.426744189083813 34.73661943259469 119.95649295836623 142.0 152.0 56.0
13.426705708390898 35.17212533618639 119.9581470772784 172.0 178.0 86.0
13.86182058398215 34.30107504831008 119.97509078692553 125.0 138.0 41.0
13.861782103289235 34.73658095190178 119.97674490583773 145.0 158.0 49.0
13.86174362259632 35.172086855493475 119.97839902474993 165.0 176.0 65.0
14.29685849818757 34.30103656761717 119.99534273439704 122.0 136.0 36.0
14.296820017494655 34.736542471208864 119.99699685330924 135.0 147.0 40.0
14.29678153680174 35.17204837480056 119.99865097222141 140.0 151.0 44.0
14.731934893085906 33.86549218333256 120.01394056295638 114.0 129.0 30.0
14.731896412392993 34.30099808692425 120.01559468186858 117.0 133.0 30.0
14.731857931700079 34.736503990515956 120.01724880078075 118.0 135.0 31.0
14.731819451007164 35.172009894107646 120.01890291969292 102.0 118.0 25.0
15.167011287984245 33.42994779904796 120.03253839151571 132.0 145.0 37.0
15.16697280729133 33.86545370263965 120.03419251042791 120.0 136.0 31.0
15.166934326598415 34.30095960623134 120.03584662934009 115.0 131.0 30.0
15.1668958459055 34.73646550982304 120.03750074825226 110.0 127.0 29.0
15.166857365212586 35.17197141341473 120.03915486716443 67.0 84.0 12.0
15.166818884519673 35.60747731700643 120.0408089860766 71.0 84.0 20.0
15.602087682882582 32.99440341476335 120.05113622007502 148.0 156.0 53.0
15.602049202189669 33.429909318355044 120.0527903389872 131.0 141.0 44.0
15.602010721496754 33.86541522194673 120.0544444578994 92.0 103.0 26.0
15.601972240803839 34.30092112553842 120.05609857681159 92.0 105.0 26.0
15.601933760110924 34.73642702913013 120.05775269572376 102.0 119.0 27.0
15.60189527941801 35.171932932721816 120.05940681463593 70.0 86.0 16.0
15.601856798725095 35.60743883631351 120.0610609335481 74.0 87.0 22.0
16.037125597088004 32.99436493407043 120.07138816754653 106.0 112.0 42.0
16.036971674316344 34.73638854843721 120.07800464319527 75.0 85.0 27.0
12.971454327406882 34.73500379437542 120.37127578211147 77.0 80.0 27.0
12.971415846713967 35.17050969796712 120.37292990102364 107.0 108.0 56.0
13.40653072230522 34.29945941009082 120.38987361067078 126.0 136.0 50.0
13.406492241612305 34.73496531368251 120.39152772958295 148.0 158.0 61.0
13.40645376091939 35.170471217274205 120.39318184849515 190.0 196.0 99.0
13.841607117203557 33.86391502580621 120.40847143923011 117.0 131.0 37.0
13.841568636510642 34.299420929397904 120.41012555814228 130.0 143.0 43.0
13.841530155817727 34.73492683298959 120.41177967705445 152.0 165.0 56.0
13.841491675124812 35.1704327365813 120.41343379596663 175.0 185.0 76.0
14.276645031408979 33.86387654511329 120.42872338670162 118.0 134.0 31.0
14.276606550716064 34.29938244870499 120.43037750561379 121.0 137.0 32.0
14.27656807002315 34.73488835229668 120.43203162452596 133.0 146.0 38.0
14.276529589330234 35.17039425588838 120.43368574343813 152.0 160.0 52.0
14.711721426307315 33.42833216082869 120.44732121526093 125.0 140.0 34.0
14.7116829456144 33.86383806442038 120.44897533417313 117.0 133.0 30.0
14.711644464921488 34.299343968012074 120.4506294530853 119.0 135.0 30.0
14.711605984228573 34.73484987160377 120.45228357199747 129.0 144.0 39.0
14.711567503535658 35.17035577519547 120.45393769090964 143.0 154.0 53.0
15.146797821205654 32.992787776544084 120.46591904382026 154.0 162.0 54.0
15.14675934051274 33.42829368013577 120.46757316273244 129.0 141.0 35.0
15.146720859819824 33.86379958372746 120.4692272816446 119.0 135.0 27.0
15.14668237912691 34.29930548731916 120.4708814005568 115.0 132.0 26.0
15.146643898433995 34.734811390910856 120.47253551946898 114.0 130.0 30.0
15.14660541774108 35.17031729450255 120.47418963838118 97.0 113.0 26.0
15.146566937048167 35.60582319809424 120.47584375729335 69.0 81.0 19.0
15.58187421610399 32.55724339225947 120.4845168723796 166.0 171.0 66.0
15.581835735411076 32.99274929585117 120.48617099129177 151.0 159.0 53.0
15.581797254718163 33.42825519944286 120.48782511020394 135.0 147.0 39.0
15.581758774025248 33.863761103034555 120.48947922911611 118.0 133.0 28.0
15.581720293332333 34.299267006626245 120.49113334802828 107.0 123.0 24.0
15.581681812639419 34.73477291021794 120.49278746694048 101.0 120.0 23.0
15.581643331946504 35.17027881380964 120.49444158585268 84.0 101.0 20.0
15.581604851253589 35.60578471740133 120.49609570476485 79.0 93.0 22.0
16.016950611002322 32.12169900797487 120.50311470093894 147.0 151.0 68.0
16.01691213030941 32.55720491156656 120.50476881985111 150.0 155.0 59.0
16.016873649616496 32.992710815158254 120.50642293876328 144.0 151.0 54.0
12.951163899242461 35.168855579054934 120.80796467224036 130.0 133.0 64.0
12.951125418549546 35.60436148264663 120.80961879115253 128.0 132.0 68.0
13.386317255526627 33.862299387586944 120.82325426297533 75.0 82.0 29.0
13.3862402941408 34.73331119477033 120.82656250079967 139.0 145.0 55.0
13.386201813447885 35.16881709836203 120.82821661971184 197.0 202.0 108.0
13.38616333275497 35.604323001953716 120.82987073862407 130.0 133.0 55.0
13.821393650424966 33.42675500330233 120.84185209153466 126.0 139.0 42.0
13.821355169732051 33.86226090689403 120.84350621044683 116.0 129.0 38.0
13.821316689039136 34.29776681048572 120.845160329359 126.0 140.0 41.0
13.821278208346222 34.733272714077415 120.84681444827118 155.0 166.0 60.0
13.821239727653307 35.16877861766911 120.84846856718337 194.0 199.0 98.0
13.821201246960394 35.6042845212608 120.85012268609555 118.0 119.0 37.0
14.256470045323299 32.99121061901773 120.86044992009397 133.0 147.0 48.0
14.256431564630384 33.426716522609425 120.86210403900617 123.0 137.0 35.0
14.25639308393747 33.862222426201114 120.86375815791834 116.0 133.0 30.0
14.256354603244555 34.297728329792804 120.86541227683051 121.0 138.0 31.0
14.25631612255164 34.7332342333845 120.86706639574271 136.0 149.0 41.0
14.256277641858725 35.1687401369762 120.86872051465488 161.0 167.0 61.0
14.256239161165812 35.60424604056789 120.87037463356705 99.0 99.0 37.0
14.256200680472897 36.03975194415958 120.87202875247922 90.0 94.0 33.0
14.691507959528721 32.99117213832481 120.88070186756548 144.0 154.0 49.0
14.691469478835808 33.42667804191651 120.88235598647765 127.0 140.0 37.0
14.691430998142893 33.8621839455082 120.88401010538985 120.0 136.0 28.0
14.691392517449978 34.29768984909989 120.88566422430205 120.0 136.0 30.0
14.691354036757064 34.73319575269159 120.88731834321422 127.0 141.0 37.0
14.691315556064149 35.16870165628328 120.88897246212639 148.0 159.0 62.0
15.12658435442706 32.55562775404021 120.89929969612481 172.0 177.0 71.0
15.126545873734145 32.9911336576319 120.90095381503698 157.0 164.0 55.0
15.12650739304123 33.426639561223595 120.90260793394916 126.0 136.0 30.0
15.126468912348315 33.862145464815285 120.90426205286136 120.0 136.0 25.0
15.1264304316554 34.297651368406974 120.90591617177353 115.0 131.0 26.0
15.126391950962487 34.73315727199868 120.90757029068573 113.0 129.0 29.0
15.126353470269573 35.16866317559037 120.9092244095979 110.0 123.0 34.0
15.561660749325394 32.1200833697556 120.91789752468415 170.0 173.0 80.0
15.561622268632483 32.555589273347294 120.91955164359632 169.0 173.0 68.0
15.561583787939568 32.991095176938984 120.92120576250849 153.0 160.0 52.0
15.561545307246654 33.42660108053068 120.92285988142066 127.0 137.0 32.0
15.561506826553739 33.86210698412237 120.92451400033286 114.0 130.0 23.0
15.561468345860824 34.29761288771406 120.92616811924503 106.0 124.0 21.0
15.56142986516791 34.73311879130576 120.9278222381572 103.0 119.0 23.0
15.561391384474994 35.16862469489745 120.92947635706938 95.0 112.0 23.0
15.561352903782081 35.60413059848915 120.93113047598158 76.0 91.0 20.0
15.99673714422373 31.684538985470994 120.93649535324346 91.0 91.0 52.0
15.996698663530815 32.12004488906268 120.93814947215563 151.0 154.0 69.0
15.996660182837903 32.55555079265438 120.93980359106783 152.0 156.0 59.0
15.996621702144989 32.99105669624607 120.94145770998 146.0 153.0 52.0
15.996583221452074 33.426562599837766 120.9431118288922 95.0 106.0 27.0
15.996544740759159 33.862068503429455 120.94476594780437 81.0 94.0 21.0
16.431698097043327 32.555512311961465 120.96005553853931 114.0 117.0 49.0
12.930950432463868 34.73169555655107 121.24134532454491 104.0 108.0 41.0
12.930911951770954 35.167201460142756 121.24299944345708 154.0 161.0 73.0
12.930873471078039 35.60270736373446 121.24465356236928 180.0 188.0 94.0
13.366103788748035 33.425139365083076 121.25663491527988 145.0 152.0 63.0
13.366065308055122 33.860645268674766 121.25828903419205 135.0 142.0 60.0
13.366026827362207 34.29615117226646 121.25994315310425 143.0 151.0 60.0
13.365988346669292 34.73165707585815 121.26159727201642 162.0 171.0 67.0
13.365949865976377 35.16716297944985 121.26325139092859 183.0 191.0 89.0
13.365911385283463 35.602668883041545 121.26490550984076 170.0 178.0 80.0
13.365872904590548 36.038174786633235 121.26655962875296 103.0 112.0 41.0
13.801180183646373 32.989594980798465 121.27523274383918 143.0 152.0 54.0
13.801141702953458 33.42510088439016 121.27688686275138 140.0 151.0 46.0
13.801103222260544 33.86060678798185 121.27854098166358 144.0 157.0 49.0
13.801064741567629 34.29611269157355 121.28019510057575 152.0 164.0 54.0
13.801026260874714 34.73161859516524 121.28184921948792 161.0 173.0 59.0
13.800987780181801 35.167124498756934 121.2835033384001 187.0 195.0 88.0
13.800949299488886 35.60263040234863 121.28515745731227 132.0 137.0 53.0
13.800910818795971 36.03813630594032 121.28681157622444 71.0 81.0 19.0
14.236256578544708 32.55405059651386 121.29383057239852 152.0 164.0 65.0
14.236218097851793 32.98955650010555 121.29548469131069 149.0 162.0 56.0
14.236179617158879 33.42506240369725 121.29713881022289 139.0 153.0 41.0
14.236141136465964 33.860568307288936 121.29879292913506 135.0 149.0 34.0
14.236102655773049 34.29607421088063 121.30044704804726 140.0 153.0 39.0
14.236064175080134 34.73158011447232 121.30210116695943 152.0 165.0 50.0
14.23602569438722 35.16708601806402 121.3037552858716 161.0 169.0 69.0
14.235987213694306 35.602591921655716 121.30540940478377 102.0 106.0 39.0
14.235948733001392 36.038097825247405 121.30706352369597 104.0 112.0 39.0
14.671332973443041 32.118506212229256 121.31242840095786 156.0 161.0 71.0
14.67129449275013 32.554012115820946 121.31408251987003 155.0 162.0 61.0
14.671256012057215 32.98951801941264 121.31573663878223 147.0 156.0 50.0
14.671217531364302 33.42502392300433 121.3173907576944 137.0 150.0 41.0
14.671179050671388 33.86052982659602 121.31904487660657 123.0 138.0 27.0
14.671140569978473 34.29603573018772 121.32069899551874 125.0 141.0 27.0
14.671102089285558 34.731541633779415 121.32235311443094 144.0 157.0 45.0
14.671063608592643 35.167047537371104 121.32400723334311 158.0 168.0 70.0
15.10640936834138 31.68296182794465 121.33102622951716 167.0 170.0 95.0
15.106370887648465 32.11846773153634 121.33268034842936 176.0 179.0 87.0
15.106332406955554 32.55397363512803 121.33433446734153 172.0 176.0 73.0
15.106293926262639 32.98947953871973 121.33598858625373 155.0 162.0 53.0
15.106255445569724 33.42498544231142 121.3376427051659 128.0 139.0 30.0
15.10621696487681 33.86049134590311 121.33929682407808 120.0 135.0 24.0
15.106178484183895 34.2959972494948 121.34095094299025 115.0 131.0 25.0
15.106140003490982 34.7315031530865 121.34260506190242 112.0 128.0 28.0
15.106101522798067 35.1670090566782 121.34425918081462 105.0 119.0 31.0
15.541447282546804 31.682923347251734 121.35127817698867 171.0 173.0 101.0
15.541408801853889 32.11842925084343 121.35293229590084 170.0 174.0 82.0
15.541370321160977 32.553935154435116 121.35458641481304 167.0 171.0 67.0
15.541331840468063 32.98944105802681 121.35624053372524 151.0 157.0 50.0
15.541293359775148 33.4249469616185 121.35789465263741 124.0 135.0 27.0
15.541254879082233 33.86045286521019 121.35954877154958 116.0 132.0 25.0
15.541216398389318 34.29595876880189 121.36120289046175 111.0 126.0 26.0
15.541177917696404 34.731464672393585 121.36285700937395 108.0 123.0 28.0
15.541139437003489 35.16697057598528 121.36451112828613 99.0 114.0 26.0
15.541100956310576 35.60247647957697 121.3661652471983 69.0 82.0 18.0
15.976485196752224 31.68288486655882 121.37153012446018 88.0 88.0 52.0
15.976446716059309 32.11839077015051 121.37318424337238 147.0 151.0 65.0
15.976408235366398 32.5538966737422 121.37483836228455 147.0 151.0 54.0
15.976369754673483 32.9894025773339 121.37649248119672 138.0 145.0 45.0
15.976331273980568 33.42490848092559 121.37814660010892 101.0 113.0 25.0
15.976292793287653 33.86041438451728 121.37980071902109 100.0 115.0 26.0
12.475699051479857 34.29457401474011 121.65447402937795 114.0 114.0 80.0
12.475660570786943 34.7300799183318 121.65612814829012 113.0 114.0 66.0
12.475622090094028 35.16558582192349 121.6577822672023 78.0 82.0 34.0
12.475583609401115 35.60109172551519 121.65943638611449 80.0 83.0 40.0
12.910813927071107 33.423523726863806 121.67141773902512 124.0 125.0 71.0
12.910775446378192 33.8590296304555 121.67307185793729 159.0 162.0 87.0
12.910736965685278 34.29453553404719 121.67472597684946 171.0 177.0 91.0
12.910698484992363 34.73004143763889 121.67638009576163 180.0 187.0 92.0
12.910660004299448 35.16554734123058 121.6780342146738 183.0 190.0 92.0
12.910621523606533 35.601053244822275 121.67968833358597 195.0 201.0 108.0
13.345890321969444 32.9879793425792 121.69001556758442 177.0 182.0 95.0
13.345851841276529 33.42348524617089 121.69166968649662 171.0 177.0 83.0
13.345813360583616 33.85899114976259 121.6933238054088 162.0 170.0 66.0
13.345774879890701 34.29449705335428 121.69497792432097 164.0 172.0 66.0
13.345736399197786 34.730002956945974 121.69663204323314 178.0 187.0 79.0
13.345697918504872 35.16550886053767 121.69828616214531 190.0 197.0 96.0
13.345659437811957 35.60101476412936 121.69994028105751 182.0 191.0 93.0
13.345620957119042 36.03652066772106 121.70159439996968 150.0 157.0 73.0
13.780966716867782 32.5524349582946 121.70861339614376 159.0 165.0 74.0
13.780928236174868 32.98794086188629 121.71026751505593 164.0 172.0 71.0
13.780889755481953 33.423446765477976 121.7119216339681 173.0 183.0 70.0
13.780851274789038 33.85895266906967 121.71357575288027 169.0 180.0 55.0
13.780812794096123 34.29445857266136 121.71522987179247 166.0 177.0 52.0
13.780774313403208 34.72996447625306 121.71688399070464 170.0 180.0 61.0
13.780735832710295 35.165470379844756 121.71853810961684 180.0 189.0 80.0
13.78069735201738 35.600976283436445 121.72019222852902 123.0 128.0 46.0
14.216043111766114 32.116890574009986 121.7272112247031 142.0 149.0 64.0
14.216004631073202 32.55239647760168 121.72886534361527 150.0 158.0 61.0
14.215966150380288 32.98790238119337 121.73051946252744 157.0 167.0 58.0
14.215927669687373 33.42340828478506 121.73217358143961 171.0 181.0 62.0
14.215889188994458 33.85891418837676 121.73382770035178 174.0 186.0 53.0
14.215850708301543 34.29442009196845 121.73548181926395 168.0 180.0 47.0
14.215812227608629 34.729925995560144 121.73713593817615 161.0 173.0 49.0
14.215773746915714 35.16543189915184 121.73879005708835 105.0 109.0 37.0
14.215696785529886 36.03644370633523 121.7420982949127 82.0 90.0 31.0
14.65111950666445 31.68134618972538 121.7458090532624 109.0 111.0 71.0
14.651081025971536 32.11685209331707 121.7474631721746 139.0 142.0 71.0
14.651042545278624 32.55235799690877 121.74911729108678 165.0 169.0 73.0
14.65100406458571 32.98786390050046 121.75077140999895 166.0 175.0 66.0
14.650965583892797 33.42336980409215 121.75242552891112 166.0 177.0 59.0
14.650927103199882 33.85887570768384 121.75407964782329 153.0 166.0 42.0
14.650888622506967 34.29438161127553 121.75573376673549 154.0 168.0 45.0
14.650850141814052 34.72988751486724 121.75738788564766 159.0 171.0 56.0
14.650811661121137 35.165393418458926 121.75904200455983 123.0 129.0 57.0
14.650773180428223 35.600899322050616 121.76069612347203 112.0 118.0 50.0
15.086157420869874 31.681307709032467 121.76606100073391 162.0 162.0 100.0
15.08611894017696 32.116813612624156 121.76771511964608 177.0 179.0 92.0
15.086080459484048 32.55231951621585 121.76936923855828 174.0 176.0 78.0
15.086041978791133 32.98782541980754 121.77102335747045 160.0 166.0 59.0
15.086003498098219 33.42333132339923 121.77267747638263 150.0 160.0 47.0
15.085965017405304 33.85883722699093 121.77433159529483 136.0 150.0 36.0
15.085926536712389 34.29434313058262 121.775985714207 136.0 150.0 37.0
15.085888056019476 34.72984903417432 121.77763983311917 128.0 141.0 41.0
15.085849575326561 35.16535493776601 121.77929395203134 108.0 116.0 40.0
15.521195335075298 31.681269228339552 121.78631294820542 157.0 156.0 98.0
15.521156854382383 32.11677513193124 121.78796706711759 170.0 172.0 83.0
15.521118373689472 32.55228103552294 121.78962118602976 164.0 166.0 69.0
15.521079892996557 32.98778693911463 121.79127530494196 149.0 154.0 49.0
15.521041412303642 33.423292842706324 121.79292942385413 134.0 142.0 36.0
15.521002931610727 33.858798746298014 121.79458354276633 119.0 134.0 28.0
15.520964450917813 34.2943046498897 121.7962376616785 119.0 133.0 31.0
15.520925970224898 34.72981055348141 121.79789178059067 110.0 123.0 31.0
15.520887489531983 35.1653164570731 121.79954589950285 71.0 82.0 18.0
15.956194768587803 32.11673665123833 121.8082190145891 151.0 155.0 71.0
15.956156287894892 32.55224255483002 121.80987313350127 146.0 150.0 54.0
15.956117807201977 32.98774845842171 121.81152725241344 135.0 142.0 39.0
15.956079326509062 33.42325436201341 121.81318137132564 125.0 133.0 32.0
12.455524065394181 33.42190808864454 122.08620056277033 172.0 171.0 126.0
12.455485584701266 33.85741399223623 122.0878546816825 186.0 185.0 131.0
12.455447104008352 34.29291989582793 122.08950880059467 185.0 187.0 116.0
12.455408623315437 34.72842579941962 122.09116291950684 169.0 172.0 92.0
12.455370142622522 35.163931703011315 122.09281703841904 101.0 103.0 50.0
12.890600460292516 32.98636370435993 122.10479839132964 171.0 171.0 108.0
12.890561979599601 33.42186960795163 122.10645251024184 183.0 186.0 110.0
12.890523498906687 33.85737551154332 122.10810662915401 177.0 181.0 98.0
12.890485018213772 34.292881415135014 122.10976074806618 181.0 187.0 96.0
12.890446537520857 34.7283873187267 122.11141486697838 188.0 194.0 97.0
12.890408056827942 35.1638932223184 122.11306898589055 192.0 198.0 101.0
12.890369576135027 35.5993991259101 122.11472310480272 184.0 186.0 108.0
13.325676855190853 32.55081932007533 122.12339621988897 144.0 144.0 86.0
13.325638374497938 32.986325223667016 122.12505033880115 173.0 176.0 92.0
13.325599893805023 33.42183112725871 122.12670445771332 176.0 182.0 85.0
13.32556141311211 33.8573370308504 122.12835857662552 178.0 185.0 76.0
13.325522932419195 34.2928429344421 122.13001269553772 181.0 189.0 76.0
13.32548445172628 34.72834883803379 122.13166681444989 186.0 194.0 80.0
13.325445971033366 35.163854741625485 122.13332093336206 188.0 196.0 91.0
13.325407490340451 35.59936064521718 122.13497505227423 181.0 189.0 92.0
13.325369009647536 36.03486654880887 122.1366291711864 163.0 172.0 81.0
13.760753250089188 32.11527493579072 122.14199404844831 133.0 135.0 74.0
13.760714769396277 32.55078083938241 122.14364816736048 159.0 163.0 80.0
13.760676288703362 32.98628674297411 122.14530228627265 167.0 174.0 74.0
13.760637808010447 33.4217926465658 122.14695640518482 176.0 184.0 67.0
13.760599327317532 33.85729855015749 122.14861052409702 187.0 194.0 64.0
13.760560846624617 34.292804453749184 122.1502646430092 183.0 191.0 60.0
13.760522365931703 34.728310357340874 122.1519187619214 185.0 194.0 67.0
13.76048388523879 35.16381626093257 122.15357288083356 183.0 192.0 78.0
13.760445404545875 35.59932216452427 122.15522699974574 151.0 159.0 59.0
13.76040692385296 36.03482806811596 122.1568811186579 94.0 105.0 32.0
14.195829644987523 31.679730551506108 122.16059187700762 78.0 80.0 42.0
14.195791164294608 32.11523645509781 122.16224599591982 147.0 152.0 68.0
14.195752683601697 32.5507423586895 122.16390011483199 154.0 160.0 66.0
14.195714202908782 32.986248262281194 122.16555423374416 167.0 174.0 64.0
14.195675722215867 33.42175416587288 122.16720835265636 180.0 188.0 61.0
14.195637241522952 33.85726006946457 122.16886247156853 189.0 197.0 54.0
14.195598760830038 34.29276597305627 122.1705165904807 187.0 197.0 55.0
14.195560280137123 34.72827187664796 122.17217070939287 188.0 198.0 64.0
14.195521799444208 35.16377778023966 122.17382482830507 187.0 196.0 78.0
14.195483318751295 35.59928368383135 122.17547894721724 93.0 100.0 28.0
14.63082907850003 32.11519797440489 122.1824979433913 161.0 164.0 82.0
14.630790597807119 32.55070387799658 122.1841520623035 170.0 175.0 80.0
14.630752117114204 32.98620978158828 122.1858061812157 175.0 182.0 75.0
14.63071363642129 33.42171568517997 122.18746030012787 173.0 183.0 61.0
14.630675155728376 33.85722158877166 122.18911441904004 174.0 186.0 53.0
14.630636675035461 34.292727492363355 122.19076853795221 172.0 183.0 54.0
14.630598194342546 34.72823339595505 122.19242265686438 156.0 164.0 56.0
14.630559713649632 35.16373929954675 122.19407677577655 146.0 150.0 77.0
14.630521232956717 35.59924520313844 122.19573089468875 102.0 106.0 47.0
15.065905473398368 31.679653590120285 122.20109577195063 140.0 140.0 85.0
15.065866992705454 32.11515949371198 122.2027498908628 175.0 177.0 92.0
15.065828512012542 32.55066539730367 122.20440400977498 174.0 177.0 82.0
15.065790031319628 32.986171300895364 122.20605812868718 169.0 174.0 68.0
15.065751550626713 33.421677204487054 122.20771224759937 164.0 173.0 57.0
15.065713069933798 33.85718310807874 122.20936636651155 149.0 162.0 43.0
15.065674589240883 34.29268901167044 122.21102048542372 144.0 156.0 42.0
15.06563610854797 34.72819491526214 122.21267460433589 141.0 151.0 47.0
15.065597627855055 35.16370081885383 122.21432872324809 111.0 118.0 44.0
15.500943387603792 31.67961510942737 122.22134771942214 151.0 150.0 97.0
15.500904906910877 32.11512101301906 122.22300183833431 166.0 169.0 83.0
15.500866426217966 32.55062691661075 122.22465595724651 162.0 165.0 67.0
15.500827945525051 32.98613282020245 122.22631007615868 153.0 158.0 53.0
15.500789464832136 33.42163872379414 122.22796419507085 145.0 153.0 45.0
15.500750984139222 33.85714462738583 122.22961831398305 124.0 137.0 31.0
15.500712503446307 34.292650530977525 122.23127243289522 120.0 133.0 32.0
15.500674022753392 34.72815643456922 122.23292655180742 104.0 118.0 26.0
15.500635542060477 35.16366233816092 122.2345806707196 116.0 123.0 39.0
15.935942821116297 32.11508253232615 122.24325378580585 144.0 149.0 64.0
15.935904340423386 32.55058843591784 122.24490790471802 140.0 144.0 49.0
15.935865859730471 32.986094339509535 122.24656202363019 132.0 139.0 38.0
15.935827379037557 33.421600243101224 122.24821614254236 126.0 135.0 33.0
12.435233637229759 33.85575987332406 122.52288945289925 152.0 151.0 126.0
12.435195156536844 34.29126577691575 122.52454357181142 191.0 192.0 133.0
12.43515667584393 34.72677168050744 122.52619769072359 171.0 176.0 99.0
12.435118195151016 35.16227758409914 122.52785180963576 122.0 125.0 67.0
12.870348512821009 32.98470958544776 122.53983316254636 151.0 149.0 110.0
12.870310032128094 33.42021548903945 122.54148728145856 196.0 195.0 130.0
12.870271551435179 33.855721392631146 122.54314140037073 189.0 191.0 113.0
12.870233070742264 34.291227296222836 122.54479551928293 194.0 197.0 112.0
12.87019459004935 34.72673319981453 122.5464496381951 200.0 203.0 113.0
12.870156109356435 35.16223910340622 122.54810375710727 206.0 204.0 116.0
12.870117628663522 35.59774500699792 122.54975787601944 126.0 125.0 82.0
13.30538642702643 32.984671104754845 122.5600851100179 179.0 181.0 107.0
13.305347946333518 33.420177008346535 122.56173922893007 182.0 186.0 98.0
13.305309465640603 33.85568291193823 122.56339334784224 185.0 190.0 89.0
13.305270984947688 34.29118881552992 122.56504746675441 188.0 195.0 89.0
13.305232504254773 34.72669471912162 122.5667015856666 189.0 195.0 90.0
13.305194023561858 35.162200622713314 122.56835570457878 169.0 173.0 91.0
13.305155542868944 35.597706526305004 122.57000982349098 121.0 123.0 69.0
13.305117062176029 36.0332124298967 122.57166394240315 152.0 159.0 75.0
13.74050130261768 32.113620816878544 122.57702881966503 129.0 129.0 86.0
13.740462821924769 32.549126720470234 122.57868293857723 164.0 168.0 97.0
13.740424341231854 32.98463262406193 122.5803370574894 170.0 174.0 85.0
13.74038586053894 33.42013852765362 122.58199117640157 175.0 180.0 74.0
13.740347379846025 33.85564443124532 122.58364529531374 184.0 191.0 68.0
13.74030889915311 34.291150334837006 122.58529941422591 188.0 196.0 73.0
13.740270418460197 34.7266562384287 122.58695353313809 185.0 193.0 72.0
13.740231937767282 35.1621621420204 122.58860765205029 162.0 167.0 65.0
13.740193457074367 35.59766804561209 122.59026177096248 115.0 123.0 42.0
13.740154976381453 36.033173949203785 122.59191588987466 89.0 96.0 30.0
14.175539216823102 32.11358233618563 122.59728076713654 144.0 147.0 80.0
14.175500736130191 32.549088239777326 122.59893488604874 159.0 162.0 81.0
14.175462255437276 32.984594143369016 122.60058900496091 165.0 169.0 71.0
14.175423774744361 33.420100046960705 122.60224312387308 173.0 180.0 63.0
14.175385294051447 33.8556059505524 122.60389724278525 186.0 195.0 62.0
14.175346813358532 34.29111185414409 122.60555136169742 192.0 201.0 69.0
14.175308332665617 34.72661775773579 122.60720548060962 190.0 199.0 73.0
14.175269851972702 35.162123661327485 122.6088595995218 186.0 194.0 78.0
14.610577131028524 32.113543855492715 122.61753271460805 167.0 168.0 95.0
14.610538650335613 32.54904975908441 122.61918683352022 175.0 177.0 94.0
14.610500169642698 32.9845556626761 122.62084095243239 178.0 182.0 85.0
14.610461688949785 33.42006156626779 122.62249507134459 172.0 179.0 69.0
14.61042320825687 33.85556746985949 122.62414919025676 180.0 189.0 68.0
14.610384727563956 34.29107337345118 122.62580330916896 185.0 194.0 76.0
14.61034624687104 34.72657927704288 122.62745742808113 181.0 189.0 81.0
14.610307766178126 35.16208518063457 122.6291115469933 144.0 145.0 86.0
15.045653525926863 31.677999471208107 122.63613054316738 119.0 119.0 82.0
15.045615045233948 32.1135053747998 122.63778466207955 177.0 179.0 101.0
15.045576564541037 32.5490112783915 122.63943878099172 174.0 175.0 89.0
15.045538083848122 32.984517181983186 122.6410928999039 174.0 179.0 83.0
15.045499603155207 33.420023085574876 122.64274701881607 161.0 167.0 62.0
15.045461122462292 33.85552898916657 122.64440113772827 163.0 174.0 64.0
15.045422641769377 34.29103489275826 122.64605525664047 155.0 165.0 60.0
15.045384161076464 34.726540796349965 122.64770937555264 125.0 132.0 50.0
15.480691440132286 31.677960990515196 122.65638249063889 88.0 86.0 58.0
15.480652959439372 32.113466894106885 122.65803660955106 165.0 168.0 87.0
15.48061447874646 32.54897279769858 122.65969072846323 165.0 166.0 76.0
15.480575998053546 32.98447870129027 122.6613448473754 158.0 161.0 64.0
15.48053751736063 33.41998460488196 122.66299896628757 147.0 152.0 54.0
15.480499036667716 33.85549050847366 122.66465308519977 141.0 150.0 52.0
15.480460555974801 34.29099641206535 122.66630720411194 130.0 139.0 48.0
15.480422075281886 34.72650231565705 122.66796132302414 92.0 99.0 34.0
15.915690873644792 32.11342841341397 122.67828855702257 154.0 160.0 79.0
15.91565239295188 32.54893431700567 122.67994267593474 148.0 151.0 61.0
15.915613912258966 32.98444022059736 122.68159679484691 140.0 144.0 51.0
15.915575431566051 33.419946124189046 122.68325091375911 138.0 143.0 48.0
12.414943209065338 34.28961165800357 122.95957834302814 165.0 165.0 112.0
12.414904728372424 34.72511756159526 122.96123246194031 144.0 149.0 84.0
12.41486624767951 35.16062346518695 122.96288658085251 108.0 111.0 61.0
12.850058084656588 33.41856137012727 122.97652205267528 198.0 195.0 145.0
12.850019603963673 33.85406727371896 122.97817617158745 205.0 204.0 135.0
12.849981123270759 34.28957317731066 122.97983029049965 205.0 206.0 127.0
12.849942642577844 34.72507908090235 122.98148440941185 211.0 209.0 126.0
12.849904161884929 35.16058498449404 122.98313852832402 175.0 171.0 103.0
12.849865681192016 35.59609088808574 122.98479264723619 101.0 100.0 68.0
13.285134479554925 32.98301698584266 122.99511988123461 182.0 182.0 118.0
13.285095998862012 33.41852288943436 122.99677400014679 194.0 195.0 117.0
13.285057518169097 33.854028793026046 122.99842811905896 196.0 199.0 107.0
13.285019037476182 34.28953469661774 123.00008223797116 196.0 200.0 101.0
13.284980556783268 34.72504060020943 123.00173635688333 194.0 199.0 98.0
13.284942076090353 35.16054650380113 123.00339047579553 133.0 133.0 80.0
13.284903595397438 35.596052407392826 123.0050445947077 114.0 116.0 62.0
13.720210874453263 32.547472601558056 123.01371770979395 165.0 167.0 108.0
13.720172393760349 32.982978505149745 123.01537182870612 172.0 176.0 96.0
13.720133913067434 33.41848440874144 123.0170259476183 179.0 183.0 87.0
13.720095432374519 33.85399031233313 123.0186800665305 188.0 193.0 80.0
13.720056951681604 34.28949621592483 123.02033418544266 192.0 199.0 83.0
13.720018470988691 34.72500211951652 123.02198830435484 189.0 197.0 81.0
13.719979990295776 35.160508023108214 123.023642423267 94.0 96.0 32.0
14.155287269351593 32.11192821727345 123.03231553835326 104.0 105.0 65.0
14.155248788658682 32.54743412086514 123.03396965726543 157.0 157.0 86.0
14.155210307965767 32.98294002445683 123.03562377617763 162.0 165.0 75.0
14.155171827272852 33.41844592804853 123.03727789508983 163.0 167.0 59.0
14.155133346579937 33.85395183164022 123.038932014002 183.0 189.0 68.0
14.155094865887023 34.28945773523191 123.04058613291417 196.0 203.0 84.0
14.15505638519411 34.7249636388236 123.04224025182634 195.0 203.0 88.0
14.155017904501195 35.1604695424153 123.04389437073851 149.0 155.0 58.0
14.590325183557017 32.11188973658054 123.05256748582477 169.0 170.0 110.0
14.590286702864105 32.547395640172226 123.05422160473694 172.0 173.0 98.0
14.59024822217119 32.982901543763916 123.05587572364914 170.0 171.0 84.0
14.590209741478276 33.41840744735561 123.05752984256131 167.0 170.0 70.0
14.590171260785361 33.8539133509473 123.05918396147351 193.0 198.0 91.0
14.590132780092446 34.289419254539 123.06083808038568 201.0 206.0 102.0
14.590094299399532 34.724925158130695 123.06249219929785 192.0 195.0 108.0
15.025363097762439 32.11185125588762 123.07281943329627 174.0 174.0 102.0
15.025324617069527 32.54735715947931 123.07447355220845 171.0 172.0 93.0
15.025286136376613 32.98286306307101 123.07612767112064 171.0 173.0 87.0
15.025247655683698 33.4183689666627 123.07778179003282 163.0 165.0 70.0
15.025209174990785 33.85387487025439 123.07943590894499 177.0 182.0 86.0
15.02517069429787 34.289380773846084 123.08109002785719 158.0 163.0 81.0
15.460401011967862 32.11181277519471 123.09307138076778 174.0 176.0 101.0
15.460362531274951 32.5473186787864 123.09472549967998 170.0 171.0 88.0
15.460324050582036 32.98282458237809 123.09637961859215 165.0 167.0 80.0
15.460285569889122 33.41833048596978 123.09803373750432 158.0 161.0 73.0
15.460247089196207 33.85383638956147 123.0996878564165 140.0 142.0 66.0
15.895438926173282 32.11177429450179 123.11332332823929 164.0 170.0 95.0
15.895400445480371 32.54728019809348 123.11497744715149 163.0 167.0 82.0
15.895361964787456 32.98278610168518 123.11663156606366 157.0 161.0 74.0
12.394652780900918 34.723463442683084 123.39626723315706 79.0 83.0 41.0
12.829767656492168 33.85241315480678 123.4132109428042 222.0 219.0 164.0
12.829729175799253 34.28791905839847 123.41486506171637 219.0 217.0 150.0
12.829690695106338 34.72342496199017 123.41651918062854 209.0 209.0 131.0
12.829652214413423 35.15893086558186 123.41817329954074 87.0 87.0 59.0
12.82961373372051 35.594436769173555 123.41982741845291 88.0 88.0 61.0
13.264844051390506 33.41686877052217 123.43180877136354 206.0 206.0 135.0
13.264805570697591 33.85237467411387 123.4334628902757 205.0 207.0 122.0
13.264767090004677 34.28788057770556 123.43511700918788 204.0 207.0 114.0
13.264728609311762 34.723386481297254 123.43677112810005 200.0 205.0 108.0
13.264690128618847 35.15889238488895 123.43842524701222 93.0 94.0 51.0
13.264651647925932 35.59439828848064 123.44007936592442 94.0 95.0 55.0
13.699958926981758 32.54581848264588 123.44875248101067 99.0 99.0 67.0
13.699920446288843 32.98132438623757 123.45040659992284 167.0 169.0 92.0
13.699881965595928 33.41683028982926 123.45206071883504 174.0 177.0 85.0
13.699843484903013 33.85233619342095 123.45371483774721 192.0 197.0 93.0
13.699805004210099 34.28784209701264 123.45536895665938 198.0 204.0 97.0
13.699766523517185 34.72334800060434 123.45702307557156 200.0 206.0 98.0
13.69972804282427 35.158853904196036 123.45867719448376 77.0 80.0 28.0
14.135035321880087 32.110274098361266 123.46735030957001 118.0 119.0 79.0
14.134996841187176 32.54578000195296 123.46900442848218 155.0 156.0 84.0
14.134958360494261 32.98128590554465 123.47065854739435 154.0 155.0 68.0
14.134919879801346 33.41679180913634 123.47231266630652 151.0 151.0 54.0
14.134881399108432 33.85229771272804 123.47396678521872 172.0 175.0 65.0
14.134842918415517 34.28780361631973 123.47562090413089 198.0 203.0 94.0
14.134804437722604 34.723309519911425 123.47727502304309 209.0 212.0 112.0
14.570073236085511 32.11023561766835 123.48760225704152 95.0 94.0 60.0
14.5700347553926 32.54574152126005 123.48925637595369 161.0 161.0 89.0
14.569996274699685 32.98124742485174 123.49091049486586 162.0 164.0 81.0
14.56995779400677 33.41675332844343 123.49256461377803 163.0 166.0 74.0
14.569919313313855 33.852259232035124 123.4942187326902 195.0 199.0 102.0
14.56988083262094 34.28776513562681 123.4958728516024 208.0 210.0 123.0
14.569842351928026 34.72327103921852 123.4975269705146 129.0 129.0 93.0
15.005111150290933 32.11019713697544 123.50785420451302 153.0 154.0 96.0
15.005072669598022 32.54570304056713 123.5095083234252 168.0 169.0 91.0
15.005034188905107 32.98120894415882 123.51116244233737 170.0 173.0 92.0
15.004995708212192 33.41671484775051 123.51281656124954 181.0 182.0 104.0
15.004957227519279 33.85222075134221 123.51447068016174 148.0 146.0 84.0
15.440149064496357 32.11015865628252 123.5281061519845 175.0 176.0 103.0
15.440110583803445 32.54566455987422 123.5297602708967 183.0 185.0 106.0
15.44007210311053 32.98117046346591 123.53141438980887 187.0 189.0 113.0
15.440033622417616 33.4166763670576 123.53306850872104 164.0 163.0 102.0
15.875186978701777 32.11012017558961 123.54835809945601 162.0 164.0 105.0
15.875148498008866 32.545626079181304 123.55001221836818 191.0 192.0 121.0
15.87511001731595 32.98113198277299 123.55166633728038 188.0 188.0 121.0
12.809477228327745 34.286264939486294 123.84989983293309 228.0 227.0 193.0
12.80943874763483 34.721770843077984 123.85155395184529 193.0 193.0 152.0
12.809400266941918 35.15727674666967 123.85320807075746 148.0 147.0 110.0
13.244592103918999 33.41521465160999 123.86684354258026 207.0 206.0 139.0
13.244553623226084 33.85072055520168 123.86849766149243 215.0 214.0 144.0
13.244515142533169 34.28622645879338 123.87015178040463 220.0 220.0 149.0
13.244476661840254 34.72173236238507 123.8718058993168 226.0 227.0 155.0
13.24443818114734 35.157238265976765 123.87346001822897 104.0 105.0 67.0
13.679668498817335 32.97967026732538 123.88544137113956 128.0 126.0 75.0
13.67963001812442 33.41517617091708 123.88709549005173 182.0 185.0 100.0
13.679591537431506 33.85068207450877 123.88874960896396 198.0 201.0 108.0
13.679553056738593 34.286187978100465 123.89040372787613 209.0 211.0 118.0
13.679514576045678 34.721693881692154 123.8920578467883 217.0 219.0 129.0
14.11474489371567 32.54412588304078 123.9040391996989 141.0 140.0 87.0
14.114706413022756 32.97963178663247 123.90569331861107 163.0 164.0 86.0
14.11466793232984 33.415137690224164 123.90734743752327 171.0 175.0 82.0
14.114629451636926 33.85064359381585 123.90900155643544 191.0 196.0 97.0
14.114590970944011 34.28614949740755 123.91065567534764 201.0 205.0 107.0
14.114552490251098 34.72165540099924 123.91230979425981 197.0 201.0 106.0
14.549782807921094 32.54408740234786 123.92429114717041 184.0 186.0 119.0
14.54974432722818 32.97959330593956 123.9259452660826 198.0 199.0 127.0
14.549705846535264 33.41509920953125 123.92759938499478 201.0 203.0 124.0
14.54966736584235 33.85060511312294 123.92925350390695 204.0 205.0 125.0
14.549628885149435 34.286111016714635 123.93090762281912 176.0 176.0 124.0
14.984859202819427 32.10854301806326 123.94288897572974 110.0 111.0 71.0
14.984820722126516 32.54404892165495 123.94454309464192 193.0 193.0 127.0
14.984782241433601 32.979554825246645 123.94619721355411 205.0 204.0 142.0
14.984743760740686 33.415060728838334 123.94785133246629 212.0 211.0 154.0
15.41989711702485 32.108504537370344 123.96314092320122 166.0 167.0 108.0
15.41985863633194 32.54401044096203 123.96479504211342 196.0 195.0 135.0
15.419820155639025 32.97951634455373 123.96644916102562 172.0 171.0 120.0
15.854935031230271 32.10846605667743 123.98339287067276 124.0 123.0 88.0
15.85489655053736 32.54397196026912 123.98504698958493 118.0 116.0 87.0
13.224301675754578 33.84906643628951 124.30353243270918 176.0 174.0 140.0
13.224263195061663 34.2845723398812 124.30518655162135 180.0 179.0 147.0
13.659378070652915 33.4135220520049 124.32213026126848 195.0 196.0 127.0
13.65933958996 33.8490279555966 124.32378438018065 209.0 209.0 136.0
13.659301109267087 34.284533859188286 124.32543849909285 211.0 211.0 134.0
14.09445446555125 32.977977667720296 124.34072808982782 103.0 101.0 61.0
14.094415984858335 33.413483571311986 124.34238220873999 187.0 190.0 110.0
14.09437750416542 33.84898947490368 124.34403632765216 202.0 202.0 123.0
14.094339023472505 34.28449537849537 124.34569044656433 176.0 175.0 97.0
14.529530860449588 32.542433283435685 124.35932591838716 126.0 125.0 91.0
14.529492379756674 32.97793918702738 124.36098003729933 185.0 184.0 127.0
14.529453899063759 33.41344509061907 124.3626341562115 160.0 159.0 117.0
14.529415418370844 33.84895099421077 124.36428827512367 97.0 96.0 70.0
14.96456877465501 32.54239480274278 124.37957786585864 153.0 152.0 117.0
14.964530293962095 32.97790070633447 124.38123198477084 128.0 128.0 93.0
13.639087642488494 33.84737383668441 124.7588191513974 223.0 220.0 174.0
13.63904916179558 34.28287974027611 124.76047327030957 198.0 197.0 154.0
14.07416403738683 33.41182945239981 124.77741697995674 209.0 206.0 156.0
14.074125556693915 33.8473353559915 124.77907109886891 203.0 202.0 141.0
14.074087076001 34.28284125958319 124.78072521778108 93.0 93.0 51.0
