-1.096 -1.352 28.948 77.000 88.000 32.000
-1.551 -1.789 29.361 94.000 101.000 45.000
-1.551 -1.354 29.363 101.000 108.000 49.000
-1.551 -0.918 29.365 91.000 98.000 43.000
-1.116 -2.225 29.380 80.000 89.000 35.000
-1.116 -1.789 29.381 84.000 93.000 36.000
-1.116 -1.354 29.383 95.000 103.000 43.000
-1.116 -0.918 29.385 96.000 105.000 44.000
-0.681 -0.918 29.405 90.000 97.000 39.000
-1.571 -2.226 29.795 103.000 108.000 46.000
-1.571 -1.791 29.796 102.000 109.000 44.000
-1.571 -1.355 29.798 112.000 120.000 49.000
-1.571 -0.920 29.800 106.000 115.000 47.000
-1.571 -0.484 29.801 91.000 98.000 47.000
-1.136 -2.226 29.815 106.000 112.000 47.000
-1.136 -1.791 29.816 101.000 109.000 41.000
-1.136 -1.355 29.818 97.000 105.000 40.000
-1.136 -0.920 29.820 101.000 109.000 45.000
-1.136 -0.484 29.821 115.000 123.000 59.000
-0.701 -2.226 29.835 89.000 98.000 29.000
-0.701 -1.791 29.837 89.000 97.000 30.000
-0.701 -1.355 29.838 74.000 83.000 27.000
-0.701 -0.920 29.840 85.000 93.000 34.000
-0.701 -0.484 29.842 86.000 95.000 36.000
-0.266 -0.920 29.860 77.000 86.000 33.000
-0.266 -0.484 29.862 85.000 95.000 35.000
-2.027 -1.792 30.211 87.000 91.000 44.000
-2.027 -1.357 30.213 113.000 118.000 57.000
-2.027 -0.921 30.214 119.000 126.000 59.000
-2.027 -0.486 30.216 82.000 87.000 43.000
-1.591 -2.664 30.228 101.000 103.000 54.000
-1.592 -2.228 30.230 115.000 120.000 50.000
-1.592 -1.792 30.231 125.000 130.000 56.000
-1.592 -1.357 30.233 136.000 141.000 63.000
-1.592 -0.921 30.235 136.000 142.000 64.000
-1.592 -0.486 30.236 133.000 139.000 68.000
-1.592 -0.050 30.238 104.000 109.000 61.000
-1.156 -2.664 30.248 113.000 116.000 56.000
-1.156 -2.228 30.250 124.000 129.000 52.000
-1.157 -1.793 30.252 126.000 130.000 53.000
-1.157 -1.357 30.253 127.000 134.000 55.000
-1.157 -0.922 30.255 119.000 126.000 49.000
-1.157 -0.486 30.256 132.000 138.000 63.000
-1.157 -0.051 30.258 103.000 109.000 56.000
-0.721 -2.664 30.268 94.000 99.000 43.000
-0.721 -2.228 30.270 105.000 112.000 37.000
-0.721 -1.793 30.272 102.000 109.000 35.000
-0.722 -1.357 30.273 78.000 86.000 24.000
-0.286 -1.357 30.294 70.000 83.000 22.000
-2.047 -2.230 30.644 101.000 103.000 45.000
-2.047 -1.794 30.646 134.000 137.000 66.000
-2.047 -1.359 30.648 139.000 143.000 66.000
-2.047 -0.923 30.649 143.000 148.000 69.000
-2.047 -0.488 30.651 145.000 150.000 78.000
-2.047 -0.052 30.653 107.000 111.000 59.000
-1.612 -3.101 30.661 82.000 82.000 49.000
-1.612 -2.665 30.663 122.000 123.000 59.000
-1.612 -2.230 30.665 123.000 126.000 51.000
-1.612 -1.794 30.666 137.000 140.000 61.000
-1.612 -1.359 30.668 145.000 149.000 68.000
-1.612 -0.923 30.670 147.000 152.000 69.000
-1.612 -0.488 30.671 151.000 156.000 76.000
-1.612 -0.052 30.673 144.000 149.000 78.000
-1.177 -3.101 30.682 111.000 112.000 57.000
-1.177 -2.665 30.683 124.000 126.000 55.000
-1.177 -2.230 30.685 132.000 135.000 53.000
-1.177 -1.794 30.687 128.000 133.000 52.000
-1.177 -1.359 30.688 139.000 144.000 63.000
-1.177 -0.923 30.690 125.000 131.000 53.000
-1.177 -0.488 30.692 113.000 119.000 43.000
-1.177 -0.052 30.693 133.000 139.000 66.000
-0.742 -2.665 30.704 111.000 116.000 45.000
-0.742 -2.230 30.705 130.000 133.000 49.000
-0.742 -1.794 30.707 108.000 114.000 35.000
-0.742 -1.359 30.708 99.000 107.000 32.000
-0.742 -0.923 30.710 83.000 91.000 27.000
-0.742 -0.488 30.712 72.000 82.000 21.000
-0.742 -0.052 30.713 94.000 104.000 36.000
-0.307 -2.230 30.725 78.000 90.000 24.000
-0.307 -1.794 30.727 94.000 103.000 32.000
-0.307 -1.359 30.729 98.000 108.000 34.000
-0.307 -0.923 30.730 93.000 103.000 32.000
-2.502 -1.360 31.062 83.000 86.000 46.000
-2.502 -0.925 31.064 113.000 118.000 63.000
-2.502 -0.489 31.066 108.000 112.000 66.000
-2.067 -2.667 31.078 96.000 96.000 49.000
-2.067 -2.231 31.079 132.000 134.000 59.000
-2.067 -1.796 31.081 148.000 151.000 73.000
-2.067 -1.360 31.083 146.000 150.000 70.000
-2.067 -0.925 31.084 146.000 150.000 69.000
-2.067 -0.489 31.086 152.000 156.000 79.000
-2.067 -0.054 31.088 149.000 153.000 83.000
-2.067 0.382 31.089 92.000 95.000 59.000
-1.632 -3.102 31.096 114.000 113.000 58.000
-1.632 -2.667 31.098 129.000 129.000 58.000
-1.632 -2.231 31.100 137.000 140.000 58.000
-1.632 -1.796 31.101 146.000 150.000 67.000
-1.632 -1.360 31.103 150.000 154.000 69.000
-1.632 -0.925 31.105 153.000 156.000 71.000
-1.632 -0.489 31.106 154.000 158.000 74.000
-1.632 -0.054 31.108 150.000 155.000 76.000
-1.632 0.382 31.110 144.000 149.000 88.000
-1.197 -3.102 31.117 118.000 120.000 50.000
-1.197 -2.667 31.118 133.000 135.000 55.000
-1.197 -2.231 31.120 137.000 140.000 55.000
-1.197 -1.796 31.122 143.000 147.000 61.000
-1.197 -1.360 31.123 150.000 154.000 67.000
-1.197 -0.925 31.125 149.000 152.000 67.000
-1.197 -0.489 31.127 124.000 129.000 47.000
-1.197 -0.054 31.128 139.000 147.000 64.000
-1.197 0.382 31.130 123.000 129.000 71.000
-0.762 -3.102 31.137 92.000 100.000 31.000
-0.762 -2.667 31.139 115.000 122.000 41.000
-0.762 -2.231 31.140 130.000 134.000 45.000
-0.762 -1.796 31.142 118.000 122.000 38.000
-0.762 -1.360 31.144 117.000 123.000 41.000
-0.762 -0.925 31.145 99.000 105.000 34.000
-0.762 -0.054 31.148 107.000 117.000 39.000
-0.327 -2.667 31.159 72.000 82.000 23.000
-0.327 -2.231 31.160 100.000 108.000 36.000
-0.327 -1.796 31.162 97.000 106.000 34.000
-0.327 -1.360 31.164 114.000 121.000 47.000
-0.327 -0.925 31.165 101.000 111.000 36.000
-2.522 -1.362 31.498 86.000 89.000 46.000
-2.522 -0.926 31.499 107.000 111.000 57.000
-2.523 -0.491 31.501 126.000 132.000 74.000
-2.087 -2.668 31.513 102.000 102.000 50.000
-2.087 -2.233 31.514 142.000 145.000 66.000
-2.087 -1.797 31.516 154.000 158.000 77.000
-2.087 -1.362 31.518 152.000 157.000 73.000
-2.087 -0.926 31.519 153.000 158.000 73.000
-2.087 -0.491 31.521 161.000 166.000 84.000
-2.088 -0.055 31.523 157.000 162.000 89.000
-2.088 0.380 31.524 124.000 126.000 76.000
-1.652 -3.104 31.531 118.000 119.000 57.000
-1.652 -2.668 31.533 132.000 133.000 58.000
-1.652 -2.233 31.535 145.000 149.000 63.000
-1.652 -1.797 31.536 154.000 159.000 71.000
-1.652 -1.362 31.538 155.000 159.000 70.000
-1.652 -0.926 31.540 156.000 161.000 72.000
-1.652 -0.491 31.541 159.000 164.000 77.000
-1.652 -0.055 31.543 151.000 157.000 75.000
-1.653 0.380 31.545 150.000 155.000 87.000
-1.217 -3.540 31.550 77.000 81.000 35.000
-1.217 -3.104 31.552 121.000 125.000 49.000
-1.217 -2.669 31.553 135.000 138.000 55.000
-1.217 -2.233 31.555 144.000 148.000 58.000
-1.217 -1.797 31.557 150.000 155.000 64.000
-1.217 -1.362 31.558 150.000 155.000 63.000
-1.217 -0.926 31.560 151.000 156.000 64.000
-1.217 -0.491 31.562 142.000 148.000 58.000
-1.217 -0.055 31.563 139.000 146.000 62.000
-1.217 0.380 31.565 145.000 153.000 77.000
-0.782 -3.104 31.572 102.000 111.000 35.000
-0.782 -2.669 31.574 123.000 130.000 43.000
-0.782 -2.233 31.575 131.000 137.000 44.000
-0.782 -1.798 31.577 127.000 133.000 41.000
-0.782 -1.362 31.579 134.000 140.000 51.000
-0.782 -0.927 31.580 101.000 110.000 31.000
-0.782 -0.491 31.582 74.000 85.000 18.000
-0.782 -0.056 31.583 98.000 110.000 32.000
-0.782 0.380 31.585 84.000 90.000 41.000
-0.347 -2.233 31.595 90.000 100.000 28.000
-0.347 -1.798 31.597 92.000 102.000 29.000
-0.347 -1.362 31.599 108.000 117.000 40.000
-0.347 -0.927 31.600 109.000 119.000 40.000
0.088 -2.233 31.616 67.000 80.000 34.000
0.088 -0.927 31.621 75.000 86.000 32.000
-2.543 -2.235 31.929 106.000 107.000 58.000
-2.543 -1.799 31.931 114.000 117.000 66.000
-2.543 -1.364 31.933 97.000 100.000 51.000
-2.543 -0.928 31.934 120.000 125.000 63.000
-2.543 -0.493 31.936 139.000 144.000 84.000
-2.108 -2.670 31.948 104.000 104.000 49.000
-2.108 -2.235 31.950 147.000 150.000 66.000
-2.108 -1.799 31.951 152.000 157.000 73.000
-2.108 -1.364 31.953 153.000 158.000 73.000
-2.108 -0.928 31.954 158.000 163.000 74.000
-2.108 -0.493 31.956 168.000 174.000 89.000
-2.108 -0.057 31.958 165.000 171.000 93.000
-2.108 0.378 31.959 150.000 154.000 93.000
-1.672 -3.106 31.966 119.000 120.000 54.000
-1.673 -2.670 31.968 130.000 132.000 54.000
-1.673 -2.235 31.970 146.000 151.000 61.000
-1.673 -1.799 31.971 157.000 163.000 71.000
-1.673 -1.364 31.973 157.000 163.000 70.000
-1.673 -0.928 31.975 158.000 164.000 73.000
-1.673 -0.493 31.976 163.000 169.000 80.000
-1.673 -0.057 31.978 156.000 163.000 76.000
-1.673 0.378 31.980 155.000 161.000 87.000
-1.673 0.814 31.981 96.000 100.000 63.000
-1.237 -3.541 31.985 94.000 98.000 39.000
-1.237 -3.106 31.987 124.000 129.000 48.000
-1.237 -2.670 31.988 135.000 140.000 52.000
-1.238 -2.235 31.990 145.000 151.000 55.000
-1.238 -1.799 31.992 153.000 160.000 63.000
-1.238 -1.364 31.993 151.000 158.000 63.000
-1.238 -0.928 31.995 154.000 161.000 67.000
-1.238 -0.493 31.997 148.000 156.000 63.000
-1.238 -0.057 31.998 139.000 147.000 59.000
-1.238 0.378 32.000 141.000 149.000 71.000
-0.802 -3.106 32.007 118.000 127.000 39.000
-0.802 -2.670 32.009 129.000 137.000 42.000
-0.802 -2.235 32.010 134.000 142.000 43.000
-0.803 -1.799 32.012 133.000 141.000 44.000
-0.803 -1.364 32.014 126.000 134.000 41.000
-0.803 -0.928 32.015 116.000 124.000 39.000
-0.803 -0.493 32.017 97.000 109.000 25.000
-0.803 -0.057 32.019 88.000 102.000 23.000
-0.803 0.378 32.020 96.000 104.000 44.000
-0.367 -1.799 32.032 90.000 100.000 25.000
-0.368 -1.364 32.034 109.000 118.000 38.000
-0.368 -0.928 32.035 113.000 121.000 41.000
0.067 -0.928 32.056 82.000 85.000 50.000
-2.563 -2.236 32.364 113.000 115.000 64.000
-2.563 -1.801 32.366 129.000 133.000 75.000
-2.563 -1.365 32.368 86.000 90.000 45.000
-2.563 -0.930 32.369 83.000 88.000 41.000
-2.563 -0.494 32.371 142.000 148.000 84.000
-2.563 -0.059 32.373 105.000 107.000 67.000
-2.128 -3.107 32.381 100.000 99.000 53.000
-2.128 -2.672 32.383 133.000 135.000 62.000
-2.128 -2.236 32.385 151.000 156.000 67.000
-2.128 -1.801 32.386 156.000 161.000 72.000
-2.128 -1.365 32.388 158.000 164.000 70.000
-2.128 -0.930 32.390 162.000 170.000 73.000
-2.128 -0.494 32.391 176.000 183.000 91.000
-2.128 -0.059 32.393 172.000 180.000 96.000
-2.128 0.377 32.394 159.000 165.000 97.000
-1.693 -3.107 32.401 122.000 123.000 54.000
-1.693 -2.672 32.403 137.000 141.000 57.000
-1.693 -2.236 32.405 151.000 157.000 61.000
-1.693 -1.801 32.406 156.000 161.000 66.000
-1.693 -1.365 32.408 159.000 166.000 69.000
-1.693 -0.930 32.410 165.000 173.000 74.000
-1.693 -0.494 32.411 164.000 173.000 76.000
-1.693 -0.059 32.413 159.000 167.000 78.000
-1.693 0.377 32.415 151.000 157.000 82.000
-1.693 0.812 32.416 106.000 110.000 68.000
-1.258 -3.543 32.420 110.000 112.000 41.000
-1.258 -3.107 32.422 129.000 134.000 46.000
-1.258 -2.672 32.423 141.000 147.000 53.000
-1.258 -2.236 32.425 152.000 160.000 59.000
-1.258 -1.801 32.427 145.000 150.000 49.000
-1.258 -1.365 32.428 147.000 153.000 58.000
-1.258 -0.930 32.430 155.000 163.000 67.000
-1.258 -0.494 32.432 147.000 156.000 61.000
-1.258 -0.059 32.433 146.000 155.000 64.000
-1.258 0.377 32.435 144.000 151.000 70.000
-1.258 0.812 32.437 105.000 110.000 62.000
-0.823 -3.543 32.440 83.000 91.000 25.000
-0.823 -3.107 32.442 124.000 134.000 37.000
-0.823 -2.672 32.444 135.000 145.000 44.000
-0.823 -2.236 32.445 134.000 145.000 43.000
-0.823 -1.801 32.447 125.000 136.000 37.000
-0.823 -1.365 32.449 123.000 134.000 39.000
-0.823 -0.930 32.450 124.000 135.000 43.000
-0.823 -0.494 32.452 113.000 124.000 37.000
-0.823 -0.059 32.454 86.000 97.000 24.000
-0.823 0.377 32.455 97.000 106.000 42.000
-0.388 -1.801 32.467 93.000 103.000 26.000
-0.388 -1.365 32.469 105.000 114.000 34.000
-0.388 -0.930 32.471 135.000 142.000 57.000
-0.388 -0.494 32.472 80.000 88.000 26.000
0.047 -0.930 32.491 102.000 106.000 48.000
-2.583 -2.238 32.799 146.000 149.000 86.000
-2.583 -1.802 32.801 143.000 147.000 82.000
-2.583 -1.367 32.803 134.000 140.000 71.000
-2.583 -0.931 32.804 137.000 144.000 73.000
-2.583 -0.496 32.806 146.000 152.000 88.000
-2.583 -0.060 32.808 107.000 110.000 67.000
-2.148 -3.109 32.816 96.000 96.000 47.000
-2.148 -2.673 32.818 143.000 144.000 68.000
-2.148 -2.238 32.820 166.000 170.000 81.000
-2.148 -1.802 32.821 165.000 170.000 80.000
-2.148 -1.367 32.823 163.000 169.000 75.000
-2.148 -0.931 32.825 171.000 179.000 83.000
-2.148 -0.496 32.826 180.000 189.000 95.000
-2.148 -0.060 32.828 170.000 178.000 92.000
-2.148 0.375 32.830 154.000 160.000 92.000
-1.713 -3.544 32.835 104.000 104.000 51.000
-1.713 -3.109 32.837 127.000 129.000 55.000
-1.713 -2.673 32.838 146.000 149.000 62.000
-1.713 -2.238 32.840 161.000 167.000 67.000
-1.713 -1.802 32.841 167.000 175.000 75.000
-1.713 -1.367 32.843 166.000 173.000 74.000
-1.713 -0.931 32.845 167.000 175.000 75.000
-1.713 -0.496 32.846 170.000 179.000 81.000
-1.713 -0.060 32.848 159.000 168.000 77.000
-1.713 0.375 32.850 159.000 166.000 86.000
-1.713 0.811 32.851 112.000 116.000 71.000
-1.278 -3.544 32.855 118.000 120.000 48.000
-1.278 -3.109 32.857 136.000 139.000 52.000
-1.278 -2.673 32.858 144.000 149.000 52.000
-1.278 -2.238 32.860 156.000 163.000 55.000
-1.278 -1.802 32.862 161.000 169.000 63.000
-1.278 -1.367 32.863 166.000 173.000 69.000
-1.278 -0.931 32.865 167.000 174.000 74.000
-1.278 -0.496 32.867 158.000 167.000 69.000
-1.278 -0.060 32.868 147.000 155.000 64.000
-1.278 0.375 32.870 147.000 155.000 73.000
-1.278 0.811 32.872 115.000 120.000 71.000
-0.843 -3.545 32.875 107.000 113.000 37.000
-0.843 -3.109 32.877 133.000 139.000 41.000
-0.843 -2.674 32.879 131.000 140.000 36.000
-0.843 -2.238 32.880 116.000 127.000 25.000
-0.843 -1.802 32.882 118.000 129.000 30.000
-0.843 -1.367 32.884 123.000 132.000 35.000
-0.843 -0.931 32.885 140.000 144.000 48.000
-0.843 -0.496 32.887 148.000 155.000 59.000
-0.843 -0.060 32.889 104.000 112.000 32.000
-0.843 0.375 32.890 118.000 127.000 50.000
-0.408 -2.674 32.899 82.000 94.000 19.000
-0.408 -2.238 32.901 80.000 93.000 19.000
-0.408 -1.803 32.902 85.000 95.000 22.000
-0.408 -1.367 32.904 129.000 136.000 48.000
-0.408 -0.932 32.906 139.000 145.000 57.000
-0.408 -0.496 32.907 143.000 149.000 67.000
-0.408 -0.061 32.909 87.000 95.000 25.000
-0.408 0.375 32.911 74.000 82.000 29.000
0.027 -1.367 32.924 87.000 94.000 30.000
0.027 -0.932 32.926 126.000 131.000 56.000
0.027 -0.496 32.927 135.000 139.000 75.000
-2.603 -2.675 33.233 95.000 95.000 53.000
-2.603 -2.239 33.234 156.000 159.000 94.000
-2.603 -1.804 33.236 153.000 157.000 90.000
-2.603 -1.368 33.238 128.000 132.000 67.000
-2.603 -0.933 33.239 124.000 130.000 68.000
-2.604 -0.497 33.241 127.000 131.000 79.000
-2.168 -3.111 33.251 112.000 112.000 54.000
-2.168 -2.675 33.253 150.000 152.000 73.000
-2.168 -2.240 33.255 168.000 172.000 83.000
-2.168 -1.804 33.256 170.000 176.000 83.000
-2.168 -1.369 33.258 165.000 171.000 76.000
-2.168 -0.933 33.260 174.000 182.000 85.000
-2.168 -0.498 33.261 180.000 189.000 95.000
-2.169 -0.062 33.263 167.000 175.000 87.000
-2.169 0.373 33.265 150.000 157.000 84.000
-1.733 -3.546 33.270 103.000 102.000 53.000
-1.733 -3.111 33.272 129.000 130.000 58.000
-1.733 -2.675 33.273 150.000 153.000 64.000
-1.733 -2.240 33.275 163.000 168.000 66.000
-1.733 -1.804 33.277 166.000 172.000 71.000
-1.733 -1.369 33.278 170.000 176.000 76.000
-1.733 -0.933 33.280 174.000 182.000 82.000
-1.733 -0.498 33.281 171.000 180.000 81.000
-1.733 -0.062 33.283 160.000 169.000 75.000
-1.734 0.373 33.285 159.000 167.000 83.000
-1.734 0.809 33.286 112.000 117.000 65.000
-1.298 -3.546 33.290 127.000 127.000 57.000
-1.298 -3.111 33.292 135.000 138.000 54.000
-1.298 -2.675 33.293 146.000 150.000 54.000
-1.298 -2.240 33.295 158.000 165.000 55.000
-1.298 -1.804 33.297 163.000 170.000 62.000
-1.298 -1.369 33.298 166.000 173.000 69.000
-1.298 -0.933 33.300 175.000 180.000 79.000
-1.298 -0.498 33.302 171.000 180.000 81.000
-1.298 -0.062 33.303 148.000 156.000 62.000
-1.298 0.373 33.305 150.000 159.000 73.000
-1.299 0.809 33.307 79.000 84.000 39.000
-0.863 -3.546 33.310 107.000 109.000 43.000
-0.863 -3.111 33.312 128.000 132.000 42.000
-0.863 -2.675 33.314 130.000 137.000 35.000
-0.863 -2.240 33.315 137.000 147.000 32.000
-0.863 -1.804 33.317 147.000 156.000 45.000
-0.863 -1.369 33.319 146.000 153.000 47.000
-0.863 -0.933 33.320 161.000 165.000 68.000
-0.863 -0.498 33.322 191.000 196.000 99.000
-0.863 -0.062 33.324 104.000 111.000 30.000
-0.863 0.373 33.325 74.000 83.000 23.000
-0.428 -2.675 33.334 74.000 84.000 16.000
-0.428 -2.240 33.336 72.000 85.000 15.000
-0.428 -1.804 33.337 78.000 89.000 17.000
-0.428 -1.369 33.339 107.000 117.000 29.000
-0.428 -0.933 33.341 147.000 153.000 59.000
-0.428 -0.498 33.342 142.000 150.000 58.000
0.007 -0.933 33.361 93.000 96.000 41.000
0.007 -0.498 33.362 118.000 122.000 60.000
-2.624 -2.677 33.668 97.000 97.000 56.000
-2.624 -2.241 33.669 149.000 152.000 92.000
-2.624 -1.806 33.671 134.000 137.000 79.000
-2.624 -1.370 33.673 89.000 92.000 46.000
-2.624 -0.935 33.674 117.000 121.000 66.000
-2.624 -0.499 33.676 133.000 138.000 85.000
-2.189 -3.112 33.686 113.000 113.000 56.000
-2.189 -2.677 33.688 154.000 154.000 75.000
-2.189 -2.241 33.690 169.000 173.000 84.000
-2.189 -1.806 33.691 169.000 175.000 82.000
-2.189 -1.370 33.693 168.000 174.000 78.000
-2.189 -0.935 33.695 177.000 185.000 88.000
-2.189 -0.499 33.696 181.000 189.000 95.000
-2.189 -0.064 33.698 166.000 175.000 84.000
-2.189 0.372 33.700 154.000 161.000 84.000
-1.753 -3.548 33.705 109.000 108.000 57.000
-1.753 -3.112 33.707 135.000 136.000 64.000
-1.754 -2.677 33.708 153.000 155.000 67.000
-1.754 -2.241 33.710 165.000 169.000 68.000
-1.754 -1.806 33.712 164.000 169.000 67.000
-1.754 -1.370 33.713 169.000 175.000 75.000
-1.754 -0.935 33.715 177.000 184.000 84.000
-1.754 -0.499 33.717 173.000 182.000 81.000
-1.754 -0.064 33.718 160.000 169.000 73.000
-1.754 0.372 33.720 161.000 169.000 82.000
-1.754 0.807 33.721 97.000 102.000 52.000
-1.318 -3.983 33.724 89.000 88.000 48.000
-1.318 -3.548 33.725 128.000 128.000 59.000
-1.318 -3.112 33.727 136.000 138.000 56.000
-1.318 -2.677 33.728 147.000 151.000 56.000
-1.319 -2.241 33.730 157.000 163.000 54.000
-1.319 -1.806 33.732 161.000 167.000 59.000
-1.319 -1.370 33.733 164.000 169.000 65.000
-1.319 -0.935 33.735 174.000 180.000 80.000
-1.319 -0.499 33.737 175.000 184.000 82.000
-1.319 -0.064 33.738 149.000 157.000 62.000
-1.319 0.372 33.740 144.000 153.000 63.000
-1.319 0.807 33.742 75.000 80.000 35.000
-0.883 -3.548 33.745 110.000 110.000 46.000
-0.883 -3.112 33.747 114.000 119.000 36.000
-0.883 -2.677 33.749 126.000 133.000 35.000
-0.883 -2.241 33.750 145.000 154.000 37.000
-0.884 -1.806 33.752 152.000 160.000 47.000
-0.884 -1.370 33.754 145.000 151.000 46.000
-0.884 -0.935 33.755 160.000 165.000 69.000
-0.884 -0.499 33.757 203.000 205.000 111.000
-0.884 -0.064 33.759 97.000 106.000 26.000
-0.448 -2.677 33.769 75.000 87.000 19.000
-0.448 -2.241 33.771 75.000 89.000 16.000
-0.448 -1.806 33.772 92.000 104.000 23.000
-0.449 -1.370 33.774 102.000 113.000 27.000
-0.449 -0.935 33.776 132.000 138.000 45.000
-0.449 -0.499 33.777 113.000 120.000 35.000
-2.644 -2.243 34.104 127.000 129.000 80.000
-2.644 -1.807 34.106 108.000 111.000 61.000
-2.644 -0.936 34.109 120.000 124.000 72.000
-2.644 -0.501 34.111 148.000 153.000 95.000
-2.644 -0.065 34.113 81.000 83.000 50.000
-2.209 -3.114 34.121 110.000 109.000 57.000
-2.209 -2.678 34.123 157.000 158.000 82.000
-2.209 -2.243 34.125 175.000 179.000 91.000
-2.209 -1.807 34.126 168.000 173.000 82.000
-2.209 -1.372 34.128 169.000 174.000 80.000
-2.209 -0.936 34.130 176.000 183.000 87.000
-2.209 -0.501 34.131 182.000 190.000 96.000
-2.209 -0.065 34.133 170.000 179.000 87.000
-2.209 0.370 34.135 161.000 168.000 90.000
-1.774 -3.549 34.140 117.000 116.000 62.000
-1.774 -3.114 34.142 142.000 143.000 68.000
-1.774 -2.678 34.143 154.000 156.000 69.000
-1.774 -2.243 34.145 162.000 166.000 68.000
-1.774 -1.807 34.147 162.000 168.000 68.000
-1.774 -1.372 34.148 163.000 169.000 70.000
-1.774 -0.936 34.150 175.000 183.000 83.000
-1.774 -0.501 34.152 174.000 184.000 83.000
-1.774 -0.065 34.153 168.000 178.000 81.000
-1.774 0.370 34.155 163.000 172.000 84.000
-1.774 0.806 34.157 86.000 91.000 46.000
-1.339 -3.985 34.159 80.000 80.000 41.000
-1.339 -3.549 34.160 121.000 122.000 54.000
-1.339 -3.114 34.162 137.000 140.000 56.000
-1.339 -2.678 34.164 145.000 149.000 56.000
-1.339 -2.243 34.165 151.000 156.000 52.000
-1.339 -1.807 34.167 150.000 156.000 52.000
-1.339 -1.372 34.168 158.000 163.000 61.000
-1.339 -0.936 34.170 168.000 175.000 74.000
-1.339 -0.501 34.172 163.000 172.000 72.000
-1.339 -0.065 34.173 161.000 171.000 74.000
-1.339 0.370 34.175 138.000 148.000 59.000
-0.904 -3.549 34.180 87.000 92.000 29.000
-0.904 -3.114 34.182 108.000 115.000 33.000
-0.904 -2.678 34.184 111.000 120.000 29.000
-0.904 -2.243 34.185 120.000 130.000 27.000
-0.904 -1.807 34.187 143.000 151.000 43.000
-0.904 -1.372 34.189 117.000 124.000 32.000
-0.904 -0.936 34.190 136.000 139.000 49.000
-0.904 -0.501 34.192 192.000 195.000 108.000
-0.904 -0.065 34.194 74.000 86.000 16.000
-0.469 -2.679 34.204 72.000 84.000 19.000
-0.469 -2.243 34.206 79.000 93.000 19.000
-0.469 -1.807 34.207 85.000 97.000 20.000
-0.469 -1.372 34.209 91.000 101.000 24.000
-0.469 -0.936 34.211 82.000 85.000 29.000
-2.664 -2.244 34.539 151.000 152.000 98.000
-2.664 -1.809 34.541 137.000 141.000 77.000
-2.664 -1.373 34.543 125.000 129.000 74.000
-2.664 -0.938 34.544 133.000 136.000 83.000
-2.664 -0.502 34.546 98.000 101.000 63.000
-2.664 -0.067 34.548 88.000 92.000 55.000
-2.229 -3.551 34.555 98.000 97.000 56.000
-2.229 -3.116 34.556 106.000 105.000 55.000
-2.229 -2.680 34.558 157.000 159.000 83.000
-2.229 -2.245 34.560 178.000 182.000 97.000
-2.229 -1.809 34.561 169.000 173.000 86.000
-2.229 -1.373 34.563 177.000 183.000 90.000
-2.229 -0.938 34.565 183.000 188.000 94.000
-2.229 -0.502 34.566 180.000 188.000 94.000
-2.229 -0.067 34.568 175.000 184.000 91.000
-2.229 0.369 34.570 157.000 164.000 91.000
-1.794 -3.551 34.575 124.000 126.000 66.000
-1.794 -3.116 34.577 144.000 146.000 70.000
-1.794 -2.680 34.578 154.000 158.000 71.000
-1.794 -2.245 34.580 165.000 170.000 73.000
-1.794 -1.809 34.582 163.000 167.000 69.000
-1.794 -1.374 34.583 167.000 174.000 76.000
-1.794 -0.938 34.585 177.000 183.000 86.000
-1.794 -0.503 34.587 171.000 180.000 81.000
-1.794 -0.067 34.588 174.000 184.000 85.000
-1.794 0.368 34.590 170.000 179.000 94.000
-1.359 -3.551 34.595 118.000 122.000 51.000
-1.359 -3.116 34.597 137.000 141.000 56.000
-1.359 -2.680 34.599 145.000 150.000 57.000
-1.359 -2.245 34.600 146.000 149.000 47.000
-1.359 -1.809 34.602 150.000 156.000 53.000
-1.359 -1.374 34.604 158.000 163.000 64.000
-1.359 -0.938 34.605 170.000 173.000 84.000
-1.359 -0.503 34.607 162.000 166.000 81.000
-1.359 -0.067 34.608 143.000 150.000 57.000
-1.359 0.368 34.610 78.000 89.000 26.000
-0.924 -3.551 34.616 107.000 111.000 35.000
-0.924 -3.116 34.617 124.000 129.000 38.000
-0.924 -2.680 34.619 124.000 131.000 37.000
-0.924 -2.245 34.620 126.000 136.000 33.000
-0.924 -1.809 34.622 130.000 139.000 39.000
-0.924 -1.374 34.624 111.000 117.000 31.000
-0.489 -2.680 34.639 71.000 80.000 20.000
-0.489 -2.245 34.641 76.000 89.000 18.000
-0.489 -1.809 34.642 78.000 91.000 17.000
-2.684 -2.246 34.974 112.000 111.000 75.000
-2.684 -1.811 34.976 107.000 108.000 67.000
-2.684 -1.375 34.978 119.000 119.000 75.000
-2.684 -0.940 34.979 123.000 122.000 78.000
-2.685 -0.504 34.981 90.000 90.000 58.000
-2.685 -0.069 34.983 93.000 97.000 58.000
-2.249 -3.553 34.990 88.000 87.000 54.000
-2.249 -3.117 34.991 134.000 133.000 76.000
-2.249 -2.682 34.993 163.000 164.000 91.000
-2.249 -2.246 34.995 178.000 180.000 96.000
-2.249 -1.811 34.996 157.000 159.000 78.000
-2.249 -1.375 34.998 179.000 183.000 94.000
-2.249 -0.940 35.000 186.000 190.000 99.000
-2.249 -0.504 35.001 182.000 187.000 97.000
-2.250 -0.069 35.003 177.000 185.000 95.000
-2.250 0.367 35.005 149.000 156.000 83.000
-1.814 -3.553 35.010 139.000 140.000 75.000
-1.814 -3.117 35.012 150.000 152.000 77.000
-1.814 -2.682 35.013 162.000 164.000 79.000
-1.814 -2.246 35.015 168.000 172.000 78.000
-1.814 -1.811 35.017 163.000 166.000 72.000
-1.814 -1.375 35.018 167.000 173.000 79.000
-1.814 -0.940 35.020 181.000 187.000 91.000
-1.814 -0.504 35.022 179.000 189.000 89.000
-1.814 -0.069 35.023 182.000 191.000 94.000
-1.815 0.367 35.025 141.000 149.000 72.000
-1.379 -3.553 35.030 124.000 127.000 54.000
-1.379 -3.117 35.032 139.000 144.000 60.000
-1.379 -2.682 35.034 150.000 155.000 64.000
-1.379 -2.246 35.035 159.000 163.000 65.000
-1.379 -1.811 35.037 160.000 165.000 66.000
-1.379 -1.375 35.039 161.000 167.000 70.000
-1.379 -0.940 35.040 167.000 173.000 77.000
-1.379 -0.504 35.042 156.000 165.000 68.000
-1.379 -0.069 35.044 145.000 155.000 56.000
-1.379 0.367 35.045 100.000 112.000 35.000
-0.944 -3.553 35.051 101.000 106.000 35.000
-0.944 -3.117 35.052 114.000 120.000 38.000
-0.944 -2.682 35.054 124.000 129.000 40.000
-0.944 -2.246 35.056 135.000 140.000 40.000
-0.944 -1.811 35.057 134.000 141.000 42.000
-0.944 -1.375 35.059 86.000 90.000 22.000
-0.944 -0.504 35.062 86.000 97.000 19.000
-0.944 -0.069 35.064 83.000 98.000 17.000
-0.509 -2.246 35.076 69.000 82.000 16.000
-2.705 -0.941 35.414 95.000 97.000 64.000
-2.270 -3.119 35.426 123.000 120.000 76.000
-2.270 -2.683 35.428 167.000 165.000 100.000
-2.270 -2.248 35.430 181.000 180.000 103.000
-2.270 -1.812 35.431 106.000 105.000 58.000
-2.270 -1.377 35.433 185.000 188.000 103.000
-2.270 -0.941 35.435 186.000 190.000 105.000
-2.270 -0.506 35.436 187.000 192.000 105.000
-2.270 -0.070 35.438 180.000 185.000 104.000
-1.834 -3.554 35.445 109.000 109.000 63.000
-1.834 -3.119 35.447 161.000 162.000 87.000
-1.835 -2.683 35.448 167.000 169.000 86.000
-1.835 -2.248 35.450 172.000 175.000 85.000
-1.835 -1.812 35.452 167.000 169.000 79.000
-1.835 -1.377 35.453 179.000 185.000 91.000
-1.835 -0.941 35.455 189.000 194.000 101.000
-1.835 -0.506 35.457 188.000 195.000 99.000
-1.835 -0.070 35.458 181.000 189.000 93.000
-1.835 0.365 35.460 78.000 84.000 37.000
-1.399 -3.554 35.465 120.000 123.000 55.000
-1.399 -3.119 35.467 146.000 150.000 66.000
-1.399 -2.683 35.469 156.000 161.000 70.000
-1.400 -2.248 35.470 162.000 167.000 72.000
-1.400 -1.812 35.472 166.000 172.000 75.000
-1.400 -1.377 35.474 172.000 180.000 82.000
-1.400 -0.941 35.475 172.000 181.000 85.000
-1.400 -0.506 35.477 150.000 160.000 62.000
-1.400 -0.070 35.479 134.000 148.000 49.000
-0.964 -3.119 35.487 107.000 113.000 39.000
-0.964 -2.683 35.489 133.000 138.000 52.000
-0.964 -2.248 35.491 144.000 149.000 56.000
-0.965 -1.812 35.492 116.000 123.000 35.000
-0.965 -1.377 35.494 102.000 111.000 30.000
-0.965 -0.941 35.496 80.000 90.000 18.000
-0.965 -0.506 35.497 78.000 95.000 13.000
-0.965 -0.070 35.499 95.000 112.000 18.000
-2.290 -2.685 35.863 142.000 140.000 83.000
-2.290 -2.249 35.865 188.000 186.000 109.000
-2.290 -1.814 35.866 122.000 121.000 78.000
-2.290 -1.378 35.868 197.000 198.000 120.000
-2.290 -0.943 35.870 194.000 196.000 120.000
-2.290 -0.507 35.871 177.000 182.000 105.000
-2.290 -0.072 35.873 101.000 106.000 61.000
-1.855 -3.121 35.882 146.000 146.000 78.000
-1.855 -2.685 35.883 171.000 172.000 90.000
-1.855 -2.250 35.885 183.000 185.000 97.000
-1.855 -1.814 35.887 194.000 196.000 107.000
-1.855 -1.378 35.888 191.000 195.000 107.000
-1.855 -0.943 35.890 184.000 191.000 102.000
-1.855 -0.507 35.892 170.000 180.000 89.000
-1.855 -0.072 35.893 89.000 95.000 46.000
-1.420 -3.556 35.900 88.000 90.000 39.000
-1.420 -3.121 35.902 147.000 151.000 69.000
-1.420 -2.685 35.904 160.000 165.000 77.000
-1.420 -2.250 35.905 169.000 175.000 85.000
-1.420 -1.814 35.907 170.000 178.000 83.000
-1.420 -1.379 35.909 159.000 167.000 72.000
-1.420 -0.943 35.910 141.000 150.000 59.000
-1.420 -0.508 35.912 97.000 109.000 29.000
-1.420 -0.072 35.914 108.000 123.000 36.000
-0.985 -3.121 35.922 77.000 84.000 29.000
-0.985 -2.685 35.924 101.000 105.000 40.000
-0.985 -2.250 35.926 115.000 118.000 47.000
-0.985 -1.814 35.927 92.000 100.000 25.000
-0.985 -1.379 35.929 92.000 103.000 23.000
-0.985 -0.943 35.931 79.000 94.000 17.000
-0.985 -0.508 35.932 93.000 109.000 18.000
-2.310 -2.687 36.298 126.000 125.000 75.000
-2.310 -2.251 36.300 187.000 186.000 113.000
-2.310 -1.816 36.302 184.000 183.000 121.000
-2.310 -1.380 36.303 181.000 179.000 123.000
-2.310 -0.945 36.305 108.000 108.000 71.000
-1.875 -3.122 36.317 134.000 135.000 72.000
-1.875 -2.687 36.318 180.000 182.000 102.000
-1.875 -2.251 36.320 197.000 198.000 118.000
-1.875 -1.816 36.322 198.000 199.000 121.000
-1.875 -1.380 36.323 167.000 171.000 93.000
-1.875 -0.945 36.325 118.000 122.000 50.000
-1.875 -0.509 36.327 86.000 92.000 32.000
-1.440 -3.122 36.337 125.000 128.000 60.000
-1.440 -2.687 36.339 163.000 168.000 87.000
-1.440 -2.251 36.340 176.000 181.000 97.000
-1.440 -1.816 36.342 155.000 163.000 73.000
-1.440 -1.380 36.344 127.000 135.000 50.000
-1.440 -0.945 36.345 113.000 123.000 38.000
-1.440 -0.509 36.347 116.000 128.000 38.000
-1.440 -0.074 36.349 115.000 126.000 45.000
-1.005 -2.251 36.361 115.000 119.000 46.000
-1.005 -1.816 36.362 103.000 113.000 29.000
-1.005 -1.380 36.364 106.000 117.000 30.000
-2.330 -2.253 36.735 131.000 129.000 103.000
-1.895 -2.688 36.753 190.000 189.000 131.000
-1.895 -2.253 36.755 202.000 200.000 142.000
-1.895 -1.817 36.757 136.000 137.000 78.000
-1.895 -1.382 36.758 104.000 107.000 53.000
-1.895 -0.946 36.760 100.000 104.000 46.000
-1.895 -0.511 36.762 93.000 99.000 43.000
-1.896 -0.075 36.763 88.000 93.000 43.000
-1.460 -2.688 36.774 169.000 171.000 108.000
-1.460 -2.253 36.775 184.000 187.000 115.000
-1.460 -1.817 36.777 138.000 144.000 64.000
-1.460 -1.382 36.779 127.000 133.000 51.000
-1.025 -2.253 36.796 111.000 119.000 49.000
-1.916 -2.690 37.189 81.000 81.000 51.000
-1.916 -2.254 37.190 111.000 111.000 60.000
-1.916 -1.383 37.193 99.000 102.000 52.000
-1.480 -2.690 37.209 77.000 81.000 36.000
