-0.895 -0.607 62.095 75.000 86.000 28.000
-1.785 -0.173 62.491 77.000 91.000 25.000
-1.785 0.263 62.493 101.000 111.000 40.000
-1.350 -0.609 62.510 69.000 83.000 23.000
-1.350 -0.173 62.511 80.000 94.000 26.000
-1.350 0.262 62.513 90.000 102.000 33.000
-0.915 -0.609 62.530 83.000 96.000 31.000
-0.915 -0.173 62.532 70.000 81.000 24.000
-0.915 0.262 62.533 75.000 88.000 27.000
-1.805 -1.046 62.923 68.000 80.000 27.000
-1.805 -0.610 62.925 77.000 92.000 26.000
-1.806 -0.175 62.926 92.000 105.000 31.000
-1.806 0.261 62.928 108.000 118.000 41.000
-1.806 0.696 62.930 102.000 110.000 46.000
-1.370 -1.046 62.943 71.000 80.000 27.000
-1.370 -0.610 62.945 93.000 104.000 34.000
-1.370 -0.175 62.947 88.000 102.000 28.000
-1.371 0.261 62.948 91.000 104.000 31.000
-1.371 0.696 62.950 73.000 85.000 25.000
-0.935 -0.610 62.965 85.000 97.000 30.000
-2.261 -0.612 63.339 81.000 94.000 27.000
-2.261 -0.176 63.341 89.000 101.000 31.000
-2.261 0.259 63.343 112.000 120.000 49.000
-2.261 0.695 63.344 96.000 101.000 51.000
-1.826 -1.483 63.356 80.000 88.000 35.000
-1.826 -1.047 63.358 92.000 102.000 36.000
-1.826 -0.612 63.360 93.000 105.000 32.000
-1.826 -0.176 63.361 99.000 111.000 35.000
-1.826 0.259 63.363 114.000 125.000 43.000
-1.826 0.695 63.365 121.000 130.000 52.000
-1.391 -1.047 63.378 89.000 99.000 35.000
-1.391 -0.612 63.380 97.000 110.000 34.000
-1.391 -0.176 63.382 89.000 103.000 29.000
-1.391 0.259 63.383 75.000 89.000 23.000
-1.391 0.695 63.385 70.000 81.000 23.000
-2.716 -0.613 63.754 95.000 101.000 43.000
-2.716 -0.178 63.756 116.000 123.000 54.000
-2.716 0.258 63.757 122.000 126.000 62.000
-2.716 0.693 63.759 89.000 90.000 53.000
-2.281 -1.049 63.773 94.000 102.000 38.000
-2.281 -0.613 63.774 103.000 113.000 38.000
-2.281 -0.178 63.776 127.000 135.000 48.000
-2.281 0.258 63.778 130.000 136.000 54.000
-2.281 0.693 63.779 128.000 133.000 62.000
-2.281 1.129 63.781 111.000 114.000 66.000
-1.846 -1.484 63.791 100.000 106.000 48.000
-1.846 -1.049 63.793 105.000 113.000 42.000
-1.846 -0.613 63.795 114.000 124.000 42.000
-1.846 -0.178 63.796 109.000 119.000 40.000
-1.846 0.258 63.798 119.000 128.000 46.000
-1.846 0.693 63.800 119.000 127.000 50.000
-1.846 1.129 63.801 123.000 129.000 59.000
-1.411 -1.485 63.812 83.000 89.000 38.000
-1.411 -1.049 63.813 112.000 120.000 47.000
-1.411 -0.613 63.815 110.000 120.000 42.000
-1.411 -0.178 63.817 78.000 89.000 26.000
-1.411 0.258 63.818 77.000 91.000 24.000
-1.411 0.693 63.820 84.000 97.000 29.000
-1.411 1.129 63.822 89.000 100.000 34.000
-0.976 -1.049 63.834 88.000 94.000 38.000
-0.976 -0.614 63.835 88.000 95.000 33.000
-0.976 1.128 63.842 69.000 80.000 24.000
-3.171 0.256 64.172 91.000 91.000 53.000
-2.736 -1.051 64.188 80.000 84.000 39.000
-2.736 -0.615 64.189 127.000 131.000 56.000
-2.736 -0.180 64.191 125.000 130.000 57.000
-2.736 0.256 64.193 127.000 131.000 60.000
-2.736 0.691 64.194 128.000 131.000 66.000
-2.736 1.127 64.196 101.000 104.000 56.000
-2.301 -1.051 64.208 105.000 111.000 45.000
-2.301 -0.615 64.209 121.000 128.000 46.000
-2.301 -0.180 64.211 127.000 134.000 48.000
-2.301 0.256 64.213 127.000 133.000 50.000
-2.301 0.691 64.214 132.000 137.000 58.000
-2.301 1.127 64.216 133.000 138.000 71.000
-2.301 1.562 64.218 79.000 83.000 45.000
-1.866 -1.051 64.228 117.000 124.000 51.000
-1.866 -0.615 64.230 126.000 135.000 49.000
-1.866 -0.180 64.231 125.000 134.000 45.000
-1.866 0.256 64.233 126.000 135.000 46.000
-1.866 0.691 64.235 117.000 125.000 44.000
-1.866 1.127 64.236 117.000 122.000 62.000
-1.431 -1.486 64.247 87.000 91.000 44.000
-1.431 -1.051 64.248 125.000 131.000 60.000
-1.431 -0.615 64.250 141.000 148.000 62.000
-1.431 -0.180 64.252 132.000 141.000 48.000
-1.431 0.256 64.253 111.000 122.000 36.000
-1.431 0.691 64.255 91.000 104.000 28.000
-1.431 1.127 64.257 95.000 106.000 35.000
-0.996 -1.486 64.267 75.000 81.000 38.000
-0.996 -1.051 64.269 124.000 129.000 61.000
-0.996 -0.615 64.270 126.000 132.000 54.000
-0.996 -0.180 64.272 110.000 115.000 38.000
-0.996 0.256 64.274 85.000 95.000 25.000
-0.996 0.691 64.275 74.000 87.000 22.000
-0.996 1.127 64.277 71.000 83.000 22.000
-0.561 -0.180 64.292 85.000 97.000 26.000
-3.192 -0.617 64.604 110.000 111.000 57.000
-3.192 -0.181 64.606 116.000 116.000 61.000
-3.192 0.254 64.607 124.000 124.000 61.000
-3.192 0.690 64.609 116.000 116.000 58.000
-3.192 1.125 64.611 108.000 109.000 61.000
-2.757 -1.052 64.623 115.000 118.000 52.000
-2.757 -0.617 64.624 132.000 137.000 55.000
-2.757 -0.181 64.626 140.000 142.000 59.000
-2.757 0.254 64.628 136.000 139.000 56.000
-2.757 0.690 64.629 132.000 135.000 56.000
-2.757 1.125 64.631 121.000 126.000 56.000
-2.757 1.561 64.633 92.000 96.000 49.000
-2.321 -1.488 64.641 86.000 89.000 42.000
-2.321 -1.052 64.643 118.000 123.000 44.000
-2.322 -0.617 64.644 130.000 136.000 46.000
-2.322 -0.181 64.646 128.000 135.000 45.000
-2.322 0.254 64.648 122.000 129.000 41.000
-2.322 0.690 64.649 114.000 122.000 42.000
-2.322 1.125 64.651 128.000 134.000 58.000
-2.322 1.561 64.653 123.000 129.000 60.000
-1.886 -1.488 64.661 121.000 124.000 61.000
-1.886 -1.052 64.663 130.000 135.000 55.000
-1.886 -0.617 64.665 139.000 146.000 54.000
-1.887 -0.181 64.666 143.000 151.000 53.000
-1.887 0.254 64.668 135.000 144.000 47.000
-1.887 0.690 64.670 121.000 130.000 42.000
-1.887 1.125 64.671 90.000 96.000 33.000
-1.887 1.561 64.673 103.000 108.000 48.000
-1.451 -1.488 64.682 104.000 108.000 49.000
-1.451 -1.052 64.683 138.000 143.000 61.000
-1.451 -0.617 64.685 141.000 149.000 56.000
-1.451 -0.181 64.687 137.000 146.000 48.000
-1.452 0.254 64.688 117.000 128.000 39.000
-1.452 0.690 64.690 85.000 97.000 25.000
-1.452 1.125 64.692 69.000 80.000 17.000
-1.016 -1.488 64.702 100.000 104.000 48.000
-1.016 -1.052 64.704 129.000 134.000 61.000
-1.016 -0.617 64.705 129.000 134.000 55.000
-1.016 -0.181 64.707 119.000 122.000 41.000
-3.212 -1.054 65.037 89.000 90.000 47.000
-3.212 -0.618 65.039 125.000 127.000 64.000
-3.212 -0.183 65.041 133.000 134.000 62.000
-3.212 0.253 65.042 135.000 136.000 61.000
-3.212 0.688 65.044 129.000 130.000 62.000
-3.212 1.124 65.046 125.000 127.000 65.000
-2.777 -1.054 65.058 130.000 133.000 57.000
-2.777 -0.618 65.059 138.000 142.000 57.000
-2.777 -0.183 65.061 144.000 147.000 59.000
-2.777 0.253 65.063 143.000 147.000 58.000
-2.777 0.688 65.064 140.000 144.000 59.000
-2.777 1.124 65.066 135.000 140.000 60.000
-2.777 1.559 65.068 126.000 130.000 62.000
-2.342 -1.489 65.076 127.000 130.000 57.000
-2.342 -1.054 65.078 127.000 132.000 46.000
-2.342 -0.618 65.080 132.000 138.000 44.000
-2.342 -0.183 65.081 147.000 153.000 52.000
-2.342 0.253 65.083 146.000 153.000 49.000
-2.342 0.688 65.084 143.000 149.000 52.000
-2.342 1.124 65.086 145.000 152.000 62.000
-2.342 1.559 65.088 139.000 144.000 63.000
-2.342 1.995 65.089 79.000 82.000 40.000
-1.907 -1.489 65.096 124.000 127.000 61.000
-1.907 -1.054 65.098 140.000 144.000 58.000
-1.907 -0.618 65.100 140.000 146.000 51.000
-1.907 -0.183 65.101 150.000 158.000 54.000
-1.907 0.253 65.103 143.000 152.000 49.000
-1.907 0.688 65.105 134.000 142.000 48.000
-1.907 1.124 65.106 122.000 128.000 47.000
-1.907 1.559 65.108 120.000 126.000 52.000
-1.472 -1.925 65.115 77.000 80.000 35.000
-1.472 -1.489 65.117 115.000 120.000 52.000
-1.472 -1.054 65.118 140.000 146.000 62.000
-1.472 -0.618 65.120 143.000 150.000 57.000
-1.472 -0.183 65.122 149.000 157.000 58.000
-1.472 0.253 65.123 130.000 139.000 44.000
-1.472 0.688 65.125 108.000 118.000 34.000
-1.472 1.124 65.127 78.000 89.000 22.000
-1.472 1.559 65.128 70.000 80.000 21.000
-1.037 -1.925 65.135 85.000 90.000 36.000
-1.037 -1.490 65.137 100.000 106.000 41.000
-1.037 -1.054 65.139 122.000 128.000 53.000
-1.037 -0.618 65.140 132.000 139.000 55.000
-1.037 -0.183 65.142 142.000 149.000 57.000
-1.037 0.253 65.144 108.000 118.000 37.000
-1.037 0.688 65.145 91.000 102.000 29.000
-0.602 -0.619 65.161 110.000 115.000 44.000
-0.602 -0.183 65.162 112.000 120.000 43.000
-0.602 0.252 65.164 88.000 95.000 34.000
-3.667 -0.620 65.454 81.000 82.000 49.000
-3.667 -0.184 65.455 95.000 96.000 52.000
-3.667 0.251 65.457 113.000 113.000 59.000
-3.667 0.687 65.459 108.000 109.000 60.000
-3.667 1.122 65.460 112.000 112.000 64.000
-3.232 -1.055 65.472 118.000 119.000 61.000
-3.232 -0.620 65.474 137.000 140.000 66.000
-3.232 -0.184 65.476 133.000 137.000 59.000
-3.232 0.251 65.477 136.000 140.000 60.000
-3.232 0.687 65.479 137.000 140.000 63.000
-3.232 1.122 65.481 137.000 140.000 66.000
-3.232 1.558 65.482 129.000 131.000 67.000
-2.797 -1.491 65.491 94.000 96.000 46.000
-2.797 -1.056 65.493 132.000 136.000 56.000
-2.797 -0.620 65.494 138.000 143.000 54.000
-2.797 -0.184 65.496 147.000 153.000 58.000
-2.797 0.251 65.498 152.000 159.000 60.000
-2.797 0.687 65.499 147.000 152.000 61.000
-2.797 1.122 65.501 143.000 148.000 63.000
-2.797 1.558 65.503 144.000 149.000 69.000
-2.797 1.993 65.504 123.000 128.000 70.000
-2.362 -1.491 65.511 122.000 123.000 55.000
-2.362 -1.056 65.513 136.000 141.000 50.000
-2.362 -0.620 65.515 137.000 144.000 43.000
-2.362 -0.185 65.516 166.000 173.000 57.000
-2.362 0.251 65.518 177.000 184.000 64.000
-2.362 0.686 65.520 170.000 178.000 67.000
-2.362 1.122 65.521 169.000 178.000 80.000
-2.362 1.557 65.523 154.000 161.000 71.000
-2.362 1.993 65.524 137.000 143.000 70.000
-1.927 -1.927 65.530 108.000 112.000 51.000
-1.927 -1.491 65.531 114.000 115.000 52.000
-1.927 -1.056 65.533 146.000 150.000 62.000
-1.927 -0.620 65.535 142.000 149.000 49.000
-1.927 -0.185 65.536 146.000 152.000 46.000
-1.927 0.251 65.538 155.000 163.000 55.000
-1.927 0.686 65.540 148.000 155.000 55.000
-1.927 1.122 65.541 149.000 158.000 62.000
-1.927 1.557 65.543 133.000 140.000 58.000
-1.492 -1.927 65.550 106.000 111.000 45.000
-1.492 -1.491 65.552 120.000 126.000 50.000
-1.492 -1.056 65.553 136.000 141.000 57.000
-1.492 -0.620 65.555 141.000 148.000 54.000
-1.492 -0.185 65.557 152.000 160.000 59.000
-1.492 0.251 65.558 149.000 157.000 55.000
-1.492 0.686 65.560 126.000 134.000 42.000
-1.492 1.122 65.562 91.000 102.000 27.000
-1.492 1.557 65.563 75.000 85.000 23.000
-1.057 -2.362 65.569 84.000 89.000 36.000
-1.057 -1.927 65.570 99.000 104.000 40.000
-1.057 -1.491 65.572 109.000 114.000 43.000
-1.057 -1.056 65.574 131.000 137.000 56.000
-1.057 -0.620 65.575 140.000 147.000 58.000
-1.057 -0.185 65.577 147.000 155.000 60.000
-1.057 0.251 65.579 145.000 153.000 59.000
-1.057 0.686 65.580 107.000 117.000 35.000
-0.622 -0.620 65.596 123.000 129.000 54.000
-0.622 -0.185 65.597 128.000 134.000 53.000
-0.622 0.251 65.599 119.000 124.000 54.000
-0.622 0.686 65.601 109.000 115.000 54.000
-3.687 -0.622 65.889 121.000 122.000 70.000
-3.687 -0.186 65.890 126.000 128.000 66.000
-3.687 0.249 65.892 110.000 113.000 55.000
-3.687 0.685 65.894 111.000 113.000 57.000
-3.688 1.120 65.895 135.000 138.000 75.000
-3.688 1.556 65.897 129.000 130.000 73.000
-3.252 -1.057 65.907 131.000 133.000 65.000
-3.252 -0.622 65.909 140.000 144.000 65.000
-3.252 -0.186 65.911 146.000 151.000 65.000
-3.252 0.249 65.912 141.000 146.000 59.000
-3.252 0.685 65.914 137.000 141.000 59.000
-3.252 1.120 65.916 150.000 155.000 74.000
-3.253 1.556 65.917 148.000 151.000 76.000
-3.253 1.991 65.919 130.000 133.000 75.000
-2.817 -1.493 65.926 104.000 105.000 50.000
-2.817 -1.057 65.928 133.000 136.000 53.000
-2.817 -0.622 65.929 143.000 149.000 54.000
-2.817 -0.186 65.931 153.000 159.000 56.000
-2.817 0.249 65.933 156.000 162.000 56.000
-2.817 0.685 65.934 153.000 160.000 61.000
-2.817 1.120 65.936 164.000 171.000 77.000
-2.817 1.556 65.938 158.000 164.000 78.000
-2.818 1.991 65.939 159.000 165.000 88.000
-2.382 -1.928 65.945 128.000 129.000 69.000
-2.382 -1.493 65.946 89.000 89.000 40.000
-2.382 -1.057 65.948 143.000 145.000 55.000
-2.382 -0.622 65.950 147.000 153.000 45.000
-2.382 -0.186 65.951 169.000 176.000 52.000
-2.382 0.249 65.953 181.000 187.000 59.000
-2.382 0.685 65.955 185.000 191.000 72.000
-2.382 1.120 65.956 201.000 205.000 106.000
-2.382 1.556 65.958 178.000 185.000 92.000
-2.383 1.991 65.960 156.000 161.000 85.000
-1.947 -1.928 65.965 124.000 128.000 55.000
-1.947 -1.493 65.967 120.000 122.000 54.000
-1.947 -1.057 65.968 142.000 146.000 58.000
-1.947 -0.622 65.970 145.000 152.000 48.000
-1.947 -0.186 65.971 159.000 166.000 51.000
-1.947 0.249 65.973 166.000 170.000 56.000
-1.947 0.685 65.975 148.000 152.000 53.000
-1.947 1.120 65.976 171.000 179.000 75.000
-1.947 1.556 65.978 165.000 173.000 81.000
-1.947 1.991 65.980 127.000 132.000 76.000
-1.512 -2.364 65.983 84.000 88.000 35.000
-1.512 -1.928 65.985 114.000 120.000 47.000
-1.512 -1.493 65.987 128.000 134.000 52.000
-1.512 -1.057 65.988 137.000 142.000 53.000
-1.512 -0.622 65.990 142.000 150.000 52.000
-1.512 -0.186 65.992 152.000 160.000 56.000
-1.512 0.249 65.993 152.000 160.000 57.000
-1.512 0.685 65.995 134.000 140.000 46.000
-1.512 1.120 65.997 112.000 122.000 38.000
-1.512 1.556 65.998 96.000 105.000 35.000
-1.077 -2.364 66.004 90.000 95.000 39.000
-1.077 -1.928 66.005 108.000 114.000 46.000
-1.077 -1.493 66.007 118.000 125.000 48.000
-1.077 -1.057 66.009 132.000 139.000 54.000
-1.077 -0.622 66.010 136.000 144.000 54.000
-1.077 -0.186 66.012 145.000 153.000 59.000
-1.077 0.249 66.014 144.000 152.000 61.000
-1.077 0.685 66.015 107.000 116.000 40.000
-0.642 -0.186 66.032 80.000 81.000 34.000
-3.708 -1.059 66.322 97.000 98.000 57.000
-3.708 -0.623 66.324 141.000 143.000 75.000
-3.708 -0.188 66.326 143.000 146.000 70.000
-3.708 0.248 66.327 135.000 139.000 61.000
-3.708 0.683 66.329 123.000 127.000 60.000
-3.708 1.119 66.330 135.000 138.000 74.000
-3.708 1.554 66.332 147.000 149.000 81.000
-3.273 -1.059 66.342 130.000 134.000 61.000
-3.273 -0.623 66.344 143.000 148.000 62.000
-3.273 -0.188 66.346 152.000 157.000 63.000
-3.273 0.248 66.347 151.000 158.000 58.000
-3.273 0.683 66.349 152.000 158.000 62.000
-3.273 1.119 66.351 164.000 170.000 84.000
-3.273 1.554 66.352 164.000 169.000 87.000
-3.273 1.990 66.354 160.000 165.000 94.000
-2.837 -1.494 66.361 103.000 106.000 50.000
-2.838 -1.059 66.363 135.000 139.000 53.000
-2.838 -0.623 66.364 147.000 153.000 54.000
-2.838 -0.188 66.366 158.000 164.000 55.000
-2.838 0.248 66.368 158.000 166.000 52.000
-2.838 0.683 66.369 162.000 170.000 60.000
-2.838 1.119 66.371 177.000 185.000 85.000
-2.838 1.554 66.373 176.000 183.000 93.000
-2.838 1.990 66.374 172.000 179.000 97.000
-2.402 -1.059 66.383 109.000 108.000 38.000
-2.403 -0.623 66.385 136.000 135.000 43.000
-2.403 -0.188 66.386 167.000 171.000 51.000
-2.403 0.248 66.388 174.000 177.000 47.000
-2.403 0.683 66.390 180.000 186.000 63.000
-2.403 1.119 66.391 193.000 200.000 92.000
-2.403 1.554 66.393 197.000 199.000 107.000
-2.403 1.990 66.395 182.000 184.000 105.000
-1.967 -1.930 66.400 94.000 97.000 43.000
-1.967 -1.494 66.402 121.000 124.000 53.000
-1.967 -1.059 66.403 144.000 149.000 57.000
-1.967 -0.623 66.405 153.000 160.000 53.000
-1.968 -0.188 66.407 149.000 155.000 43.000
-1.968 0.248 66.408 148.000 151.000 41.000
-1.968 0.683 66.410 166.000 169.000 57.000
-1.968 1.119 66.411 162.000 170.000 66.000
-1.968 1.554 66.413 170.000 178.000 82.000
-1.968 1.990 66.415 143.000 149.000 79.000
-1.532 -1.930 66.420 112.000 118.000 46.000
-1.532 -1.494 66.422 125.000 132.000 49.000
-1.532 -1.059 66.423 135.000 141.000 49.000
-1.532 -0.623 66.425 140.000 148.000 49.000
-1.532 -0.188 66.427 145.000 154.000 50.000
-1.533 0.248 66.428 154.000 162.000 61.000
-1.533 0.683 66.430 146.000 151.000 57.000
-1.533 1.119 66.432 125.000 133.000 43.000
-1.533 1.554 66.433 129.000 137.000 51.000
-1.097 -1.930 66.440 107.000 114.000 45.000
-1.097 -1.494 66.442 117.000 124.000 46.000
-1.097 -1.059 66.444 124.000 131.000 47.000
-1.097 -0.623 66.445 130.000 139.000 49.000
-1.097 -0.188 66.447 137.000 146.000 53.000
-1.097 0.248 66.449 144.000 152.000 65.000
-1.098 0.683 66.450 122.000 128.000 52.000
-0.662 -1.059 66.464 84.000 87.000 44.000
-4.163 -0.189 66.740 85.000 86.000 52.000
-4.163 0.246 66.742 90.000 92.000 51.000
-4.163 0.682 66.744 99.000 100.000 61.000
-4.163 1.117 66.745 130.000 132.000 78.000
-4.163 1.553 66.747 108.000 109.000 66.000
-3.728 -1.060 66.757 118.000 119.000 71.000
-3.728 -0.625 66.759 140.000 142.000 76.000
-3.728 -0.189 66.761 142.000 146.000 66.000
-3.728 0.246 66.762 147.000 153.000 64.000
-3.728 0.682 66.764 154.000 160.000 72.000
-3.728 1.117 66.766 152.000 157.000 78.000
-3.728 1.553 66.767 160.000 165.000 85.000
-3.728 1.988 66.769 112.000 115.000 62.000
-3.293 -1.060 66.778 133.000 135.000 65.000
-3.293 -0.625 66.779 148.000 151.000 67.000
-3.293 -0.189 66.781 156.000 163.000 65.000
-3.293 0.246 66.782 161.000 168.000 61.000
-3.293 0.682 66.784 164.000 170.000 67.000
-3.293 1.117 66.786 173.000 178.000 85.000
-3.293 1.553 66.787 168.000 174.000 87.000
-3.293 1.988 66.789 153.000 159.000 83.000
-2.858 -1.060 66.798 125.000 128.000 53.000
-2.858 -0.625 66.799 156.000 161.000 62.000
-2.858 -0.189 66.801 166.000 173.000 59.000
-2.858 0.246 66.803 174.000 182.000 60.000
-2.858 0.682 66.804 172.000 180.000 65.000
-2.858 1.117 66.806 179.000 186.000 83.000
-2.858 1.553 66.808 170.000 176.000 81.000
-2.858 1.988 66.809 164.000 170.000 84.000
-2.423 -1.932 66.815 119.000 120.000 64.000
-2.423 -1.496 66.816 111.000 112.000 46.000
-2.423 -1.061 66.818 140.000 141.000 47.000
-2.423 -0.625 66.820 157.000 160.000 47.000
-2.423 -0.189 66.821 151.000 152.000 32.000
-2.423 0.246 66.823 195.000 201.000 64.000
-2.423 0.682 66.825 184.000 191.000 65.000
-2.423 1.117 66.826 183.000 191.000 77.000
-2.423 1.553 66.828 183.000 189.000 88.000
-2.423 1.988 66.830 182.000 187.000 95.000
-1.988 -1.932 66.835 121.000 125.000 55.000
-1.988 -1.496 66.837 116.000 121.000 48.000
-1.988 -1.061 66.838 138.000 144.000 52.000
-1.988 -0.625 66.840 153.000 161.000 53.000
-1.988 -0.190 66.842 156.000 160.000 45.000
-1.988 0.246 66.843 157.000 160.000 43.000
-1.988 0.681 66.845 153.000 158.000 47.000
-1.988 1.117 66.847 165.000 172.000 66.000
-1.988 1.552 66.848 172.000 178.000 83.000
-1.988 1.988 66.850 162.000 165.000 92.000
-1.553 -1.932 66.855 126.000 131.000 54.000
-1.553 -1.496 66.857 128.000 133.000 49.000
-1.553 -1.061 66.859 133.000 141.000 47.000
-1.553 -0.625 66.860 140.000 150.000 50.000
-1.553 -0.190 66.862 147.000 156.000 53.000
-1.553 0.246 66.863 148.000 155.000 56.000
-1.553 0.681 66.865 144.000 150.000 57.000
-1.553 1.117 66.867 113.000 120.000 39.000
-1.553 1.552 66.868 128.000 134.000 55.000
-1.553 1.988 66.870 85.000 87.000 46.000
-1.118 -1.932 66.875 102.000 106.000 43.000
-1.118 -1.496 66.877 126.000 132.000 49.000
-1.118 -1.061 66.879 129.000 136.000 49.000
-1.118 -0.625 66.880 128.000 137.000 46.000
-1.118 -0.190 66.882 135.000 144.000 55.000
-1.118 0.246 66.884 121.000 126.000 60.000
-1.118 0.681 66.885 96.000 100.000 50.000
-4.183 -0.191 67.175 110.000 111.000 68.000
-4.183 0.245 67.177 108.000 110.000 64.000
-4.183 0.680 67.179 142.000 145.000 89.000
-4.183 1.116 67.180 155.000 157.000 101.000
-4.183 1.551 67.182 162.000 165.000 103.000
-3.748 -1.062 67.192 136.000 139.000 78.000
-3.748 -0.627 67.194 150.000 154.000 80.000
-3.748 -0.191 67.196 155.000 159.000 76.000
-3.748 0.244 67.197 164.000 170.000 76.000
-3.748 0.680 67.199 168.000 174.000 83.000
-3.748 1.115 67.201 173.000 178.000 98.000
-3.748 1.551 67.202 175.000 180.000 97.000
-3.748 1.986 67.204 155.000 160.000 86.000
-3.313 -1.062 67.213 145.000 148.000 69.000
-3.313 -0.627 67.214 154.000 160.000 70.000
-3.313 -0.191 67.216 164.000 171.000 69.000
-3.313 0.244 67.217 171.000 179.000 71.000
-3.313 0.680 67.219 175.000 182.000 79.000
-3.313 1.115 67.221 180.000 186.000 92.000
-3.313 1.551 67.222 175.000 182.000 91.000
-3.313 1.986 67.224 167.000 173.000 90.000
-2.878 -1.062 67.233 126.000 128.000 54.000
-2.878 -0.627 67.234 153.000 158.000 61.000
-2.878 -0.191 67.236 168.000 177.000 61.000
-2.878 0.244 67.238 180.000 188.000 67.000
-2.878 0.680 67.239 181.000 189.000 76.000
-2.878 1.115 67.241 181.000 188.000 83.000
-2.878 1.551 67.243 176.000 183.000 86.000
-2.878 1.986 67.244 172.000 178.000 92.000
-2.443 -2.369 67.248 83.000 83.000 45.000
-2.443 -1.933 67.250 121.000 121.000 64.000
-2.443 -1.498 67.251 127.000 128.000 55.000
-2.443 -1.062 67.253 149.000 153.000 59.000
-2.443 -0.627 67.255 164.000 171.000 57.000
-2.443 -0.191 67.256 176.000 184.000 55.000
-2.443 0.244 67.258 192.000 200.000 66.000
-2.443 0.680 67.260 191.000 199.000 75.000
-2.443 1.115 67.261 188.000 196.000 83.000
-2.443 1.551 67.263 189.000 194.000 93.000
-2.443 1.986 67.265 195.000 197.000 108.000
-2.008 -2.369 67.268 83.000 85.000 38.000
-2.008 -1.933 67.270 109.000 113.000 46.000
-2.008 -1.498 67.272 123.000 128.000 47.000
-2.008 -1.062 67.273 143.000 151.000 55.000
-2.008 -0.627 67.275 156.000 166.000 55.000
-2.008 -0.191 67.277 157.000 166.000 50.000
-2.008 0.244 67.278 158.000 166.000 50.000
-2.008 0.680 67.280 151.000 155.000 48.000
-2.008 1.115 67.282 172.000 178.000 73.000
-2.008 1.551 67.283 172.000 179.000 83.000
-2.008 1.986 67.285 159.000 161.000 93.000
-1.573 -1.933 67.290 114.000 120.000 46.000
-1.573 -1.498 67.292 126.000 132.000 47.000
-1.573 -1.062 67.294 130.000 137.000 45.000
-1.573 -0.627 67.295 140.000 149.000 50.000
-1.573 -0.191 67.297 146.000 155.000 52.000
-1.573 0.244 67.299 147.000 153.000 56.000
-1.573 0.680 67.300 140.000 146.000 57.000
-1.573 1.115 67.302 103.000 109.000 40.000
-1.573 1.551 67.303 127.000 134.000 51.000
-1.573 1.986 67.305 79.000 82.000 35.000
-1.138 -1.933 67.310 102.000 107.000 43.000
-1.138 -1.498 67.312 120.000 127.000 47.000
-1.138 -1.062 67.314 126.000 132.000 47.000
-1.138 -0.627 67.315 130.000 138.000 50.000
-1.138 -0.191 67.317 137.000 145.000 58.000
-1.138 0.244 67.319 137.000 144.000 66.000
-1.138 0.680 67.320 104.000 109.000 52.000
-4.203 -0.193 67.610 109.000 109.000 66.000
-4.204 0.243 67.612 122.000 124.000 69.000
-4.204 0.678 67.614 139.000 142.000 84.000
-4.204 1.114 67.615 168.000 170.000 112.000
-4.204 1.549 67.617 175.000 177.000 114.000
-4.204 1.985 67.619 85.000 85.000 59.000
-3.768 -1.064 67.627 133.000 136.000 72.000
-3.768 -0.628 67.629 161.000 164.000 84.000
-3.768 -0.193 67.631 164.000 168.000 81.000
-3.768 0.243 67.632 168.000 173.000 80.000
-3.769 0.678 67.634 171.000 177.000 85.000
-3.769 1.114 67.636 180.000 185.000 101.000
-3.769 1.549 67.637 176.000 181.000 97.000
-3.769 1.985 67.639 157.000 162.000 85.000
-3.333 -1.064 67.648 142.000 146.000 66.000
-3.333 -0.628 67.649 160.000 166.000 73.000
-3.333 -0.193 67.651 168.000 175.000 73.000
-3.333 0.243 67.653 174.000 181.000 75.000
-3.333 0.678 67.654 175.000 182.000 80.000
-3.334 1.114 67.656 180.000 187.000 92.000
-3.334 1.549 67.657 175.000 181.000 90.000
-3.334 1.985 67.659 163.000 169.000 85.000
-2.898 -1.499 67.666 105.000 107.000 51.000
-2.898 -1.064 67.668 141.000 145.000 62.000
-2.898 -0.628 67.669 158.000 166.000 64.000
-2.898 -0.193 67.671 166.000 175.000 62.000
-2.898 0.243 67.673 179.000 187.000 69.000
-2.898 0.678 67.674 182.000 189.000 77.000
-2.898 1.114 67.676 181.000 189.000 85.000
-2.899 1.549 67.678 177.000 184.000 88.000
-2.899 1.985 67.679 172.000 179.000 92.000
-2.463 -2.370 67.683 82.000 83.000 44.000
-2.463 -1.935 67.685 108.000 109.000 54.000
-2.463 -1.499 67.686 116.000 118.000 53.000
-2.463 -1.064 67.688 152.000 158.000 63.000
-2.463 -0.628 67.690 163.000 173.000 61.000
-2.463 -0.193 67.691 173.000 184.000 60.000
-2.463 0.243 67.693 190.000 198.000 70.000
-2.463 0.678 67.695 192.000 198.000 78.000
-2.463 1.114 67.696 187.000 195.000 85.000
-2.463 1.549 67.698 188.000 195.000 94.000
-2.464 1.985 67.700 184.000 187.000 101.000
-2.028 -2.370 67.703 95.000 97.000 43.000
-2.028 -1.935 67.705 105.000 109.000 41.000
-2.028 -1.499 67.707 121.000 126.000 47.000
-2.028 -1.064 67.708 137.000 144.000 52.000
-2.028 -0.628 67.710 150.000 160.000 53.000
-2.028 -0.193 67.712 150.000 159.000 48.000
-2.028 0.243 67.713 156.000 163.000 53.000
-2.028 0.678 67.715 163.000 169.000 61.000
-2.028 1.114 67.717 182.000 189.000 85.000
-2.028 1.549 67.718 175.000 181.000 86.000
-2.028 1.985 67.720 135.000 137.000 81.000
-1.593 -1.935 67.725 111.000 116.000 44.000
-1.593 -1.499 67.727 119.000 125.000 45.000
-1.593 -1.064 67.729 128.000 135.000 47.000
-1.593 -0.628 67.730 133.000 142.000 46.000
-1.593 -0.193 67.732 143.000 151.000 52.000
-1.593 0.243 67.734 145.000 151.000 57.000
-1.593 0.678 67.735 141.000 146.000 57.000
-1.593 1.114 67.737 131.000 136.000 55.000
-1.593 1.549 67.739 117.000 123.000 44.000
-1.158 -1.935 67.746 101.000 107.000 42.000
-1.158 -1.499 67.747 112.000 118.000 47.000
-1.158 -1.064 67.749 118.000 123.000 48.000
-1.158 -0.628 67.750 128.000 135.000 50.000
-1.158 -0.193 67.752 137.000 144.000 57.000
-1.158 0.243 67.754 142.000 148.000 69.000
-1.158 0.678 67.755 114.000 119.000 56.000
-1.158 1.549 67.759 75.000 82.000 26.000
-4.224 -0.194 68.045 106.000 108.000 64.000
-4.224 0.241 68.047 126.000 128.000 71.000
-4.224 0.677 68.049 150.000 153.000 91.000
-4.224 1.112 68.050 179.000 180.000 122.000
-4.224 1.548 68.052 159.000 160.000 107.000
-4.224 1.983 68.054 92.000 94.000 64.000
-3.789 -1.065 68.062 115.000 118.000 61.000
-3.789 -0.630 68.064 170.000 174.000 91.000
-3.789 -0.194 68.066 174.000 178.000 87.000
-3.789 0.241 68.067 172.000 177.000 83.000
-3.789 0.677 68.069 174.000 179.000 87.000
-3.789 1.112 68.071 181.000 185.000 101.000
-3.789 1.548 68.072 175.000 180.000 95.000
-3.789 1.983 68.074 154.000 159.000 82.000
-3.354 -1.065 68.083 144.000 149.000 67.000
-3.354 -0.630 68.084 164.000 171.000 75.000
-3.354 -0.194 68.086 170.000 177.000 77.000
-3.354 0.241 68.088 171.000 178.000 73.000
-3.354 0.677 68.089 173.000 180.000 77.000
-3.354 1.112 68.091 178.000 185.000 90.000
-3.354 1.548 68.093 174.000 180.000 88.000
-3.354 1.983 68.094 161.000 168.000 82.000
-2.918 -1.501 68.101 103.000 104.000 51.000
-2.919 -1.065 68.103 146.000 151.000 65.000
-2.919 -0.630 68.105 158.000 166.000 64.000
-2.919 -0.194 68.106 166.000 174.000 64.000
-2.919 0.241 68.108 169.000 177.000 63.000
-2.919 0.677 68.109 168.000 175.000 66.000
-2.919 1.112 68.111 177.000 185.000 85.000
-2.919 1.548 68.113 178.000 186.000 89.000
-2.919 1.983 68.114 174.000 181.000 93.000
-2.919 2.419 68.116 87.000 91.000 51.000
-2.483 -2.372 68.118 83.000 83.000 43.000
-2.483 -1.936 68.120 118.000 119.000 56.000
-2.483 -1.501 68.121 119.000 121.000 54.000
-2.483 -1.065 68.123 153.000 159.000 66.000
-2.484 -0.630 68.125 161.000 170.000 61.000
-2.484 -0.194 68.126 170.000 180.000 62.000
-2.484 0.241 68.128 167.000 174.000 55.000
-2.484 0.677 68.130 165.000 170.000 58.000
-2.484 1.112 68.131 183.000 191.000 83.000
-2.484 1.548 68.133 185.000 192.000 92.000
-2.484 1.983 68.135 186.000 190.000 102.000
-2.048 -1.937 68.140 118.000 121.000 48.000
-2.048 -1.501 68.142 129.000 133.000 52.000
-2.048 -1.066 68.143 140.000 147.000 56.000
-2.048 -0.630 68.145 151.000 161.000 57.000
-2.049 -0.194 68.147 145.000 153.000 47.000
-2.049 0.241 68.148 142.000 147.000 46.000
-2.049 0.677 68.150 164.000 171.000 67.000
-2.049 1.112 68.152 185.000 192.000 91.000
-2.049 1.548 68.153 177.000 183.000 88.000
-2.049 1.983 68.155 149.000 152.000 87.000
-1.613 -1.937 68.160 104.000 108.000 41.000
-1.613 -1.501 68.162 123.000 128.000 50.000
-1.613 -1.066 68.164 124.000 130.000 48.000
-1.613 -0.630 68.165 132.000 141.000 48.000
-1.613 -0.195 68.167 135.000 142.000 47.000
-1.614 0.241 68.169 141.000 147.000 56.000
-1.614 0.676 68.170 142.000 148.000 61.000
-1.614 1.112 68.172 111.000 115.000 48.000
-1.614 1.547 68.174 99.000 104.000 34.000
-1.178 -1.937 68.181 91.000 95.000 38.000
-1.178 -1.501 68.182 90.000 94.000 40.000
-1.178 -1.066 68.184 100.000 105.000 43.000
-1.178 -0.630 68.186 111.000 118.000 46.000
-1.178 -0.195 68.187 132.000 139.000 58.000
-1.178 0.241 68.189 137.000 143.000 66.000
-1.179 0.676 68.190 117.000 121.000 58.000
-1.179 1.547 68.194 76.000 82.000 27.000
-4.244 -0.196 68.480 92.000 91.000 60.000
-4.244 0.240 68.482 121.000 123.000 78.000
-4.244 0.675 68.484 152.000 153.000 101.000
-4.244 1.111 68.485 164.000 161.000 115.000
-4.244 1.546 68.487 127.000 126.000 88.000
-3.809 -0.631 68.499 167.000 170.000 92.000
-3.809 -0.196 68.501 177.000 181.000 96.000
-3.809 0.240 68.502 179.000 184.000 93.000
-3.809 0.675 68.504 182.000 186.000 98.000
-3.809 1.111 68.506 187.000 190.000 111.000
-3.809 1.546 68.507 181.000 185.000 103.000
-3.809 1.982 68.509 161.000 166.000 89.000
-3.374 -1.067 68.518 122.000 126.000 63.000
-3.374 -0.632 68.519 167.000 173.000 80.000
-3.374 -0.196 68.521 172.000 178.000 81.000
-3.374 0.239 68.523 171.000 178.000 75.000
-3.374 0.675 68.524 171.000 177.000 76.000
-3.374 1.110 68.526 179.000 186.000 93.000
-3.374 1.546 68.528 180.000 187.000 96.000
-3.374 1.981 68.529 175.000 181.000 96.000
-3.374 2.417 68.531 99.000 103.000 55.000
-2.939 -1.503 68.536 102.000 103.000 54.000
-2.939 -1.067 68.538 156.000 160.000 74.000
-2.939 -0.632 68.540 164.000 172.000 73.000
-2.939 -0.196 68.541 163.000 170.000 64.000
-2.939 0.239 68.543 155.000 161.000 54.000
-2.939 0.675 68.545 158.000 163.000 58.000
-2.939 1.110 68.546 177.000 184.000 86.000
-2.939 1.546 68.548 186.000 192.000 98.000
-2.939 1.981 68.549 188.000 194.000 106.000
-2.939 2.417 68.551 78.000 80.000 49.000
-2.504 -2.374 68.553 95.000 94.000 47.000
-2.504 -1.938 68.555 129.000 130.000 63.000
-2.504 -1.503 68.556 144.000 147.000 70.000
-2.504 -1.067 68.558 156.000 161.000 70.000
-2.504 -0.632 68.560 160.000 165.000 61.000
-2.504 -0.196 68.561 145.000 151.000 40.000
-2.504 0.239 68.563 137.000 146.000 36.000
-2.504 0.675 68.565 154.000 160.000 52.000
-2.504 1.110 68.566 181.000 187.000 87.000
-2.504 1.546 68.568 196.000 200.000 99.000
-2.504 1.981 68.570 164.000 163.000 97.000
-2.069 -1.938 68.575 119.000 122.000 52.000
-2.069 -1.503 68.577 133.000 137.000 56.000
-2.069 -1.067 68.578 147.000 154.000 62.000
-2.069 -0.632 68.580 154.000 163.000 63.000
-2.069 -0.196 68.582 125.000 135.000 34.000
-2.069 0.239 68.583 108.000 117.000 28.000
-2.069 0.675 68.585 130.000 134.000 47.000
-2.069 1.110 68.587 180.000 187.000 88.000
-2.069 1.546 68.588 171.000 178.000 83.000
-2.069 1.981 68.590 138.000 143.000 75.000
-1.634 -1.938 68.595 98.000 101.000 42.000
-1.634 -1.503 68.597 124.000 128.000 52.000
-1.634 -1.067 68.599 126.000 132.000 50.000
-1.634 -0.632 68.600 130.000 137.000 50.000
-1.634 -0.196 68.602 129.000 137.000 45.000
-1.634 0.239 68.604 129.000 136.000 50.000
-1.634 0.675 68.605 123.000 129.000 48.000
-1.634 1.546 68.609 83.000 90.000 30.000
-1.199 -1.067 68.619 95.000 99.000 42.000
-1.199 -0.632 68.621 90.000 97.000 36.000
-1.199 -0.196 68.622 115.000 120.000 53.000
-1.199 0.239 68.624 116.000 122.000 57.000
-1.199 0.675 68.626 109.000 114.000 55.000
-4.264 0.238 68.917 101.000 101.000 60.000
-4.264 0.673 68.919 143.000 144.000 92.000
-4.264 1.109 68.920 157.000 155.000 108.000
-4.264 1.544 68.922 125.000 123.000 88.000
-3.829 -0.633 68.934 182.000 180.000 106.000
-3.829 -0.198 68.936 183.000 187.000 101.000
-3.829 0.238 68.937 174.000 179.000 91.000
-3.829 0.673 68.939 169.000 174.000 90.000
-3.829 1.109 68.941 182.000 186.000 105.000
-3.829 1.544 68.942 181.000 184.000 108.000
-3.829 1.980 68.944 158.000 162.000 94.000
-3.394 -1.069 68.953 112.000 115.000 65.000
-3.394 -0.633 68.954 169.000 175.000 89.000
-3.394 -0.198 68.956 182.000 189.000 92.000
-3.394 0.238 68.958 173.000 180.000 81.000
-3.394 0.673 68.959 168.000 174.000 76.000
-3.394 1.109 68.961 178.000 184.000 93.000
-3.394 1.544 68.963 184.000 190.000 99.000
-3.394 1.980 68.964 181.000 187.000 104.000
-2.959 -1.504 68.971 80.000 81.000 50.000
-2.959 -1.069 68.973 163.000 168.000 85.000
-2.959 -0.633 68.975 171.000 177.000 78.000
-2.959 -0.198 68.976 175.000 182.000 76.000
-2.959 0.238 68.978 163.000 169.000 64.000
-2.959 0.673 68.980 164.000 168.000 64.000
-2.959 1.109 68.981 184.000 191.000 93.000
-2.959 1.544 68.983 186.000 193.000 97.000
-2.959 1.980 68.985 192.000 197.000 110.000
-2.524 -1.940 68.990 125.000 125.000 72.000
-2.524 -1.504 68.992 154.000 155.000 79.000
-2.524 -1.069 68.993 165.000 170.000 75.000
-2.524 -0.633 68.995 162.000 170.000 64.000
-2.524 -0.198 68.996 150.000 156.000 47.000
-2.524 0.238 68.998 146.000 151.000 42.000
-2.524 0.673 69.000 154.000 157.000 52.000
-2.524 1.109 69.001 191.000 198.000 93.000
-2.524 1.544 69.003 203.000 205.000 107.000
-2.524 1.980 69.005 121.000 121.000 74.000
-2.089 -1.940 69.010 119.000 119.000 57.000
-2.089 -1.504 69.012 136.000 138.000 62.000
-2.089 -1.069 69.013 140.000 145.000 56.000
-2.089 -0.633 69.015 135.000 142.000 43.000
-2.089 -0.198 69.017 131.000 141.000 38.000
-2.089 0.238 69.018 115.000 123.000 31.000
-2.089 0.673 69.020 147.000 151.000 55.000
-2.089 1.109 69.022 160.000 166.000 79.000
-2.089 1.544 69.023 161.000 164.000 78.000
-2.089 1.980 69.025 110.000 114.000 56.000
-1.654 -1.940 69.030 91.000 92.000 43.000
-1.654 -1.504 69.032 106.000 109.000 48.000
-1.654 -1.069 69.034 117.000 120.000 46.000
-1.654 -0.633 69.035 123.000 129.000 42.000
-1.654 -0.198 69.037 118.000 128.000 40.000
-1.654 0.238 69.039 79.000 89.000 25.000
-1.654 1.544 69.044 87.000 93.000 35.000
-1.219 -1.069 69.054 77.000 80.000 37.000
-1.219 -0.633 69.056 97.000 102.000 41.000
-1.219 -0.198 69.057 91.000 98.000 38.000
-4.285 0.672 69.354 107.000 99.000 60.000
-4.285 1.107 69.355 123.000 118.000 80.000
-4.285 1.543 69.357 104.000 99.000 74.000
-3.849 -0.199 69.371 176.000 172.000 103.000
-3.849 0.236 69.372 181.000 187.000 102.000
-3.850 0.672 69.374 175.000 179.000 99.000
-3.850 1.107 69.376 182.000 186.000 107.000
-3.850 1.543 69.377 187.000 187.000 111.000
-3.850 1.978 69.379 155.000 158.000 97.000
-3.414 -0.635 69.389 157.000 160.000 90.000
-3.414 -0.199 69.391 198.000 202.000 111.000
-3.414 0.236 69.393 188.000 194.000 102.000
-3.414 0.672 69.394 181.000 188.000 96.000
-3.415 1.107 69.396 189.000 194.000 105.000
-3.415 1.543 69.398 189.000 195.000 107.000
-3.415 1.978 69.399 182.000 187.000 109.000
-2.979 -1.070 69.408 170.000 173.000 98.000
-2.979 -0.635 69.410 183.000 188.000 96.000
-2.979 -0.199 69.411 191.000 197.000 97.000
-2.979 0.236 69.413 183.000 187.000 86.000
-2.979 0.672 69.415 184.000 191.000 93.000
-2.979 1.107 69.416 197.000 202.000 108.000
-2.980 1.543 69.418 197.000 202.000 110.000
-2.980 1.978 69.420 194.000 198.000 116.000
-2.544 -1.506 69.427 150.000 149.000 79.000
-2.544 -1.070 69.428 157.000 161.000 72.000
-2.544 -0.635 69.430 170.000 176.000 74.000
-2.544 -0.199 69.432 160.000 162.000 53.000
-2.544 0.236 69.433 157.000 158.000 51.000
-2.544 0.672 69.435 182.000 186.000 80.000
-2.544 1.107 69.436 223.000 222.000 139.000
-2.544 1.543 69.438 202.000 201.000 131.000
-2.545 1.978 69.440 125.000 125.000 87.000
-2.109 -1.941 69.445 92.000 90.000 49.000
-2.109 -1.506 69.447 134.000 136.000 64.000
-2.109 -1.070 69.448 138.000 143.000 58.000
-2.109 -0.635 69.450 139.000 145.000 52.000
-2.109 -0.199 69.452 137.000 144.000 47.000
-2.109 0.236 69.453 116.000 123.000 36.000
-2.109 0.672 69.455 147.000 150.000 62.000
-2.109 1.543 69.458 101.000 104.000 53.000
-1.674 -1.506 69.467 105.000 107.000 50.000
-1.674 -1.071 69.469 121.000 124.000 51.000
-1.674 -0.635 69.470 112.000 119.000 44.000
-1.674 -0.199 69.472 116.000 125.000 47.000
-1.674 0.236 69.474 99.000 108.000 40.000
-1.674 0.672 69.475 88.000 93.000 39.000
-4.305 1.106 69.791 91.000 84.000 58.000
-3.870 0.235 69.807 137.000 138.000 86.000
-3.870 0.670 69.809 158.000 160.000 96.000
-3.870 1.106 69.811 174.000 173.000 107.000
-3.870 1.541 69.812 149.000 149.000 93.000
-3.435 -0.636 69.824 110.000 110.000 73.000
-3.435 -0.201 69.826 202.000 203.000 123.000
-3.435 0.235 69.828 200.000 202.000 117.000
-3.435 0.670 69.829 195.000 198.000 114.000
-3.435 1.106 69.831 196.000 200.000 118.000
-3.435 1.541 69.833 184.000 188.000 110.000
-3.435 1.977 69.834 102.000 105.000 64.000
-3.000 -1.072 69.843 138.000 138.000 88.000
-3.000 -0.637 69.845 180.000 186.000 100.000
-3.000 -0.201 69.846 189.000 194.000 100.000
-3.000 0.234 69.848 195.000 199.000 107.000
-3.000 0.670 69.850 198.000 201.000 112.000
-3.000 1.105 69.851 196.000 201.000 112.000
-3.000 1.541 69.853 192.000 197.000 112.000
-3.000 1.976 69.855 103.000 106.000 62.000
-2.564 -1.508 69.862 128.000 127.000 80.000
-2.564 -1.072 69.863 154.000 157.000 78.000
-2.565 -0.637 69.865 161.000 163.000 72.000
-2.565 -0.201 69.867 159.000 157.000 57.000
-2.565 0.234 69.868 175.000 174.000 72.000
-2.565 0.670 69.870 189.000 193.000 97.000
-2.565 1.105 69.872 183.000 185.000 105.000
-2.565 1.541 69.873 118.000 122.000 64.000
-2.129 -1.508 69.882 128.000 128.000 72.000
-2.129 -1.072 69.884 139.000 142.000 68.000
-2.129 -0.637 69.885 138.000 142.000 61.000
-2.130 -0.201 69.887 140.000 144.000 58.000
-2.130 0.234 69.888 140.000 141.000 56.000
-2.130 1.541 69.893 78.000 85.000 29.000
-1.694 -1.072 69.904 111.000 113.000 55.000
-1.694 -0.637 69.905 99.000 102.000 48.000
-1.694 -0.201 69.907 101.000 107.000 45.000
-3.890 0.668 70.244 106.000 106.000 74.000
-3.890 1.104 70.246 123.000 122.000 85.000
-3.455 -0.203 70.261 153.000 154.000 96.000
-3.455 0.233 70.263 201.000 200.000 129.000
-3.455 0.668 70.264 199.000 200.000 127.000
-3.455 1.104 70.266 154.000 156.000 103.000
-3.020 -1.074 70.278 119.000 120.000 78.000
-3.020 -0.638 70.280 166.000 171.000 94.000
-3.020 -0.203 70.281 187.000 191.000 106.000
-3.020 0.233 70.283 210.000 209.000 131.000
-3.020 0.668 70.285 210.000 210.000 133.000
-3.020 1.104 70.286 166.000 169.000 101.000
-2.585 -1.074 70.298 130.000 131.000 74.000
-2.585 -0.638 70.300 150.000 150.000 73.000
-2.585 -0.203 70.302 172.000 172.000 85.000
-2.585 0.233 70.303 210.000 208.000 128.000
-2.585 0.668 70.305 130.000 130.000 74.000
-2.150 -1.074 70.319 119.000 119.000 66.000
-2.150 -0.638 70.320 129.000 129.000 66.000
-2.150 -0.203 70.322 143.000 143.000 71.000
-3.475 -0.204 70.696 95.000 95.000 68.000
-3.475 0.231 70.698 158.000 157.000 117.000
-3.040 -0.640 70.715 145.000 149.000 89.000
-3.040 -0.204 70.716 203.000 203.000 131.000
-3.040 0.231 70.718 211.000 210.000 141.000
-3.040 0.667 70.720 153.000 153.000 97.000
-2.605 -0.640 70.735 172.000 170.000 104.000
-2.605 -0.204 70.737 202.000 201.000 134.000
-2.605 0.231 70.738 211.000 209.000 138.000
-2.170 -0.640 70.755 125.000 125.000 76.000
-2.170 -0.204 70.757 123.000 124.000 73.000
-3.060 -0.206 71.151 180.000 179.000 137.000
-3.060 0.230 71.153 124.000 123.000 93.000
-2.625 -0.642 71.170 156.000 154.000 105.000
-2.625 -0.206 71.172 193.000 193.000 130.000
-2.625 0.229 71.173 158.000 151.000 90.000
-2.190 -0.206 71.192 106.000 106.000 59.000
-3.081 -0.643 71.585 102.000 101.000 75.000
-2.646 -0.643 71.605 182.000 180.000 129.000
-3.101 -0.645 72.020 149.000 148.000 117.000
