12.068 2.353 170.998 76.000 88.000 42.000
12.068 2.807 170.997 75.000 88.000 39.000
12.522 2.353 170.994 124.000 134.000 70.000
12.522 2.807 170.994 100.000 112.000 49.000
12.522 3.261 170.993 66.000 80.000 30.000
12.976 2.353 170.991 129.000 140.000 72.000
12.976 2.807 170.990 104.000 116.000 50.000
12.976 3.261 170.990 79.000 91.000 43.000
12.526 1.900 171.448 79.000 84.000 54.000
12.526 2.354 171.448 98.000 109.000 49.000
12.526 2.808 171.447 77.000 90.000 29.000
12.526 3.261 171.447 74.000 88.000 29.000
12.980 1.900 171.445 145.000 153.000 87.000
12.980 2.354 171.444 129.000 139.000 66.000
12.980 2.808 171.444 107.000 117.000 49.000
12.980 3.261 171.443 84.000 95.000 39.000
13.433 1.900 171.442 141.000 149.000 88.000
13.433 2.354 171.441 125.000 136.000 71.000
13.433 2.808 171.440 108.000 118.000 56.000
11.168 3.262 171.911 93.000 98.000 63.000
11.622 3.262 171.908 86.000 97.000 46.000
11.622 3.716 171.907 95.000 101.000 61.000
12.075 2.808 171.905 69.000 82.000 29.000
12.075 3.262 171.904 76.000 89.000 31.000
12.075 3.716 171.904 101.000 112.000 52.000
12.529 1.901 171.902 109.000 116.000 69.000
12.529 2.354 171.902 105.000 115.000 51.000
12.529 2.808 171.901 93.000 105.000 37.000
12.529 3.262 171.901 95.000 108.000 38.000
12.529 3.716 171.900 93.000 105.000 45.000
12.983 1.447 171.899 99.000 103.000 66.000
12.983 1.901 171.899 139.000 148.000 78.000
12.983 2.354 171.898 137.000 146.000 71.000
12.983 2.808 171.898 130.000 140.000 58.000
12.983 3.262 171.897 115.000 126.000 48.000
12.983 3.716 171.897 89.000 100.000 45.000
13.437 1.447 171.896 108.000 113.000 73.000
13.437 1.901 171.895 135.000 143.000 78.000
13.437 2.354 171.895 129.000 137.000 67.000
13.437 2.808 171.894 125.000 135.000 59.000
13.437 3.262 171.894 121.000 131.000 55.000
13.437 3.716 171.893 101.000 109.000 58.000
13.891 1.901 171.892 108.000 116.000 68.000
13.891 2.354 171.891 126.000 134.000 75.000
13.891 2.808 171.891 122.000 129.000 69.000
11.171 2.809 172.365 73.000 81.000 50.000
11.171 3.263 172.365 100.000 107.000 63.000
11.625 3.263 172.361 84.000 93.000 55.000
11.625 3.716 172.361 115.000 123.000 77.000
12.079 2.355 172.359 69.000 81.000 37.000
12.079 2.809 172.358 79.000 91.000 38.000
12.079 3.263 172.358 95.000 108.000 42.000
12.079 3.716 172.357 113.000 123.000 59.000
12.079 4.170 172.357 84.000 91.000 51.000
12.533 1.901 172.356 102.000 109.000 58.000
12.533 2.355 172.356 104.000 113.000 48.000
12.533 2.809 172.355 112.000 123.000 43.000
12.533 3.263 172.354 110.000 123.000 39.000
12.533 3.716 172.354 110.000 121.000 47.000
12.533 4.170 172.353 99.000 110.000 52.000
12.986 1.447 172.353 96.000 101.000 58.000
12.986 1.901 172.353 131.000 140.000 69.000
12.986 2.355 172.352 135.000 144.000 60.000
12.986 2.809 172.352 136.000 146.000 53.000
12.986 3.263 172.351 134.000 144.000 50.000
12.986 3.716 172.351 112.000 122.000 47.000
12.986 4.170 172.350 79.000 91.000 39.000
13.440 1.447 172.350 130.000 136.000 84.000
13.440 1.901 172.349 125.000 134.000 69.000
13.440 2.355 172.349 127.000 135.000 59.000
13.440 2.809 172.348 129.000 137.000 54.000
13.440 3.263 172.348 129.000 137.000 53.000
13.440 3.716 172.347 118.000 127.000 60.000
13.894 1.447 172.346 104.000 108.000 74.000
13.894 1.901 172.346 121.000 128.000 70.000
13.894 2.355 172.345 127.000 134.000 69.000
13.894 2.809 172.345 131.000 137.000 63.000
13.894 3.262 172.344 129.000 136.000 60.000
13.894 3.716 172.344 85.000 90.000 52.000
14.348 2.355 172.342 94.000 98.000 60.000
14.348 2.809 172.341 86.000 91.000 50.000
11.175 3.263 172.819 80.000 90.000 48.000
11.175 3.717 172.818 81.000 88.000 51.000
11.629 3.263 172.815 88.000 95.000 63.000
11.629 3.717 172.815 92.000 101.000 60.000
11.629 4.171 172.814 94.000 102.000 64.000
12.082 2.355 172.813 70.000 81.000 38.000
12.082 2.809 172.812 83.000 95.000 40.000
12.082 3.263 172.812 95.000 107.000 41.000
12.082 3.717 172.811 108.000 118.000 53.000
12.082 4.171 172.811 103.000 115.000 53.000
12.082 4.624 172.810 83.000 96.000 45.000
12.536 1.902 172.810 91.000 99.000 48.000
12.536 2.355 172.809 100.000 111.000 43.000
12.536 2.809 172.809 110.000 122.000 40.000
12.536 3.263 172.808 122.000 135.000 42.000
12.536 3.717 172.808 120.000 132.000 46.000
12.536 4.171 172.807 112.000 123.000 48.000
12.536 4.624 172.807 95.000 107.000 49.000
12.990 1.448 172.807 97.000 103.000 53.000
12.990 1.902 172.806 121.000 131.000 56.000
12.990 2.355 172.806 131.000 141.000 52.000
12.990 2.809 172.805 137.000 148.000 47.000
12.990 3.263 172.805 137.000 149.000 45.000
12.990 3.717 172.804 123.000 135.000 44.000
12.990 4.171 172.804 105.000 117.000 43.000
13.444 1.448 172.803 124.000 131.000 76.000
13.444 1.902 172.803 134.000 142.000 72.000
13.444 2.355 172.802 139.000 147.000 66.000
13.444 2.809 172.802 142.000 150.000 58.000
13.444 3.263 172.801 144.000 152.000 58.000
13.444 3.717 172.801 140.000 148.000 67.000
13.444 4.171 172.800 100.000 110.000 49.000
13.898 1.448 172.800 129.000 135.000 85.000
13.898 1.902 172.799 127.000 135.000 70.000
13.898 2.355 172.799 138.000 145.000 72.000
13.898 2.809 172.798 143.000 150.000 68.000
13.898 3.263 172.798 149.000 155.000 71.000
13.898 3.717 172.797 141.000 146.000 82.000
13.898 4.171 172.797 83.000 88.000 54.000
14.351 1.448 172.796 113.000 118.000 76.000
14.351 1.902 172.796 130.000 136.000 80.000
14.351 2.355 172.795 139.000 145.000 82.000
14.351 2.809 172.795 144.000 149.000 79.000
14.351 3.263 172.794 142.000 148.000 79.000
14.351 3.717 172.794 111.000 115.000 73.000
11.178 3.717 173.272 77.000 88.000 45.000
11.632 3.264 173.269 72.000 81.000 48.000
11.632 3.717 173.268 70.000 81.000 44.000
12.086 2.810 173.266 70.000 84.000 32.000
12.086 3.264 173.266 80.000 94.000 33.000
12.086 3.717 173.265 102.000 114.000 50.000
12.086 4.171 173.265 108.000 119.000 52.000
12.086 4.625 173.264 85.000 98.000 44.000
12.540 1.902 173.264 85.000 95.000 44.000
12.540 2.356 173.263 93.000 105.000 41.000
12.540 2.810 173.263 98.000 111.000 37.000
12.540 3.264 173.262 115.000 128.000 40.000
12.540 3.717 173.262 126.000 138.000 50.000
12.540 4.171 173.261 118.000 130.000 47.000
12.540 4.625 173.261 104.000 116.000 49.000
12.993 1.448 173.261 78.000 86.000 41.000
12.993 1.902 173.260 117.000 127.000 55.000
12.993 2.356 173.260 122.000 134.000 51.000
12.993 2.810 173.259 129.000 142.000 47.000
12.993 3.264 173.259 132.000 145.000 44.000
12.993 3.717 173.258 137.000 147.000 51.000
12.993 4.171 173.258 124.000 135.000 47.000
12.993 4.625 173.257 92.000 102.000 42.000
13.447 1.448 173.257 112.000 118.000 67.000
13.447 1.902 173.257 139.000 147.000 75.000
13.447 2.356 173.256 144.000 152.000 70.000
13.447 2.810 173.256 151.000 160.000 67.000
13.447 3.264 173.255 152.000 161.000 65.000
13.447 3.717 173.255 158.000 164.000 77.000
13.447 4.171 173.254 128.000 139.000 58.000
13.447 4.625 173.254 80.000 90.000 39.000
13.901 1.448 173.254 127.000 135.000 77.000
13.901 1.902 173.253 137.000 145.000 74.000
13.901 2.356 173.253 148.000 156.000 75.000
13.901 2.810 173.252 152.000 159.000 72.000
13.901 3.264 173.252 160.000 166.000 76.000
13.901 3.717 173.251 158.000 163.000 85.000
13.901 4.171 173.251 146.000 152.000 85.000
14.355 1.448 173.250 132.000 138.000 88.000
14.355 1.902 173.250 142.000 150.000 87.000
14.355 2.356 173.249 148.000 156.000 83.000
14.355 2.810 173.249 152.000 158.000 79.000
14.355 3.264 173.248 156.000 162.000 81.000
14.355 3.717 173.248 150.000 156.000 88.000
14.355 4.171 173.247 124.000 129.000 82.000
14.809 1.902 173.246 136.000 140.000 94.000
14.809 2.356 173.246 142.000 147.000 96.000
14.809 2.810 173.245 128.000 134.000 81.000
14.809 3.264 173.245 106.000 113.000 65.000
14.809 3.717 173.244 75.000 80.000 49.000
12.089 3.264 173.719 90.000 103.000 42.000
12.089 3.718 173.719 104.000 115.000 51.000
12.089 4.172 173.718 103.000 114.000 49.000
12.089 4.625 173.718 84.000 97.000 41.000
12.543 1.903 173.717 70.000 81.000 35.000
12.543 2.356 173.717 79.000 93.000 35.000
12.543 2.810 173.716 79.000 95.000 31.000
12.543 3.264 173.716 107.000 122.000 41.000
12.543 3.718 173.715 145.000 154.000 64.000
12.543 4.172 173.715 142.000 152.000 59.000
12.543 4.625 173.714 127.000 138.000 56.000
12.997 1.449 173.714 92.000 102.000 48.000
12.997 1.903 173.714 122.000 132.000 60.000
12.997 2.356 173.713 137.000 146.000 67.000
12.997 2.810 173.713 124.000 136.000 50.000
12.997 3.264 173.712 128.000 141.000 46.000
12.997 3.718 173.712 155.000 164.000 64.000
12.997 4.172 173.711 152.000 161.000 62.000
12.997 4.625 173.711 142.000 152.000 61.000
13.451 1.449 173.711 116.000 124.000 67.000
13.451 1.903 173.711 134.000 144.000 68.000
13.451 2.356 173.710 152.000 160.000 76.000
13.451 2.810 173.709 156.000 164.000 72.000
13.451 3.264 173.709 159.000 168.000 69.000
13.451 3.718 173.708 160.000 168.000 72.000
13.451 4.172 173.708 148.000 157.000 65.000
13.451 4.625 173.707 108.000 119.000 49.000
13.904 0.995 173.708 76.000 80.000 53.000
13.904 1.449 173.708 134.000 142.000 80.000
13.904 1.903 173.707 140.000 149.000 72.000
13.904 2.356 173.707 157.000 165.000 77.000
13.904 2.810 173.706 162.000 170.000 75.000
13.904 3.264 173.706 165.000 172.000 73.000
13.904 3.718 173.705 163.000 170.000 79.000
13.904 4.172 173.704 157.000 165.000 78.000
13.904 4.625 173.704 103.000 112.000 52.000
14.358 1.449 173.704 135.000 143.000 85.000
14.358 1.903 173.704 146.000 154.000 84.000
14.358 2.356 173.703 157.000 164.000 85.000
14.358 2.810 173.703 162.000 169.000 81.000
14.358 3.264 173.702 164.000 171.000 81.000
14.358 3.718 173.702 162.000 169.000 87.000
14.358 4.172 173.701 152.000 159.000 89.000
14.812 1.449 173.701 85.000 89.000 59.000
14.812 1.903 173.700 154.000 160.000 102.000
14.812 2.356 173.700 157.000 162.000 102.000
14.812 2.810 173.699 155.000 162.000 96.000
14.812 3.264 173.699 151.000 157.000 90.000
14.812 3.718 173.698 140.000 148.000 88.000
14.812 4.172 173.698 93.000 98.000 63.000
11.639 3.265 174.177 79.000 92.000 45.000
11.639 3.718 174.176 80.000 92.000 49.000
11.639 4.172 174.176 70.000 82.000 38.000
12.093 2.811 174.174 79.000 92.000 42.000
12.093 3.265 174.173 104.000 116.000 53.000
12.093 3.718 174.173 100.000 113.000 44.000
12.093 4.172 174.172 106.000 118.000 45.000
12.093 4.626 174.172 93.000 106.000 43.000
12.546 2.357 174.171 75.000 88.000 35.000
12.546 2.811 174.170 88.000 102.000 40.000
12.546 3.265 174.170 131.000 142.000 60.000
12.546 3.718 174.169 143.000 153.000 63.000
12.546 4.172 174.169 146.000 156.000 58.000
12.546 4.626 174.168 135.000 146.000 58.000
13.000 1.903 174.168 124.000 133.000 69.000
13.000 2.357 174.167 125.000 134.000 65.000
13.000 2.811 174.167 113.000 125.000 51.000
13.000 3.265 174.166 135.000 147.000 59.000
13.000 3.718 174.166 164.000 171.000 73.000
13.000 4.172 174.165 159.000 167.000 66.000
13.000 4.626 174.165 151.000 160.000 66.000
13.000 5.080 174.164 105.000 116.000 55.000
13.454 1.449 174.165 101.000 108.000 59.000
13.454 1.903 174.164 127.000 137.000 63.000
13.454 2.357 174.164 141.000 151.000 68.000
13.454 2.811 174.163 144.000 153.000 66.000
13.454 3.265 174.163 149.000 158.000 61.000
13.454 3.718 174.162 162.000 170.000 71.000
13.454 4.172 174.162 152.000 161.000 65.000
13.454 4.626 174.161 142.000 151.000 69.000
13.454 5.080 174.161 75.000 80.000 44.000
13.908 1.449 174.161 132.000 140.000 76.000
13.908 1.903 174.161 147.000 155.000 77.000
13.908 2.357 174.160 157.000 166.000 75.000
13.908 2.811 174.160 166.000 175.000 76.000
13.908 3.265 174.159 170.000 179.000 74.000
13.908 3.718 174.159 168.000 177.000 77.000
13.908 4.172 174.158 156.000 164.000 73.000
13.908 4.626 174.158 132.000 142.000 67.000
14.362 1.449 174.158 137.000 145.000 86.000
14.362 1.903 174.157 153.000 161.000 85.000
14.362 2.357 174.157 163.000 171.000 85.000
14.362 2.811 174.156 169.000 177.000 84.000
14.362 3.265 174.156 171.000 178.000 82.000
14.362 3.718 174.155 168.000 177.000 87.000
14.362 4.172 174.155 166.000 174.000 93.000
14.362 4.626 174.154 129.000 137.000 77.000
14.815 1.449 174.154 134.000 138.000 94.000
14.815 1.903 174.154 167.000 173.000 111.000
14.815 2.357 174.153 175.000 181.000 113.000
14.815 2.811 174.153 173.000 178.000 105.000
14.815 3.265 174.152 162.000 168.000 96.000
14.815 3.718 174.152 162.000 169.000 99.000
14.815 4.172 174.151 139.000 144.000 93.000
15.269 2.357 174.150 113.000 116.000 84.000
15.269 2.811 174.149 120.000 123.000 82.000
15.269 3.265 174.149 90.000 95.000 59.000
11.642 3.265 174.630 86.000 100.000 42.000
11.642 3.719 174.630 82.000 96.000 38.000
11.642 4.173 174.629 104.000 115.000 58.000
11.642 4.627 174.629 91.000 101.000 55.000
12.096 2.811 174.627 77.000 91.000 38.000
12.096 3.265 174.627 92.000 106.000 41.000
12.096 3.719 174.626 105.000 119.000 44.000
12.096 4.173 174.626 124.000 136.000 54.000
12.096 4.627 174.625 95.000 109.000 42.000
12.550 1.904 174.625 68.000 80.000 38.000
12.550 2.357 174.625 68.000 81.000 34.000
12.550 2.811 174.624 78.000 92.000 38.000
12.550 3.265 174.623 100.000 114.000 44.000
12.550 3.719 174.623 139.000 150.000 59.000
12.550 4.173 174.622 152.000 162.000 61.000
12.550 4.627 174.622 127.000 139.000 52.000
12.550 5.080 174.621 74.000 90.000 34.000
13.004 1.904 174.622 93.000 104.000 53.000
13.004 2.357 174.621 95.000 106.000 51.000
13.004 2.811 174.621 99.000 110.000 51.000
13.004 3.265 174.620 126.000 137.000 57.000
13.004 3.719 174.620 156.000 165.000 71.000
13.004 4.173 174.619 163.000 172.000 65.000
13.004 4.627 174.618 159.000 167.000 70.000
13.004 5.080 174.618 108.000 118.000 57.000
13.458 1.450 174.619 96.000 102.000 57.000
13.458 1.904 174.618 128.000 136.000 68.000
13.458 2.357 174.618 144.000 152.000 76.000
13.458 2.811 174.617 148.000 157.000 73.000
13.458 3.265 174.617 159.000 168.000 74.000
13.458 3.719 174.616 161.000 169.000 69.000
13.458 4.173 174.616 159.000 168.000 64.000
13.458 4.626 174.615 160.000 168.000 76.000
13.458 5.080 174.615 99.000 106.000 58.000
13.911 1.450 174.615 134.000 142.000 78.000
13.911 1.904 174.615 149.000 157.000 77.000
13.911 2.357 174.614 162.000 170.000 80.000
13.911 2.811 174.614 168.000 177.000 79.000
13.911 3.265 174.613 173.000 182.000 79.000
13.911 3.719 174.613 169.000 177.000 79.000
13.911 4.173 174.612 163.000 170.000 77.000
13.911 4.626 174.612 154.000 162.000 77.000
13.911 5.080 174.611 97.000 106.000 52.000
14.365 1.450 174.612 142.000 148.000 89.000
14.365 1.904 174.611 152.000 160.000 82.000
14.365 2.357 174.611 166.000 174.000 86.000
14.365 2.811 174.610 175.000 182.000 88.000
14.365 3.265 174.610 176.000 183.000 85.000
14.365 3.719 174.609 171.000 178.000 88.000
14.365 4.173 174.609 173.000 180.000 99.000
14.365 4.626 174.608 156.000 163.000 92.000
14.819 1.450 174.608 139.000 144.000 98.000
14.819 1.904 174.608 155.000 161.000 99.000
14.819 2.357 174.607 177.000 183.000 111.000
14.819 2.811 174.607 177.000 182.000 107.000
14.819 3.265 174.606 172.000 177.000 102.000
14.819 3.719 174.606 173.000 179.000 103.000
14.819 4.173 174.605 172.000 175.000 113.000
15.273 1.904 174.604 129.000 132.000 94.000
15.273 2.357 174.604 159.000 164.000 113.000
15.273 2.811 174.603 158.000 163.000 107.000
15.273 3.265 174.603 157.000 162.000 102.000
15.273 3.719 174.602 91.000 94.000 62.000
11.646 4.173 175.083 106.000 117.000 54.000
11.646 4.627 175.083 91.000 102.000 52.000
12.100 2.358 175.082 79.000 91.000 46.000
12.100 2.812 175.081 88.000 100.000 47.000
12.100 3.266 175.081 104.000 116.000 47.000
12.100 3.719 175.080 116.000 129.000 51.000
12.100 4.173 175.080 126.000 138.000 51.000
12.100 4.627 175.079 107.000 121.000 48.000
12.100 5.081 175.079 74.000 88.000 37.000
12.553 1.904 175.079 74.000 86.000 42.000
12.553 2.358 175.078 71.000 85.000 38.000
12.553 2.812 175.078 74.000 88.000 37.000
12.553 3.266 175.077 89.000 103.000 40.000
12.553 3.719 175.077 120.000 133.000 49.000
12.553 4.173 175.076 149.000 160.000 57.000
12.553 4.627 175.076 134.000 146.000 56.000
12.553 5.081 175.075 83.000 97.000 41.000
13.007 1.904 175.075 77.000 88.000 41.000
13.007 2.358 175.075 83.000 95.000 45.000
13.007 2.812 175.074 74.000 87.000 37.000
13.007 3.266 175.074 86.000 100.000 40.000
13.007 3.719 175.073 137.000 148.000 58.000
13.007 4.173 175.073 164.000 173.000 66.000
13.007 4.627 175.072 159.000 167.000 70.000
13.007 5.081 175.072 105.000 116.000 59.000
13.461 1.904 175.072 113.000 122.000 60.000
13.461 2.358 175.071 117.000 127.000 58.000
13.461 2.812 175.071 125.000 135.000 60.000
13.461 3.266 175.070 147.000 155.000 69.000
13.461 3.719 175.070 157.000 165.000 71.000
13.461 4.173 175.069 161.000 170.000 69.000
13.461 4.627 175.069 162.000 170.000 78.000
13.461 5.081 175.068 127.000 135.000 70.000
13.915 1.450 175.069 131.000 138.000 78.000
13.915 1.904 175.068 148.000 155.000 76.000
13.915 2.358 175.068 153.000 161.000 73.000
13.915 2.812 175.067 161.000 170.000 72.000
13.915 3.266 175.067 173.000 181.000 80.000
13.915 3.719 175.066 177.000 184.000 89.000
13.915 4.173 175.066 172.000 179.000 85.000
13.915 4.627 175.065 162.000 170.000 82.000
13.915 5.081 175.065 135.000 145.000 72.000
14.369 1.450 175.065 143.000 150.000 85.000
14.369 1.904 175.065 152.000 160.000 81.000
14.369 2.358 175.064 165.000 173.000 83.000
14.369 2.812 175.064 174.000 182.000 84.000
14.369 3.266 175.063 178.000 186.000 84.000
14.369 3.719 175.063 177.000 185.000 91.000
14.369 4.173 175.062 181.000 189.000 103.000
14.369 4.627 175.062 172.000 180.000 102.000
14.369 5.081 175.061 124.000 130.000 71.000
14.822 1.450 175.062 138.000 144.000 94.000
14.822 1.904 175.062 152.000 159.000 93.000
14.822 2.358 175.061 174.000 180.000 106.000
14.822 2.812 175.060 183.000 189.000 110.000
14.822 3.266 175.060 182.000 188.000 106.000
14.822 3.719 175.059 178.000 185.000 105.000
14.822 4.173 175.059 188.000 193.000 119.000
14.822 4.627 175.058 157.000 162.000 104.000
15.276 1.904 175.058 159.000 163.000 113.000
15.276 2.358 175.058 183.000 188.000 126.000
15.276 2.812 175.057 187.000 190.000 124.000
15.276 3.266 175.057 183.000 188.000 118.000
15.276 3.719 175.056 166.000 172.000 106.000
11.649 4.628 175.536 91.000 103.000 50.000
11.649 5.081 175.536 69.000 82.000 36.000
12.103 2.358 175.536 67.000 80.000 38.000
12.103 2.812 175.535 81.000 94.000 45.000
12.103 3.266 175.535 101.000 113.000 52.000
12.103 3.720 175.534 115.000 127.000 56.000
12.103 4.174 175.534 131.000 142.000 59.000
12.103 4.628 175.533 110.000 122.000 53.000
12.103 5.081 175.532 66.000 80.000 30.000
12.557 2.812 175.532 72.000 86.000 37.000
12.557 3.266 175.531 88.000 101.000 43.000
12.557 3.720 175.531 110.000 123.000 49.000
12.557 4.174 175.530 150.000 160.000 64.000
12.557 4.628 175.530 130.000 142.000 59.000
12.557 5.081 175.529 70.000 84.000 33.000
13.011 2.358 175.529 67.000 81.000 35.000
13.011 2.812 175.528 73.000 86.000 37.000
13.011 3.266 175.528 84.000 96.000 41.000
13.011 3.720 175.527 129.000 140.000 59.000
13.011 4.174 175.527 160.000 169.000 71.000
13.011 4.628 175.526 153.000 163.000 74.000
13.011 5.081 175.526 84.000 98.000 45.000
13.464 1.905 175.526 95.000 106.000 48.000
13.464 2.358 175.525 100.000 111.000 47.000
13.464 2.812 175.525 114.000 126.000 53.000
13.464 3.266 175.524 145.000 153.000 69.000
13.464 3.720 175.524 165.000 173.000 84.000
13.464 4.174 175.523 163.000 172.000 77.000
13.464 4.628 175.523 163.000 171.000 85.000
13.464 5.081 175.522 132.000 141.000 72.000
13.918 1.905 175.522 142.000 149.000 79.000
13.918 2.358 175.522 147.000 156.000 70.000
13.918 2.812 175.521 161.000 169.000 76.000
13.918 3.266 175.521 176.000 183.000 88.000
13.918 3.720 175.520 182.000 188.000 98.000
13.918 4.174 175.520 179.000 186.000 95.000
13.918 4.628 175.519 172.000 179.000 95.000
13.918 5.081 175.519 145.000 154.000 82.000
14.372 1.451 175.519 131.000 138.000 84.000
14.372 1.905 175.519 148.000 155.000 85.000
14.372 2.358 175.518 163.000 170.000 88.000
14.372 2.812 175.518 172.000 179.000 89.000
14.372 3.266 175.517 181.000 188.000 94.000
14.372 3.720 175.517 183.000 190.000 102.000
14.372 4.174 175.516 188.000 195.000 110.000
14.372 4.628 175.516 179.000 187.000 107.000
14.372 5.081 175.515 128.000 135.000 78.000
14.826 1.451 175.516 140.000 145.000 97.000
14.826 1.905 175.515 158.000 164.000 100.000
14.826 2.358 175.515 174.000 181.000 106.000
14.826 2.812 175.514 187.000 192.000 113.000
14.826 3.266 175.514 190.000 195.000 115.000
14.826 3.720 175.513 187.000 192.000 116.000
14.826 4.174 175.513 198.000 203.000 129.000
14.826 4.628 175.512 186.000 191.000 129.000
15.280 1.905 175.512 170.000 175.000 121.000
15.280 2.358 175.511 184.000 188.000 125.000
15.280 2.812 175.511 192.000 196.000 127.000
15.280 3.266 175.510 191.000 196.000 125.000
15.280 3.720 175.510 179.000 184.000 117.000
15.280 4.174 175.509 94.000 96.000 69.000
12.107 2.813 175.989 92.000 103.000 53.000
12.107 3.267 175.988 115.000 125.000 65.000
12.107 3.720 175.988 119.000 130.000 63.000
12.107 4.174 175.987 143.000 151.000 82.000
12.107 4.628 175.987 111.000 121.000 61.000
12.560 2.813 175.985 67.000 81.000 36.000
12.560 3.267 175.985 82.000 95.000 45.000
12.560 3.720 175.984 108.000 119.000 55.000
12.560 4.174 175.984 138.000 149.000 67.000
12.560 4.628 175.983 130.000 140.000 69.000
12.560 5.082 175.983 68.000 82.000 35.000
13.014 2.813 175.982 73.000 86.000 40.000
13.014 3.267 175.981 99.000 110.000 55.000
13.014 3.720 175.981 131.000 142.000 71.000
13.014 4.174 175.980 157.000 168.000 80.000
13.014 4.628 175.980 133.000 145.000 67.000
13.014 5.082 175.979 81.000 94.000 45.000
13.468 1.905 175.979 87.000 99.000 47.000
13.468 2.359 175.979 105.000 116.000 55.000
13.468 2.813 175.978 136.000 145.000 70.000
13.468 3.267 175.978 163.000 171.000 89.000
13.468 3.720 175.977 162.000 171.000 84.000
13.468 4.174 175.977 169.000 178.000 90.000
13.468 4.628 175.976 166.000 175.000 92.000
13.468 5.082 175.976 136.000 145.000 77.000
13.922 1.905 175.976 125.000 134.000 70.000
13.922 2.359 175.976 152.000 159.000 80.000
13.922 2.813 175.975 168.000 175.000 89.000
13.922 3.267 175.974 186.000 191.000 109.000
13.922 3.720 175.974 185.000 191.000 106.000
13.922 4.174 175.973 186.000 193.000 108.000
13.922 4.628 175.973 182.000 190.000 109.000
13.922 5.082 175.972 152.000 161.000 91.000
14.376 1.905 175.973 150.000 156.000 91.000
14.376 2.359 175.972 165.000 172.000 97.000
14.376 2.813 175.972 183.000 189.000 102.000
14.376 3.267 175.971 191.000 195.000 111.000
14.376 3.720 175.971 195.000 200.000 120.000
14.376 4.174 175.970 199.000 205.000 123.000
14.376 4.628 175.969 188.000 195.000 117.000
14.376 5.082 175.969 135.000 143.000 84.000
14.829 1.451 175.970 120.000 124.000 86.000
14.829 1.905 175.969 159.000 164.000 106.000
14.829 2.359 175.969 176.000 182.000 109.000
14.829 2.813 175.968 188.000 193.000 115.000
14.829 3.267 175.968 194.000 198.000 121.000
14.829 3.720 175.967 197.000 201.000 128.000
14.829 4.174 175.967 207.000 211.000 141.000
14.829 4.628 175.966 196.000 200.000 140.000
15.283 1.451 175.966 100.000 104.000 75.000
15.283 1.905 175.966 165.000 170.000 118.000
15.283 2.359 175.965 182.000 187.000 124.000
15.283 2.813 175.965 195.000 199.000 129.000
15.283 3.267 175.964 202.000 205.000 132.000
15.283 3.720 175.964 184.000 189.000 126.000
15.737 2.813 175.961 107.000 107.000 79.000
12.110 3.721 176.442 126.000 138.000 75.000
12.110 4.175 176.441 128.000 139.000 79.000
12.110 4.629 176.441 95.000 106.000 55.000
12.564 3.267 176.439 76.000 89.000 44.000
12.564 3.721 176.438 100.000 112.000 59.000
12.564 4.175 176.438 120.000 132.000 67.000
12.564 4.629 176.437 107.000 118.000 61.000
12.564 5.082 176.437 71.000 84.000 38.000
13.018 2.813 176.436 68.000 80.000 35.000
13.018 3.267 176.435 76.000 89.000 44.000
13.018 3.721 176.435 132.000 142.000 85.000
13.018 4.175 176.434 148.000 159.000 88.000
13.018 4.629 176.434 133.000 143.000 76.000
13.018 5.082 176.433 88.000 99.000 53.000
13.471 2.359 176.433 96.000 107.000 48.000
13.471 2.813 176.432 142.000 150.000 81.000
13.471 3.267 176.432 167.000 174.000 104.000
13.471 3.721 176.431 158.000 168.000 87.000
13.471 4.175 176.431 181.000 189.000 114.000
13.471 4.629 176.430 173.000 181.000 110.000
13.471 5.082 176.430 116.000 125.000 65.000
13.925 2.359 176.429 153.000 160.000 84.000
13.925 2.813 176.429 175.000 182.000 104.000
13.925 3.267 176.428 192.000 196.000 120.000
13.925 3.721 176.428 192.000 198.000 118.000
13.925 4.175 176.427 196.000 203.000 122.000
13.925 4.629 176.427 185.000 193.000 115.000
13.925 5.082 176.426 126.000 136.000 76.000
14.379 1.906 176.426 109.000 112.000 71.000
14.379 2.359 176.426 169.000 175.000 102.000
14.379 2.813 176.425 183.000 189.000 107.000
14.379 3.267 176.425 195.000 201.000 118.000
14.379 3.721 176.424 205.000 209.000 128.000
14.379 4.175 176.424 207.000 213.000 134.000
14.379 4.629 176.423 194.000 201.000 126.000
14.379 5.082 176.423 122.000 128.000 76.000
14.833 1.906 176.423 139.000 142.000 99.000
14.833 2.359 176.422 189.000 192.000 122.000
14.833 2.813 176.422 191.000 196.000 121.000
14.833 3.267 176.421 198.000 203.000 126.000
14.833 3.721 176.421 206.000 210.000 135.000
14.833 4.175 176.420 214.000 218.000 151.000
14.833 4.629 176.420 197.000 202.000 139.000
15.287 1.906 176.419 141.000 144.000 103.000
15.287 2.359 176.419 185.000 189.000 129.000
15.287 2.813 176.418 198.000 201.000 135.000
15.287 3.267 176.418 203.000 207.000 139.000
15.287 3.721 176.417 176.000 179.000 129.000
15.740 2.813 176.415 97.000 99.000 72.000
12.113 4.629 176.894 102.000 116.000 54.000
12.567 3.268 176.892 75.000 90.000 38.000
12.567 3.721 176.892 74.000 84.000 44.000
12.567 4.175 176.891 173.000 180.000 119.000
12.567 4.629 176.891 112.000 124.000 63.000
12.567 5.083 176.890 66.000 80.000 29.000
13.021 2.814 176.890 75.000 87.000 37.000
13.021 3.268 176.889 70.000 84.000 38.000
13.021 4.175 176.888 179.000 187.000 128.000
13.021 4.629 176.887 140.000 149.000 91.000
13.021 5.083 176.887 74.000 87.000 38.000
13.475 2.814 176.886 98.000 110.000 48.000
13.475 3.268 176.886 137.000 147.000 81.000
13.475 3.721 176.885 175.000 183.000 115.000
13.475 4.175 176.885 188.000 194.000 126.000
13.475 4.629 176.884 180.000 187.000 121.000
13.475 5.083 176.884 90.000 98.000 51.000
13.929 2.814 176.883 159.000 168.000 87.000
13.929 3.268 176.882 194.000 201.000 128.000
13.929 3.721 176.882 199.000 206.000 130.000
13.929 4.175 176.881 201.000 207.000 132.000
13.929 4.629 176.881 190.000 197.000 125.000
13.929 5.083 176.880 106.000 114.000 65.000
14.382 2.814 176.879 189.000 195.000 116.000
14.382 3.268 176.879 207.000 213.000 135.000
14.382 3.721 176.878 208.000 214.000 135.000
14.382 4.175 176.878 209.000 215.000 137.000
14.382 4.629 176.877 194.000 201.000 128.000
14.836 2.360 176.876 175.000 179.000 119.000
14.836 2.814 176.876 196.000 200.000 130.000
14.836 3.268 176.875 209.000 214.000 140.000
14.836 3.721 176.875 214.000 218.000 147.000
14.836 4.175 176.874 217.000 220.000 152.000
14.836 4.629 176.874 93.000 94.000 64.000
15.290 2.360 176.873 146.000 150.000 104.000
15.290 2.814 176.872 198.000 201.000 142.000
15.290 3.268 176.872 205.000 208.000 148.000
15.290 3.721 176.871 189.000 192.000 137.000
13.025 3.268 177.343 69.000 81.000 38.000
13.025 3.722 177.342 85.000 94.000 57.000
13.025 4.630 177.341 103.000 107.000 74.000
13.024 5.083 177.341 79.000 91.000 42.000
13.478 3.268 177.339 88.000 99.000 47.000
13.478 3.722 177.339 129.000 140.000 79.000
13.478 4.176 177.338 159.000 164.000 111.000
13.478 4.630 177.338 107.000 110.000 74.000
13.932 3.268 177.336 149.000 160.000 86.000
13.932 3.722 177.335 187.000 195.000 125.000
13.932 4.176 177.335 197.000 204.000 133.000
13.932 4.630 177.334 130.000 143.000 76.000
14.386 3.268 177.332 186.000 195.000 123.000
14.386 3.722 177.332 208.000 214.000 143.000
14.386 4.176 177.331 203.000 209.000 138.000
14.386 4.630 177.331 161.000 170.000 99.000
14.840 2.814 177.329 122.000 128.000 82.000
14.840 3.268 177.329 162.000 167.000 116.000
14.840 3.722 177.328 211.000 216.000 151.000
14.840 4.176 177.328 203.000 209.000 141.000
14.840 4.630 177.327 115.000 117.000 70.000
15.294 3.268 177.326 130.000 133.000 95.000
13.482 3.722 177.793 79.000 89.000 45.000
13.936 3.722 177.789 98.000 109.000 56.000
13.936 4.176 177.789 187.000 193.000 138.000
13.936 4.630 177.788 89.000 94.000 60.000
14.389 3.722 177.786 127.000 135.000 79.000
14.389 4.176 177.785 207.000 214.000 155.000
14.389 4.630 177.785 172.000 179.000 113.000
14.843 4.176 177.782 136.000 138.000 105.000
14.843 4.630 177.781 139.000 142.000 91.000
