15.643 11.875 163.698 81.000 91.000 43.000
13.364 11.420 162.355 75.000 87.000 41.000
12.914 11.874 162.812 80.000 90.000 43.000
13.368 11.420 162.809 81.000 93.000 41.000
13.368 11.874 162.808 86.000 96.000 43.000
13.821 11.420 162.805 93.000 105.000 44.000
13.821 11.874 162.805 90.000 102.000 42.000
14.275 11.420 162.802 115.000 124.000 58.000
12.917 11.875 163.265 90.000 99.000 51.000
12.917 12.328 163.265 92.000 96.000 63.000
13.371 11.421 163.262 81.000 93.000 36.000
13.371 11.875 163.262 94.000 104.000 48.000
13.371 12.328 163.261 84.000 91.000 53.000
13.825 11.421 163.259 90.000 102.000 37.000
13.825 11.875 163.258 91.000 102.000 43.000
13.825 12.328 163.258 77.000 86.000 45.000
14.279 10.967 163.256 89.000 96.000 37.000
14.279 11.421 163.255 103.000 114.000 42.000
14.279 11.875 163.255 95.000 107.000 43.000
14.732 10.967 163.253 107.000 114.000 55.000
14.732 11.421 163.252 119.000 129.000 58.000
14.732 11.875 163.251 112.000 125.000 54.000
15.186 11.421 163.249 91.000 97.000 55.000
12.921 11.421 163.720 73.000 83.000 44.000
12.921 11.875 163.719 105.000 111.000 65.000
12.921 12.329 163.719 118.000 121.000 87.000
13.374 10.968 163.717 70.000 80.000 36.000
13.374 11.421 163.716 101.000 111.000 52.000
13.374 11.875 163.716 121.000 130.000 66.000
13.374 12.329 163.715 124.000 129.000 77.000
13.374 12.783 163.715 78.000 83.000 53.000
13.828 10.968 163.713 102.000 110.000 44.000
13.828 11.421 163.713 108.000 119.000 47.000
13.828 11.875 163.712 116.000 126.000 52.000
13.828 12.329 163.712 90.000 97.000 46.000
14.282 10.968 163.710 113.000 122.000 44.000
14.282 11.421 163.709 118.000 128.000 46.000
14.282 11.875 163.709 125.000 135.000 52.000
14.282 12.329 163.708 118.000 127.000 58.000
14.736 10.968 163.706 118.000 127.000 52.000
14.736 11.421 163.706 124.000 134.000 53.000
14.736 11.875 163.705 125.000 136.000 54.000
14.736 12.329 163.705 124.000 134.000 63.000
15.190 10.968 163.703 119.000 127.000 59.000
15.190 11.421 163.702 123.000 133.000 58.000
15.190 11.875 163.702 114.000 128.000 50.000
15.643 10.968 163.699 115.000 120.000 70.000
15.643 11.421 163.699 114.000 123.000 63.000
12.924 11.422 164.173 74.000 84.000 50.000
12.924 11.876 164.173 98.000 107.000 63.000
12.924 12.330 164.172 132.000 136.000 99.000
12.924 12.783 164.172 128.000 130.000 96.000
13.378 10.968 164.170 82.000 91.000 44.000
13.378 11.422 164.170 117.000 126.000 62.000
13.378 11.876 164.169 130.000 138.000 71.000
13.378 12.330 164.169 137.000 143.000 83.000
13.378 12.783 164.168 107.000 113.000 69.000
13.832 10.968 164.167 114.000 124.000 49.000
13.832 11.422 164.167 126.000 137.000 53.000
13.832 11.876 164.166 133.000 142.000 55.000
13.832 12.330 164.165 131.000 137.000 61.000
14.286 10.968 164.164 125.000 135.000 49.000
14.286 11.422 164.163 132.000 142.000 51.000
14.286 11.876 164.163 140.000 149.000 55.000
14.286 12.330 164.162 137.000 143.000 62.000
14.286 12.783 164.162 77.000 82.000 40.000
14.739 10.514 164.161 75.000 80.000 39.000
14.739 10.968 164.160 124.000 134.000 51.000
14.739 11.422 164.160 130.000 139.000 51.000
14.739 11.876 164.159 144.000 152.000 62.000
14.739 12.330 164.159 144.000 151.000 68.000
14.739 12.783 164.158 102.000 109.000 55.000
15.193 10.514 164.157 90.000 94.000 51.000
15.193 10.968 164.157 121.000 131.000 51.000
15.193 11.422 164.156 124.000 134.000 50.000
15.193 11.876 164.156 121.000 132.000 47.000
15.193 12.330 164.155 120.000 130.000 58.000
15.193 12.783 164.155 89.000 98.000 48.000
15.647 10.514 164.154 108.000 114.000 64.000
15.647 10.968 164.153 120.000 129.000 56.000
15.647 11.422 164.153 122.000 130.000 56.000
15.647 11.876 164.152 102.000 113.000 46.000
15.647 12.330 164.152 86.000 92.000 48.000
16.101 10.514 164.150 82.000 85.000 56.000
16.101 10.968 164.150 124.000 130.000 76.000
16.101 11.422 164.149 115.000 122.000 69.000
12.928 11.422 164.627 75.000 85.000 47.000
12.928 11.876 164.627 103.000 112.000 59.000
12.928 12.330 164.626 130.000 135.000 88.000
12.928 12.784 164.626 123.000 125.000 90.000
13.381 11.422 164.624 121.000 131.000 64.000
13.381 11.876 164.623 123.000 133.000 60.000
13.381 12.330 164.623 139.000 145.000 82.000
13.381 12.784 164.622 82.000 87.000 52.000
13.835 10.969 164.621 114.000 124.000 49.000
13.835 11.422 164.620 127.000 138.000 54.000
13.835 11.876 164.620 134.000 143.000 53.000
13.835 12.330 164.619 135.000 142.000 64.000
13.835 12.784 164.619 105.000 111.000 55.000
14.289 10.969 164.617 129.000 139.000 51.000
14.289 11.422 164.617 135.000 145.000 53.000
14.289 11.876 164.616 144.000 153.000 56.000
14.289 12.330 164.616 143.000 151.000 64.000
14.289 12.784 164.615 128.000 136.000 62.000
14.743 10.515 164.614 95.000 101.000 49.000
14.743 10.969 164.614 128.000 139.000 51.000
14.743 11.422 164.613 137.000 146.000 54.000
14.743 11.876 164.613 137.000 147.000 52.000
14.743 12.330 164.612 148.000 156.000 68.000
14.743 12.784 164.612 143.000 150.000 75.000
14.743 13.238 164.611 113.000 119.000 68.000
15.197 10.515 164.611 102.000 107.000 54.000
15.197 10.969 164.610 135.000 144.000 57.000
15.197 11.422 164.610 137.000 146.000 57.000
15.197 11.876 164.609 131.000 141.000 51.000
15.197 12.330 164.609 141.000 149.000 65.000
15.197 12.784 164.608 136.000 144.000 73.000
15.197 13.238 164.608 81.000 86.000 47.000
15.650 10.515 164.607 119.000 126.000 63.000
15.650 10.969 164.607 130.000 139.000 58.000
15.650 11.422 164.606 136.000 143.000 62.000
15.650 11.876 164.606 135.000 144.000 62.000
15.650 12.330 164.605 105.000 113.000 56.000
15.650 12.784 164.605 79.000 85.000 46.000
16.104 10.515 164.604 122.000 129.000 74.000
16.104 10.969 164.604 132.000 140.000 70.000
16.104 11.422 164.603 132.000 141.000 72.000
16.104 11.876 164.602 118.000 125.000 68.000
16.558 10.969 164.600 101.000 106.000 63.000
16.558 11.422 164.600 81.000 85.000 50.000
12.477 12.331 165.083 81.000 86.000 57.000
12.931 11.423 165.081 87.000 97.000 50.000
12.931 11.877 165.081 117.000 126.000 66.000
12.931 12.331 165.080 112.000 118.000 73.000
13.385 10.969 165.078 101.000 110.000 53.000
13.385 11.423 165.078 127.000 136.000 67.000
13.385 11.877 165.077 123.000 134.000 59.000
13.385 12.331 165.077 132.000 139.000 73.000
13.839 10.969 165.075 119.000 129.000 51.000
13.839 11.423 165.074 132.000 142.000 58.000
13.839 11.877 165.074 147.000 155.000 66.000
13.839 12.331 165.073 143.000 149.000 68.000
13.839 12.784 165.073 122.000 129.000 62.000
13.839 13.238 165.072 79.000 84.000 44.000
14.292 10.969 165.071 130.000 139.000 51.000
14.292 11.423 165.071 138.000 148.000 54.000
14.292 11.877 165.070 150.000 158.000 58.000
14.292 12.331 165.070 144.000 153.000 61.000
14.292 12.784 165.069 129.000 138.000 59.000
14.292 13.238 165.069 121.000 127.000 67.000
14.746 10.515 165.068 111.000 117.000 53.000
14.746 10.969 165.068 139.000 146.000 55.000
14.746 11.423 165.067 142.000 150.000 56.000
14.746 11.877 165.067 151.000 159.000 60.000
14.746 12.331 165.066 146.000 154.000 63.000
14.746 12.784 165.066 145.000 153.000 74.000
14.746 13.238 165.065 139.000 145.000 80.000
15.200 10.515 165.065 115.000 122.000 57.000
15.200 10.969 165.064 138.000 147.000 54.000
15.200 11.423 165.064 143.000 151.000 56.000
15.200 11.877 165.063 145.000 154.000 56.000
15.200 12.331 165.063 148.000 156.000 67.000
15.200 12.784 165.062 144.000 152.000 73.000
15.200 13.238 165.062 117.000 123.000 68.000
15.654 10.515 165.061 116.000 122.000 60.000
15.654 10.969 165.061 138.000 147.000 59.000
15.654 11.423 165.060 148.000 156.000 68.000
15.654 11.877 165.060 149.000 157.000 69.000
15.654 12.331 165.059 143.000 152.000 71.000
15.654 12.784 165.059 119.000 128.000 66.000
16.108 10.515 165.058 123.000 129.000 68.000
16.108 10.969 165.057 141.000 149.000 70.000
16.108 11.423 165.057 146.000 154.000 74.000
16.108 11.877 165.056 151.000 158.000 80.000
16.108 12.331 165.056 113.000 120.000 67.000
16.561 10.515 165.054 103.000 108.000 64.000
16.561 10.969 165.054 140.000 146.000 83.000
16.561 11.423 165.053 142.000 149.000 83.000
16.561 11.877 165.053 134.000 140.000 83.000
12.935 11.423 165.535 86.000 96.000 45.000
12.935 11.877 165.534 106.000 113.000 53.000
12.935 12.331 165.534 98.000 104.000 55.000
13.388 10.970 165.532 96.000 107.000 48.000
13.388 11.423 165.531 119.000 131.000 57.000
13.388 11.877 165.531 123.000 131.000 54.000
13.388 12.331 165.530 125.000 132.000 61.000
13.388 12.785 165.530 106.000 110.000 67.000
13.842 10.970 165.528 119.000 129.000 53.000
13.842 11.423 165.528 141.000 149.000 65.000
13.842 11.877 165.527 144.000 151.000 62.000
13.842 12.331 165.527 141.000 147.000 65.000
13.842 12.785 165.526 127.000 131.000 67.000
14.296 10.970 165.525 126.000 136.000 52.000
14.296 11.423 165.524 141.000 149.000 56.000
14.296 11.877 165.524 143.000 151.000 51.000
14.296 12.331 165.523 144.000 151.000 58.000
14.296 12.785 165.523 132.000 140.000 59.000
14.296 13.239 165.522 125.000 130.000 65.000
14.750 10.970 165.521 138.000 147.000 57.000
14.750 11.423 165.521 142.000 151.000 55.000
14.750 11.877 165.520 149.000 157.000 56.000
14.750 12.331 165.520 152.000 160.000 64.000
14.750 12.785 165.519 147.000 155.000 70.000
14.750 13.239 165.519 141.000 148.000 75.000
15.204 10.516 165.519 127.000 136.000 60.000
15.204 10.970 165.518 148.000 157.000 60.000
15.204 11.423 165.518 155.000 163.000 65.000
15.204 11.877 165.517 158.000 166.000 66.000
15.204 12.331 165.516 156.000 163.000 72.000
15.204 12.785 165.516 152.000 159.000 75.000
15.204 13.239 165.515 150.000 157.000 82.000
15.657 10.516 165.515 140.000 148.000 70.000
15.657 10.970 165.515 154.000 162.000 68.000
15.657 11.423 165.514 160.000 167.000 74.000
15.657 11.877 165.514 162.000 169.000 74.000
15.657 12.331 165.513 157.000 164.000 80.000
15.657 12.785 165.513 152.000 159.000 83.000
15.657 13.239 165.512 100.000 103.000 61.000
16.111 10.062 165.512 87.000 90.000 56.000
16.111 10.516 165.512 140.000 147.000 75.000
16.111 10.970 165.511 150.000 158.000 70.000
16.111 11.423 165.511 156.000 163.000 77.000
16.111 11.877 165.510 164.000 170.000 85.000
16.111 12.331 165.510 158.000 164.000 86.000
16.111 12.785 165.509 96.000 102.000 54.000
16.565 10.062 165.509 82.000 84.000 54.000
16.565 10.516 165.508 126.000 132.000 75.000
16.565 10.970 165.508 146.000 154.000 74.000
16.565 11.423 165.507 149.000 156.000 76.000
16.565 11.877 165.507 162.000 168.000 93.000
16.565 12.331 165.506 87.000 90.000 54.000
17.019 10.970 165.504 88.000 94.000 51.000
17.019 11.423 165.504 82.000 88.000 48.000
12.938 11.878 165.988 96.000 105.000 45.000
12.938 12.332 165.988 108.000 114.000 59.000
13.392 11.424 165.985 109.000 120.000 53.000
13.392 11.878 165.985 122.000 132.000 53.000
13.392 12.332 165.984 126.000 134.000 59.000
13.392 12.785 165.984 107.000 111.000 63.000
13.846 10.970 165.982 110.000 120.000 54.000
13.846 11.424 165.982 134.000 143.000 61.000
13.846 11.878 165.981 140.000 150.000 55.000
13.846 12.332 165.981 144.000 151.000 63.000
13.846 12.785 165.980 134.000 140.000 69.000
13.846 13.239 165.980 99.000 103.000 60.000
14.299 10.516 165.979 76.000 82.000 41.000
14.299 10.970 165.979 126.000 136.000 57.000
14.299 11.424 165.978 145.000 154.000 61.000
14.299 11.878 165.978 156.000 164.000 61.000
14.299 12.332 165.977 151.000 159.000 60.000
14.299 12.785 165.977 140.000 148.000 64.000
14.299 13.239 165.976 127.000 134.000 65.000
14.299 13.693 165.976 76.000 81.000 45.000
14.753 10.516 165.976 79.000 86.000 38.000
14.753 10.970 165.975 135.000 144.000 57.000
14.753 11.424 165.975 153.000 162.000 63.000
14.753 11.878 165.974 160.000 167.000 64.000
14.753 12.332 165.974 156.000 164.000 64.000
14.753 12.785 165.973 151.000 158.000 70.000
14.753 13.239 165.973 148.000 154.000 79.000
14.753 13.693 165.972 102.000 108.000 62.000
15.207 10.516 165.972 85.000 93.000 37.000
15.207 10.970 165.972 145.000 154.000 57.000
15.207 11.424 165.971 157.000 164.000 66.000
15.207 11.878 165.971 157.000 165.000 63.000
15.207 12.332 165.970 163.000 169.000 74.000
15.207 12.785 165.970 162.000 168.000 81.000
15.207 13.239 165.969 159.000 165.000 90.000
15.661 10.516 165.969 133.000 139.000 68.000
15.661 10.970 165.968 154.000 162.000 67.000
15.661 11.424 165.968 161.000 168.000 73.000
15.661 11.878 165.967 160.000 167.000 73.000
15.661 12.332 165.967 162.000 168.000 81.000
15.661 12.785 165.966 155.000 162.000 83.000
15.661 13.239 165.966 135.000 141.000 81.000
16.115 10.516 165.965 135.000 141.000 73.000
16.115 10.970 165.965 156.000 164.000 72.000
16.115 11.424 165.964 162.000 169.000 78.000
16.115 11.878 165.964 165.000 171.000 81.000
16.115 12.332 165.963 161.000 168.000 85.000
16.115 12.785 165.963 135.000 142.000 78.000
16.568 10.062 165.962 86.000 90.000 60.000
16.568 10.516 165.962 139.000 145.000 79.000
16.568 10.970 165.961 153.000 160.000 75.000
16.568 11.424 165.961 161.000 168.000 83.000
16.568 11.878 165.960 174.000 180.000 96.000
16.568 12.332 165.960 161.000 168.000 101.000
17.022 10.516 165.959 101.000 106.000 64.000
17.022 10.970 165.958 140.000 148.000 80.000
17.022 11.424 165.957 149.000 156.000 88.000
17.022 11.878 165.957 120.000 126.000 75.000
12.941 11.878 166.442 86.000 93.000 40.000
12.941 12.332 166.441 112.000 119.000 56.000
12.941 12.786 166.441 88.000 91.000 55.000
13.395 11.424 166.439 98.000 109.000 48.000
13.395 11.878 166.438 121.000 133.000 51.000
13.395 12.332 166.438 130.000 138.000 58.000
13.395 12.786 166.437 121.000 126.000 69.000
13.849 10.971 166.436 98.000 107.000 53.000
13.849 11.424 166.435 127.000 137.000 59.000
13.849 11.878 166.435 139.000 149.000 53.000
13.849 12.332 166.434 150.000 158.000 65.000
13.849 12.786 166.434 141.000 148.000 72.000
13.849 13.240 166.433 108.000 112.000 66.000
14.303 10.971 166.433 113.000 123.000 55.000
14.303 11.424 166.432 140.000 150.000 59.000
14.303 11.878 166.432 155.000 164.000 59.000
14.303 12.332 166.431 156.000 164.000 62.000
14.303 12.786 166.431 151.000 157.000 71.000
14.303 13.240 166.430 133.000 140.000 68.000
14.757 10.517 166.430 76.000 83.000 38.000
14.757 10.971 166.429 128.000 138.000 55.000
14.757 11.424 166.429 150.000 159.000 61.000
14.757 11.878 166.428 158.000 166.000 60.000
14.757 12.332 166.428 162.000 169.000 68.000
14.757 12.786 166.427 157.000 164.000 73.000
14.757 13.240 166.427 148.000 155.000 76.000
14.757 13.694 166.426 95.000 103.000 55.000
15.210 10.971 166.426 141.000 149.000 55.000
15.210 11.424 166.425 155.000 163.000 64.000
15.210 11.878 166.425 159.000 166.000 61.000
15.210 12.332 166.424 167.000 173.000 78.000
15.210 12.786 166.424 169.000 174.000 89.000
15.210 13.240 166.423 167.000 172.000 95.000
15.210 13.694 166.423 116.000 121.000 75.000
15.664 10.517 166.423 119.000 126.000 57.000
15.664 10.971 166.422 154.000 162.000 67.000
15.664 11.424 166.422 164.000 171.000 73.000
15.664 11.878 166.421 164.000 170.000 73.000
15.664 12.332 166.421 166.000 172.000 84.000
15.664 12.786 166.420 168.000 173.000 90.000
15.664 13.240 166.420 180.000 186.000 111.000
16.118 10.517 166.419 134.000 140.000 71.000
16.118 10.971 166.419 158.000 165.000 71.000
16.118 11.424 166.418 164.000 171.000 78.000
16.118 11.878 166.418 168.000 174.000 82.000
16.118 12.332 166.417 167.000 173.000 88.000
16.118 12.786 166.417 161.000 169.000 93.000
16.118 13.240 166.416 96.000 98.000 61.000
16.572 10.517 166.416 141.000 147.000 80.000
16.572 10.971 166.415 154.000 162.000 72.000
16.572 11.424 166.415 162.000 170.000 80.000
16.572 11.878 166.414 174.000 181.000 94.000
16.572 12.332 166.414 172.000 180.000 102.000
16.572 12.786 166.413 101.000 104.000 59.000
17.026 10.517 166.412 131.000 136.000 84.000
17.026 10.971 166.412 152.000 159.000 84.000
17.026 11.424 166.411 159.000 167.000 90.000
17.026 11.878 166.411 170.000 177.000 103.000
17.026 12.332 166.410 89.000 91.000 56.000
12.945 12.333 166.895 91.000 96.000 48.000
13.399 11.425 166.893 90.000 100.000 45.000
13.399 11.879 166.892 122.000 132.000 54.000
13.399 12.333 166.892 128.000 136.000 59.000
13.399 12.786 166.891 121.000 127.000 69.000
13.852 10.971 166.890 82.000 93.000 45.000
13.852 11.425 166.889 124.000 133.000 59.000
13.852 11.879 166.889 145.000 153.000 59.000
13.852 12.333 166.888 151.000 158.000 65.000
13.852 12.786 166.888 147.000 153.000 77.000
13.852 13.240 166.887 122.000 125.000 79.000
14.306 10.971 166.886 116.000 125.000 62.000
14.306 11.425 166.886 141.000 150.000 65.000
14.306 11.879 166.885 156.000 164.000 63.000
14.306 12.333 166.885 160.000 167.000 68.000
14.306 12.786 166.884 155.000 162.000 74.000
14.306 13.240 166.884 148.000 153.000 83.000
14.760 10.971 166.883 130.000 139.000 59.000
14.760 11.425 166.882 154.000 162.000 65.000
14.760 11.879 166.882 161.000 168.000 62.000
14.760 12.333 166.881 167.000 174.000 72.000
14.760 12.786 166.881 163.000 169.000 79.000
14.760 13.240 166.880 153.000 159.000 80.000
14.760 13.694 166.880 106.000 116.000 59.000
15.214 10.971 166.879 135.000 145.000 52.000
15.214 11.425 166.879 156.000 164.000 62.000
15.214 11.879 166.878 162.000 170.000 60.000
15.214 12.333 166.878 171.000 177.000 77.000
15.214 12.786 166.877 171.000 176.000 88.000
15.214 13.240 166.877 172.000 177.000 101.000
15.214 13.694 166.876 156.000 164.000 98.000
15.668 10.517 166.876 107.000 114.000 52.000
15.668 10.971 166.876 153.000 160.000 65.000
15.668 11.425 166.875 165.000 171.000 71.000
15.668 11.879 166.875 170.000 177.000 73.000
15.668 12.333 166.874 173.000 178.000 83.000
15.668 12.786 166.874 176.000 182.000 96.000
15.668 13.240 166.873 184.000 190.000 113.000
15.668 13.694 166.873 150.000 154.000 102.000
16.121 10.517 166.873 135.000 141.000 70.000
16.121 10.971 166.873 156.000 163.000 68.000
16.121 11.425 166.872 165.000 172.000 76.000
16.121 11.879 166.871 176.000 182.000 85.000
16.121 12.333 166.871 172.000 177.000 89.000
16.121 12.786 166.870 168.000 177.000 95.000
16.121 13.240 166.870 159.000 166.000 99.000
16.575 10.517 166.870 149.000 154.000 83.000
16.575 10.971 166.869 158.000 166.000 73.000
16.575 11.425 166.869 168.000 175.000 82.000
16.575 11.879 166.868 185.000 192.000 99.000
16.575 12.333 166.868 181.000 188.000 106.000
16.575 12.786 166.867 125.000 130.000 73.000
17.029 10.517 166.866 131.000 136.000 81.000
17.029 10.971 166.866 154.000 161.000 80.000
17.029 11.425 166.865 163.000 171.000 90.000
17.029 11.879 166.865 183.000 189.000 108.000
17.029 12.333 166.864 155.000 160.000 99.000
17.483 10.971 166.862 104.000 109.000 67.000
17.483 11.425 166.862 107.000 113.000 67.000
13.402 11.879 167.346 119.000 127.000 59.000
13.402 12.333 167.346 129.000 135.000 68.000
13.402 12.787 167.345 113.000 118.000 69.000
13.856 11.425 167.343 123.000 132.000 63.000
13.856 11.879 167.343 142.000 150.000 63.000
13.856 12.333 167.342 145.000 152.000 65.000
13.856 12.787 167.342 147.000 153.000 81.000
13.856 13.241 167.341 125.000 128.000 86.000
14.310 10.972 167.340 118.000 126.000 66.000
14.310 11.425 167.340 139.000 147.000 67.000
14.310 11.879 167.339 156.000 163.000 68.000
14.310 12.333 167.339 160.000 167.000 70.000
14.310 12.787 167.338 160.000 166.000 82.000
14.310 13.241 167.338 155.000 160.000 93.000
14.310 13.695 167.337 84.000 88.000 55.000
14.764 10.972 167.337 138.000 145.000 68.000
14.764 11.425 167.336 156.000 163.000 71.000
14.764 11.879 167.336 165.000 171.000 68.000
14.764 12.333 167.335 170.000 176.000 73.000
14.764 12.787 167.335 166.000 173.000 83.000
14.764 13.241 167.334 161.000 167.000 91.000
14.764 13.695 167.334 125.000 132.000 75.000
15.217 10.972 167.333 139.000 149.000 61.000
15.217 11.425 167.333 159.000 166.000 67.000
15.217 11.879 167.332 172.000 178.000 68.000
15.217 12.333 167.332 175.000 181.000 75.000
15.217 12.787 167.331 174.000 180.000 88.000
15.217 13.241 167.331 178.000 183.000 106.000
15.217 13.695 167.330 169.000 176.000 105.000
15.671 10.972 167.330 155.000 162.000 69.000
15.671 11.425 167.329 166.000 172.000 70.000
15.671 11.879 167.329 176.000 182.000 75.000
15.671 12.333 167.328 177.000 183.000 83.000
15.671 12.787 167.328 179.000 185.000 97.000
15.671 13.241 167.327 194.000 199.000 120.000
15.671 13.695 167.327 161.000 165.000 111.000
16.125 10.518 167.327 104.000 108.000 58.000
16.125 10.972 167.326 163.000 169.000 78.000
16.125 11.425 167.326 174.000 180.000 84.000
16.125 11.879 167.325 184.000 190.000 90.000
16.125 12.333 167.325 180.000 186.000 94.000
16.125 12.787 167.324 179.000 187.000 105.000
16.125 13.241 167.324 161.000 167.000 101.000
16.579 10.518 167.323 143.000 148.000 84.000
16.579 10.972 167.323 166.000 172.000 81.000
16.579 11.425 167.322 176.000 183.000 89.000
16.579 11.879 167.322 195.000 200.000 104.000
16.579 12.333 167.321 194.000 198.000 115.000
16.579 12.787 167.321 138.000 142.000 84.000
17.033 10.518 167.320 130.000 134.000 83.000
17.033 10.972 167.319 163.000 170.000 91.000
17.033 11.425 167.319 175.000 182.000 99.000
17.033 11.879 167.318 191.000 196.000 111.000
17.033 12.333 167.318 193.000 199.000 123.000
17.486 10.518 167.316 85.000 87.000 57.000
17.486 10.972 167.316 134.000 139.000 85.000
17.486 11.425 167.315 154.000 160.000 97.000
17.486 11.879 167.315 100.000 104.000 61.000
13.406 11.880 167.800 81.000 88.000 45.000
13.406 12.334 167.799 105.000 110.000 61.000
13.859 11.426 167.797 111.000 120.000 61.000
13.859 11.880 167.796 132.000 139.000 64.000
13.859 12.334 167.796 146.000 152.000 73.000
13.859 12.787 167.795 148.000 152.000 90.000
13.859 13.241 167.795 99.000 101.000 69.000
14.313 10.972 167.794 95.000 105.000 54.000
14.313 11.426 167.793 134.000 142.000 68.000
14.313 11.880 167.793 150.000 157.000 67.000
14.313 12.334 167.792 157.000 164.000 71.000
14.313 12.787 167.792 161.000 166.000 88.000
14.313 13.241 167.791 158.000 162.000 101.000
14.767 10.972 167.790 136.000 143.000 75.000
14.767 11.426 167.790 159.000 166.000 77.000
14.767 11.880 167.789 164.000 171.000 71.000
14.767 12.334 167.789 169.000 177.000 74.000
14.767 12.787 167.788 170.000 176.000 89.000
14.767 13.241 167.788 174.000 179.000 104.000
14.767 13.695 167.787 100.000 104.000 57.000
15.221 10.972 167.787 152.000 159.000 80.000
15.221 11.426 167.787 164.000 170.000 76.000
15.221 11.880 167.786 178.000 184.000 79.000
15.221 12.334 167.785 182.000 189.000 82.000
15.221 12.787 167.785 181.000 188.000 93.000
15.221 13.241 167.784 179.000 185.000 104.000
15.221 13.695 167.784 123.000 125.000 76.000
15.675 10.972 167.784 157.000 163.000 76.000
15.675 11.426 167.783 170.000 176.000 78.000
15.675 11.880 167.783 179.000 185.000 79.000
15.675 12.334 167.782 180.000 187.000 82.000
15.675 12.787 167.782 187.000 193.000 101.000
15.675 13.241 167.781 198.000 203.000 123.000
15.675 13.695 167.780 127.000 129.000 91.000
16.128 10.972 167.780 168.000 173.000 88.000
16.128 11.426 167.780 177.000 184.000 89.000
16.128 11.880 167.779 181.000 187.000 90.000
16.128 12.334 167.779 191.000 196.000 101.000
16.128 12.787 167.778 192.000 197.000 113.000
16.128 13.241 167.778 188.000 194.000 121.000
16.582 10.518 167.777 101.000 103.000 63.000
16.582 10.972 167.777 175.000 181.000 95.000
16.582 11.426 167.776 186.000 192.000 99.000
16.582 11.880 167.776 195.000 199.000 108.000
16.582 12.334 167.775 195.000 200.000 116.000
16.582 12.787 167.775 169.000 174.000 110.000
17.036 10.518 167.774 131.000 133.000 84.000
17.036 10.972 167.773 174.000 180.000 100.000
17.036 11.426 167.773 183.000 190.000 104.000
17.036 11.880 167.772 195.000 199.000 116.000
17.036 12.334 167.772 205.000 208.000 135.000
17.490 10.972 167.770 155.000 160.000 99.000
17.490 11.426 167.769 162.000 168.000 101.000
17.490 11.880 167.769 125.000 130.000 78.000
13.863 11.426 168.251 82.000 89.000 52.000
13.863 11.880 168.250 137.000 142.000 85.000
13.863 12.334 168.250 145.000 150.000 89.000
13.863 12.788 168.249 142.000 146.000 92.000
14.317 11.426 168.247 135.000 141.000 83.000
14.317 11.880 168.247 156.000 161.000 89.000
14.317 12.334 168.246 159.000 164.000 90.000
14.317 12.788 168.246 161.000 166.000 98.000
14.317 13.242 168.245 154.000 160.000 100.000
14.770 10.973 168.244 85.000 91.000 53.000
14.770 11.426 168.244 162.000 168.000 96.000
14.770 11.880 168.243 162.000 167.000 84.000
14.770 12.334 168.243 165.000 171.000 84.000
14.770 12.788 168.242 172.000 178.000 97.000
14.770 13.242 168.242 184.000 191.000 115.000
15.224 10.973 168.241 144.000 150.000 92.000
15.224 11.426 168.240 167.000 172.000 90.000
15.224 11.880 168.240 166.000 171.000 77.000
15.224 12.334 168.239 175.000 181.000 87.000
15.224 12.788 168.239 174.000 181.000 93.000
15.224 13.242 168.238 181.000 188.000 106.000
15.224 13.696 168.238 82.000 83.000 38.000
15.678 10.973 168.237 156.000 162.000 96.000
15.678 11.426 168.237 175.000 180.000 97.000
15.678 11.880 168.236 174.000 179.000 86.000
15.678 12.334 168.236 191.000 197.000 103.000
15.678 12.788 168.235 200.000 205.000 117.000
15.678 13.242 168.235 205.000 211.000 131.000
16.132 10.973 168.234 162.000 167.000 101.000
16.132 11.426 168.233 185.000 190.000 108.000
16.132 11.880 168.233 189.000 194.000 105.000
16.132 12.334 168.232 198.000 203.000 114.000
16.132 12.788 168.232 195.000 201.000 116.000
16.132 13.242 168.231 198.000 205.000 128.000
16.586 10.973 168.230 179.000 183.000 107.000
16.586 11.426 168.230 194.000 199.000 113.000
16.586 11.880 168.229 201.000 205.000 119.000
16.586 12.334 168.229 199.000 204.000 122.000
16.586 12.788 168.228 186.000 192.000 119.000
17.039 10.973 168.227 185.000 189.000 118.000
17.039 11.426 168.226 196.000 201.000 122.000
17.039 11.880 168.226 199.000 204.000 125.000
17.039 12.334 168.225 182.000 187.000 117.000
17.493 10.973 168.224 93.000 95.000 65.000
17.493 11.426 168.223 176.000 181.000 114.000
17.493 11.880 168.223 107.000 109.000 66.000
13.866 11.881 168.704 88.000 91.000 65.000
13.866 12.335 168.703 144.000 147.000 105.000
13.866 12.788 168.703 106.000 110.000 76.000
14.320 11.427 168.701 115.000 120.000 81.000
14.320 11.881 168.701 166.000 171.000 119.000
14.320 12.335 168.700 172.000 176.000 120.000
14.320 12.788 168.699 177.000 182.000 119.000
14.320 13.242 168.699 84.000 84.000 56.000
14.774 11.427 168.698 167.000 172.000 117.000
14.774 11.881 168.697 181.000 186.000 120.000
14.774 12.335 168.697 182.000 187.000 116.000
14.774 12.788 168.696 184.000 190.000 117.000
14.774 13.242 168.696 130.000 130.000 85.000
15.228 11.427 168.694 188.000 191.000 132.000
15.228 11.881 168.694 202.000 204.000 135.000
15.228 12.335 168.693 198.000 203.000 120.000
15.228 12.788 168.693 200.000 204.000 121.000
15.228 13.242 168.692 194.000 197.000 127.000
15.682 11.427 168.691 183.000 186.000 125.000
15.682 11.881 168.690 195.000 199.000 119.000
15.682 12.335 168.690 207.000 212.000 126.000
15.682 12.788 168.689 208.000 214.000 129.000
15.682 13.242 168.689 209.000 214.000 134.000
16.135 11.427 168.687 196.000 200.000 129.000
16.135 11.881 168.687 200.000 205.000 122.000
16.135 12.335 168.686 205.000 210.000 126.000
16.135 12.788 168.686 212.000 218.000 138.000
16.135 13.242 168.685 166.000 166.000 121.000
16.589 10.973 168.684 123.000 123.000 84.000
16.589 11.427 168.684 202.000 204.000 131.000
16.589 11.881 168.683 207.000 209.000 129.000
16.589 12.335 168.683 199.000 205.000 122.000
16.589 12.788 168.682 202.000 205.000 130.000
17.043 10.973 168.681 117.000 117.000 85.000
17.043 11.427 168.680 199.000 200.000 135.000
17.043 11.881 168.680 203.000 204.000 130.000
17.043 12.335 168.679 161.000 165.000 102.000
17.497 11.427 168.677 108.000 109.000 77.000
14.324 11.881 169.154 101.000 105.000 77.000
14.324 12.335 169.154 164.000 167.000 128.000
14.324 12.789 169.153 147.000 151.000 109.000
14.777 11.428 169.151 91.000 95.000 67.000
14.777 11.881 169.151 170.000 173.000 126.000
14.777 12.335 169.150 188.000 191.000 135.000
14.777 12.789 169.150 201.000 206.000 140.000
15.231 11.428 169.148 120.000 122.000 91.000
15.231 11.881 169.147 190.000 192.000 135.000
15.231 12.335 169.147 198.000 202.000 134.000
15.231 12.789 169.146 199.000 206.000 132.000
15.231 13.243 169.146 98.000 96.000 54.000
15.685 11.428 169.144 139.000 142.000 103.000
15.685 11.881 169.144 200.000 203.000 135.000
15.685 12.335 169.143 210.000 213.000 139.000
15.685 12.789 169.143 211.000 216.000 140.000
15.685 13.243 169.142 136.000 131.000 72.000
16.139 11.428 169.141 170.000 173.000 122.000
16.139 11.881 169.140 210.000 211.000 142.000
16.139 12.335 169.140 218.000 220.000 149.000
16.139 12.789 169.139 218.000 221.000 151.000
16.139 13.243 169.139 104.000 100.000 59.000
16.593 11.428 169.138 150.000 150.000 104.000
16.593 11.881 169.137 205.000 205.000 137.000
16.593 12.335 169.137 201.000 202.000 140.000
16.593 12.789 169.136 121.000 120.000 82.000
17.046 11.881 169.134 104.000 105.000 70.000
17.046 12.335 169.133 83.000 82.000 55.000
14.781 12.336 169.604 131.000 134.000 98.000
14.781 12.789 169.604 109.000 114.000 75.000
15.235 11.882 169.601 138.000 141.000 102.000
15.235 12.336 169.601 187.000 190.000 134.000
15.235 12.789 169.600 174.000 181.000 118.000
15.235 13.243 169.600 88.000 86.000 45.000
15.688 11.882 169.598 187.000 190.000 136.000
15.688 12.336 169.597 209.000 212.000 148.000
15.688 12.789 169.597 206.000 211.000 142.000
16.142 11.882 169.594 177.000 176.000 128.000
16.142 12.336 169.594 218.000 218.000 160.000
16.142 12.789 169.593 184.000 185.000 132.000
16.596 11.882 169.591 99.000 99.000 71.000
16.596 12.336 169.590 101.000 100.000 74.000
15.238 12.336 170.054 120.000 123.000 92.000
15.238 12.790 170.054 127.000 132.000 88.000
15.692 12.336 170.051 204.000 206.000 155.000
15.692 12.790 170.051 199.000 203.000 148.000
16.146 12.336 170.048 192.000 192.000 150.000
