-17.716 -21.625 163.338 79.000 92.000 51.000
-18.510 -21.623 163.753 123.000 137.000 78.000
-18.109 -21.623 163.746 119.000 139.000 69.000
-17.709 -21.623 163.739 93.000 114.000 50.000
-18.903 -21.621 164.160 84.000 96.000 47.000
-20.096 -22.020 164.584 86.000 92.000 61.000
-19.296 -21.619 164.568 83.000 83.000 37.000
-19.303 -22.022 164.169 131.000 139.000 96.000
-18.903 -22.422 164.164 137.000 146.000 106.000
-18.903 -22.022 164.162 143.000 155.000 98.000
-18.502 -22.422 164.157 97.000 105.000 71.000
-18.502 -22.022 164.155 121.000 136.000 75.000
-18.502 -21.621 164.153 132.000 152.000 73.000
-18.102 -22.022 164.148 77.000 94.000 41.000
-18.102 -21.621 164.146 116.000 141.000 58.000
-17.702 -21.621 164.139 101.000 128.000 45.000
-17.302 -21.621 164.132 103.000 120.000 55.000
-19.696 -22.820 164.580 185.000 194.000 145.000
-19.696 -22.420 164.578 172.000 181.000 129.000
-19.696 -22.020 164.577 90.000 97.000 56.000
-19.296 -22.820 164.573 181.000 192.000 142.000
-19.296 -22.420 164.571 195.000 207.000 145.000
-19.296 -22.020 164.570 177.000 190.000 121.000
-18.896 -22.820 164.566 160.000 171.000 122.000
-18.896 -22.420 164.564 199.000 212.000 148.000
-18.896 -22.020 164.562 175.000 192.000 112.000
-18.896 -21.619 164.561 128.000 148.000 67.000
-18.495 -22.821 164.559 125.000 135.000 93.000
-18.495 -22.420 164.557 182.000 197.000 129.000
-18.495 -22.020 164.555 154.000 173.000 90.000
-18.495 -21.619 164.553 122.000 144.000 65.000
-18.095 -22.420 164.550 120.000 135.000 75.000
-18.095 -22.020 164.548 121.000 144.000 64.000
-18.095 -21.619 164.546 115.000 141.000 54.000
-17.695 -22.020 164.541 91.000 115.000 46.000
-17.695 -21.619 164.539 122.000 151.000 51.000
-17.695 -21.219 164.537 140.000 171.000 55.000
-17.294 -21.620 164.532 135.000 156.000 69.000
-17.294 -21.219 164.530 173.000 197.000 84.000
-20.490 -23.219 164.997 123.000 128.000 99.000
-20.490 -22.819 164.995 142.000 149.000 113.000
-20.089 -23.219 164.990 150.000 159.000 113.000
-20.089 -22.819 164.988 182.000 193.000 136.000
-20.089 -22.418 164.986 140.000 151.000 96.000
-19.689 -23.619 164.984 128.000 136.000 95.000
-19.689 -23.219 164.982 195.000 207.000 154.000
-19.689 -22.819 164.981 190.000 205.000 133.000
-19.689 -22.418 164.979 175.000 191.000 106.000
-19.689 -22.018 164.977 148.000 165.000 82.000
-19.289 -23.619 164.977 103.000 110.000 77.000
-19.289 -23.219 164.975 179.000 190.000 138.000
-19.289 -22.819 164.973 190.000 204.000 135.000
-19.289 -22.418 164.972 181.000 197.000 116.000
-19.289 -22.018 164.970 171.000 188.000 97.000
-19.289 -21.618 164.968 157.000 177.000 81.000
-18.888 -23.219 164.968 122.000 131.000 88.000
-18.888 -22.819 164.966 182.000 195.000 128.000
-18.888 -22.418 164.965 182.000 197.000 119.000
-18.888 -22.018 164.963 173.000 191.000 102.000
-18.888 -21.618 164.961 154.000 176.000 75.000
-18.488 -22.819 164.959 131.000 145.000 84.000
-18.488 -22.418 164.957 162.000 179.000 102.000
-18.488 -22.018 164.956 148.000 168.000 84.000
-18.488 -21.618 164.954 126.000 153.000 55.000
-18.488 -21.217 164.952 132.000 163.000 52.000
-18.088 -22.418 164.950 142.000 161.000 86.000
-18.088 -22.018 164.948 146.000 169.000 78.000
-18.088 -21.618 164.947 123.000 152.000 51.000
-18.088 -21.217 164.945 129.000 160.000 50.000
-17.688 -22.418 164.943 107.000 122.000 65.000
-17.688 -22.018 164.941 166.000 188.000 88.000
-17.688 -21.618 164.940 154.000 181.000 71.000
-17.688 -21.217 164.938 148.000 176.000 65.000
-17.287 -22.018 164.934 156.000 169.000 104.000
-17.287 -21.618 164.932 180.000 200.000 104.000
-17.287 -21.217 164.931 165.000 188.000 84.000
-16.887 -21.618 164.925 90.000 101.000 52.000
-16.887 -21.217 164.923 95.000 110.000 49.000
-20.883 -23.217 165.404 99.000 105.000 73.000
-20.883 -22.817 165.402 101.000 109.000 70.000
-20.482 -23.617 165.399 126.000 133.000 95.000
-20.482 -23.217 165.397 156.000 167.000 113.000
-20.482 -22.817 165.395 165.000 178.000 114.000
-20.482 -22.416 165.393 119.000 130.000 74.000
-20.082 -23.617 165.392 154.000 164.000 113.000
-20.082 -23.217 165.390 184.000 197.000 131.000
-20.082 -22.817 165.388 182.000 197.000 118.000
-20.082 -22.416 165.386 166.000 183.000 97.000
-20.082 -22.016 165.384 103.000 117.000 56.000
-19.682 -23.617 165.385 156.000 169.000 114.000
-19.682 -23.217 165.383 167.000 182.000 108.000
-19.682 -22.817 165.381 171.000 189.000 98.000
-19.682 -22.416 165.379 172.000 192.000 92.000
-19.682 -22.016 165.377 172.000 190.000 89.000
-19.682 -21.616 165.375 176.000 193.000 98.000
-19.282 -23.617 165.377 115.000 125.000 84.000
-19.282 -23.217 165.376 158.000 173.000 104.000
-19.282 -22.817 165.374 167.000 184.000 99.000
-19.282 -22.416 165.372 171.000 189.000 93.000
-19.282 -22.016 165.370 176.000 195.000 93.000
-19.282 -21.616 165.368 173.000 192.000 88.000
-18.881 -23.217 165.369 118.000 130.000 77.000
-18.881 -22.817 165.367 153.000 170.000 89.000
-18.881 -22.416 165.365 162.000 180.000 87.000
-18.881 -22.016 165.363 167.000 186.000 87.000
-18.881 -21.616 165.361 171.000 192.000 83.000
-18.881 -21.215 165.359 175.000 196.000 85.000
-18.481 -22.817 165.360 126.000 144.000 72.000
-18.481 -22.416 165.358 149.000 169.000 80.000
-18.481 -22.016 165.356 162.000 182.000 86.000
-18.481 -21.616 165.354 163.000 186.000 75.000
-18.481 -21.215 165.352 173.000 195.000 80.000
-18.081 -22.817 165.352 122.000 136.000 74.000
-18.081 -22.416 165.351 173.000 191.000 102.000
-18.081 -22.016 165.349 183.000 201.000 105.000
-18.081 -21.616 165.347 175.000 197.000 86.000
-18.081 -21.215 165.345 178.000 200.000 85.000
-17.680 -22.416 165.344 210.000 223.000 151.000
-17.680 -22.016 165.342 213.000 227.000 142.000
-17.681 -21.616 165.340 202.000 219.000 123.000
-17.681 -21.215 165.338 189.000 208.000 106.000
-17.280 -22.016 165.335 192.000 204.000 136.000
-17.280 -21.616 165.333 199.000 216.000 126.000
-17.280 -21.215 165.331 192.000 210.000 115.000
-16.880 -21.215 165.324 90.000 99.000 58.000
-21.276 -23.215 165.811 71.000 80.000 44.000
-20.876 -23.616 165.806 102.000 109.000 74.000
-20.876 -23.215 165.804 148.000 159.000 103.000
-20.876 -22.815 165.802 89.000 99.000 51.000
-20.475 -24.016 165.801 112.000 120.000 79.000
-20.475 -23.616 165.799 162.000 174.000 110.000
-20.475 -23.215 165.797 175.000 190.000 113.000
-20.475 -22.815 165.795 169.000 185.000 100.000
-20.475 -22.415 165.794 129.000 145.000 67.000
-20.075 -24.016 165.794 106.000 115.000 73.000
-20.075 -23.616 165.792 162.000 177.000 106.000
-20.075 -23.215 165.790 164.000 181.000 98.000
-20.075 -22.815 165.788 167.000 185.000 92.000
-20.075 -22.415 165.786 166.000 184.000 88.000
-20.075 -22.014 165.785 166.000 185.000 90.000
-20.075 -21.614 165.783 172.000 187.000 108.000
-19.675 -24.016 165.787 93.000 101.000 69.000
-19.675 -23.616 165.785 143.000 157.000 92.000
-19.675 -23.215 165.783 151.000 169.000 86.000
-19.675 -22.815 165.781 164.000 184.000 85.000
-19.675 -22.415 165.779 180.000 201.000 89.000
-19.675 -22.014 165.777 194.000 210.000 99.000
-19.675 -21.614 165.776 202.000 214.000 118.000
-19.274 -23.616 165.778 119.000 132.000 78.000
-19.274 -23.215 165.776 141.000 158.000 82.000
-19.275 -22.815 165.774 155.000 176.000 78.000
-19.275 -22.415 165.772 166.000 188.000 78.000
-19.275 -22.014 165.770 187.000 206.000 98.000
-19.275 -21.614 165.769 193.000 210.000 110.000
-18.874 -23.215 165.769 97.000 111.000 56.000
-18.874 -22.815 165.767 138.000 161.000 68.000
-18.874 -22.415 165.765 159.000 181.000 75.000
-18.874 -22.014 165.763 175.000 196.000 86.000
-18.874 -21.614 165.761 190.000 209.000 102.000
-18.874 -21.214 165.760 203.000 219.000 121.000
-18.474 -23.215 165.762 68.000 81.000 38.000
-18.474 -22.815 165.760 141.000 162.000 74.000
-18.474 -22.415 165.758 164.000 185.000 82.000
-18.474 -22.014 165.756 184.000 202.000 99.000
-18.474 -21.614 165.754 191.000 210.000 100.000
-18.474 -21.214 165.752 202.000 219.000 116.000
-18.074 -22.815 165.753 188.000 203.000 121.000
-18.074 -22.415 165.751 204.000 220.000 129.000
-18.074 -22.014 165.749 203.000 219.000 122.000
-18.074 -21.614 165.747 208.000 223.000 125.000
-18.074 -21.214 165.745 212.000 226.000 131.000
-18.074 -20.813 165.744 220.000 233.000 150.000
-17.673 -22.815 165.746 219.000 227.000 171.000
-17.673 -22.415 165.744 229.000 238.000 170.000
-17.673 -22.014 165.742 228.000 238.000 168.000
-17.673 -21.614 165.740 222.000 233.000 158.000
-17.673 -21.214 165.738 222.000 234.000 156.000
-17.673 -20.813 165.736 223.000 235.000 159.000
-17.273 -22.415 165.737 117.000 122.000 92.000
-17.273 -22.014 165.735 196.000 207.000 143.000
-17.273 -21.614 165.733 216.000 230.000 149.000
-17.273 -21.214 165.731 218.000 231.000 149.000
-17.273 -20.813 165.729 220.000 232.000 158.000
-21.269 -23.213 166.212 96.000 106.000 59.000
-20.869 -24.014 166.208 127.000 139.000 82.000
-20.869 -23.614 166.206 145.000 159.000 89.000
-20.869 -23.213 166.205 141.000 156.000 87.000
-20.869 -22.813 166.203 83.000 93.000 45.000
-20.468 -24.014 166.201 160.000 174.000 106.000
-20.468 -23.614 166.199 160.000 176.000 98.000
-20.468 -23.213 166.198 168.000 185.000 101.000
-20.468 -22.813 166.196 170.000 187.000 94.000
-20.468 -22.413 166.194 165.000 182.000 91.000
-20.468 -22.012 166.192 159.000 175.000 93.000
-20.068 -24.014 166.194 141.000 155.000 90.000
-20.068 -23.614 166.192 151.000 168.000 92.000
-20.068 -23.213 166.190 161.000 178.000 91.000
-20.068 -22.813 166.189 170.000 188.000 88.000
-20.068 -22.413 166.187 175.000 193.000 94.000
-20.068 -22.012 166.185 179.000 194.000 107.000
-20.068 -21.612 166.183 196.000 208.000 140.000
-19.668 -24.014 166.187 112.000 124.000 74.000
-19.668 -23.614 166.185 148.000 164.000 90.000
-19.668 -23.213 166.183 161.000 180.000 86.000
-19.668 -22.813 166.181 169.000 193.000 77.000
-19.668 -22.413 166.180 178.000 200.000 82.000
-19.668 -22.012 166.178 196.000 212.000 107.000
-19.668 -21.612 166.176 209.000 220.000 139.000
-19.267 -23.614 166.178 108.000 126.000 62.000
-19.267 -23.213 166.176 141.000 162.000 74.000
-19.267 -22.813 166.174 160.000 182.000 75.000
-19.267 -22.413 166.173 168.000 190.000 78.000
-19.267 -22.012 166.171 181.000 200.000 95.000
-19.267 -21.612 166.169 207.000 221.000 133.000
-19.267 -21.212 166.167 216.000 227.000 155.000
-18.867 -23.213 166.169 103.000 124.000 52.000
-18.867 -22.813 166.167 152.000 174.000 76.000
-18.867 -22.413 166.165 163.000 183.000 80.000
-18.867 -22.012 166.164 171.000 190.000 88.000
-18.867 -21.612 166.162 203.000 218.000 121.000
-18.867 -21.212 166.160 213.000 226.000 139.000
-18.467 -23.213 166.162 128.000 144.000 74.000
-18.467 -22.813 166.160 189.000 205.000 117.000
-18.467 -22.413 166.158 198.000 214.000 121.000
-18.467 -22.012 166.156 196.000 212.000 114.000
-18.467 -21.612 166.155 201.000 217.000 117.000
-18.467 -21.212 166.153 203.000 219.000 123.000
-18.467 -20.811 166.151 210.000 224.000 136.000
-18.067 -23.213 166.155 153.000 162.000 117.000
-18.067 -22.813 166.153 220.000 230.000 161.000
-18.067 -22.413 166.151 214.000 227.000 145.000
-18.067 -22.012 166.149 209.000 223.000 135.000
-18.067 -21.612 166.147 212.000 226.000 137.000
-18.067 -21.212 166.146 216.000 230.000 142.000
-18.067 -20.811 166.144 218.000 231.000 142.000
-17.666 -22.813 166.146 222.000 229.000 177.000
-17.666 -22.413 166.144 221.000 233.000 164.000
-17.666 -22.012 166.142 215.000 227.000 150.000
-17.666 -21.612 166.140 223.000 234.000 159.000
-17.666 -21.212 166.139 229.000 239.000 163.000
-17.666 -20.811 166.137 229.000 241.000 164.000
-17.266 -22.012 166.135 174.000 185.000 120.000
-17.266 -21.612 166.133 207.000 222.000 137.000
-17.266 -21.212 166.131 218.000 232.000 151.000
-17.266 -20.811 166.130 226.000 237.000 170.000
-21.262 -24.012 166.616 106.000 120.000 63.000
-21.262 -23.612 166.614 120.000 134.000 69.000
-21.262 -23.212 166.612 94.000 106.000 52.000
-20.861 -24.413 166.610 116.000 128.000 75.000
-20.861 -24.012 166.609 155.000 171.000 94.000
-20.861 -23.612 166.607 159.000 176.000 94.000
-20.861 -23.212 166.605 149.000 165.000 82.000
-20.861 -22.811 166.603 102.000 115.000 55.000
-20.861 -22.411 166.601 87.000 98.000 49.000
-20.861 -22.010 166.599 75.000 84.000 43.000
-20.461 -24.413 166.603 129.000 140.000 87.000
-20.461 -24.012 166.602 153.000 169.000 95.000
-20.461 -23.612 166.600 157.000 174.000 90.000
-20.461 -23.212 166.598 166.000 184.000 91.000
-20.461 -22.811 166.596 169.000 187.000 93.000
-20.461 -22.411 166.594 169.000 186.000 95.000
-20.461 -22.010 166.592 166.000 183.000 97.000
-20.461 -21.610 166.590 168.000 182.000 107.000
-20.061 -24.413 166.596 81.000 89.000 52.000
-20.061 -24.012 166.594 140.000 156.000 87.000
-20.061 -23.612 166.593 150.000 168.000 84.000
-20.061 -23.212 166.591 162.000 182.000 85.000
-20.061 -22.811 166.589 169.000 189.000 87.000
-20.061 -22.411 166.587 174.000 193.000 92.000
-20.061 -22.011 166.585 181.000 198.000 105.000
-20.061 -21.610 166.583 177.000 191.000 110.000
-19.661 -24.012 166.587 123.000 137.000 75.000
-19.661 -23.612 166.585 150.000 169.000 80.000
-19.661 -23.212 166.584 164.000 186.000 77.000
-19.661 -22.811 166.582 175.000 197.000 73.000
-19.661 -22.411 166.580 181.000 201.000 81.000
-19.661 -22.011 166.578 188.000 206.000 101.000
-19.661 -21.610 166.576 179.000 194.000 106.000
-19.661 -21.210 166.574 178.000 189.000 121.000
-19.260 -23.612 166.578 120.000 141.000 62.000
-19.260 -23.212 166.576 143.000 167.000 67.000
-19.260 -22.811 166.575 163.000 185.000 74.000
-19.260 -22.411 166.573 173.000 195.000 80.000
-19.260 -22.011 166.571 180.000 199.000 92.000
-19.260 -21.610 166.569 184.000 201.000 104.000
-19.260 -21.210 166.567 181.000 195.000 111.000
-18.860 -23.612 166.571 91.000 109.000 47.000
-18.860 -23.212 166.569 130.000 153.000 64.000
-18.860 -22.811 166.568 162.000 183.000 80.000
-18.860 -22.411 166.566 178.000 198.000 89.000
-18.860 -22.011 166.564 189.000 207.000 101.000
-18.860 -21.610 166.562 197.000 213.000 112.000
-18.860 -21.210 166.560 193.000 209.000 115.000
-18.860 -20.810 166.558 189.000 205.000 121.000
-18.460 -23.612 166.564 116.000 124.000 82.000
-18.460 -23.212 166.562 202.000 216.000 138.000
-18.460 -22.811 166.560 210.000 224.000 134.000
-18.460 -22.411 166.559 211.000 225.000 132.000
-18.460 -22.011 166.557 209.000 222.000 130.000
-18.460 -21.610 166.555 208.000 222.000 127.000
-18.460 -21.210 166.553 200.000 216.000 117.000
-18.460 -20.810 166.551 193.000 210.000 114.000
-18.059 -23.212 166.555 198.000 205.000 157.000
-18.059 -22.811 166.553 228.000 237.000 168.000
-18.059 -22.411 166.551 219.000 231.000 151.000
-18.059 -22.011 166.550 213.000 226.000 140.000
-18.059 -21.610 166.548 215.000 228.000 140.000
-18.059 -21.210 166.546 218.000 231.000 143.000
-18.060 -20.810 166.544 217.000 232.000 139.000
-18.060 -20.409 166.542 207.000 223.000 137.000
-17.659 -22.811 166.546 224.000 234.000 176.000
-17.659 -22.411 166.544 215.000 229.000 150.000
-17.659 -22.011 166.543 201.000 216.000 127.000
-17.659 -21.610 166.541 223.000 234.000 158.000
-17.659 -21.210 166.539 234.000 243.000 171.000
-17.659 -20.810 166.537 236.000 245.000 174.000
-17.659 -20.409 166.535 213.000 227.000 150.000
-17.259 -22.411 166.537 109.000 117.000 75.000
-17.259 -22.011 166.535 176.000 189.000 118.000
-17.259 -21.610 166.534 204.000 217.000 139.000
-17.259 -21.210 166.532 219.000 233.000 148.000
-17.259 -20.810 166.530 220.000 234.000 158.000
-17.259 -20.409 166.528 181.000 193.000 125.000
-16.859 -20.810 166.523 79.000 80.000 47.000
-21.655 -24.010 167.023 120.000 135.000 74.000
-21.655 -23.610 167.021 79.000 90.000 46.000
-21.255 -24.411 167.018 139.000 152.000 97.000
-21.255 -24.010 167.016 156.000 174.000 96.000
-21.255 -23.610 167.014 145.000 162.000 82.000
-21.255 -23.210 167.012 125.000 139.000 70.000
-21.255 -22.809 167.010 81.000 92.000 44.000
-20.854 -24.411 167.011 160.000 176.000 102.000
-20.854 -24.010 167.009 153.000 172.000 89.000
-20.854 -23.610 167.007 164.000 182.000 95.000
-20.854 -23.210 167.005 166.000 184.000 94.000
-20.854 -22.809 167.003 137.000 152.000 76.000
-20.854 -22.409 167.002 116.000 128.000 69.000
-20.854 -22.009 167.000 118.000 126.000 79.000
-20.454 -24.411 167.004 143.000 156.000 91.000
-20.454 -24.010 167.002 148.000 165.000 88.000
-20.454 -23.610 167.000 158.000 176.000 85.000
-20.454 -23.210 166.998 168.000 187.000 87.000
-20.454 -22.809 166.996 164.000 183.000 86.000
-20.454 -22.409 166.994 164.000 182.000 88.000
-20.454 -22.009 166.993 167.000 184.000 94.000
-20.454 -21.608 166.991 147.000 160.000 86.000
-20.054 -24.411 166.997 93.000 102.000 59.000
-20.054 -24.010 166.995 142.000 159.000 84.000
-20.054 -23.610 166.993 154.000 173.000 81.000
-20.054 -23.210 166.991 161.000 182.000 77.000
-20.054 -22.809 166.989 166.000 186.000 80.000
-20.054 -22.409 166.987 168.000 188.000 83.000
-20.054 -22.009 166.985 170.000 189.000 88.000
-20.054 -21.608 166.984 154.000 171.000 85.000
-19.653 -24.010 166.988 126.000 143.000 70.000
-19.653 -23.610 166.986 146.000 168.000 71.000
-19.653 -23.210 166.984 158.000 182.000 68.000
-19.653 -22.809 166.982 171.000 192.000 69.000
-19.653 -22.409 166.980 178.000 199.000 79.000
-19.654 -22.009 166.978 173.000 191.000 88.000
-19.654 -21.608 166.976 156.000 172.000 84.000
-19.654 -21.208 166.975 140.000 152.000 88.000
-19.253 -24.010 166.980 87.000 102.000 47.000
-19.253 -23.610 166.979 137.000 160.000 67.000
-19.253 -23.210 166.977 150.000 174.000 68.000
-19.253 -22.809 166.975 167.000 191.000 74.000
-19.253 -22.409 166.973 178.000 199.000 82.000
-19.253 -22.009 166.971 181.000 199.000 92.000
-19.253 -21.608 166.969 166.000 184.000 85.000
-19.253 -21.208 166.968 168.000 183.000 101.000
-19.253 -20.808 166.966 136.000 147.000 90.000
-18.853 -23.610 166.972 150.000 170.000 81.000
-18.853 -23.210 166.970 175.000 195.000 93.000
-18.853 -22.809 166.968 189.000 208.000 103.000
-18.853 -22.409 166.966 195.000 213.000 106.000
-18.853 -22.009 166.964 194.000 211.000 104.000
-18.853 -21.608 166.962 185.000 203.000 98.000
-18.853 -21.208 166.960 184.000 201.000 105.000
-18.853 -20.808 166.959 176.000 193.000 110.000
-18.453 -23.610 166.964 180.000 190.000 136.000
-18.453 -23.210 166.963 223.000 234.000 161.000
-18.453 -22.809 166.961 223.000 233.000 148.000
-18.453 -22.409 166.959 215.000 229.000 138.000
-18.453 -22.009 166.957 211.000 223.000 134.000
-18.453 -21.608 166.955 207.000 222.000 125.000
-18.453 -21.208 166.953 202.000 218.000 119.000
-18.453 -20.808 166.951 190.000 208.000 108.000
-18.453 -20.407 166.950 184.000 201.000 111.000
-18.052 -23.210 166.955 231.000 239.000 186.000
-18.052 -22.809 166.954 229.000 239.000 167.000
-18.052 -22.409 166.952 219.000 231.000 146.000
-18.052 -22.009 166.950 214.000 226.000 142.000
-18.052 -21.608 166.948 222.000 234.000 154.000
-18.052 -21.208 166.946 222.000 234.000 149.000
-18.052 -20.808 166.944 216.000 231.000 135.000
-18.052 -20.407 166.943 213.000 228.000 148.000
-17.652 -22.809 166.946 209.000 220.000 154.000
-17.652 -22.409 166.945 206.000 221.000 132.000
-17.652 -22.009 166.943 202.000 217.000 126.000
-17.652 -21.608 166.941 228.000 238.000 168.000
-17.652 -21.208 166.939 238.000 245.000 182.000
-17.652 -20.808 166.937 237.000 245.000 178.000
-17.652 -20.407 166.935 212.000 226.000 151.000
-17.652 -20.007 166.934 85.000 101.000 56.000
-17.252 -22.409 166.938 85.000 93.000 54.000
-17.252 -22.009 166.936 165.000 175.000 116.000
-17.252 -21.608 166.934 219.000 230.000 159.000
-17.252 -21.208 166.932 226.000 238.000 161.000
-17.252 -20.808 166.930 216.000 230.000 148.000
-17.252 -20.407 166.928 114.000 130.000 75.000
-16.852 -21.208 166.925 97.000 91.000 50.000
-21.648 -24.409 167.425 109.000 121.000 68.000
-21.648 -24.008 167.423 108.000 123.000 61.000
-21.247 -24.809 167.420 132.000 143.000 89.000
-21.247 -24.409 167.418 163.000 180.000 105.000
-21.247 -24.009 167.416 153.000 172.000 87.000
-21.247 -23.608 167.414 148.000 167.000 83.000
-21.248 -23.208 167.413 132.000 149.000 74.000
-21.248 -22.807 167.411 105.000 119.000 60.000
-21.248 -22.407 167.409 100.000 111.000 61.000
-21.248 -22.007 167.407 87.000 94.000 56.000
-20.847 -24.809 167.413 141.000 153.000 92.000
-20.847 -24.409 167.411 165.000 182.000 102.000
-20.847 -24.009 167.409 149.000 168.000 84.000
-20.847 -23.608 167.407 164.000 181.000 94.000
-20.847 -23.208 167.405 174.000 190.000 102.000
-20.847 -22.807 167.404 159.000 174.000 92.000
-20.847 -22.407 167.402 165.000 178.000 105.000
-20.847 -22.007 167.400 164.000 174.000 112.000
-20.447 -24.809 167.406 82.000 90.000 55.000
-20.447 -24.409 167.404 160.000 174.000 106.000
-20.447 -24.009 167.402 159.000 176.000 94.000
-20.447 -23.608 167.400 165.000 184.000 87.000
-20.447 -23.208 167.398 171.000 190.000 85.000
-20.447 -22.807 167.397 168.000 187.000 84.000
-20.447 -22.407 167.395 168.000 186.000 89.000
-20.447 -22.007 167.393 169.000 184.000 99.000
-20.447 -21.606 167.391 128.000 142.000 73.000
-20.047 -24.409 167.397 130.000 143.000 83.000
-20.047 -24.009 167.395 151.000 169.000 85.000
-20.047 -23.608 167.393 158.000 178.000 79.000
-20.047 -23.208 167.391 164.000 185.000 76.000
-20.047 -22.808 167.389 168.000 190.000 75.000
-20.047 -22.407 167.388 165.000 185.000 77.000
-20.047 -22.007 167.386 157.000 176.000 80.000
-20.047 -21.606 167.384 148.000 165.000 81.000
-20.047 -21.206 167.382 130.000 140.000 84.000
-19.646 -24.409 167.390 73.000 84.000 41.000
-19.646 -24.009 167.388 133.000 156.000 65.000
-19.646 -23.608 167.386 147.000 168.000 72.000
-19.646 -23.208 167.384 152.000 172.000 72.000
-19.646 -22.808 167.382 165.000 190.000 68.000
-19.646 -22.407 167.380 166.000 189.000 72.000
-19.646 -22.007 167.379 158.000 177.000 78.000
-19.646 -21.606 167.377 168.000 182.000 101.000
-19.646 -21.206 167.375 189.000 200.000 137.000
-19.246 -24.009 167.381 104.000 124.000 50.000
-19.246 -23.608 167.379 156.000 177.000 78.000
-19.246 -23.208 167.377 172.000 192.000 88.000
-19.246 -22.808 167.375 190.000 210.000 98.000
-19.246 -22.407 167.373 189.000 208.000 96.000
-19.246 -22.007 167.372 178.000 195.000 92.000
-19.246 -21.607 167.370 182.000 197.000 106.000
-19.246 -21.206 167.368 189.000 203.000 121.000
-19.246 -20.806 167.366 140.000 150.000 99.000
-18.846 -23.608 167.372 183.000 202.000 103.000
-18.846 -23.208 167.370 206.000 222.000 123.000
-18.846 -22.808 167.368 214.000 226.000 127.000
-18.846 -22.407 167.366 206.000 222.000 121.000
-18.846 -22.007 167.364 200.000 215.000 115.000
-18.846 -21.607 167.363 191.000 207.000 107.000
-18.846 -21.206 167.361 188.000 205.000 107.000
-18.846 -20.806 167.359 162.000 180.000 92.000
-18.445 -23.608 167.365 229.000 238.000 179.000
-18.445 -23.208 167.363 234.000 241.000 171.000
-18.445 -22.808 167.361 237.000 243.000 172.000
-18.446 -22.407 167.359 222.000 234.000 149.000
-18.446 -22.007 167.357 201.000 216.000 120.000
-18.446 -21.607 167.355 197.000 213.000 115.000
-18.446 -21.206 167.354 202.000 218.000 120.000
-18.446 -20.806 167.352 206.000 223.000 123.000
-18.446 -20.405 167.350 159.000 171.000 107.000
-18.045 -23.208 167.356 238.000 243.000 193.000
-18.045 -22.808 167.354 231.000 240.000 171.000
-18.045 -22.407 167.352 219.000 231.000 147.000
-18.045 -22.007 167.350 211.000 225.000 137.000
-18.045 -21.607 167.348 217.000 230.000 144.000
-18.045 -21.206 167.346 224.000 236.000 153.000
-18.045 -20.806 167.345 226.000 238.000 160.000
-18.045 -20.406 167.343 213.000 227.000 151.000
-18.045 -20.005 167.341 81.000 95.000 46.000
-17.645 -22.808 167.347 94.000 104.000 57.000
-17.645 -22.407 167.345 206.000 220.000 135.000
-17.645 -22.007 167.343 214.000 227.000 144.000
-17.645 -21.607 167.341 230.000 240.000 168.000
-17.645 -21.206 167.339 236.000 245.000 182.000
-17.645 -20.806 167.338 232.000 242.000 179.000
-17.645 -20.406 167.336 181.000 198.000 115.000
-17.245 -22.007 167.336 191.000 190.000 149.000
-17.245 -21.607 167.334 217.000 223.000 159.000
-17.245 -21.206 167.332 222.000 235.000 158.000
-17.245 -20.806 167.330 196.000 211.000 128.000
-21.641 -24.807 167.827 99.000 107.000 68.000
-21.641 -24.407 167.826 142.000 157.000 93.000
-21.641 -24.007 167.824 140.000 155.000 84.000
-21.641 -23.606 167.822 84.000 94.000 48.000
-21.240 -24.807 167.820 148.000 162.000 99.000
-21.240 -24.407 167.818 157.000 175.000 93.000
-21.240 -24.007 167.817 166.000 185.000 94.000
-21.240 -23.606 167.815 161.000 180.000 89.000
-21.240 -23.206 167.813 142.000 159.000 77.000
-21.240 -22.806 167.811 134.000 149.000 76.000
-21.240 -22.405 167.809 153.000 166.000 97.000
-21.240 -22.005 167.807 114.000 121.000 79.000
-20.840 -25.208 167.815 122.000 130.000 84.000
-20.840 -24.807 167.813 147.000 162.000 91.000
-20.840 -24.407 167.811 151.000 169.000 86.000
-20.840 -24.007 167.809 150.000 170.000 76.000
-20.840 -23.606 167.808 162.000 181.000 82.000
-20.840 -23.206 167.806 174.000 192.000 92.000
-20.840 -22.806 167.804 176.000 191.000 103.000
-20.840 -22.405 167.802 185.000 199.000 122.000
-20.840 -22.005 167.800 173.000 184.000 115.000
-20.840 -21.605 167.798 119.000 131.000 72.000
-20.440 -24.807 167.806 124.000 136.000 82.000
-20.440 -24.407 167.804 150.000 167.000 91.000
-20.440 -24.007 167.802 155.000 175.000 79.000
-20.440 -23.606 167.801 164.000 184.000 79.000
-20.440 -23.206 167.799 173.000 192.000 83.000
-20.440 -22.806 167.797 180.000 198.000 94.000
-20.440 -22.405 167.795 177.000 194.000 98.000
-20.440 -22.005 167.793 172.000 188.000 99.000
-20.440 -21.605 167.791 145.000 161.000 82.000
-20.440 -21.204 167.789 78.000 86.000 50.000
-20.039 -24.407 167.797 140.000 156.000 84.000
-20.039 -24.007 167.795 155.000 176.000 78.000
-20.040 -23.606 167.793 162.000 183.000 77.000
-20.040 -23.206 167.792 169.000 191.000 76.000
-20.040 -22.806 167.790 178.000 200.000 80.000
-20.040 -22.405 167.788 174.000 194.000 82.000
-20.040 -22.005 167.786 160.000 180.000 80.000
-20.040 -21.605 167.784 172.000 187.000 101.000
-20.040 -21.204 167.782 141.000 152.000 95.000
-19.639 -24.407 167.790 99.000 114.000 53.000
-19.639 -24.007 167.788 144.000 169.000 65.000
-19.639 -23.606 167.786 156.000 180.000 70.000
-19.639 -23.206 167.784 164.000 188.000 71.000
-19.639 -22.806 167.783 173.000 199.000 67.000
-19.639 -22.405 167.781 178.000 202.000 73.000
-19.639 -22.005 167.779 178.000 197.000 87.000
-19.639 -21.605 167.777 199.000 211.000 129.000
-19.639 -21.204 167.775 210.000 221.000 160.000
-19.639 -20.804 167.773 123.000 128.000 101.000
-19.239 -24.007 167.781 149.000 171.000 73.000
-19.239 -23.606 167.779 177.000 197.000 91.000
-19.239 -23.206 167.777 197.000 215.000 109.000
-19.239 -22.806 167.775 207.000 223.000 107.000
-19.239 -22.405 167.774 197.000 215.000 100.000
-19.239 -22.005 167.772 189.000 206.000 98.000
-19.239 -21.605 167.770 202.000 216.000 123.000
-19.239 -21.204 167.768 204.000 219.000 134.000
-19.239 -20.804 167.766 168.000 181.000 114.000
-18.839 -24.007 167.774 106.000 116.000 65.000
-18.839 -23.606 167.772 214.000 228.000 143.000
-18.839 -23.206 167.770 227.000 235.000 155.000
-18.839 -22.806 167.768 229.000 236.000 151.000
-18.839 -22.405 167.767 213.000 227.000 130.000
-18.839 -22.005 167.765 203.000 218.000 120.000
-18.839 -21.605 167.763 204.000 219.000 121.000
-18.839 -21.204 167.761 203.000 219.000 122.000
-18.839 -20.804 167.759 190.000 208.000 113.000
-18.839 -20.404 167.757 75.000 83.000 46.000
-18.438 -23.606 167.765 218.000 221.000 176.000
-18.438 -23.206 167.763 238.000 244.000 178.000
-18.438 -22.806 167.761 232.000 241.000 167.000
-18.438 -22.405 167.759 223.000 234.000 154.000
-18.438 -22.005 167.758 216.000 228.000 144.000
-18.438 -21.605 167.756 211.000 225.000 133.000
-18.438 -21.204 167.754 215.000 229.000 140.000
-18.438 -20.804 167.752 215.000 230.000 140.000
-18.438 -20.404 167.750 156.000 170.000 99.000
-18.038 -23.206 167.756 179.000 184.000 142.000
-18.038 -22.806 167.754 190.000 199.000 136.000
-18.038 -22.405 167.752 221.000 232.000 153.000
-18.038 -22.005 167.750 225.000 235.000 161.000
-18.038 -21.605 167.749 230.000 240.000 165.000
-18.038 -21.204 167.747 227.000 238.000 161.000
-18.038 -20.804 167.745 223.000 236.000 160.000
-18.038 -20.404 167.743 196.000 213.000 131.000
-17.638 -22.405 167.745 187.000 193.000 132.000
-17.638 -22.005 167.743 228.000 239.000 166.000
-17.638 -21.605 167.742 233.000 242.000 173.000
-17.638 -21.204 167.740 233.000 242.000 178.000
-17.638 -20.804 167.738 220.000 232.000 161.000
-17.638 -20.404 167.736 133.000 153.000 90.000
-17.238 -21.605 167.734 183.000 187.000 134.000
-17.238 -21.204 167.733 198.000 213.000 130.000
-17.238 -20.804 167.731 149.000 168.000 103.000
-21.634 -24.805 168.228 141.000 151.000 99.000
-21.634 -24.405 168.226 155.000 169.000 101.000
-21.634 -24.005 168.224 150.000 165.000 89.000
-21.634 -23.604 168.222 118.000 131.000 69.000
-21.634 -23.204 168.220 107.000 118.000 65.000
-21.634 -22.804 168.218 96.000 106.000 60.000
-21.634 -22.403 168.217 75.000 80.000 51.000
-21.233 -25.206 168.222 129.000 138.000 93.000
-21.233 -24.806 168.221 160.000 174.000 104.000
-21.233 -24.405 168.219 157.000 175.000 91.000
-21.233 -24.005 168.217 171.000 190.000 95.000
-21.233 -23.604 168.215 168.000 186.000 91.000
-21.233 -23.204 168.213 162.000 179.000 90.000
-21.233 -22.804 168.211 159.000 173.000 97.000
-21.233 -22.403 168.209 165.000 178.000 110.000
-21.233 -22.003 168.208 125.000 132.000 89.000
-20.833 -25.206 168.215 133.000 143.000 92.000
-20.833 -24.806 168.213 153.000 169.000 95.000
-20.833 -24.405 168.212 148.000 166.000 86.000
-20.833 -24.005 168.210 157.000 177.000 79.000
-20.833 -23.604 168.208 165.000 185.000 82.000
-20.833 -23.204 168.206 173.000 190.000 90.000
-20.833 -22.804 168.204 184.000 199.000 112.000
-20.833 -22.403 168.202 185.000 199.000 118.000
-20.833 -22.003 168.201 181.000 194.000 119.000
-20.833 -21.603 168.199 107.000 119.000 64.000
-20.433 -24.806 168.206 143.000 157.000 93.000
-20.433 -24.405 168.204 149.000 166.000 85.000
-20.433 -24.005 168.203 156.000 178.000 76.000
-20.433 -23.604 168.201 163.000 184.000 76.000
-20.433 -23.204 168.199 167.000 188.000 79.000
-20.433 -22.804 168.197 182.000 200.000 97.000
-20.433 -22.403 168.195 183.000 199.000 104.000
-20.433 -22.003 168.193 177.000 193.000 103.000
-20.433 -21.603 168.192 169.000 183.000 105.000
-20.433 -21.202 168.190 79.000 85.000 55.000
-20.032 -24.806 168.199 114.000 123.000 76.000
-20.032 -24.405 168.197 146.000 164.000 82.000
-20.032 -24.005 168.196 157.000 179.000 73.000
-20.032 -23.605 168.194 163.000 185.000 75.000
-20.032 -23.204 168.192 174.000 195.000 81.000
-20.032 -22.804 168.190 186.000 206.000 93.000
-20.032 -22.403 168.188 187.000 205.000 98.000
-20.032 -22.003 168.186 180.000 197.000 99.000
-20.032 -21.603 168.184 194.000 208.000 126.000
-20.033 -21.202 168.183 155.000 164.000 116.000
-19.632 -24.405 168.190 127.000 143.000 68.000
-19.632 -24.005 168.188 154.000 178.000 70.000
-19.632 -23.605 168.187 163.000 186.000 74.000
-19.632 -23.204 168.185 176.000 194.000 81.000
-19.632 -22.804 168.183 178.000 203.000 77.000
-19.632 -22.403 168.181 195.000 215.000 96.000
-19.632 -22.003 168.179 201.000 216.000 113.000
-19.632 -21.603 168.177 214.000 227.000 148.000
-19.632 -21.202 168.175 203.000 212.000 159.000
-19.232 -24.005 168.181 182.000 201.000 98.000
-19.232 -23.605 168.179 205.000 215.000 113.000
-19.232 -23.204 168.178 215.000 221.000 122.000
-19.232 -22.804 168.176 213.000 226.000 119.000
-19.232 -22.404 168.174 209.000 224.000 118.000
-19.232 -22.003 168.172 202.000 217.000 113.000
-19.232 -21.603 168.170 210.000 224.000 131.000
-19.232 -21.202 168.168 210.000 225.000 141.000
-19.232 -20.802 168.167 138.000 148.000 98.000
-18.832 -24.005 168.174 210.000 215.000 149.000
-18.832 -23.605 168.172 232.000 238.000 163.000
-18.832 -23.204 168.171 235.000 240.000 168.000
-18.832 -22.804 168.169 230.000 238.000 156.000
-18.832 -22.404 168.167 221.000 233.000 144.000
-18.832 -22.003 168.165 208.000 222.000 124.000
-18.832 -21.603 168.163 213.000 227.000 130.000
-18.832 -21.202 168.161 212.000 227.000 131.000
-18.832 -20.802 168.159 196.000 212.000 124.000
-18.431 -23.204 168.163 219.000 223.000 173.000
-18.431 -22.804 168.162 223.000 233.000 164.000
-18.431 -22.404 168.160 223.000 234.000 153.000
-18.431 -22.003 168.158 226.000 235.000 161.000
-18.431 -21.603 168.156 223.000 234.000 152.000
-18.431 -21.202 168.154 222.000 234.000 152.000
-18.431 -20.802 168.152 215.000 229.000 144.000
-18.431 -20.402 168.150 139.000 151.000 90.000
-18.031 -22.804 168.154 105.000 109.000 79.000
-18.031 -22.404 168.153 229.000 239.000 170.000
-18.031 -22.003 168.151 233.000 242.000 176.000
-18.031 -21.603 168.149 231.000 241.000 168.000
-18.031 -21.203 168.147 230.000 240.000 170.000
-18.031 -20.802 168.145 219.000 233.000 159.000
-18.031 -20.402 168.143 174.000 191.000 115.000
-17.631 -22.003 168.144 235.000 243.000 179.000
-17.631 -21.603 168.142 233.000 242.000 176.000
-17.631 -21.203 168.140 227.000 238.000 171.000
-17.631 -20.802 168.138 209.000 223.000 151.000
-17.631 -20.402 168.136 94.000 111.000 80.000
-17.230 -21.603 168.135 131.000 140.000 90.000
-17.230 -21.203 168.133 170.000 189.000 107.000
-22.027 -24.804 168.635 83.000 88.000 58.000
-22.027 -24.403 168.633 78.000 85.000 50.000
-21.626 -25.204 168.630 134.000 139.000 104.000
-21.626 -24.804 168.628 151.000 163.000 106.000
-21.626 -24.403 168.626 140.000 155.000 82.000
-21.626 -24.003 168.624 157.000 174.000 87.000
-21.626 -23.603 168.622 141.000 157.000 78.000
-21.626 -23.202 168.621 134.000 148.000 80.000
-21.626 -22.802 168.619 96.000 104.000 65.000
-21.226 -25.204 168.623 169.000 178.000 128.000
-21.226 -24.804 168.621 164.000 178.000 108.000
-21.226 -24.403 168.619 161.000 178.000 95.000
-21.226 -24.003 168.617 175.000 194.000 96.000
-21.226 -23.603 168.615 170.000 188.000 92.000
-21.226 -23.202 168.613 172.000 188.000 99.000
-21.226 -22.802 168.612 179.000 192.000 118.000
-21.226 -22.402 168.610 139.000 148.000 91.000
-21.226 -22.001 168.608 95.000 102.000 62.000
-20.826 -25.204 168.616 160.000 169.000 122.000
-20.826 -24.804 168.614 165.000 179.000 110.000
-20.826 -24.403 168.612 152.000 168.000 89.000
-20.826 -24.003 168.610 162.000 182.000 80.000
-20.826 -23.603 168.608 169.000 188.000 86.000
-20.826 -23.202 168.606 180.000 196.000 102.000
-20.826 -22.802 168.604 189.000 203.000 118.000
-20.826 -22.402 168.603 183.000 197.000 114.000
-20.826 -22.001 168.601 163.000 177.000 98.000
-20.826 -21.601 168.599 76.000 82.000 49.000
-20.426 -24.804 168.607 160.000 174.000 105.000
-20.426 -24.403 168.605 155.000 173.000 86.000
-20.426 -24.003 168.603 160.000 183.000 75.000
-20.426 -23.603 168.601 163.000 185.000 75.000
-20.426 -23.202 168.599 166.000 187.000 79.000
-20.426 -22.802 168.597 178.000 195.000 96.000
-20.426 -22.402 168.596 178.000 194.000 97.000
-20.426 -22.001 168.594 177.000 193.000 99.000
-20.426 -21.601 168.592 185.000 198.000 127.000
-20.025 -24.804 168.600 125.000 136.000 81.000
-20.025 -24.403 168.598 163.000 180.000 90.000
-20.025 -24.003 168.596 164.000 187.000 77.000
-20.025 -23.603 168.594 170.000 193.000 79.000
-20.025 -23.202 168.592 174.000 195.000 83.000
-20.025 -22.802 168.590 179.000 197.000 92.000
-20.025 -22.402 168.588 190.000 206.000 107.000
-20.025 -22.001 168.587 187.000 203.000 105.000
-20.025 -21.601 168.585 209.000 222.000 148.000
-20.025 -21.201 168.583 123.000 129.000 97.000
-19.625 -24.403 168.591 160.000 177.000 94.000
-19.625 -24.003 168.589 172.000 192.000 89.000
-19.625 -23.603 168.587 189.000 195.000 96.000
-19.625 -23.202 168.585 181.000 197.000 98.000
-19.625 -22.802 168.583 186.000 203.000 100.000
-19.625 -22.402 168.581 196.000 213.000 107.000
-19.625 -22.001 168.579 205.000 219.000 124.000
-19.625 -21.601 168.578 214.000 227.000 152.000
-19.625 -21.201 168.576 126.000 134.000 90.000
-19.225 -24.403 168.583 84.000 86.000 56.000
-19.225 -24.003 168.582 217.000 225.000 136.000
-19.225 -23.603 168.580 224.000 227.000 138.000
-19.225 -23.202 168.578 219.000 226.000 137.000
-19.225 -22.802 168.576 209.000 222.000 127.000
-19.225 -22.402 168.574 212.000 225.000 131.000
-19.225 -22.001 168.572 211.000 224.000 130.000
-19.225 -21.601 168.571 216.000 229.000 140.000
-19.225 -21.201 168.569 173.000 187.000 108.000
-18.824 -24.003 168.574 237.000 240.000 181.000
-18.824 -23.603 168.573 235.000 236.000 171.000
-18.824 -23.202 168.571 234.000 234.000 167.000
-18.824 -22.802 168.569 224.000 229.000 149.000
-18.824 -22.402 168.567 223.000 235.000 150.000
-18.824 -22.001 168.565 222.000 234.000 147.000
-18.825 -21.601 168.563 219.000 232.000 138.000
-18.825 -21.201 168.562 214.000 229.000 138.000
-18.825 -20.800 168.560 102.000 111.000 66.000
-18.424 -22.802 168.562 206.000 217.000 142.000
-18.424 -22.402 168.560 226.000 237.000 159.000
-18.424 -22.001 168.558 231.000 240.000 167.000
-18.424 -21.601 168.556 227.000 238.000 158.000
-18.424 -21.201 168.554 221.000 234.000 149.000
-18.424 -20.800 168.553 204.000 220.000 136.000
-18.024 -22.802 168.555 136.000 139.000 111.000
-18.024 -22.402 168.553 237.000 243.000 189.000
-18.024 -22.001 168.551 235.000 243.000 178.000
-18.024 -21.601 168.549 229.000 240.000 163.000
-18.024 -21.201 168.547 223.000 235.000 157.000
-18.024 -20.800 168.546 197.000 214.000 126.000
-18.024 -20.400 168.544 77.000 88.000 55.000
-17.624 -22.001 168.544 231.000 241.000 177.000
-17.624 -21.601 168.542 226.000 238.000 167.000
-17.624 -21.201 168.540 215.000 229.000 153.000
-17.624 -20.800 168.538 157.000 175.000 111.000
-17.223 -21.601 168.535 80.000 92.000 47.000
-17.223 -21.201 168.533 111.000 131.000 67.000
-22.020 -24.802 169.035 101.000 106.000 74.000
-22.020 -24.401 169.033 110.000 118.000 75.000
-22.020 -24.001 169.032 84.000 93.000 52.000
-21.619 -25.202 169.030 154.000 161.000 120.000
-21.619 -24.802 169.028 167.000 178.000 121.000
-21.619 -24.401 169.026 160.000 174.000 102.000
-21.619 -24.001 169.025 169.000 185.000 100.000
-21.619 -23.601 169.023 161.000 177.000 96.000
-21.619 -23.200 169.021 148.000 162.000 91.000
-21.619 -22.800 169.019 106.000 114.000 72.000
-21.219 -25.202 169.023 187.000 198.000 145.000
-21.219 -24.802 169.021 170.000 183.000 118.000
-21.219 -24.401 169.019 167.000 182.000 104.000
-21.219 -24.001 169.017 173.000 191.000 94.000
-21.219 -23.601 169.016 177.000 194.000 100.000
-21.219 -23.200 169.014 182.000 198.000 110.000
-21.219 -22.800 169.012 190.000 204.000 126.000
-21.219 -22.400 169.010 171.000 184.000 113.000
-21.219 -21.999 169.008 78.000 86.000 49.000
-20.819 -25.202 169.016 166.000 175.000 129.000
-20.819 -24.802 169.014 171.000 183.000 115.000
-20.819 -24.401 169.012 171.000 185.000 106.000
-20.819 -24.001 169.010 172.000 191.000 87.000
-20.819 -23.601 169.008 178.000 195.000 95.000
-20.819 -23.200 169.007 185.000 200.000 109.000
-20.819 -22.800 169.005 189.000 204.000 115.000
-20.819 -22.400 169.003 183.000 197.000 114.000
-20.819 -21.999 169.001 167.000 181.000 105.000
-20.418 -25.202 169.009 92.000 98.000 71.000
-20.418 -24.802 169.007 175.000 189.000 116.000
-20.418 -24.402 169.005 166.000 181.000 94.000
-20.418 -24.001 169.003 162.000 183.000 77.000
-20.418 -23.601 169.001 168.000 188.000 81.000
-20.418 -23.200 169.000 181.000 199.000 95.000
-20.419 -22.800 168.998 179.000 196.000 97.000
-20.419 -22.400 168.996 180.000 196.000 102.000
-20.419 -21.999 168.994 185.000 198.000 118.000
-20.419 -21.599 168.992 159.000 167.000 123.000
-20.018 -24.802 169.000 144.000 156.000 94.000
-20.018 -24.402 168.998 168.000 186.000 93.000
-20.018 -24.001 168.996 167.000 188.000 82.000
-20.018 -23.601 168.994 183.000 203.000 95.000
-20.018 -23.200 168.992 196.000 213.000 108.000
-20.018 -22.800 168.991 188.000 206.000 103.000
-20.018 -22.400 168.989 193.000 209.000 110.000
-20.018 -21.999 168.987 198.000 212.000 124.000
-20.018 -21.599 168.985 202.000 212.000 156.000
-19.618 -24.402 168.991 152.000 170.000 86.000
-19.618 -24.001 168.989 206.000 210.000 114.000
-19.618 -23.601 168.987 223.000 226.000 133.000
-19.618 -23.200 168.985 230.000 234.000 146.000
-19.618 -22.800 168.983 206.000 222.000 118.000
-19.618 -22.400 168.982 208.000 222.000 120.000
-19.618 -21.999 168.980 213.000 227.000 131.000
-19.618 -21.599 168.978 193.000 206.000 129.000
-19.618 -21.199 168.976 77.000 83.000 52.000
-19.218 -24.402 168.984 97.000 95.000 65.000
-19.218 -24.001 168.982 231.000 233.000 161.000
-19.218 -23.601 168.980 234.000 238.000 165.000
-19.218 -23.201 168.978 236.000 241.000 168.000
-19.218 -22.800 168.976 218.000 232.000 142.000
-19.218 -22.400 168.975 216.000 230.000 137.000
-19.218 -21.999 168.973 215.000 228.000 136.000
-19.218 -21.599 168.971 215.000 229.000 142.000
-19.218 -21.199 168.969 189.000 205.000 124.000
-18.817 -24.001 168.975 198.000 197.000 172.000
-18.817 -23.601 168.973 235.000 237.000 187.000
-18.817 -23.201 168.971 207.000 213.000 160.000
-18.817 -22.800 168.969 228.000 238.000 167.000
-18.817 -22.400 168.967 222.000 234.000 151.000
-18.817 -21.999 168.966 215.000 228.000 140.000
-18.817 -21.599 168.964 218.000 232.000 147.000
-18.817 -21.199 168.962 211.000 227.000 143.000
-18.817 -20.798 168.960 79.000 88.000 46.000
-18.417 -22.800 168.962 219.000 227.000 166.000
-18.417 -22.400 168.960 233.000 242.000 175.000
-18.417 -21.999 168.958 230.000 241.000 167.000
-18.417 -21.599 168.957 230.000 241.000 166.000
-18.417 -21.199 168.955 226.000 238.000 164.000
-18.417 -20.798 168.953 186.000 200.000 128.000
-18.017 -22.800 168.955 115.000 120.000 86.000
-18.017 -22.400 168.953 229.000 238.000 174.000
-18.017 -22.000 168.951 227.000 238.000 165.000
-18.017 -21.599 168.949 229.000 240.000 171.000
-18.017 -21.199 168.948 221.000 233.000 160.000
-18.017 -20.798 168.946 174.000 192.000 114.000
-17.617 -22.000 168.944 184.000 198.000 122.000
-17.617 -21.599 168.942 207.000 222.000 147.000
-17.617 -21.199 168.941 188.000 205.000 126.000
-17.617 -20.798 168.939 83.000 109.000 70.000
-17.216 -21.199 168.933 71.000 87.000 55.000
-22.012 -24.800 169.436 154.000 160.000 123.000
-22.012 -24.400 169.434 119.000 128.000 81.000
-22.013 -23.999 169.432 99.000 109.000 60.000
-21.612 -25.200 169.430 171.000 178.000 136.000
-21.612 -24.800 169.429 160.000 170.000 115.000
-21.612 -24.400 169.427 159.000 172.000 103.000
-21.612 -23.999 169.425 167.000 183.000 101.000
-21.612 -23.599 169.423 167.000 182.000 102.000
-21.612 -23.199 169.421 151.000 164.000 96.000
-21.612 -22.798 169.419 98.000 108.000 64.000
-21.212 -25.200 169.423 201.000 209.000 161.000
-21.212 -24.800 169.421 172.000 184.000 120.000
-21.212 -24.400 169.420 168.000 182.000 104.000
-21.212 -23.999 169.418 174.000 191.000 95.000
-21.212 -23.599 169.416 178.000 194.000 102.000
-21.212 -23.199 169.414 183.000 199.000 113.000
-21.212 -22.798 169.412 176.000 191.000 111.000
-21.212 -22.398 169.410 144.000 158.000 89.000
-20.812 -25.200 169.416 199.000 207.000 162.000
-20.812 -24.800 169.414 184.000 196.000 129.000
-20.812 -24.400 169.412 175.000 189.000 107.000
-20.812 -23.999 169.411 180.000 199.000 93.000
-20.812 -23.599 169.409 184.000 201.000 100.000
-20.812 -23.199 169.407 190.000 205.000 113.000
-20.812 -22.798 169.405 183.000 198.000 111.000
-20.812 -22.398 169.403 179.000 194.000 111.000
-20.812 -21.998 169.401 155.000 166.000 101.000
-20.411 -25.200 169.409 93.000 98.000 71.000
-20.411 -24.800 169.407 180.000 194.000 118.000
-20.411 -24.400 169.405 170.000 187.000 97.000
-20.411 -23.999 169.403 169.000 189.000 83.000
-20.411 -23.599 169.402 182.000 200.000 97.000
-20.411 -23.199 169.400 195.000 211.000 115.000
-20.411 -22.798 169.398 183.000 199.000 104.000
-20.411 -22.398 169.396 195.000 209.000 123.000
-20.411 -21.998 169.394 195.000 208.000 136.000
-20.011 -24.800 169.400 159.000 170.000 107.000
-20.011 -24.400 169.398 180.000 197.000 106.000
-20.011 -23.999 169.396 184.000 204.000 100.000
-20.011 -23.599 169.395 197.000 215.000 111.000
-20.011 -23.199 169.393 204.000 221.000 121.000
-20.011 -22.798 169.391 193.000 210.000 110.000
-20.011 -22.398 169.389 201.000 216.000 124.000
-20.011 -21.998 169.387 202.000 217.000 130.000
-20.011 -21.597 169.385 155.000 164.000 114.000
-19.611 -24.400 169.391 187.000 182.000 114.000
-19.611 -23.999 169.389 227.000 219.000 134.000
-19.611 -23.599 169.387 237.000 235.000 155.000
-19.611 -23.199 169.386 236.000 237.000 155.000
-19.611 -22.798 169.384 218.000 231.000 139.000
-19.611 -22.398 169.382 215.000 228.000 133.000
-19.611 -21.998 169.380 214.000 228.000 134.000
-19.611 -21.597 169.378 185.000 199.000 115.000
-19.611 -21.197 169.376 73.000 81.000 45.000
-19.210 -23.999 169.382 241.000 238.000 175.000
-19.211 -23.599 169.380 236.000 237.000 171.000
-19.211 -23.199 169.378 229.000 236.000 166.000
-19.211 -22.798 169.377 225.000 237.000 155.000
-19.211 -22.398 169.375 221.000 233.000 145.000
-19.211 -21.998 169.373 220.000 232.000 148.000
-19.211 -21.597 169.371 216.000 230.000 147.000
-19.211 -21.197 169.369 171.000 185.000 115.000
-18.810 -23.199 169.371 131.000 133.000 94.000
-18.810 -22.798 169.370 225.000 232.000 173.000
-18.810 -22.398 169.368 230.000 241.000 168.000
-18.810 -21.998 169.366 223.000 234.000 155.000
-18.810 -21.597 169.364 223.000 236.000 159.000
-18.810 -21.197 169.362 208.000 223.000 146.000
-18.410 -22.798 169.362 215.000 220.000 174.000
-18.410 -22.398 169.361 237.000 245.000 190.000
-18.410 -21.998 169.359 234.000 243.000 179.000
-18.410 -21.597 169.357 232.000 242.000 179.000
-18.410 -21.197 169.355 223.000 235.000 166.000
-18.410 -20.797 169.353 125.000 139.000 80.000
-18.010 -22.398 169.353 220.000 228.000 174.000
-18.010 -21.998 169.352 224.000 236.000 165.000
-18.010 -21.597 169.350 223.000 235.000 169.000
-18.010 -21.197 169.348 205.000 220.000 144.000
-18.010 -20.797 169.346 116.000 135.000 74.000
-17.609 -21.998 169.345 163.000 177.000 113.000
-17.609 -21.597 169.343 180.000 196.000 128.000
-17.609 -21.197 169.341 111.000 132.000 83.000
-22.005 -25.198 169.838 173.000 177.000 142.000
-22.005 -24.798 169.836 151.000 157.000 113.000
-22.005 -24.398 169.834 132.000 142.000 88.000
-22.005 -23.997 169.832 113.000 124.000 67.000
-21.605 -25.198 169.831 204.000 210.000 174.000
-21.605 -24.798 169.829 175.000 184.000 133.000
-21.605 -24.398 169.827 171.000 183.000 118.000
-21.605 -23.997 169.825 177.000 192.000 113.000
-21.605 -23.597 169.823 178.000 191.000 117.000
-21.605 -23.197 169.821 165.000 179.000 112.000
-21.605 -22.796 169.820 85.000 94.000 54.000
-21.205 -25.198 169.824 218.000 225.000 185.000
-21.205 -24.798 169.822 187.000 198.000 141.000
-21.205 -24.398 169.820 180.000 194.000 117.000
-21.205 -23.997 169.818 185.000 201.000 108.000
-21.205 -23.597 169.816 188.000 203.000 117.000
-21.205 -23.197 169.814 188.000 203.000 125.000
-21.205 -22.796 169.812 171.000 187.000 109.000
-21.205 -22.396 169.811 119.000 131.000 74.000
-20.804 -25.198 169.816 211.000 214.000 188.000
-20.805 -24.798 169.815 205.000 215.000 154.000
-20.805 -24.398 169.813 195.000 208.000 127.000
-20.805 -23.997 169.811 191.000 208.000 103.000
-20.805 -23.597 169.809 193.000 209.000 108.000
-20.805 -23.197 169.807 192.000 208.000 117.000
-20.805 -22.796 169.805 183.000 198.000 115.000
-20.805 -22.396 169.804 188.000 203.000 125.000
-20.805 -21.996 169.802 103.000 110.000 71.000
-20.404 -24.798 169.807 196.000 209.000 136.000
-20.404 -24.398 169.806 189.000 205.000 116.000
-20.404 -23.997 169.804 196.000 212.000 111.000
-20.404 -23.597 169.802 201.000 217.000 118.000
-20.404 -23.197 169.800 203.000 218.000 124.000
-20.404 -22.796 169.798 195.000 210.000 120.000
-20.404 -22.396 169.796 203.000 217.000 133.000
-20.404 -21.996 169.795 170.000 182.000 114.000
-20.004 -24.798 169.800 106.000 114.000 74.000
-20.004 -24.398 169.799 200.000 215.000 131.000
-20.004 -23.997 169.797 212.000 224.000 133.000
-20.004 -23.597 169.795 214.000 228.000 137.000
-20.004 -23.197 169.793 214.000 227.000 138.000
-20.004 -22.796 169.791 210.000 224.000 133.000
-20.004 -22.396 169.789 210.000 224.000 131.000
-20.004 -21.996 169.787 208.000 222.000 133.000
-20.004 -21.595 169.786 81.000 89.000 48.000
-19.604 -24.398 169.791 179.000 176.000 138.000
-19.604 -23.997 169.790 241.000 242.000 175.000
-19.604 -23.597 169.788 233.000 237.000 161.000
-19.604 -23.197 169.786 219.000 232.000 145.000
-19.604 -22.796 169.784 221.000 233.000 144.000
-19.604 -22.396 169.782 221.000 233.000 143.000
-19.604 -21.996 169.780 217.000 230.000 137.000
-19.604 -21.595 169.778 188.000 203.000 119.000
-19.203 -23.597 169.781 172.000 173.000 134.000
-19.203 -23.197 169.779 200.000 208.000 145.000
-19.203 -22.796 169.777 227.000 238.000 158.000
-19.203 -22.396 169.775 226.000 237.000 155.000
-19.203 -21.996 169.773 224.000 236.000 152.000
-19.203 -21.595 169.771 223.000 235.000 158.000
-19.203 -21.195 169.770 137.000 147.000 95.000
-18.803 -22.796 169.770 234.000 242.000 178.000
-18.803 -22.396 169.768 233.000 242.000 173.000
-18.803 -21.996 169.766 229.000 240.000 165.000
-18.803 -21.595 169.764 229.000 239.000 172.000
-18.803 -21.195 169.762 201.000 213.000 149.000
-18.403 -22.796 169.763 173.000 177.000 141.000
-18.403 -22.396 169.761 237.000 244.000 189.000
-18.403 -21.996 169.759 232.000 242.000 179.000
-18.403 -21.595 169.757 224.000 235.000 169.000
-18.403 -21.195 169.755 203.000 218.000 140.000
-18.003 -22.396 169.754 189.000 195.000 155.000
-18.003 -21.996 169.752 219.000 231.000 161.000
-18.003 -21.595 169.750 193.000 209.000 130.000
-18.003 -21.195 169.748 122.000 142.000 77.000
-17.602 -21.996 169.745 98.000 112.000 81.000
-17.602 -21.595 169.743 85.000 110.000 79.000
-21.998 -24.796 170.236 157.000 162.000 119.000
-21.998 -24.396 170.234 155.000 164.000 111.000
-21.998 -23.996 170.232 141.000 154.000 88.000
-21.598 -24.796 170.229 198.000 206.000 164.000
-21.598 -24.396 170.227 175.000 187.000 127.000
-21.598 -23.996 170.225 185.000 199.000 122.000
-21.598 -23.595 170.224 185.000 198.000 130.000
-21.598 -23.195 170.222 188.000 201.000 140.000
-21.598 -22.795 170.220 117.000 126.000 80.000
-21.198 -24.796 170.222 198.000 207.000 157.000
-21.198 -24.396 170.220 185.000 199.000 124.000
-21.198 -23.996 170.218 196.000 210.000 123.000
-21.198 -23.595 170.216 199.000 212.000 136.000
-21.198 -23.195 170.215 196.000 209.000 139.000
-21.198 -22.795 170.213 183.000 197.000 121.000
-21.198 -22.394 170.211 114.000 124.000 72.000
-20.797 -24.796 170.215 193.000 205.000 141.000
-20.797 -24.396 170.213 201.000 214.000 133.000
-20.797 -23.996 170.211 200.000 215.000 121.000
-20.797 -23.595 170.209 188.000 204.000 110.000
-20.797 -23.195 170.207 184.000 199.000 112.000
-20.797 -22.795 170.206 187.000 201.000 119.000
-20.797 -22.394 170.204 178.000 192.000 113.000
-20.397 -24.796 170.208 216.000 225.000 166.000
-20.397 -24.396 170.206 214.000 226.000 148.000
-20.397 -23.996 170.204 213.000 225.000 139.000
-20.397 -23.595 170.202 211.000 225.000 135.000
-20.397 -23.195 170.200 208.000 222.000 130.000
-20.397 -22.795 170.199 199.000 213.000 122.000
-20.397 -22.394 170.197 198.000 213.000 119.000
-20.397 -21.994 170.195 135.000 146.000 79.000
-19.997 -24.396 170.199 233.000 239.000 174.000
-19.997 -23.996 170.197 237.000 239.000 171.000
-19.997 -23.595 170.195 228.000 237.000 161.000
-19.997 -23.195 170.193 221.000 233.000 147.000
-19.997 -22.795 170.191 212.000 225.000 134.000
-19.997 -22.394 170.190 211.000 226.000 130.000
-19.997 -21.994 170.188 209.000 223.000 129.000
-19.597 -23.996 170.190 250.000 250.000 207.000
-19.597 -23.595 170.188 235.000 242.000 177.000
-19.597 -23.195 170.186 219.000 231.000 152.000
-19.597 -22.795 170.184 214.000 227.000 139.000
-19.597 -22.394 170.182 220.000 233.000 141.000
-19.597 -21.994 170.181 221.000 234.000 140.000
-19.597 -21.594 170.179 163.000 173.000 112.000
-19.196 -23.195 170.179 219.000 221.000 156.000
-19.196 -22.795 170.177 223.000 235.000 152.000
-19.196 -22.394 170.175 230.000 241.000 163.000
-19.196 -21.994 170.174 232.000 242.000 167.000
-19.196 -21.594 170.172 221.000 232.000 165.000
-19.196 -21.193 170.170 107.000 114.000 78.000
-18.796 -23.195 170.172 122.000 119.000 94.000
-18.796 -22.795 170.170 231.000 241.000 175.000
-18.796 -22.394 170.168 234.000 244.000 178.000
-18.796 -21.994 170.166 235.000 245.000 180.000
-18.796 -21.594 170.165 228.000 239.000 176.000
-18.796 -21.193 170.163 158.000 168.000 111.000
-18.396 -22.795 170.163 148.000 154.000 111.000
-18.396 -22.394 170.161 225.000 236.000 169.000
-18.396 -21.994 170.159 225.000 236.000 171.000
-18.396 -21.594 170.157 188.000 206.000 122.000
-18.396 -21.193 170.156 106.000 122.000 72.000
-17.995 -21.994 170.152 175.000 190.000 124.000
-17.995 -21.594 170.150 89.000 107.000 64.000
-21.991 -24.794 170.636 172.000 178.000 139.000
-21.991 -24.394 170.635 186.000 195.000 142.000
-21.991 -23.994 170.633 180.000 190.000 130.000
-21.991 -23.593 170.631 111.000 118.000 76.000
-21.591 -24.794 170.629 224.000 230.000 195.000
-21.591 -24.394 170.628 219.000 227.000 176.000
-21.591 -23.994 170.626 213.000 224.000 158.000
-21.591 -23.593 170.624 206.000 219.000 151.000
-21.591 -23.193 170.622 150.000 160.000 109.000
-21.191 -24.794 170.622 230.000 235.000 195.000
-21.191 -24.394 170.620 220.000 229.000 165.000
-21.191 -23.994 170.619 219.000 230.000 146.000
-21.191 -23.593 170.617 214.000 226.000 149.000
-21.191 -23.193 170.615 206.000 219.000 145.000
-21.191 -22.793 170.613 158.000 171.000 104.000
-20.790 -24.794 170.615 221.000 226.000 186.000
-20.790 -24.394 170.613 227.000 236.000 167.000
-20.790 -23.994 170.611 229.000 237.000 150.000
-20.790 -23.593 170.610 219.000 231.000 146.000
-20.790 -23.193 170.608 209.000 223.000 137.000
-20.790 -22.793 170.606 201.000 215.000 131.000
-20.790 -22.392 170.604 136.000 148.000 82.000
-20.390 -24.394 170.606 237.000 243.000 187.000
-20.390 -23.994 170.604 237.000 241.000 173.000
-20.390 -23.593 170.603 227.000 236.000 163.000
-20.390 -23.193 170.601 220.000 232.000 152.000
-20.390 -22.793 170.599 210.000 224.000 137.000
-20.390 -22.392 170.597 213.000 227.000 142.000
-20.390 -21.992 170.595 121.000 130.000 80.000
-19.990 -23.994 170.597 245.000 247.000 200.000
-19.990 -23.593 170.595 231.000 240.000 174.000
-19.990 -23.193 170.594 226.000 236.000 160.000
-19.990 -22.793 170.592 222.000 234.000 149.000
-19.990 -22.392 170.590 225.000 237.000 153.000
-19.990 -21.992 170.588 218.000 230.000 151.000
-19.589 -23.994 170.590 146.000 146.000 120.000
-19.589 -23.593 170.588 236.000 242.000 188.000
-19.589 -23.193 170.586 234.000 242.000 178.000
-19.590 -22.793 170.585 234.000 243.000 170.000
-19.590 -22.392 170.583 232.000 242.000 162.000
-19.590 -21.992 170.581 231.000 242.000 163.000
-19.590 -21.592 170.579 167.000 177.000 119.000
-19.189 -23.193 170.579 218.000 224.000 174.000
-19.189 -22.793 170.577 235.000 244.000 181.000
-19.189 -22.392 170.576 233.000 243.000 174.000
-19.189 -21.992 170.574 229.000 240.000 167.000
-19.189 -21.592 170.572 201.000 214.000 143.000
-18.789 -22.793 170.570 231.000 240.000 178.000
-18.789 -22.392 170.569 229.000 239.000 173.000
-18.789 -21.992 170.567 219.000 232.000 160.000
-18.789 -21.592 170.565 194.000 209.000 133.000
-18.789 -21.191 170.563 80.000 90.000 54.000
-18.389 -22.793 170.563 106.000 111.000 77.000
-18.389 -22.392 170.561 204.000 217.000 146.000
-18.389 -21.992 170.560 168.000 187.000 109.000
-18.389 -21.592 170.558 89.000 106.000 61.000
-21.984 -24.793 171.037 185.000 192.000 158.000
-21.984 -24.392 171.035 205.000 211.000 175.000
-21.984 -23.992 171.033 165.000 171.000 135.000
-21.984 -23.592 171.031 94.000 99.000 72.000
-21.584 -23.992 171.026 234.000 240.000 201.000
-21.584 -23.592 171.024 188.000 197.000 146.000
-21.183 -24.392 171.021 243.000 246.000 214.000
-21.184 -23.992 171.019 239.000 243.000 192.000
-21.184 -23.592 171.017 221.000 231.000 162.000
-21.184 -23.191 171.015 169.000 180.000 123.000
-20.783 -24.392 171.014 244.000 247.000 209.000
-20.783 -23.992 171.012 239.000 241.000 166.000
-20.783 -23.592 171.010 231.000 238.000 166.000
-20.783 -23.191 171.008 224.000 234.000 167.000
-20.783 -22.791 171.006 216.000 227.000 164.000
-20.783 -22.391 171.004 83.000 89.000 60.000
-20.383 -24.392 171.006 243.000 246.000 213.000
-20.383 -23.992 171.005 241.000 244.000 189.000
-20.383 -23.592 171.003 236.000 241.000 181.000
-20.383 -23.191 171.001 226.000 235.000 173.000
-20.383 -22.791 170.999 224.000 235.000 169.000
-20.383 -22.391 170.997 214.000 226.000 156.000
-20.383 -21.990 170.995 96.000 102.000 70.000
-19.983 -23.992 170.998 224.000 225.000 196.000
-19.983 -23.592 170.996 236.000 242.000 190.000
-19.983 -23.191 170.994 231.000 240.000 181.000
-19.983 -22.791 170.992 231.000 240.000 178.000
-19.983 -22.391 170.990 230.000 240.000 175.000
-19.983 -21.990 170.988 211.000 223.000 156.000
-19.582 -23.592 170.989 209.000 215.000 169.000
-19.582 -23.191 170.987 233.000 241.000 182.000
-19.582 -22.791 170.985 238.000 246.000 189.000
-19.582 -22.391 170.983 234.000 244.000 176.000
-19.582 -21.990 170.981 222.000 235.000 160.000
-19.582 -21.590 170.979 159.000 170.000 111.000
-19.182 -23.191 170.980 209.000 214.000 166.000
-19.182 -22.791 170.978 233.000 242.000 183.000
-19.182 -22.391 170.976 224.000 236.000 166.000
-19.182 -21.990 170.974 201.000 215.000 136.000
-19.182 -21.590 170.972 116.000 130.000 78.000
-18.782 -22.791 170.971 204.000 214.000 155.000
-18.782 -22.391 170.969 198.000 212.000 140.000
-18.782 -21.990 170.967 131.000 148.000 88.000
-18.782 -21.590 170.965 68.000 81.000 48.000
-21.577 -23.990 171.426 233.000 239.000 212.000
-21.577 -23.590 171.424 131.000 136.000 109.000
-21.176 -23.990 171.419 228.000 236.000 192.000
-21.176 -23.590 171.417 225.000 232.000 190.000
-20.776 -24.390 171.414 241.000 245.000 215.000
-20.776 -23.990 171.412 230.000 236.000 185.000
-20.776 -23.590 171.410 239.000 242.000 200.000
-20.776 -23.189 171.408 237.000 239.000 198.000
-20.776 -22.789 171.406 231.000 234.000 198.000
-20.376 -24.390 171.407 238.000 241.000 209.000
-20.376 -23.990 171.405 237.000 242.000 198.000
-20.376 -23.590 171.403 242.000 245.000 202.000
-20.376 -23.189 171.401 239.000 243.000 197.000
-20.376 -22.789 171.399 235.000 240.000 192.000
-20.376 -22.389 171.398 207.000 217.000 166.000
-19.976 -23.590 171.396 240.000 243.000 205.000
-19.976 -23.189 171.394 235.000 242.000 193.000
-19.976 -22.789 171.392 232.000 240.000 186.000
-19.976 -22.389 171.390 214.000 226.000 165.000
-19.976 -21.988 171.389 171.000 180.000 132.000
-19.575 -23.189 171.387 220.000 231.000 173.000
-19.575 -22.789 171.385 227.000 237.000 179.000
-19.575 -22.389 171.383 200.000 213.000 143.000
-19.575 -21.988 171.381 111.000 124.000 90.000
-19.175 -23.189 171.380 116.000 122.000 92.000
-19.175 -22.789 171.378 177.000 187.000 134.000
-19.175 -22.389 171.376 127.000 143.000 85.000
-21.169 -24.389 171.821 84.000 93.000 62.000
-20.369 -23.588 171.803 81.000 86.000 60.000
-20.369 -23.188 171.802 137.000 144.000 109.000
-20.369 -22.787 171.800 136.000 143.000 106.000
-20.369 -22.387 171.798 99.000 105.000 77.000
-19.968 -23.188 171.794 138.000 146.000 108.000
-19.968 -22.787 171.793 149.000 155.000 109.000
-19.968 -22.387 171.791 123.000 131.000 93.000
-19.568 -23.188 171.787 80.000 86.000 59.000
