38.66971178033756 22.17083806099784 162.87000451912806 79.0 82.0 47.0
39.126699401699774 21.71386763639218 162.86645216829334 83.0 88.0 52.0
39.126261470467156 22.166847778930524 163.32740886140152 100.0 109.0 44.0
39.58324909182938 21.70987735432486 163.3238565105668 105.0 110.0 61.0
40.040234810419236 21.709875451552485 163.32429253902706 86.0 88.0 50.0
38.66883972341708 22.162861302407958 163.7839411467545 81.0 85.0 44.0
38.668837820644704 22.619829824241243 163.78792952604945 82.0 88.0 34.0
39.125827344779296 21.705890877802297 163.78038879591978 92.0 94.0 54.0
39.12582544200692 22.162859399635582 163.78437717521473 121.0 131.0 52.0
39.125823539234545 22.619827921468865 163.78836555450968 91.0 106.0 25.0
39.58281496614153 21.248920453196636 163.7768364450851 84.0 85.0 57.0
39.582813063369144 21.705888975029918 163.78082482438003 137.0 143.0 81.0
39.58281116059677 22.162857496863204 163.784813203675 142.0 150.0 68.0
40.039798781959 21.705887072257543 163.78126085284026 130.0 136.0 75.0
40.039796879186625 22.162855594090825 163.78524923213521 135.0 139.0 65.0
38.66840369495684 22.15887292311302 164.2409094605677 88.0 89.0 42.0
38.66840179218446 22.615841444946305 164.24489783986266 86.0 88.0 33.0
39.12539131631905 21.70190249850736 164.237357109733 112.0 115.0 56.0
39.12538941354668 22.158871020340644 164.24134548902796 123.0 131.0 41.0
39.1253875107743 22.615839542173926 164.24533386832292 101.0 110.0 24.0
39.12538560800193 23.072808064007212 164.24932224761784 107.0 113.0 26.0
39.582378937681284 21.244932073901698 164.23380475889832 129.0 131.0 82.0
39.5823770349089 21.70190059573498 164.23779313819324 149.0 156.0 81.0
39.58237513213653 22.158869117568265 164.2417815174882 140.0 146.0 59.0
39.58237322936415 22.61583763940155 164.24576989678314 129.0 133.0 43.0
40.03936465627114 21.24493017112932 164.23424078735854 138.0 139.0 86.0
40.03936275349876 21.701898692962605 164.2382291666535 137.0 140.0 73.0
40.03936085072638 22.158867214795887 164.24221754594845 133.0 138.0 70.0
40.03935894795401 22.615835736629172 164.24620592524337 148.0 154.0 77.0
40.49634656931622 22.15886531202351 164.24265357440868 131.0 133.0 73.0
40.49634466654385 22.615833833856794 164.24664195370363 157.0 160.0 84.0
39.12495719063119 21.240945597379138 164.6903370442513 135.0 138.0 80.0
39.12495528785882 21.69791411921242 164.69432542354625 126.0 130.0 60.0
39.12495338508644 22.154882641045706 164.69831380284117 107.0 118.0 38.0
39.12495148231407 22.611851162878988 164.70230218213612 104.0 115.0 31.0
39.124949579541685 23.068819684712274 164.70629056143108 93.0 103.0 22.0
39.58194481199342 20.783975172773474 164.68678469341663 104.0 106.0 70.0
39.58194290922104 21.24094369460676 164.69077307271152 146.0 148.0 90.0
39.58194100644866 21.69791221644004 164.69476145200647 145.0 150.0 72.0
39.581939103676284 22.154880738273327 164.69874983130143 136.0 144.0 58.0
39.58193720090391 22.611849260106613 164.70273821059638 131.0 140.0 53.0
39.581935298131526 23.068817781939895 164.7067265898913 127.0 133.0 44.0
40.03893053058327 20.7839732700011 164.68722072187686 104.0 103.0 64.0
40.0389286278109 21.24094179183438 164.69120910117178 174.0 177.0 108.0
40.038926725038515 21.697910313667666 164.69519748046673 166.0 170.0 91.0
40.03892482226614 22.15487883550095 164.69918585976166 152.0 158.0 74.0
40.038922919493764 22.611847357334234 164.7031742390566 149.0 156.0 65.0
40.03892101672138 23.068815879167516 164.70716261835153 150.0 154.0 59.0
40.49591434640074 21.240939889062005 164.691645129632 139.0 140.0 90.0
40.495912443628356 21.697908410895288 164.69563350892696 133.0 135.0 80.0
40.49591054085598 22.154876932728573 164.6996218882219 143.0 145.0 78.0
40.495908638083606 22.611845454561855 164.70361026751684 158.0 160.0 82.0
40.49590673531123 23.06881397639514 164.7075986468118 157.0 160.0 80.0
40.952894356673454 22.61184355178948 164.7040462959771 120.0 122.0 75.0
40.95289245390107 23.068812073622762 164.70803467527202 132.0 134.0 82.0
38.66753163803636 22.150896164523143 165.15484608819418 81.0 87.0 29.0
39.12452116217096 21.2369572180842 165.1473053580645 146.0 152.0 83.0
39.124519259398575 21.693925739917482 165.15129373735945 137.0 145.0 67.0
39.1245173566262 22.150894261750768 165.1552821166544 109.0 120.0 38.0
39.124515453853824 22.60786278358405 165.15927049594936 100.0 111.0 28.0
39.12451355108145 23.064831305417336 165.16325887524428 106.0 114.0 29.0
39.581510686305556 20.323018271645253 165.13976462793488 93.0 95.0 61.0
39.58150878353318 20.779986793478535 165.14375300722983 143.0 145.0 90.0
39.581506880760806 21.23695531531182 165.14774138652476 160.0 163.0 90.0
39.58150497798842 21.693923837145103 165.1517297658197 135.0 140.0 63.0
39.58150307521605 22.15089235897839 165.15571814511463 134.0 139.0 52.0
39.58150117244367 22.607860880811675 165.1597065244096 150.0 158.0 58.0
39.58149926967129 23.064829402644957 165.1636949037045 132.0 139.0 43.0
39.581497366898915 23.521797924478243 165.16768328299946 118.0 95.0 25.0
40.03849450212304 20.77998489070616 165.1441890356901 134.0 136.0 81.0
40.03849259935066 21.236953412539442 165.14817741498499 161.0 164.0 92.0
40.03849069657828 21.693921934372728 165.15216579427994 164.0 168.0 86.0
40.038488793805904 22.15089045620601 165.1561541735749 160.0 165.0 73.0
40.03848689103353 22.607858978039296 165.16014255286984 157.0 162.0 62.0
40.038484988261146 23.064827499872578 165.16413093216474 156.0 164.0 63.0
40.03848308548877 23.521796021705864 165.1681193114597 155.0 162.0 67.0
40.49548022071288 20.77998298793378 165.14462506415032 102.0 101.0 65.0
40.4954783179405 21.236951509767067 165.14861344344524 159.0 160.0 96.0
40.49547641516812 21.69392003160035 165.1526018227402 160.0 161.0 87.0
40.495474512395745 22.150888553433635 165.15659020203512 164.0 163.0 79.0
40.49547260962337 22.607857075266917 165.16057858133007 165.0 166.0 77.0
40.495470706850995 23.064825597100203 165.164566960625 159.0 163.0 75.0
40.49546880407862 23.521794118933485 165.16855533991995 162.0 167.0 74.0
40.95246403653035 21.23694960699469 165.14904947190547 104.0 100.0 65.0
40.95246213375797 21.693918128827974 165.15303785120042 124.0 124.0 76.0
40.952460230985594 22.150886650661256 165.15702623049538 140.0 137.0 73.0
40.95245832821322 22.607855172494542 165.1610146097903 152.0 152.0 81.0
40.952456425440836 23.064823694327824 165.16500298908522 141.0 144.0 83.0
40.95245452266846 23.52179221616111 165.16899136838018 134.0 137.0 88.0
39.124085133710715 21.232968838789258 165.60427367187773 134.0 140.0 72.0
39.12408323093834 21.689937360622544 165.6082620511727 136.0 142.0 70.0
39.124081328165964 22.146905882455826 165.61225043046764 120.0 126.0 53.0
39.12407942539359 22.603874404289108 165.61623880976256 118.0 122.0 44.0
39.12407752262121 23.060842926122394 165.6202271890575 141.0 146.0 56.0
39.12407561984883 23.517811447955676 165.62421556835244 97.0 100.0 37.0
39.58107465784531 20.319029892350315 165.59673294174812 103.0 105.0 64.0
39.58107275507294 20.775998414183597 165.60072132104307 139.0 141.0 82.0
39.58107085230056 21.232966936016883 165.60470970033796 163.0 166.0 90.0
39.58106894952818 21.689935457850165 165.60869807963292 145.0 151.0 71.0
39.581067046755805 22.14690397968345 165.61268645892787 149.0 155.0 67.0
39.58106514398343 22.603872501516733 165.61667483822282 155.0 161.0 64.0
39.58106324121105 23.06084102335002 165.62066321751774 142.0 145.0 50.0
39.58106133843867 23.5178095451833 165.62465159681267 136.0 139.0 48.0
39.5810594356663 23.974778067016583 165.62863997610762 123.0 127.0 52.0
40.03806037643517 20.319027989577936 165.59716897020834 96.0 98.0 62.0
40.038058473662794 20.775996511411222 165.6011573495033 163.0 165.0 96.0
40.03805657089042 21.232965033244504 165.60514572879822 163.0 166.0 90.0
40.038054668118036 21.68993355507779 165.60913410809317 163.0 167.0 83.0
40.03805276534566 22.146902076911072 165.6131224873881 165.0 171.0 74.0
40.038050862573286 22.603870598744358 165.61711086668305 167.0 171.0 68.0
40.0380489598009 23.06083912057764 165.62109924597797 160.0 165.0 65.0
40.03804705702853 23.517807642410926 165.62508762527293 158.0 163.0 72.0
40.03804515425615 23.974776164244208 165.62907600456788 165.0 169.0 69.0
40.49504609502501 20.31902608680556 165.5976049986686 104.0 106.0 70.0
40.495044192252635 20.775994608638843 165.60159337796352 150.0 151.0 91.0
40.49504228948026 21.23296313047213 165.60558175725845 168.0 168.0 89.0
40.495040386707885 21.68993165230541 165.6095701365534 168.0 168.0 80.0
40.49503848393551 22.146900174138697 165.61355851584835 175.0 177.0 80.0
40.495036581163134 22.60386869597198 165.6175468951433 177.0 177.0 80.0
40.49503467839075 23.060837217805265 165.6215352744382 170.0 173.0 80.0
40.49503277561838 23.517805739638547 165.62552365373315 165.0 168.0 76.0
40.495030872846 23.974774261471833 165.6295120330281 162.0 167.0 73.0
40.952029910842484 20.775992705866464 165.60202940642378 90.0 87.0 56.0
40.95202800807011 21.23296122769975 165.6060177857187 159.0 156.0 98.0
40.952026105297726 21.689929749533036 165.61000616501366 170.0 162.0 86.0
40.95202420252535 22.146898271366318 165.61399454430858 174.0 168.0 82.0
40.952022299752976 22.603866793199604 165.61798292360353 170.0 170.0 86.0
40.95202039698059 23.060835315032886 165.62197130289846 164.0 166.0 91.0
40.95201849420822 23.51780383686617 165.6259596821934 149.0 152.0 90.0
40.95201659143584 23.974772358699454 165.62994806148834 124.0 127.0 75.0
41.4090099211152 22.14689636859394 165.61443057276884 94.0 84.0 41.0
41.409008018342824 22.603864890427225 165.61841895206376 95.0 96.0 56.0
41.40900611557044 23.060833412260507 165.6224073313587 120.0 120.0 81.0
41.40900421279807 23.517801934093793 165.62639571065364 111.0 110.0 79.0
38.66665958111587 22.14291940593326 166.06878271582062 79.0 80.0 46.0
39.12364910525048 21.228980459494316 166.06124198569097 111.0 114.0 59.0
39.1236472024781 21.6859489813276 166.0652303649859 135.0 139.0 73.0
39.12364529970572 22.142917503160884 166.06921874428085 131.0 132.0 69.0
39.123643396933346 22.599886024994166 166.0732071235758 139.0 141.0 67.0
39.123641494160964 23.056854546827452 166.07719550287072 136.0 139.0 56.0
39.12363959138859 23.513823068660734 166.08118388216565 131.0 134.0 54.0
39.12363768861621 23.97079159049402 166.0851722614606 82.0 80.0 29.0
39.58063862938507 20.31504151305537 166.05370125556135 100.0 103.0 58.0
39.580636726612695 20.772010034888655 166.05768963485627 115.0 117.0 63.0
39.58063482384032 21.228978556721938 166.0616780141512 159.0 161.0 85.0
39.58063292106794 21.68594707855522 166.06566639344615 161.0 164.0 84.0
39.58063101829556 22.142915600388505 166.0696547727411 161.0 165.0 82.0
39.58062911552319 22.59988412222179 166.07364315203603 159.0 161.0 73.0
39.580627212750805 23.056852644055073 166.07763153133095 158.0 160.0 64.0
39.58062530997843 23.51382116588836 166.0816199106259 146.0 153.0 61.0
39.580623407206055 23.97078968772164 166.08560828992086 156.0 160.0 67.0
40.037624347974926 20.315039610282994 166.05413728402158 126.0 129.0 76.0
40.03762244520255 20.77200813211628 166.0581256633165 159.0 162.0 89.0
40.037620542430176 21.228976653949562 166.06211404261143 167.0 170.0 86.0
40.03761863965779 21.685945175782845 166.06610242190638 167.0 172.0 82.0
40.03761673688542 22.14291369761613 166.07009080120133 167.0 172.0 75.0
40.03761483411304 22.599882219449412 166.07407918049628 168.0 174.0 75.0
40.03761293134066 23.056850741282695 166.0780675597912 166.0 170.0 71.0
40.037611028568286 23.51381926311598 166.08205593908613 162.0 165.0 71.0
40.03760912579591 23.970787784949263 166.08604431838108 160.0 162.0 73.0
40.494610066564775 20.31503770751062 166.0545733124818 122.0 124.0 75.0
40.4946081637924 20.7720062293439 166.05856169177673 158.0 159.0 89.0
40.494606261020024 21.228974751177187 166.06255007107168 173.0 173.0 85.0
40.49460435824764 21.68594327301047 166.06653845036664 177.0 179.0 83.0
40.49460245547527 22.142911794843755 166.07052682966156 179.0 181.0 76.0
40.49460055270289 22.599880316677037 166.0745152089565 178.0 182.0 79.0
40.49459864993051 23.05684883851032 166.07850358825144 177.0 178.0 82.0
40.494596747158134 23.513817360343605 166.0824919675464 170.0 170.0 79.0
40.49459484438576 23.970785882176887 166.08648034684134 170.0 174.0 82.0
40.95159388238224 20.772004326571523 166.058997720237 129.0 126.0 77.0
40.951591979609866 21.22897284840481 166.0629860995319 172.0 169.0 98.0
40.95159007683748 21.685941370238094 166.06697447882686 177.0 173.0 87.0
40.95158817406511 22.142909892071376 166.07096285812182 182.0 179.0 84.0
40.95158627129273 22.599878413904662 166.07495123741677 181.0 182.0 89.0
40.95158436852035 23.056846935737944 166.07893961671166 175.0 177.0 96.0
40.951582465747975 23.51381545757123 166.08292799600662 158.0 161.0 87.0
40.9515805629756 23.970783979404512 166.08691637530157 131.0 134.0 72.0
40.95157866020322 24.427752501237794 166.09090475459652 113.0 116.0 64.0
41.408577698199714 21.22897094563243 166.06342212799217 113.0 99.0 61.0
41.40857579542733 21.685939467465715 166.06741050728712 139.0 127.0 68.0
41.40857389265496 22.142907989298998 166.07139888658205 145.0 134.0 67.0
41.40857198988258 22.599876511132283 166.075387265877 140.0 138.0 76.0
41.4085700871102 23.056845032965565 166.07937564517192 163.0 164.0 98.0
41.408568184337824 23.51381355479885 166.08336402446687 141.0 142.0 89.0
41.86555580570005 23.05684313019319 166.07981167363215 107.0 107.0 73.0
41.86555390292767 23.513811652026472 166.0838000529271 101.0 101.0 71.0
38.66622164988326 22.595899548471607 166.52973940892878 96.0 97.0 58.0
39.12321307679024 21.224992080199378 166.51821029950418 113.0 118.0 63.0
39.12321117401786 21.68196060203266 166.52219867879913 132.0 134.0 75.0
39.123209271245486 22.138929123865946 166.52618705809408 139.0 139.0 81.0
39.12320736847311 22.595897645699228 166.53017543738903 145.0 145.0 78.0
39.12320546570073 23.052866167532514 166.53416381668393 140.0 142.0 67.0
39.12320356292835 23.509834689365796 166.53815219597888 142.0 144.0 61.0
39.12320166015598 23.966803211199082 166.54214057527383 90.0 85.0 32.0
39.580202600924835 20.31105313376043 166.51066956937456 80.0 82.0 45.0
39.58020069815246 20.768021655593714 166.51465794866948 124.0 126.0 66.0
39.580198795380085 21.224990177427 166.51864632796443 157.0 160.0 82.0
39.5801968926077 21.68195869926028 166.52263470725936 159.0 162.0 83.0
39.58019498983533 22.138927221093567 166.5266230865543 163.0 166.0 84.0
39.58019308706295 22.595895742926853 166.53061146584926 164.0 167.0 81.0
39.58019118429057 23.052864264760135 166.5345998451442 166.0 169.0 75.0
39.580189281518194 23.50983278659342 166.5385882244391 161.0 164.0 70.0
39.58018737874582 23.966801308426703 166.54257660373406 153.0 155.0 67.0
39.58018547597344 24.42376983025999 166.54656498302901 119.0 121.0 56.0
40.03718831951469 20.311051230988053 166.5111055978348 129.0 133.0 77.0
40.037186416742315 20.76801975282134 166.5150939771297 146.0 150.0 78.0
40.03718451396994 21.22498827465462 166.51908235642466 168.0 171.0 85.0
40.03718261119756 21.681956796487906 166.5230707357196 170.0 173.0 79.0
40.03718070842518 22.13892531832119 166.52705911501457 165.0 170.0 70.0
40.03717880565281 22.595893840154474 166.5310474943095 157.0 163.0 65.0
40.037176902880425 23.052862361987756 166.53503587360441 174.0 176.0 78.0
40.03717500010805 23.509830883821042 166.53902425289937 171.0 174.0 80.0
40.037173097335675 23.966799405654324 166.54301263219432 155.0 157.0 74.0
40.03717119456329 24.42376792748761 166.54700101148924 139.0 144.0 65.0
40.49417403810454 20.311049328215677 166.51154162629504 132.0 135.0 80.0
40.494172135332164 20.76801785004896 166.51553000558997 162.0 163.0 88.0
40.49417023255979 21.224986371882245 166.5195183848849 179.0 179.0 88.0
40.494168329787406 21.681954893715528 166.52350676417984 184.0 186.0 82.0
40.49416642701503 22.138923415548813 166.5274951434748 184.0 186.0 70.0
40.494164524242656 22.595891937382095 166.53148352276972 180.0 183.0 73.0
40.494162621470274 23.05286045921538 166.53547190206467 181.0 181.0 80.0
40.4941607186979 23.509828981048663 166.5394602813596 183.0 184.0 88.0
40.49415881592552 23.96679750288195 166.54344866065455 174.0 176.0 84.0
40.49415691315314 24.42376602471523 166.5474370399495 161.0 165.0 81.0
40.95115975669438 20.3110474254433 166.51197765475527 89.0 88.0 53.0
40.951157853922005 20.76801594727658 166.5159660340502 153.0 150.0 89.0
40.95115595114963 21.224984469109867 166.51995441334515 177.0 175.0 98.0
40.95115404837725 21.681952990943152 166.5239427926401 181.0 180.0 90.0
40.95115214560487 22.138921512776434 166.52793117193502 187.0 186.0 83.0
40.9511502428325 22.59589003460972 166.53191955122998 189.0 186.0 84.0
40.951148340060115 23.052858556443002 166.5359079305249 190.0 191.0 97.0
40.95114643728774 23.509827078276288 166.53989630981985 178.0 180.0 93.0
40.951144534515365 23.96679560010957 166.5438846891148 157.0 159.0 87.0
40.95114263174298 24.423764121942856 166.54787306840973 149.0 151.0 85.0
41.40814166973948 21.22498256633749 166.52039044180538 146.0 135.0 85.0
41.408139766967096 21.681951088170774 166.52437882110033 169.0 160.0 89.0
41.40813786419472 22.138919610004056 166.52836720039528 176.0 167.0 86.0
41.408135961422346 22.59588813183734 166.5323555796902 188.0 187.0 101.0
41.40813405864996 23.052856653670624 166.53634395898513 187.0 189.0 106.0
41.40813215587759 23.50982517550391 166.54033233828008 178.0 180.0 103.0
41.40813025310521 23.96679369733719 166.54432071757503 121.0 122.0 72.0
41.86512358278457 22.13891770723168 166.5288032288555 121.0 116.0 72.0
41.865121680012194 22.595886229064966 166.53279160815043 146.0 145.0 91.0
41.86511977723981 23.05285475089825 166.53677998744539 176.0 176.0 111.0
41.86511787446744 23.50982327273153 166.54076836674034 151.0 151.0 99.0
38.66578562142302 22.59191116917667 166.98670772274198 94.0 95.0 58.0
39.12277514555762 21.677972222737722 166.97916699261236 126.0 128.0 75.0
39.12277324278524 22.134940744571008 166.9831553719073 132.0 131.0 82.0
39.12277134001287 22.59190926640429 166.98714375120224 140.0 141.0 83.0
39.122769437240486 23.048877788237576 166.99113213049716 140.0 142.0 78.0
39.12276753446811 23.505846310070858 166.99512050979212 127.0 128.0 61.0
39.57976466969222 20.764033276298775 166.9716262624827 127.0 128.0 69.0
39.57976276691984 21.22100179813206 166.97561464177764 153.0 157.0 80.0
39.57976086414746 21.677970319965343 166.9796030210726 160.0 162.0 84.0
39.579758961375084 22.13493884179863 166.98359140036754 163.0 166.0 83.0
39.57975705860271 22.591907363631915 166.98757977966247 165.0 168.0 82.0
39.57975515583033 23.048875885465197 166.9915681589574 165.0 167.0 78.0
39.57975325305795 23.505844407298483 166.99555653825234 171.0 171.0 80.0
39.57975135028558 23.962812929131765 166.9995449175473 148.0 151.0 73.0
39.5797494475132 24.41978145096505 167.00353329684225 102.0 103.0 52.0
40.03675229105445 20.307062851693114 166.96807391164802 119.0 121.0 75.0
40.03675038828207 20.7640313735264 166.97206229094294 158.0 160.0 85.0
40.0367484855097 21.220999895359682 166.9760506702379 169.0 171.0 86.0
40.036746582737315 21.677968417192968 166.98003904953282 172.0 175.0 78.0
40.03674467996494 22.13493693902625 166.98402742882777 174.0 178.0 69.0
40.036742777192565 22.591905460859536 166.9880158081227 172.0 175.0 70.0
40.03674087442018 23.048873982692818 166.99200418741765 177.0 179.0 79.0
40.03673897164781 23.505842504526104 166.99599256671257 172.0 173.0 83.0
40.03673706887543 23.962811026359386 166.99998094600753 162.0 163.0 79.0
40.03673516610305 24.419779548192672 167.00396932530248 128.0 131.0 64.0
40.4937380096443 20.30706094892074 166.96850994010828 134.0 136.0 83.0
40.49373610687192 20.76402947075402 166.97249831940317 165.0 167.0 89.0
40.493734204099546 21.220997992587307 166.97648669869812 187.0 185.0 93.0
40.493732301327164 21.67796651442059 166.98047507799308 193.0 190.0 81.0
40.49373039855479 22.134935036253875 166.98446345728803 191.0 189.0 62.0
40.49372849578241 22.591903558087157 166.98845183658293 189.0 186.0 65.0
40.49372659301003 23.048872079920443 166.99244021587788 191.0 190.0 79.0
40.493724690237656 23.505840601753725 166.99642859517283 185.0 185.0 88.0
40.49372278746528 23.96280912358701 167.00041697446778 178.0 179.0 85.0
40.4937208846929 24.419777645420293 167.0044053537627 165.0 169.0 81.0
40.95072372823414 20.30705904614836 166.9689459685685 96.0 94.0 59.0
40.95072182546176 20.764027567981643 166.97293434786343 172.0 170.0 98.0
40.95071992268939 21.22099608981493 166.97692272715835 185.0 181.0 97.0
40.950718019917005 21.677964611648214 166.9809111064533 189.0 187.0 90.0
40.95071611714463 22.134933133481496 166.98489948574826 191.0 188.0 80.0
40.950714214372255 22.591901655314782 166.98888786504318 192.0 190.0 82.0
40.95071231159987 23.048870177148064 166.99287624433813 204.0 204.0 101.0
40.9507104088275 23.50583869898135 166.99686462363306 193.0 193.0 100.0
40.95070850605512 23.962807220814632 167.000853002928 185.0 187.0 106.0
40.95070660328275 24.419775742647918 167.00484138222296 166.0 168.0 94.0
40.95070470051037 24.8767442644812 167.0088297615179 116.0 117.0 67.0
41.40770754405161 20.764025665209267 166.97337037632366 126.0 119.0 74.0
41.407705641279236 21.22099418704255 166.9773587556186 176.0 170.0 102.0
41.407703738506854 21.677962708875835 166.98134713491356 179.0 175.0 94.0
41.40770183573448 22.134931230709118 166.9853355142085 183.0 180.0 90.0
41.4076999329621 22.591899752542403 166.9893238935034 195.0 194.0 101.0
41.40769803018972 23.048868274375685 166.99331227279836 198.0 199.0 108.0
41.407696127417346 23.50583679620897 166.99730065209332 186.0 188.0 102.0
41.40769422464497 23.962805318042253 167.00128903138827 161.0 161.0 93.0
41.40769232187259 24.41977383987554 167.0052774106832 143.0 143.0 85.0
41.40769041910021 24.87674236170882 167.00926578997812 86.0 86.0 55.0
41.8646894570967 21.677960806103457 166.9817831633738 142.0 130.0 80.0
41.86468755432433 22.134929327936742 166.98577154266874 174.0 171.0 100.0
41.86468565155195 22.591897849770024 166.98975992196367 188.0 187.0 111.0
41.86468374877957 23.04886637160331 166.9937483012586 198.0 198.0 120.0
41.864681846007194 23.505834893436592 166.99773668055354 169.0 169.0 102.0
41.86467994323482 23.962803415269878 167.0017250598485 96.0 96.0 57.0
38.66534959296278 22.58792278988173 167.4436760365552 80.0 81.0 52.0
39.122339117097376 21.673983843442784 167.43613530642557 102.0 101.0 63.0
39.122337214325 22.13095236527607 167.44012368572052 133.0 131.0 90.0
39.122335311552625 22.58792088710935 167.44411206501545 134.0 133.0 87.0
39.12233340878024 23.044889408942637 167.44810044431037 121.0 119.0 74.0
39.12233150600787 23.50185793077592 167.45208882360532 85.0 84.0 50.0
39.579328641231974 20.760044897003837 167.42859457629592 98.0 100.0 54.0
39.5793267384596 21.217013418837123 167.43258295559087 125.0 126.0 70.0
39.57932483568722 21.673981940670405 167.43657133488583 152.0 154.0 84.0
39.57932293291484 22.13095046250369 167.44055971418075 154.0 158.0 82.0
39.57932103014247 22.587918984336977 167.44454809347567 163.0 167.0 86.0
39.57931912737009 23.04488750617026 167.44853647277063 170.0 170.0 88.0
39.579317224597716 23.501856028003544 167.45252485206558 171.0 173.0 92.0
39.57931532182534 23.958824549836827 167.4565132313605 151.0 154.0 88.0
39.57931341905296 24.415793071670112 167.46050161065546 97.0 98.0 56.0
40.036316262594205 20.303074472398176 167.42504222546125 119.0 121.0 76.0
40.03631435982183 20.760042994231462 167.42903060475615 143.0 143.0 82.0
40.036312457049455 21.217011516064744 167.4330189840511 163.0 166.0 86.0
40.03631055427707 21.67398003789803 167.43700736334605 168.0 172.0 76.0
40.0363086515047 22.130948559731312 167.440995742641 181.0 183.0 68.0
40.03630674873232 22.587917081564598 167.44498412193593 191.0 190.0 79.0
40.03630484595994 23.04488560339788 167.44897250123086 181.0 182.0 83.0
40.036302943187565 23.501854125231166 167.4529608805258 171.0 173.0 85.0
40.03630104041519 23.958822647064448 167.45694925982076 159.0 158.0 81.0
40.03629913764281 24.415791168897734 167.46093763911568 120.0 121.0 64.0
40.03629723487043 24.872759690731016 167.4649260184106 84.0 85.0 49.0
40.493301981184054 20.3030725696258 167.42547825392148 125.0 125.0 79.0
40.49330007841168 20.760041091459083 167.4294666332164 169.0 170.0 96.0
40.4932981756393 21.21700961329237 167.43345501251136 179.0 181.0 92.0
40.49329627286692 21.67397813512565 167.43744339180628 187.0 186.0 75.0
40.493294370094546 22.130946656958937 167.44143177110124 193.0 184.0 51.0
40.49329246732217 22.58791517879222 167.44542015039616 198.0 190.0 63.0
40.49329056454979 23.044883700625505 167.4494085296911 196.0 192.0 80.0
40.49328866177741 23.501852222458787 167.45339690898606 185.0 185.0 87.0
40.49328675900504 23.958820744292073 167.457385288281 177.0 177.0 86.0
40.493284856232655 24.415789266125355 167.46137366757594 158.0 159.0 82.0
40.49328295346028 24.87275778795864 167.46536204687087 108.0 111.0 61.0
40.950287699773895 20.303070666853422 167.4259142823817 99.0 99.0 61.0
40.95028579700152 20.760039188686704 167.42990266167664 168.0 168.0 96.0
40.950283894229145 21.21700771051999 167.4338910409716 185.0 184.0 100.0
40.95028199145676 21.673976232353276 167.43787942026654 194.0 194.0 93.0
40.95028008868439 22.130944754186558 167.4418677995615 203.0 199.0 86.0
40.95027818591201 22.587913276019844 167.4458561788564 201.0 199.0 88.0
40.95027628313964 23.044881797853126 167.44984455815134 198.0 197.0 94.0
40.95027438036726 23.50185031968641 167.4538329374463 185.0 186.0 93.0
40.950272477594886 23.958818841519694 167.45782131674125 200.0 200.0 110.0
40.950270574822504 24.41578736335298 167.46180969603617 182.0 184.0 103.0
40.95026867205013 24.872755885186262 167.4657980753311 110.0 110.0 65.0
41.40727151559137 20.76003728591433 167.4303386901369 141.0 140.0 85.0
41.40726961281899 21.21700580774761 167.43432706943182 180.0 177.0 103.0
41.40726771004661 21.673974329580897 167.43831544872677 189.0 186.0 101.0
41.407265807274236 22.13094285141418 167.44230382802172 194.0 193.0 98.0
41.40726390450186 22.587911373247465 167.44629220731665 201.0 200.0 105.0
41.40726200172948 23.044879895080747 167.4502805866116 200.0 200.0 108.0
41.4072600989571 23.501848416914033 167.45426896590652 189.0 191.0 98.0
41.40725819618473 23.958816938747315 167.45825734520147 195.0 197.0 111.0
41.407256293412345 24.4157854605806 167.4622457244964 179.0 180.0 110.0
41.40725439063997 24.872753982413883 167.46623410379135 94.0 94.0 60.0
41.86425533140884 21.217003904975236 167.43476309789207 125.0 120.0 75.0
41.86425342863646 21.67397242680852 167.43875147718703 172.0 168.0 100.0
41.864251525864084 22.130940948641804 167.44273985648195 186.0 183.0 105.0
41.86424962309171 22.587909470475086 167.44672823577687 198.0 197.0 115.0
41.86424772031933 23.044877992308372 167.45071661507183 205.0 205.0 121.0
41.86424581754695 23.501846514141654 167.45470499436678 184.0 184.0 101.0
41.864243914774576 23.95881503597494 167.45869337366173 173.0 174.0 98.0
41.864242012002194 24.415783557808222 167.46268175295666 143.0 144.0 86.0
41.86424010922982 24.872752079641508 167.46667013225158 84.0 84.0 53.0
42.321237244453926 22.130939045869425 167.4431758849422 91.0 90.0 59.0
42.32123534168155 22.58790756770271 167.44716426423713 123.0 122.0 79.0
42.321233438909175 23.044876089535993 167.45115264353205 127.0 127.0 80.0
39.12190118586476 22.12696398598113 167.89709199953376 119.0 116.0 89.0
39.12189928309238 22.583932507814414 167.90108037882865 113.0 112.0 82.0
39.12189738032 23.040901029647696 167.9050687581236 94.0 93.0 63.0
39.121895477547625 23.49786955148098 167.90905713741856 85.0 84.0 49.0
39.57889070999936 21.213025039542185 167.88955126940408 129.0 130.0 70.0
39.57888880722698 21.669993561375467 167.89353964869903 145.0 147.0 85.0
39.578886904454606 22.126962083208753 167.89752802799399 146.0 148.0 86.0
39.57888500168223 22.58393060504204 167.9015164072889 151.0 154.0 88.0
39.57888309890985 23.04089912687532 167.90550478658383 157.0 159.0 91.0
39.57888119613747 23.497867648708606 167.90949316587879 161.0 164.0 91.0
39.5788792933651 23.95483617054189 167.91348154517374 130.0 135.0 74.0
39.578877390592716 24.41180469237517 167.91746992446866 83.0 84.0 43.0
40.03588023413396 20.299086093103238 167.88201053927446 97.0 99.0 56.0
40.03587833136159 20.756054614936524 167.88599891856938 108.0 109.0 59.0
40.03587642858921 21.213023136769806 167.88998729786434 143.0 148.0 72.0
40.03587452581683 21.66999165860309 167.8939756771593 145.0 152.0 65.0
40.035872623044455 22.126960180436374 167.8979640564542 165.0 170.0 68.0
40.03587072027208 22.58392870226966 167.90195243574914 172.0 172.0 66.0
40.0358688174997 23.04089722410294 167.9059408150441 169.0 170.0 74.0
40.03586691472732 23.497865745936227 167.90992919433904 170.0 173.0 85.0
40.03586501195495 23.95483426776951 167.91391757363397 162.0 163.0 85.0
40.035863109182564 24.411802789602795 167.9179059529289 143.0 145.0 77.0
40.03586120641019 24.868771311436078 167.92189433222384 88.0 89.0 47.0
40.49286595272381 20.299084190330863 167.8824465677347 123.0 126.0 77.0
40.492864049951436 20.756052712164145 167.8864349470296 169.0 170.0 93.0
40.49286214717906 21.21302123399743 167.89042332632457 177.0 178.0 91.0
40.49286024440668 21.669989755830713 167.89441170561952 181.0 182.0 75.0
40.4928583416343 22.126958277664 167.89840008491447 186.0 185.0 58.0
40.49285643886193 22.58392679949728 167.9023884642094 191.0 183.0 62.0
40.492854536089546 23.040895321330567 167.90637684350432 189.0 183.0 72.0
40.49285263331717 23.49786384316385 167.91036522279927 173.0 171.0 76.0
40.492850730544795 23.954832364997134 167.91435360209422 169.0 163.0 77.0
40.49284882777241 24.411800886830417 167.91834198138915 151.0 152.0 77.0
40.49284692500004 24.868769408663702 167.92233036068407 83.0 86.0 42.0
40.94985167131365 20.299082287558484 167.88288259619492 119.0 121.0 72.0
40.94984976854128 20.756050809391766 167.88687097548987 167.0 169.0 97.0
40.9498478657689 21.213019331225052 167.89085935478482 192.0 191.0 100.0
40.94984596299653 21.669987853058338 167.89484773407975 199.0 198.0 95.0
40.94984406022415 22.12695637489162 167.8988361133747 202.0 199.0 88.0
40.949842157451776 22.583924896724906 167.90282449266962 205.0 196.0 88.0
40.949840254679394 23.040893418558188 167.90681287196458 204.0 195.0 90.0
40.94983835190702 23.497861940391473 167.91080125125953 193.0 182.0 84.0
40.949836449134644 23.954830462224756 167.91478963055445 187.0 187.0 96.0
40.94983454636226 24.41179898405804 167.91877800984938 176.0 177.0 96.0
40.949832643589886 24.868767505891324 167.92276638914433 102.0 103.0 58.0
41.406835487131126 20.75604890661939 167.8873070039501 153.0 153.0 92.0
41.40683358435875 21.213017428452673 167.89129538324505 192.0 190.0 114.0
41.40683168158637 21.66998595028596 167.89528376254 195.0 194.0 105.0
41.40682977881399 22.12695447211924 167.89927214183496 194.0 193.0 94.0
41.40682787604162 22.583922993952527 167.90326052112985 201.0 200.0 102.0
41.406825973269235 23.04089151578581 167.9072489004248 201.0 198.0 103.0
41.40682407049686 23.497860037619095 167.91123727971976 194.0 193.0 98.0
41.406822167724485 23.954828559452377 167.9152256590147 195.0 196.0 112.0
41.4068202649521 24.411797081285663 167.9192140383096 185.0 186.0 111.0
41.40681836217973 24.868765603118945 167.92320241760456 102.0 102.0 63.0
41.863821205720974 20.756047003847012 167.88774303241036 85.0 83.0 50.0
41.8638193029486 21.213015525680298 167.89173141170528 134.0 132.0 81.0
41.86381740017622 21.66998404751358 167.89571979100023 174.0 173.0 103.0
41.86381549740384 22.126952569346866 167.89970817029518 191.0 189.0 106.0
41.863813594631466 22.583921091180148 167.9036965495901 203.0 201.0 114.0
41.863811691859084 23.040889613013434 167.90768492888506 202.0 199.0 113.0
41.86380978908671 23.497858134846716 167.91167330817999 180.0 179.0 97.0
41.86380788631433 23.95482665668 167.91566168747494 178.0 178.0 104.0
41.86380598354195 24.411795178513284 167.91965006676986 113.0 113.0 67.0
42.32080121599369 22.126950666574487 167.9001441987554 121.0 120.0 78.0
42.320799313221315 22.583919188407773 167.90413257805034 151.0 150.0 94.0
42.32079741044893 23.040887710241055 167.9081209573453 121.0 119.0 73.0
42.32079550767656 23.49785623207434 167.91210933664024 109.0 108.0 64.0
42.32079360490418 23.954824753907623 167.9160977159352 108.0 108.0 64.0
39.12146325463215 22.57994412851947 168.3580486926419 115.0 112.0 89.0
39.121461351859764 23.036912650352757 168.36203707193684 89.0 89.0 63.0
39.578456584311496 20.752068138413957 168.34253120392236 103.0 105.0 56.0
39.57845468153912 21.209036660247243 168.34651958321732 93.0 94.0 52.0
39.578452778766746 21.666005182080525 168.35050796251227 120.0 120.0 72.0
39.57845087599437 22.12297370391381 168.35449634180722 136.0 135.0 86.0
39.578448973221995 22.579942225747097 168.35848472110212 140.0 140.0 87.0
39.57844707044961 23.03691074758038 168.36247310039707 143.0 145.0 86.0
39.57844516767724 23.493879269413664 168.36646147969202 146.0 147.0 86.0
39.57844326490486 23.950847791246947 168.37044985898697 122.0 122.0 70.0
40.03544420567373 20.2950977138083 168.33897885308767 83.0 85.0 48.0
40.03544230290135 20.752066235641582 168.34296723238262 130.0 132.0 74.0
40.03544040012898 21.209034757474864 168.34695561167754 149.0 151.0 81.0
40.035438497356594 21.66600327930815 168.3509439909725 159.0 161.0 79.0
40.03543659458422 22.122971801141432 168.35493237026745 154.0 160.0 70.0
40.035434691811844 22.579940322974718 168.35892074956237 157.0 161.0 71.0
40.03543278903946 23.036908844808 168.3629091288573 161.0 163.0 71.0
40.035430886267086 23.493877366641286 168.36689750815225 160.0 161.0 78.0
40.03542898349471 23.950845888474568 168.3708858874472 159.0 162.0 82.0
40.03542708072233 24.407814410307854 168.37487426674213 113.0 114.0 59.0
40.492429924263575 20.295095811035925 168.3394148815479 90.0 92.0 50.0
40.4924280214912 20.752064332869207 168.34340326084285 157.0 158.0 89.0
40.492426118718825 21.20903285470249 168.3473916401378 173.0 176.0 91.0
40.49242421594644 21.666001376535775 168.35138001943275 179.0 180.0 76.0
40.49242231317407 22.122969898369057 168.35536839872768 187.0 190.0 67.0
40.49242041040169 22.579938420202343 168.3593567780226 188.0 189.0 67.0
40.49241850762931 23.036906942035625 168.36334515731755 185.0 176.0 67.0
40.492416604856935 23.493875463868907 168.3673335366125 183.0 169.0 71.0
40.49241470208456 23.950843985702193 168.37132191590743 170.0 167.0 74.0
40.49241279931218 24.407812507535475 168.37531029520235 153.0 155.0 80.0
40.94941564285342 20.295093908263546 168.33985091000815 100.0 103.0 52.0
40.94941374008104 20.752062430096828 168.34383928930308 161.0 164.0 93.0
40.949411837308666 21.209030951930114 168.34782766859803 178.0 179.0 97.0
40.949409934536284 21.6659994737634 168.35181604789298 197.0 196.0 99.0
40.94940803176391 22.12296799559668 168.35580442718793 201.0 200.0 90.0
40.949406128991534 22.579936517429967 168.35979280648286 203.0 202.0 91.0
40.94940422621916 23.03690503926325 168.36378118577778 203.0 198.0 86.0
40.94940232344678 23.49387356109653 168.36776956507273 202.0 190.0 89.0
40.94940042067441 23.950842082929817 168.3717579443677 189.0 188.0 93.0
40.949398517902026 24.4078106047631 168.3757463236626 150.0 150.0 79.0
40.94939661512965 24.864779126596382 168.37973470295753 78.0 81.0 41.0
41.40639945867089 20.752060527324453 168.34427531776333 143.0 144.0 86.0
41.406397555898515 21.209029049157735 168.3482636970583 187.0 187.0 112.0
41.40639565312613 21.66599757099102 168.3522520763532 192.0 190.0 103.0
41.40639375035376 22.122966092824303 168.35624045564816 196.0 194.0 94.0
41.40639184758138 22.57993461465759 168.3602288349431 197.0 195.0 95.0
41.406389944809 23.03690313649087 168.36421721423804 196.0 191.0 96.0
41.406388042036625 23.493871658324156 168.368205593533 198.0 196.0 103.0
41.40638613926425 23.95084018015744 168.37219397282792 201.0 201.0 116.0
41.40638423649187 24.407808701990724 168.37618235212284 155.0 155.0 89.0
41.86338327448836 21.20902714638536 168.34869972551851 170.0 170.0 105.0
41.86338137171598 21.665995668218642 168.35268810481347 177.0 178.0 103.0
41.863379468943606 22.122964190051928 168.3566764841084 189.0 188.0 102.0
41.86337756617123 22.57993271188521 168.36066486340331 196.0 194.0 105.0
41.86337566339885 23.036901233718496 168.36465324269827 187.0 185.0 99.0
41.86337376062647 23.493869755551778 168.36864162199322 189.0 187.0 101.0
41.8633718578541 23.950838277385063 168.37263000128817 191.0 190.0 112.0
41.863369955081716 24.407806799218346 168.37661838058307 153.0 152.0 92.0
42.32036709030583 21.665993765446267 168.3531241332737 90.0 89.0 58.0
42.320365187533454 22.12296228727955 168.35711251256862 125.0 124.0 79.0
42.32036328476108 22.579930809112835 168.36110089186357 139.0 137.0 84.0
42.3203613819887 23.036899330946117 168.36508927115852 159.0 158.0 92.0
42.32035947921632 23.493867852779402 168.36907765045345 146.0 144.0 80.0
42.320357576443946 23.950836374612685 168.3730660297484 148.0 148.0 87.0
42.320355673671564 24.40780489644597 168.37705440904332 100.0 100.0 61.0
39.5780167503065 21.662016802785587 168.80747627632547 110.0 109.0 64.0
39.57801484753413 22.118985324618873 168.81146465562043 122.0 118.0 74.0
39.57801294476175 22.57595384645216 168.81545303491535 129.0 128.0 82.0
39.57801104198937 23.03292236828544 168.8194414142103 135.0 135.0 83.0
39.578009139216995 23.489890890118726 168.82342979350523 133.0 132.0 76.0
39.57800723644462 23.94685941195201 168.82741817280018 97.0 92.0 51.0
40.035008177213484 20.291109334513358 168.79594716690087 87.0 90.0 48.0
40.03500627444111 20.748077856346644 168.79993554619583 118.0 121.0 63.0
40.035004371668734 21.205046378179926 168.80392392549078 148.0 150.0 79.0
40.03500246889635 21.66201490001321 168.80791230478573 153.0 155.0 76.0
40.035000566123976 22.118983421846494 168.81190068408065 136.0 136.0 61.0
40.0349986633516 22.57595194367978 168.81588906337558 142.0 146.0 68.0
40.03499676057922 23.03292046551306 168.81987744267053 154.0 157.0 77.0
40.03499485780684 23.489888987346347 168.82386582196548 158.0 158.0 76.0
40.03499295503447 23.94685750917963 168.82785420126044 144.0 144.0 75.0
40.49199389580333 20.291107431740983 168.79638319536113 103.0 106.0 60.0
40.49199199303096 20.748075953574265 168.80037157465608 145.0 148.0 83.0
40.49199009025858 21.20504447540755 168.804359953951 149.0 155.0 76.0
40.4919881874862 21.662012997240833 168.80834833324596 152.0 158.0 66.0
40.491986284713825 22.11898151907412 168.81233671254088 154.0 161.0 58.0
40.49198438194145 22.5759500409074 168.81632509183584 155.0 161.0 59.0
40.49198247916907 23.032918562740686 168.82031347113076 183.0 180.0 75.0
40.49198057639669 23.48988708457397 168.8243018504257 186.0 170.0 73.0
40.49197867362432 23.946855606407254 168.82829022972066 164.0 164.0 75.0
40.491976770851934 24.403824128240537 168.8322786090156 149.0 148.0 72.0
40.948979614393174 20.291105528968604 168.79681922382136 82.0 85.0 44.0
40.9489777116208 20.748074050801886 168.8008076031163 156.0 161.0 90.0
40.948975808848424 21.205042572635172 168.80479598241126 175.0 178.0 99.0
40.94897390607605 21.662011094468458 168.80878436170622 185.0 187.0 93.0
40.94897200330367 22.11897961630174 168.81277274100114 189.0 191.0 86.0
40.9489701005313 22.575948138135026 168.81676112029606 185.0 185.0 81.0
40.948968197758916 23.032916659968308 168.82074949959102 187.0 185.0 82.0
40.94896629498654 23.489885181801593 168.82473787888597 186.0 176.0 79.0
40.948964392214165 23.946853703634876 168.8287262581809 184.0 179.0 86.0
40.94896248944178 24.40382222546816 168.83271463747582 170.0 170.0 87.0
40.94896058666941 24.860790747301444 168.83670301677077 106.0 109.0 59.0
41.40596343021065 20.74807214802951 168.80124363157654 150.0 152.0 91.0
41.40596152743827 21.205040669862793 168.8052320108715 188.0 189.0 113.0
41.40595962466589 21.66200919169608 168.80922039016644 199.0 199.0 110.0
41.405957721893515 22.11897771352936 168.81320876946137 195.0 194.0 94.0
41.40595581912114 22.575946235362647 168.81719714875632 190.0 189.0 89.0
41.40595391634876 23.03291475719593 168.82118552805125 189.0 187.0 91.0
41.40595201357638 23.489883279029215 168.8251739073462 199.0 197.0 102.0
41.40595011080401 23.946851800862497 168.82916228664115 201.0 198.0 111.0
41.405948208031624 24.403820322695783 168.83315066593607 177.0 177.0 101.0
41.40594630525925 24.860788844529065 168.837139045231 119.0 120.0 70.0
41.86294724602812 21.205038767090418 168.80566803933175 178.0 178.0 110.0
41.86294534325574 21.6620072889237 168.80965641862667 188.0 189.0 109.0
41.86294344048336 22.118975810756986 168.8136447979216 196.0 195.0 106.0
41.86294153771099 22.575944332590268 168.81763317721655 196.0 193.0 102.0
41.862939634938606 23.032912854423554 168.8216215565115 192.0 188.0 98.0
41.86293773216623 23.489881376256836 168.82560993580645 203.0 201.0 109.0
41.862935829393855 23.94684989809012 168.82959831510138 206.0 204.0 117.0
41.86293392662147 24.403818419923404 168.8335866943963 153.0 153.0 90.0
42.31993106184559 21.662005386151325 168.81009244708693 104.0 104.0 67.0
42.31992915907321 22.11897390798461 168.81408082638185 149.0 149.0 92.0
42.319927256300836 22.575942429817893 168.81806920567678 148.0 146.0 88.0
42.319925353528454 23.03291095165118 168.82205758497173 162.0 158.0 89.0
42.31992345075608 23.48987947348446 168.82604596426668 192.0 186.0 102.0
42.319921547983704 23.946847995317743 168.83003434356164 173.0 173.0 100.0
39.57758072184626 21.658028423490645 169.2644445901387 98.0 97.0 57.0
39.577578819073885 22.11499694532393 169.26843296943363 101.0 99.0 63.0
39.57757691630151 22.571965467157217 169.27242134872856 109.0 110.0 72.0
39.57757501352913 23.0289339889905 169.2764097280235 130.0 131.0 89.0
39.57757311075675 23.485902510823784 169.28039810731846 101.0 100.0 67.0
40.03457214875324 20.287120955218416 169.2529154807141 84.0 87.0 40.0
40.034570245980866 20.744089477051702 169.25690386000906 116.0 119.0 56.0
40.03456834320849 21.201057998884984 169.260892239304 126.0 131.0 69.0
40.03456644043611 21.65802652071827 169.26488061859894 132.0 134.0 69.0
40.034564537663734 22.114995042551552 169.26886899789386 118.0 120.0 59.0
40.03456263489136 22.571963564384838 169.2728573771888 128.0 128.0 64.0
40.034560732118976 23.02893208621812 169.27684575648377 151.0 154.0 81.0
40.0345588293466 23.485900608051406 169.2808341357787 156.0 156.0 81.0
40.034556926574226 23.942869129884688 169.28482251507364 121.0 114.0 61.0
40.49155786734309 20.28711905244604 169.25335150917434 87.0 91.0 47.0
40.491555964570715 20.744087574279323 169.2573398884693 134.0 140.0 74.0
40.49155406179834 21.20105609611261 169.26132826776424 158.0 163.0 85.0
40.49155215902596 21.65802461794589 169.2653166470592 156.0 162.0 77.0
40.49155025625358 22.114993139779177 169.26930502635412 155.0 163.0 70.0
40.49154835348121 22.57196166161246 169.27329340564904 171.0 177.0 79.0
40.491546450708825 23.028930183445745 169.277281784944 183.0 183.0 82.0
40.49154454793645 23.485898705279027 169.28127016423895 180.0 165.0 74.0
40.491542645164074 23.942867227112313 169.28525854353387 155.0 153.0 76.0
40.94854358593294 20.287117149673662 169.2537875376346 95.0 99.0 51.0
40.94854168316056 20.744085671506944 169.25777591692955 146.0 151.0 85.0
40.94853978038819 21.20105419334023 169.26176429622447 174.0 177.0 100.0
40.948537877615806 21.658022715173516 169.26575267551942 181.0 185.0 97.0
40.94853597484343 22.114991237006798 169.26974105481435 182.0 185.0 87.0
40.948534072071055 22.571959758840084 169.2737294341093 186.0 188.0 86.0
40.94853216929867 23.028928280673366 169.27771781340422 199.0 195.0 92.0
40.9485302665263 23.48589680250665 169.28170619269918 203.0 190.0 92.0
40.94852836375392 23.942865324339934 169.28569457199413 185.0 181.0 90.0
40.94852646098154 24.39983384617322 169.28968295128905 142.0 143.0 76.0
41.405527401750405 20.74408376873457 169.25821194538977 145.0 147.0 88.0
41.40552549897803 21.20105229056785 169.26220032468473 176.0 178.0 104.0
41.40552359620565 21.658020812401137 169.26618870397968 191.0 192.0 103.0
41.40552169343327 22.11498933423442 169.27017708327458 195.0 195.0 96.0
41.4055197906609 22.571957856067705 169.27416546256953 194.0 193.0 91.0
41.405517887888514 23.028926377900987 169.27815384186448 197.0 196.0 95.0
41.40551598511614 23.485894899734273 169.28214222115943 217.0 213.0 115.0
41.405514082343764 23.942863421567555 169.28613060045436 204.0 203.0 110.0
41.40551217957138 24.39983194340084 169.29011897974928 175.0 174.0 92.0
41.86251312034025 20.74408186596219 169.25864797385 127.0 128.0 79.0
41.86251121756788 21.201050387795476 169.26263635314496 173.0 173.0 102.0
41.862509314795496 21.65801890962876 169.2666247324399 191.0 192.0 108.0
41.86250741202312 22.114987431462044 169.27061311173483 196.0 196.0 103.0
41.862505509250745 22.571955953295326 169.27460149102978 195.0 194.0 99.0
41.86250360647836 23.028924475128612 169.2785898703247 196.0 195.0 99.0
41.86250170370599 23.485892996961894 169.28257824961966 217.0 215.0 120.0
41.86249980093361 23.94286151879518 169.28656662891458 212.0 210.0 120.0
41.86249789816123 24.399830040628462 169.29055500820954 164.0 163.0 91.0
42.31949313061297 22.114985528689665 169.27104914019506 158.0 158.0 96.0
42.319491227840594 22.57195405052295 169.27503751949 184.0 183.0 107.0
42.31948932506821 23.028922572356233 169.27902589878497 170.0 168.0 95.0
42.319487422295836 23.48589109418952 169.28301427807992 204.0 202.0 118.0
42.31948551952346 23.9428596160228 169.28700265737484 174.0 173.0 105.0
39.57714279061365 22.111008566028993 169.72540128324684 100.0 96.0 64.0
39.577140887841274 22.56797708786228 169.7293896625418 98.0 97.0 67.0
39.57713898506889 23.02494560969556 169.73337804183674 101.0 101.0 69.0
40.03413421752063 20.740101097756764 169.71387217382227 90.0 92.0 42.0
40.034132314748256 21.197069619590046 169.71786055311722 75.0 80.0 31.0
40.03413041197587 21.65403814142333 169.72184893241217 102.0 104.0 55.0
40.0341285092035 22.111006663256614 169.7258373117071 112.0 115.0 63.0
40.03412660643112 22.5679751850899 169.72982569100202 142.0 141.0 80.0
40.03412470365874 23.02494370692318 169.73381407029697 163.0 163.0 91.0
40.034122800886365 23.481912228756467 169.73780244959192 137.0 128.0 70.0
40.49111993611048 20.740099194984385 169.71430820228252 116.0 122.0 62.0
40.491118033338104 21.19706771681767 169.71829658157748 131.0 136.0 68.0
40.49111613056572 21.654036238650953 169.7222849608724 149.0 153.0 79.0
40.49111422779335 22.11100476048424 169.72627334016732 168.0 170.0 89.0
40.49111232502097 22.56797328231752 169.73026171946228 190.0 194.0 105.0
40.49111042224859 23.024941804150806 169.73425009875723 193.0 192.0 94.0
40.491108519476214 23.48191032598409 169.73823847805215 176.0 164.0 76.0
40.49110661670384 23.938878847817374 169.74222685734708 127.0 126.0 65.0
40.9481075574727 20.283128770378724 169.7107558514478 77.0 80.0 44.0
40.94810565470033 20.740097292212006 169.71474423074275 137.0 143.0 82.0
40.94810375192795 21.197065814045292 169.7187326100377 158.0 163.0 91.0
40.94810184915557 21.654034335878578 169.72272098933266 165.0 168.0 90.0
40.948099946383195 22.11100285771186 169.72670936862758 183.0 187.0 99.0
40.94809804361082 22.567971379545146 169.7306977479225 198.0 199.0 104.0
40.94809614083844 23.024939901378428 169.73468612721746 204.0 204.0 105.0
40.94809423806606 23.481908423211713 169.7386745065124 196.0 195.0 96.0
40.94809233529369 23.938876945044996 169.74266288580733 182.0 182.0 95.0
40.948090432521305 24.39584546687828 169.74665126510226 135.0 137.0 73.0
41.40509137329017 20.74009538943963 169.715180259203 142.0 144.0 85.0
41.405089470517794 21.197063911272913 169.71916863849793 178.0 180.0 106.0
41.40508756774541 21.6540324331062 169.7231570177929 187.0 189.0 104.0
41.405085664973036 22.11100095493948 169.7271453970878 193.0 194.0 100.0
41.40508376220066 22.567969476772767 169.73113377638276 193.0 195.0 97.0
41.40508185942828 23.02493799860605 169.7351221556777 197.0 199.0 100.0
41.405079956655904 23.481906520439335 169.73911053497264 215.0 216.0 118.0
41.40507805388353 23.938875042272617 169.74309891426756 207.0 207.0 115.0
41.405076151111146 24.395843564105903 169.74708729356252 166.0 165.0 89.0
41.86207709188002 20.740093486667252 169.71561628766324 141.0 141.0 84.0
41.86207518910764 21.197062008500538 169.7196046669582 191.0 192.0 116.0
41.86207328633526 21.65403053033382 169.72359304625314 198.0 199.0 113.0
41.862071383562885 22.110999052167106 169.72758142554804 200.0 200.0 107.0
41.86206948079051 22.567967574000388 169.731569804843 195.0 196.0 101.0
41.86206757801813 23.024936095833674 169.73555818413794 192.0 192.0 98.0
41.86206567524575 23.481904617666956 169.7395465634329 219.0 219.0 126.0
41.86206377247338 23.93887313950024 169.7435349427278 215.0 214.0 126.0
41.862061869700995 24.395841661333524 169.74752332202274 147.0 147.0 83.0
42.31905900492511 21.654028627561445 169.72402907471337 97.0 97.0 60.0
42.31905710215273 22.110997149394727 169.7280174540083 173.0 174.0 107.0
42.31905519938036 22.567965671228013 169.73200583330325 180.0 179.0 105.0
42.319053296607976 23.024934193061295 169.73599421259817 149.0 148.0 82.0
42.3190513938356 23.48190271489458 169.73998259189312 196.0 195.0 116.0
42.319049491063225 23.938871236727863 169.74397097118805 122.0 121.0 76.0
39.57670485938103 22.56398870856734 170.18635797635503 81.0 80.0 53.0
40.03369438351563 21.650049762128393 170.1788172462254 76.0 81.0 42.0
40.033692480743255 22.107018283961676 170.1828056255203 96.0 99.0 54.0
40.03369057797088 22.56398680579496 170.18679400481525 114.0 112.0 61.0
40.0336886751985 23.020955327628243 170.1907823841102 128.0 127.0 70.0
40.03368677242612 23.47792384946153 170.19477076340516 94.0 87.0 48.0
40.49068010210548 21.650047859356015 170.17925327468564 122.0 124.0 68.0
40.490678199333104 22.1070163811893 170.18324165398056 178.0 179.0 111.0
40.49067629656073 22.563984903022583 170.18723003327548 183.0 185.0 107.0
40.490674393788346 23.02095342485587 170.19121841257044 177.0 175.0 87.0
40.49067249101597 23.47792194668915 170.1952067918654 169.0 156.0 79.0
40.490670588243596 23.934890468522436 170.1991951711603 82.0 80.0 44.0
40.947669626240085 20.736108912917068 170.171712544556 103.0 107.0 60.0
40.94766772346771 21.193077434750354 170.17570092385094 148.0 152.0 87.0
40.94766582069533 21.65004595658364 170.17968930314586 162.0 165.0 93.0
40.94766391792295 22.10701447841692 170.1836776824408 186.0 188.0 110.0
40.94766201515058 22.563983000250207 170.18766606173574 204.0 206.0 124.0
40.947660112378195 23.02095152208349 170.1916544410307 201.0 202.0 114.0
40.94765820960582 23.477920043916775 170.19564282032562 197.0 196.0 107.0
40.947656306833444 23.934888565750057 170.19963119962054 168.0 168.0 97.0
41.404655344829926 20.736107010144693 170.17214857301622 122.0 126.0 73.0
41.40465344205755 21.193075531977975 170.17613695231117 185.0 187.0 112.0
41.40465153928517 21.65004405381126 170.18012533160612 199.0 202.0 119.0
41.404649636512794 22.107012575644543 170.18411371090104 202.0 204.0 117.0
41.40464773374042 22.56398109747783 170.18810209019597 200.0 202.0 111.0
41.404645830968036 23.02094961931111 170.19209046949092 203.0 205.0 113.0
41.40464392819566 23.477918141144396 170.19607884878587 211.0 212.0 120.0
41.404642025423286 23.93488666297768 170.2000672280808 201.0 201.0 116.0
41.40464012265091 24.391855184810964 170.20405560737572 108.0 109.0 61.0
41.861641063419775 20.736105107372314 170.17258460147647 122.0 125.0 74.0
41.8616391606474 21.1930736292056 170.1765729807714 192.0 194.0 117.0
41.86163725787502 21.650042151038882 170.18056136006635 207.0 210.0 126.0
41.86163535510264 22.107010672872168 170.18454973936127 209.0 212.0 122.0
41.86163345233027 22.56397919470545 170.18853811865623 203.0 204.0 113.0
41.861631549557885 23.020947716538736 170.19252649795115 198.0 199.0 106.0
41.86162964678551 23.477916238372018 170.1965148772461 216.0 215.0 124.0
41.861627744013134 23.934884760205303 170.20050325654103 202.0 202.0 118.0
41.86162584124075 24.391853282038586 170.20449163583598 92.0 92.0 52.0
42.31862487923725 21.19307172643322 170.17700900923165 95.0 97.0 58.0
42.318622976464866 21.650040248266507 170.18099738852658 133.0 134.0 84.0
42.31862107369249 22.10700877009979 170.1849857678215 185.0 187.0 116.0
42.318619170920115 22.563977291933075 170.18897414711645 174.0 175.0 105.0
42.31861726814773 23.020945813766357 170.1929625264114 121.0 121.0 66.0
42.31861536537536 23.477914335599642 170.19695090570636 141.0 140.0 78.0
40.03325645228301 22.103029904666737 170.63977393933354 96.0 103.0 57.0
40.03325454951064 22.55999842650002 170.6437623186285 111.0 114.0 61.0
40.033252646738255 23.0169669483333 170.6477506979234 93.0 92.0 49.0
40.49024217087286 22.103028001894362 170.64020996779377 95.0 99.0 58.0
40.490240268100486 22.559996523727644 170.64419834708872 128.0 133.0 78.0
40.4902383653281 23.016965045560926 170.64818672638367 149.0 152.0 87.0
40.49023646255573 23.473933567394212 170.65217510567862 125.0 124.0 70.0
40.94723169500747 21.189089055455415 170.63266923766415 97.0 100.0 57.0
40.947229792235085 21.6460575772887 170.63665761695907 150.0 151.0 90.0
40.94722788946271 22.103026099121983 170.64064599625402 190.0 191.0 124.0
40.947225986690334 22.55999462095527 170.64463437554895 202.0 205.0 136.0
40.94722408391795 23.01696314278855 170.6486227548439 189.0 191.0 112.0
40.94722218114558 23.473931664621837 170.65261113413885 181.0 182.0 106.0
40.9472202783732 23.93090018645512 170.65659951343378 89.0 90.0 56.0
41.404219316369684 20.732118630849754 170.62911688682945 86.0 90.0 54.0
41.40421741359731 21.189087152683037 170.6331052661244 150.0 154.0 88.0
41.404215510824926 21.646055674516322 170.63709364541933 197.0 200.0 121.0
41.40421360805255 22.103024196349605 170.64108202471425 213.0 215.0 136.0
41.404211705280176 22.55999271818289 170.6450704040092 213.0 215.0 133.0
41.4042098025078 23.016961240016172 170.64905878330416 214.0 216.0 134.0
41.404207899735425 23.47392976184946 170.65304716259908 209.0 210.0 127.0
41.40420599696305 23.93089828368274 170.657035541894 134.0 135.0 81.0
41.86120313218716 21.18908524991066 170.63354129458463 146.0 150.0 83.0
41.861201229414775 21.646053771743944 170.63752967387956 196.0 199.0 118.0
41.8611993266424 22.10302229357723 170.6415180531745 213.0 216.0 130.0
41.861197423870024 22.55999081541051 170.64550643246943 214.0 216.0 130.0
41.86119552109764 23.016959337243797 170.64949481176438 214.0 216.0 129.0
41.86119361832527 23.47392785907708 170.65348319105934 210.0 211.0 124.0
41.86119171555289 23.930896380910365 170.65747157035426 125.0 126.0 73.0
42.31818694800462 21.64605186897157 170.63796570233978 108.0 110.0 63.0
42.31818504523225 22.10302039080485 170.64195408163474 168.0 170.0 105.0
42.31818314245987 22.559988912638136 170.6459424609297 139.0 141.0 82.0
42.31818123968749 23.01695743447142 170.6499308402246 99.0 100.0 54.0
42.318179336915115 23.473925956304704 170.65391921951957 83.0 83.0 46.0
40.489806142412625 22.09903962259942 171.097178281607 98.0 105.0 59.0
40.48980423964025 22.556008144432703 171.10116666090195 109.0 114.0 64.0
40.48980233686787 23.01297666626599 171.10515504019688 119.0 124.0 67.0
40.94679376377485 21.64206919799376 171.0936259307723 109.0 112.0 67.0
40.946791861002474 22.09903771982704 171.09761431006723 157.0 159.0 101.0
40.9467899582301 22.556006241660327 171.10160268936218 148.0 150.0 92.0
40.946788055457716 23.01297476349361 171.10559106865713 138.0 140.0 80.0
40.94678615268534 23.469943285326895 171.1095794479521 80.0 80.0 45.0
41.40378138513707 21.1850987733881 171.0900735799376 98.0 104.0 62.0
41.40377948236469 21.64206729522138 171.09406195923253 176.0 179.0 110.0
41.403777579592315 22.099035817054663 171.0980503385275 209.0 212.0 145.0
41.40377567681994 22.55600433888795 171.1020387178224 210.0 213.0 143.0
41.403773774047565 23.01297286072123 171.10602709711736 165.0 166.0 112.0
41.40377187127519 23.469941382554516 171.11001547641231 87.0 87.0 57.0
41.86076710372692 21.185096870615723 171.09050960839787 88.0 92.0 55.0
41.86076520095454 21.642065392449005 171.09449798769276 179.0 183.0 111.0
41.860763298182164 22.099033914282288 171.09848636698771 211.0 213.0 139.0
41.86076139540979 22.556002436115573 171.10247474628267 213.0 215.0 141.0
41.860759492637406 23.012970957948855 171.10646312557762 131.0 132.0 87.0
41.86075758986503 23.469939479782138 171.11045150487254 94.0 94.0 61.0
42.31775091954439 21.64206348967663 171.09493401615302 106.0 108.0 64.0
42.31774901677201 22.099032011509912 171.09892239544797 150.0 151.0 99.0
42.31774711399964 22.556000533343198 171.1029107747429 93.0 94.0 59.0
40.94635583254223 22.095049340532103 171.55458262388046 94.0 102.0 50.0
40.946353929769856 22.55201786236539 171.55857100317542 90.0 93.0 48.0
41.40334535667683 21.181110394093157 171.54704189375084 81.0 85.0 58.0
41.403343453904455 21.638078915926442 171.55103027304577 150.0 153.0 106.0
41.40334155113208 22.095047437759725 171.5550186523407 177.0 179.0 130.0
41.86033107526668 21.18110849132078 171.54747792221107 86.0 89.0 59.0
41.860329172494296 21.638077013154064 171.551466301506 174.0 176.0 119.0
41.86032726972192 22.09504553498735 171.55545468080095 208.0 210.0 159.0
42.317314891084145 21.63807511038169 171.55190232996623 101.0 102.0 67.0
42.31731298831177 22.09504363221497 171.55589070926118 129.0 131.0 95.0
