-30.349 1.330 105.796 81.000 91.000 51.000
-30.349 1.730 105.794 156.000 175.000 100.000
-29.949 1.730 105.787 95.000 104.000 67.000
-29.949 2.130 105.786 162.000 177.000 111.000
-29.949 2.531 105.784 187.000 201.000 139.000
-29.949 2.931 105.782 152.000 159.000 120.000
-31.142 1.332 106.211 97.000 111.000 57.000
-31.142 1.732 106.209 112.000 134.000 60.000
-30.742 1.732 106.202 118.000 137.000 71.000
-30.742 2.132 106.200 133.000 151.000 78.000
-30.742 2.533 106.198 106.000 126.000 58.000
-30.342 1.732 106.195 140.000 154.000 96.000
-30.342 2.132 106.193 143.000 160.000 92.000
-30.342 2.533 106.191 147.000 164.000 95.000
-30.342 2.933 106.189 159.000 173.000 108.000
-29.942 2.132 106.186 87.000 95.000 61.000
-29.942 2.533 106.184 130.000 141.000 94.000
-31.135 1.734 106.609 85.000 108.000 42.000
-31.135 2.134 106.607 97.000 122.000 45.000
-31.135 2.534 106.606 109.000 131.000 55.000
-30.735 1.734 106.602 130.000 148.000 78.000
-30.735 2.134 106.600 121.000 141.000 68.000
-30.735 2.534 106.598 128.000 147.000 76.000
-30.735 2.935 106.597 141.000 157.000 87.000
-30.735 3.335 106.595 113.000 122.000 77.000
-30.335 1.734 106.595 119.000 129.000 83.000
-30.335 2.134 106.593 144.000 160.000 92.000
-30.335 2.534 106.591 137.000 154.000 87.000
-30.335 2.935 106.590 119.000 132.000 76.000
-31.929 2.136 107.022 68.000 89.000 31.000
-31.528 1.736 107.017 124.000 142.000 68.000
-31.529 2.136 107.015 127.000 150.000 63.000
-31.529 2.536 107.013 81.000 103.000 38.000
-31.529 2.937 107.011 74.000 95.000 33.000
-31.128 1.335 107.011 127.000 135.000 96.000
-31.128 1.736 107.010 154.000 173.000 90.000
-31.128 2.136 107.008 141.000 163.000 73.000
-31.128 2.536 107.006 127.000 150.000 64.000
-31.128 2.937 107.004 134.000 157.000 71.000
-31.128 3.337 107.002 111.000 129.000 59.000
-30.728 1.335 107.004 86.000 92.000 61.000
-30.728 1.736 107.002 143.000 161.000 88.000
-30.728 2.136 107.001 141.000 160.000 81.000
-30.728 2.536 106.999 143.000 162.000 80.000
-30.728 2.937 106.997 145.000 163.000 86.000
-30.728 3.337 106.995 109.000 120.000 71.000
-30.328 1.736 106.995 92.000 102.000 62.000
-30.328 2.136 106.994 149.000 164.000 98.000
-30.328 2.536 106.992 161.000 176.000 109.000
-30.328 2.937 106.990 83.000 92.000 54.000
-32.322 1.737 107.431 92.000 104.000 52.000
-32.322 2.138 107.429 93.000 110.000 47.000
-31.922 1.337 107.426 129.000 140.000 84.000
-31.922 1.737 107.424 148.000 167.000 80.000
-31.922 2.138 107.422 113.000 137.000 52.000
-31.922 2.538 107.420 83.000 107.000 37.000
-31.922 2.939 107.419 67.000 88.000 29.000
-31.521 1.337 107.419 138.000 150.000 92.000
-31.521 1.737 107.417 156.000 176.000 86.000
-31.521 2.138 107.415 116.000 141.000 51.000
-31.521 2.538 107.413 89.000 114.000 38.000
-31.521 2.939 107.411 82.000 107.000 34.000
-31.521 3.339 107.410 80.000 102.000 35.000
-31.121 1.737 107.410 149.000 170.000 78.000
-31.121 2.138 107.408 125.000 150.000 55.000
-31.121 2.538 107.406 102.000 128.000 43.000
-31.121 2.938 107.404 103.000 129.000 45.000
-31.121 3.339 107.402 97.000 121.000 45.000
-30.721 1.737 107.403 135.000 156.000 74.000
-30.721 2.138 107.401 133.000 155.000 66.000
-30.721 2.538 107.399 127.000 149.000 64.000
-30.721 2.938 107.397 119.000 141.000 61.000
-30.721 3.339 107.395 70.000 84.000 36.000
-30.321 2.138 107.394 113.000 129.000 66.000
-30.321 2.538 107.392 138.000 154.000 83.000
-30.321 2.938 107.390 82.000 92.000 50.000
-32.715 1.739 107.839 91.000 98.000 60.000
-32.715 2.140 107.837 80.000 87.000 51.000
-32.315 1.339 107.833 152.000 166.000 99.000
-32.315 1.739 107.831 157.000 174.000 93.000
-32.315 2.140 107.830 147.000 167.000 78.000
-32.315 2.540 107.828 88.000 107.000 43.000
-31.915 1.339 107.826 160.000 176.000 98.000
-31.915 1.739 107.824 148.000 168.000 76.000
-31.915 2.140 107.823 121.000 145.000 53.000
-31.915 2.540 107.821 93.000 119.000 39.000
-31.915 2.940 107.819 82.000 105.000 36.000
-31.915 3.341 107.817 71.000 90.000 34.000
-31.514 1.339 107.819 131.000 145.000 80.000
-31.514 1.739 107.817 144.000 165.000 72.000
-31.514 2.140 107.815 114.000 140.000 47.000
-31.514 2.540 107.814 92.000 119.000 37.000
-31.514 2.940 107.812 86.000 111.000 37.000
-31.514 3.341 107.810 81.000 103.000 37.000
-31.514 3.741 107.808 74.000 87.000 40.000
-31.114 1.739 107.810 149.000 170.000 74.000
-31.114 2.140 107.808 134.000 159.000 57.000
-31.114 2.540 107.806 113.000 140.000 47.000
-31.114 2.940 107.805 100.000 127.000 42.000
-31.114 3.341 107.803 96.000 120.000 43.000
-31.114 3.741 107.801 71.000 84.000 37.000
-30.714 1.739 107.803 138.000 157.000 74.000
-30.714 2.140 107.801 154.000 176.000 79.000
-30.714 2.540 107.799 157.000 177.000 86.000
-30.714 2.940 107.797 131.000 153.000 66.000
-30.714 3.341 107.796 79.000 97.000 38.000
-30.313 2.140 107.794 97.000 112.000 53.000
-30.313 2.540 107.792 156.000 172.000 97.000
-30.313 2.940 107.790 112.000 123.000 69.000
-33.108 1.341 108.248 117.000 124.000 88.000
-33.108 1.741 108.246 155.000 165.000 109.000
-33.108 2.142 108.244 130.000 140.000 83.000
-32.708 0.941 108.243 79.000 84.000 57.000
-32.708 1.341 108.241 179.000 192.000 127.000
-32.708 1.741 108.239 177.000 192.000 115.000
-32.708 2.142 108.237 173.000 189.000 108.000
-32.708 2.542 108.235 151.000 164.000 99.000
-32.308 0.940 108.235 80.000 88.000 52.000
-32.308 1.341 108.234 157.000 173.000 97.000
-32.308 1.741 108.232 156.000 174.000 85.000
-32.308 2.142 108.230 158.000 178.000 81.000
-32.308 2.542 108.228 156.000 176.000 81.000
-32.308 2.942 108.226 121.000 141.000 61.000
-32.308 3.343 108.224 98.000 119.000 50.000
-32.308 3.743 108.223 66.000 82.000 33.000
-31.907 1.341 108.226 129.000 148.000 67.000
-31.907 1.741 108.225 142.000 163.000 67.000
-31.907 2.142 108.223 149.000 172.000 65.000
-31.907 2.542 108.221 149.000 172.000 67.000
-31.907 2.942 108.219 106.000 130.000 46.000
-31.908 3.343 108.217 96.000 119.000 44.000
-31.908 3.743 108.215 93.000 111.000 48.000
-31.908 4.143 108.214 74.000 80.000 51.000
-31.507 1.341 108.219 139.000 151.000 88.000
-31.507 1.741 108.218 148.000 169.000 75.000
-31.507 2.142 108.216 149.000 172.000 68.000
-31.507 2.542 108.214 155.000 177.000 72.000
-31.507 2.942 108.212 120.000 144.000 54.000
-31.507 3.343 108.210 104.000 127.000 48.000
-31.507 3.743 108.208 113.000 132.000 60.000
-31.507 4.143 108.206 79.000 86.000 54.000
-31.107 1.341 108.212 98.000 105.000 65.000
-31.107 1.741 108.210 174.000 191.000 99.000
-31.107 2.141 108.209 178.000 197.000 95.000
-31.107 2.542 108.207 182.000 200.000 101.000
-31.107 2.942 108.205 151.000 173.000 75.000
-31.107 3.343 108.203 123.000 147.000 56.000
-31.107 3.743 108.201 126.000 145.000 69.000
-30.707 1.741 108.203 181.000 195.000 119.000
-30.707 2.141 108.201 199.000 213.000 127.000
-30.707 2.542 108.200 207.000 220.000 145.000
-30.707 2.942 108.198 176.000 193.000 106.000
-30.707 3.343 108.196 138.000 159.000 73.000
-30.306 2.141 108.194 114.000 125.000 73.000
-30.306 2.542 108.193 211.000 223.000 158.000
-30.306 2.942 108.191 184.000 197.000 128.000
-30.306 3.342 108.189 117.000 127.000 74.000
-33.501 1.343 108.655 154.000 165.000 112.000
-33.501 1.743 108.653 159.000 170.000 110.000
-33.502 2.143 108.652 128.000 138.000 84.000
-33.101 0.942 108.650 127.000 136.000 89.000
-33.101 1.343 108.648 166.000 179.000 110.000
-33.101 1.743 108.646 173.000 187.000 107.000
-33.101 2.143 108.644 173.000 188.000 101.000
-33.101 2.544 108.643 142.000 156.000 85.000
-33.101 2.944 108.641 71.000 82.000 40.000
-32.701 0.942 108.643 156.000 168.000 104.000
-32.701 1.343 108.641 157.000 173.000 90.000
-32.701 1.743 108.639 164.000 181.000 90.000
-32.701 2.143 108.637 164.000 182.000 87.000
-32.701 2.544 108.635 150.000 170.000 80.000
-32.701 2.944 108.634 126.000 145.000 66.000
-32.701 3.344 108.632 98.000 115.000 52.000
-32.301 0.942 108.636 134.000 143.000 91.000
-32.301 1.343 108.634 168.000 184.000 96.000
-32.301 1.743 108.632 175.000 192.000 92.000
-32.301 2.143 108.630 171.000 190.000 83.000
-32.301 2.544 108.628 153.000 174.000 71.000
-32.301 2.944 108.626 126.000 149.000 60.000
-32.301 3.344 108.625 106.000 127.000 52.000
-32.301 3.745 108.623 100.000 119.000 52.000
-31.900 1.343 108.627 178.000 193.000 106.000
-31.900 1.743 108.625 183.000 200.000 98.000
-31.900 2.143 108.623 179.000 198.000 85.000
-31.900 2.544 108.621 163.000 184.000 75.000
-31.900 2.944 108.619 126.000 149.000 56.000
-31.900 3.344 108.618 108.000 131.000 50.000
-31.900 3.745 108.616 114.000 134.000 59.000
-31.900 4.145 108.614 104.000 115.000 66.000
-31.500 1.343 108.620 190.000 204.000 123.000
-31.500 1.743 108.618 193.000 207.000 117.000
-31.500 2.143 108.616 192.000 208.000 108.000
-31.500 2.544 108.614 190.000 207.000 103.000
-31.500 2.944 108.612 156.000 177.000 73.000
-31.500 3.344 108.610 127.000 151.000 57.000
-31.500 3.745 108.609 127.000 147.000 65.000
-31.500 4.145 108.607 102.000 112.000 65.000
-31.100 1.343 108.613 121.000 127.000 86.000
-31.100 1.743 108.611 202.000 215.000 128.000
-31.100 2.143 108.609 202.000 216.000 123.000
-31.100 2.544 108.607 203.000 217.000 121.000
-31.100 2.944 108.605 184.000 201.000 98.000
-31.100 3.344 108.603 159.000 181.000 76.000
-31.100 3.745 108.601 156.000 177.000 80.000
-31.100 4.145 108.600 91.000 102.000 49.000
-30.699 1.743 108.604 159.000 168.000 107.000
-30.699 2.143 108.602 215.000 227.000 146.000
-30.700 2.544 108.600 217.000 229.000 151.000
-30.700 2.944 108.598 207.000 220.000 136.000
-30.700 3.344 108.596 192.000 208.000 115.000
-30.700 3.745 108.594 168.000 184.000 96.000
-30.299 2.143 108.595 76.000 82.000 45.000
-30.299 2.544 108.593 220.000 230.000 165.000
-30.299 2.944 108.591 219.000 230.000 165.000
-30.299 3.344 108.589 202.000 215.000 139.000
-30.299 3.745 108.587 90.000 99.000 54.000
-33.895 1.745 109.061 88.000 93.000 63.000
-33.895 2.145 109.059 89.000 94.000 64.000
-33.494 0.944 109.057 144.000 155.000 98.000
-33.494 1.345 109.055 165.000 178.000 110.000
-33.494 1.745 109.054 172.000 186.000 108.000
-33.494 2.145 109.052 172.000 186.000 102.000
-33.494 2.546 109.050 130.000 143.000 78.000
-33.094 0.944 109.050 158.000 171.000 103.000
-33.094 1.345 109.048 160.000 175.000 93.000
-33.094 1.745 109.047 171.000 187.000 94.000
-33.094 2.145 109.045 170.000 188.000 89.000
-33.094 2.546 109.043 151.000 169.000 80.000
-33.094 2.946 109.041 127.000 145.000 70.000
-33.094 3.346 109.039 94.000 109.000 56.000
-33.094 3.747 109.037 64.000 80.000 35.000
-32.694 0.944 109.043 162.000 176.000 103.000
-32.694 1.345 109.041 154.000 172.000 79.000
-32.694 1.745 109.039 169.000 186.000 87.000
-32.694 2.145 109.038 168.000 186.000 82.000
-32.694 2.546 109.036 148.000 168.000 71.000
-32.694 2.946 109.034 128.000 148.000 65.000
-32.694 3.346 109.032 110.000 129.000 59.000
-32.694 3.747 109.030 92.000 111.000 50.000
-32.293 0.944 109.036 152.000 162.000 103.000
-32.294 1.345 109.034 175.000 189.000 102.000
-32.294 1.745 109.032 183.000 199.000 100.000
-32.294 2.145 109.030 182.000 199.000 93.000
-32.294 2.546 109.029 162.000 182.000 78.000
-32.294 2.946 109.027 139.000 160.000 65.000
-32.294 3.346 109.025 115.000 137.000 55.000
-32.294 3.747 109.023 107.000 127.000 54.000
-32.294 4.147 109.021 96.000 109.000 57.000
-31.893 1.345 109.027 194.000 207.000 126.000
-31.893 1.745 109.025 195.000 209.000 113.000
-31.893 2.145 109.023 191.000 207.000 102.000
-31.893 2.546 109.022 179.000 197.000 91.000
-31.893 2.946 109.020 155.000 175.000 73.000
-31.893 3.346 109.018 135.000 157.000 62.000
-31.893 3.747 109.016 132.000 152.000 65.000
-31.893 4.147 109.014 106.000 117.000 64.000
-31.493 1.345 109.020 210.000 222.000 145.000
-31.493 1.745 109.018 207.000 219.000 133.000
-31.493 2.145 109.016 206.000 219.000 125.000
-31.493 2.546 109.014 200.000 215.000 117.000
-31.493 2.946 109.013 171.000 189.000 85.000
-31.493 3.346 109.011 149.000 171.000 68.000
-31.493 3.747 109.009 137.000 158.000 63.000
-31.493 4.147 109.007 107.000 120.000 59.000
-31.093 1.344 109.013 150.000 158.000 103.000
-31.093 1.745 109.011 220.000 230.000 156.000
-31.093 2.145 109.009 215.000 227.000 142.000
-31.093 2.546 109.007 212.000 224.000 134.000
-31.093 2.946 109.005 201.000 215.000 120.000
-31.093 3.346 109.004 178.000 197.000 92.000
-31.093 3.747 109.002 166.000 186.000 81.000
-31.093 4.147 109.000 138.000 155.000 71.000
-30.692 1.745 109.004 136.000 140.000 102.000
-30.692 2.145 109.002 225.000 234.000 161.000
-30.692 2.546 109.000 225.000 235.000 162.000
-30.692 2.946 108.998 218.000 230.000 152.000
-30.692 3.346 108.997 207.000 220.000 134.000
-30.692 3.747 108.995 192.000 208.000 116.000
-30.692 4.147 108.993 137.000 153.000 73.000
-30.292 2.545 108.993 220.000 226.000 169.000
-30.292 2.946 108.991 227.000 235.000 170.000
-30.292 3.346 108.989 218.000 229.000 158.000
-30.292 3.747 108.988 189.000 204.000 119.000
-33.888 0.946 109.465 98.000 106.000 68.000
-33.888 1.346 109.463 159.000 170.000 112.000
-33.888 1.747 109.461 167.000 180.000 113.000
-33.888 2.147 109.459 155.000 167.000 99.000
-33.487 0.946 109.458 158.000 171.000 107.000
-33.487 1.346 109.456 166.000 180.000 108.000
-33.487 1.747 109.454 170.000 185.000 102.000
-33.487 2.147 109.452 166.000 182.000 93.000
-33.487 2.547 109.450 149.000 166.000 84.000
-33.487 2.948 109.448 132.000 150.000 77.000
-33.487 3.348 109.447 104.000 121.000 61.000
-33.087 0.946 109.451 161.000 175.000 105.000
-33.087 1.346 109.449 165.000 181.000 98.000
-33.087 1.747 109.447 171.000 188.000 93.000
-33.087 2.147 109.445 166.000 184.000 82.000
-33.087 2.547 109.443 146.000 166.000 71.000
-33.087 2.948 109.441 136.000 156.000 72.000
-33.087 3.348 109.439 115.000 135.000 63.000
-33.087 3.749 109.438 89.000 110.000 47.000
-32.687 0.946 109.443 112.000 123.000 70.000
-32.687 1.346 109.442 158.000 176.000 82.000
-32.687 1.747 109.440 173.000 190.000 90.000
-32.687 2.147 109.438 175.000 192.000 88.000
-32.687 2.547 109.436 152.000 173.000 71.000
-32.687 2.948 109.434 135.000 156.000 66.000
-32.687 3.348 109.432 116.000 137.000 59.000
-32.687 3.748 109.430 101.000 123.000 52.000
-32.687 4.149 109.429 84.000 100.000 47.000
-32.286 0.946 109.436 112.000 120.000 76.000
-32.286 1.346 109.434 170.000 186.000 98.000
-32.286 1.747 109.433 179.000 194.000 98.000
-32.286 2.147 109.431 180.000 197.000 94.000
-32.286 2.547 109.429 172.000 191.000 87.000
-32.286 2.948 109.427 155.000 176.000 74.000
-32.286 3.348 109.425 136.000 159.000 62.000
-32.286 3.748 109.423 117.000 139.000 56.000
-32.287 4.149 109.422 102.000 115.000 58.000
-31.886 1.346 109.427 195.000 208.000 131.000
-31.886 1.747 109.425 193.000 207.000 117.000
-31.886 2.147 109.424 195.000 210.000 113.000
-31.886 2.547 109.422 192.000 208.000 110.000
-31.886 2.948 109.420 173.000 192.000 85.000
-31.886 3.348 109.418 158.000 180.000 71.000
-31.886 3.748 109.416 145.000 166.000 68.000
-31.886 4.149 109.414 125.000 138.000 73.000
-31.486 1.346 109.420 214.000 225.000 153.000
-31.486 1.747 109.418 211.000 224.000 140.000
-31.486 2.147 109.417 207.000 221.000 130.000
-31.486 2.547 109.415 204.000 218.000 129.000
-31.486 2.948 109.413 181.000 198.000 96.000
-31.486 3.348 109.411 159.000 180.000 72.000
-31.486 3.748 109.409 142.000 165.000 62.000
-31.486 4.149 109.407 113.000 130.000 54.000
-31.086 1.346 109.413 144.000 148.000 115.000
-31.086 1.747 109.411 222.000 231.000 167.000
-31.086 2.147 109.409 218.000 229.000 149.000
-31.086 2.547 109.408 213.000 226.000 139.000
-31.086 2.948 109.406 200.000 215.000 119.000
-31.086 3.348 109.404 183.000 201.000 95.000
-31.086 3.748 109.402 172.000 192.000 86.000
-31.086 4.149 109.400 152.000 172.000 76.000
-30.685 1.747 109.404 114.000 118.000 91.000
-30.685 2.147 109.402 220.000 231.000 161.000
-30.685 2.547 109.400 223.000 234.000 159.000
-30.685 2.948 109.399 217.000 229.000 149.000
-30.685 3.348 109.397 208.000 221.000 133.000
-30.685 3.748 109.395 194.000 209.000 121.000
-30.685 4.149 109.393 172.000 188.000 101.000
-30.285 2.547 109.393 149.000 152.000 121.000
-30.285 2.948 109.392 226.000 234.000 175.000
-30.285 3.348 109.390 220.000 231.000 160.000
-30.285 3.748 109.388 209.000 222.000 148.000
-30.285 4.149 109.386 148.000 160.000 97.000
-33.880 0.948 109.865 146.000 158.000 104.000
-33.880 1.348 109.863 161.000 174.000 111.000
-33.880 1.749 109.861 172.000 186.000 109.000
-33.880 2.149 109.859 168.000 182.000 101.000
-33.880 2.549 109.858 104.000 114.000 66.000
-33.881 2.950 109.856 79.000 90.000 48.000
-33.480 0.948 109.858 170.000 183.000 123.000
-33.480 1.348 109.856 173.000 186.000 114.000
-33.480 1.749 109.854 182.000 197.000 111.000
-33.480 2.149 109.852 179.000 195.000 102.000
-33.480 2.549 109.851 159.000 176.000 90.000
-33.480 2.950 109.849 130.000 150.000 72.000
-33.480 3.350 109.847 109.000 129.000 62.000
-33.480 3.750 109.845 83.000 102.000 45.000
-33.080 0.948 109.851 161.000 173.000 112.000
-33.080 1.348 109.849 175.000 189.000 108.000
-33.080 1.749 109.847 183.000 199.000 106.000
-33.080 2.149 109.845 176.000 194.000 91.000
-33.080 2.549 109.843 152.000 173.000 74.000
-33.080 2.950 109.842 135.000 157.000 68.000
-33.080 3.350 109.840 113.000 136.000 59.000
-33.080 3.750 109.838 100.000 122.000 53.000
-33.080 4.151 109.836 97.000 116.000 57.000
-32.680 1.348 109.842 161.000 179.000 88.000
-32.680 1.749 109.840 174.000 190.000 94.000
-32.680 2.149 109.838 170.000 188.000 83.000
-32.680 2.549 109.836 153.000 177.000 65.000
-32.680 2.950 109.834 141.000 164.000 63.000
-32.680 3.350 109.833 126.000 149.000 59.000
-32.680 3.750 109.831 105.000 128.000 53.000
-32.680 4.151 109.829 116.000 133.000 69.000
-32.279 1.348 109.835 180.000 194.000 112.000
-32.279 1.749 109.833 180.000 195.000 103.000
-32.279 2.149 109.831 179.000 196.000 95.000
-32.279 2.549 109.829 174.000 193.000 88.000
-32.279 2.950 109.827 158.000 179.000 72.000
-32.279 3.350 109.826 142.000 165.000 62.000
-32.279 3.750 109.824 131.000 153.000 61.000
-32.279 4.151 109.822 120.000 135.000 70.000
-31.879 1.348 109.828 205.000 217.000 147.000
-31.879 1.749 109.826 199.000 212.000 130.000
-31.879 2.149 109.824 198.000 212.000 121.000
-31.879 2.549 109.822 201.000 215.000 128.000
-31.879 2.950 109.820 178.000 197.000 90.000
-31.879 3.350 109.818 163.000 185.000 71.000
-31.879 3.750 109.817 155.000 176.000 73.000
-31.879 4.151 109.815 128.000 143.000 72.000
-31.479 1.348 109.821 195.000 203.000 150.000
-31.479 1.749 109.819 219.000 230.000 154.000
-31.479 2.149 109.817 220.000 231.000 152.000
-31.479 2.549 109.815 217.000 230.000 145.000
-31.479 2.950 109.813 198.000 214.000 113.000
-31.479 3.350 109.811 177.000 197.000 83.000
-31.479 3.750 109.809 155.000 176.000 74.000
-31.479 4.151 109.808 131.000 149.000 66.000
-31.078 1.749 109.812 225.000 233.000 174.000
-31.078 2.149 109.810 225.000 236.000 155.000
-31.078 2.549 109.808 220.000 233.000 139.000
-31.078 2.950 109.806 206.000 222.000 115.000
-31.079 3.350 109.804 193.000 211.000 97.000
-31.079 3.750 109.802 179.000 198.000 88.000
-31.079 4.151 109.800 173.000 191.000 94.000
-31.079 4.551 109.799 130.000 145.000 75.000
-30.678 2.149 109.803 221.000 231.000 154.000
-30.678 2.549 109.801 225.000 236.000 149.000
-30.678 2.950 109.799 219.000 232.000 137.000
-30.678 3.350 109.797 210.000 225.000 123.000
-30.678 3.750 109.795 199.000 215.000 113.000
-30.678 4.151 109.793 191.000 207.000 115.000
-30.678 4.551 109.792 154.000 169.000 94.000
-30.278 2.950 109.792 215.000 223.000 163.000
-30.278 3.350 109.790 226.000 236.000 166.000
-30.278 3.750 109.788 222.000 232.000 169.000
-30.278 4.151 109.786 203.000 215.000 152.000
-30.278 4.551 109.784 82.000 88.000 59.000
-34.274 1.350 110.271 117.000 131.000 77.000
-34.274 1.751 110.269 145.000 159.000 93.000
-34.274 2.151 110.267 139.000 151.000 92.000
-33.873 0.950 110.265 165.000 179.000 121.000
-33.873 1.350 110.263 166.000 181.000 109.000
-33.873 1.750 110.262 173.000 189.000 103.000
-33.873 2.151 110.260 179.000 195.000 104.000
-33.873 2.551 110.258 179.000 195.000 114.000
-33.873 2.952 110.256 117.000 132.000 69.000
-33.873 3.352 110.254 80.000 95.000 46.000
-33.473 0.950 110.258 179.000 192.000 130.000
-33.473 1.350 110.256 180.000 196.000 114.000
-33.473 1.750 110.254 186.000 202.000 109.000
-33.473 2.151 110.253 186.000 203.000 106.000
-33.473 2.551 110.251 177.000 194.000 103.000
-33.473 2.952 110.249 143.000 163.000 78.000
-33.473 3.352 110.247 118.000 139.000 67.000
-33.473 3.752 110.245 117.000 136.000 70.000
-33.473 4.153 110.243 108.000 124.000 70.000
-33.073 0.950 110.251 123.000 131.000 86.000
-33.073 1.350 110.249 178.000 194.000 107.000
-33.073 1.750 110.247 186.000 202.000 106.000
-33.073 2.151 110.246 186.000 204.000 100.000
-33.073 2.551 110.244 173.000 192.000 90.000
-33.073 2.952 110.242 144.000 166.000 71.000
-33.073 3.352 110.240 119.000 142.000 59.000
-33.073 3.752 110.238 119.000 140.000 66.000
-33.073 4.153 110.236 118.000 135.000 71.000
-33.073 4.553 110.234 80.000 89.000 55.000
-32.672 1.350 110.242 163.000 180.000 91.000
-32.672 1.750 110.240 177.000 194.000 97.000
-32.673 2.151 110.238 183.000 201.000 95.000
-32.673 2.551 110.237 174.000 195.000 82.000
-32.673 2.951 110.235 153.000 176.000 69.000
-32.673 3.352 110.233 133.000 159.000 59.000
-32.673 3.752 110.231 121.000 143.000 61.000
-32.673 4.153 110.229 120.000 137.000 70.000
-32.272 1.350 110.235 189.000 203.000 124.000
-32.272 1.750 110.233 192.000 207.000 116.000
-32.272 2.151 110.231 196.000 212.000 113.000
-32.272 2.551 110.229 196.000 213.000 110.000
-32.272 2.951 110.228 171.000 191.000 82.000
-32.272 3.352 110.226 154.000 178.000 68.000
-32.272 3.752 110.224 146.000 167.000 71.000
-32.272 4.153 110.222 134.000 150.000 76.000
-31.872 1.350 110.228 218.000 228.000 169.000
-31.872 1.750 110.226 215.000 227.000 149.000
-31.872 2.151 110.224 213.000 226.000 138.000
-31.872 2.551 110.222 212.000 225.000 138.000
-31.872 2.951 110.221 191.000 208.000 102.000
-31.872 3.352 110.219 172.000 192.000 78.000
-31.872 3.752 110.217 163.000 183.000 80.000
-31.872 4.152 110.215 159.000 175.000 92.000
-31.472 1.750 110.219 224.000 234.000 164.000
-31.472 2.151 110.217 222.000 233.000 152.000
-31.472 2.551 110.215 219.000 231.000 147.000
-31.472 2.951 110.213 211.000 225.000 125.000
-31.472 3.352 110.212 196.000 214.000 101.000
-31.472 3.752 110.210 170.000 189.000 86.000
-31.472 4.152 110.208 160.000 177.000 88.000
-31.472 4.553 110.206 128.000 141.000 78.000
-31.071 1.750 110.212 197.000 203.000 155.000
-31.071 2.151 110.210 225.000 235.000 162.000
-31.071 2.551 110.208 224.000 235.000 155.000
-31.071 2.951 110.206 220.000 233.000 141.000
-31.071 3.352 110.204 208.000 223.000 117.000
-31.071 3.752 110.203 186.000 204.000 97.000
-31.071 4.152 110.201 184.000 200.000 105.000
-31.071 4.553 110.199 165.000 181.000 96.000
-30.671 2.151 110.203 151.000 157.000 114.000
-30.671 2.551 110.201 223.000 234.000 158.000
-30.671 2.951 110.199 221.000 233.000 151.000
-30.671 3.352 110.197 219.000 232.000 146.000
-30.671 3.752 110.196 208.000 222.000 132.000
-30.671 4.152 110.194 202.000 217.000 132.000
-30.671 4.553 110.192 193.000 209.000 129.000
-30.271 2.951 110.192 112.000 116.000 87.000
-30.271 3.352 110.190 214.000 223.000 161.000
-30.271 3.752 110.188 224.000 234.000 171.000
-30.271 4.152 110.187 213.000 223.000 165.000
-30.271 4.553 110.185 132.000 139.000 101.000
-34.267 0.952 110.673 77.000 83.000 57.000
-34.267 1.352 110.671 147.000 163.000 98.000
-34.267 1.752 110.669 164.000 179.000 106.000
-34.267 2.153 110.667 167.000 181.000 106.000
-33.866 0.952 110.666 157.000 169.000 117.000
-33.866 1.352 110.664 169.000 185.000 107.000
-33.866 1.752 110.662 173.000 189.000 103.000
-33.866 2.153 110.660 180.000 196.000 105.000
-33.866 2.553 110.658 192.000 207.000 123.000
-33.866 2.953 110.656 124.000 140.000 70.000
-33.866 3.354 110.655 111.000 129.000 67.000
-33.866 3.754 110.653 124.000 139.000 86.000
-33.466 0.952 110.658 156.000 166.000 114.000
-33.466 1.352 110.657 184.000 200.000 113.000
-33.466 1.752 110.655 190.000 206.000 114.000
-33.466 2.153 110.653 192.000 208.000 113.000
-33.466 2.553 110.651 191.000 207.000 115.000
-33.466 2.953 110.649 150.000 170.000 81.000
-33.466 3.354 110.647 121.000 141.000 67.000
-33.466 3.754 110.646 124.000 142.000 79.000
-33.466 4.154 110.644 128.000 143.000 88.000
-33.066 0.952 110.651 84.000 89.000 60.000
-33.066 1.352 110.650 186.000 202.000 114.000
-33.066 1.752 110.648 195.000 211.000 118.000
-33.066 2.153 110.646 194.000 211.000 113.000
-33.066 2.553 110.644 189.000 206.000 110.000
-33.066 2.953 110.642 158.000 179.000 83.000
-33.066 3.354 110.640 125.000 148.000 63.000
-33.066 3.754 110.638 124.000 143.000 69.000
-33.066 4.154 110.637 122.000 139.000 74.000
-33.066 4.555 110.635 106.000 117.000 72.000
-32.665 1.352 110.642 150.000 166.000 85.000
-32.665 1.752 110.641 183.000 200.000 105.000
-32.665 2.153 110.639 192.000 209.000 109.000
-32.665 2.553 110.637 195.000 212.000 114.000
-32.665 2.953 110.635 164.000 185.000 79.000
-32.665 3.354 110.633 142.000 167.000 63.000
-32.665 3.754 110.631 137.000 158.000 71.000
-32.665 4.154 110.629 126.000 142.000 73.000
-32.665 4.555 110.628 84.000 92.000 56.000
-32.265 1.352 110.635 180.000 193.000 124.000
-32.265 1.752 110.633 201.000 215.000 128.000
-32.265 2.153 110.632 207.000 221.000 129.000
-32.265 2.553 110.630 208.000 222.000 126.000
-32.265 2.953 110.628 186.000 205.000 97.000
-32.265 3.354 110.626 164.000 186.000 74.000
-32.265 3.754 110.624 152.000 172.000 75.000
-32.265 4.154 110.622 153.000 171.000 87.000
-32.265 4.555 110.621 80.000 88.000 49.000
-31.865 1.352 110.628 129.000 133.000 104.000
-31.865 1.752 110.626 220.000 231.000 157.000
-31.865 2.153 110.625 219.000 231.000 148.000
-31.865 2.553 110.623 218.000 230.000 140.000
-31.865 2.953 110.621 205.000 220.000 121.000
-31.865 3.354 110.619 182.000 201.000 87.000
-31.865 3.754 110.617 173.000 192.000 88.000
-31.865 4.154 110.615 167.000 184.000 94.000
-31.865 4.555 110.613 142.000 156.000 90.000
-31.465 1.752 110.619 223.000 234.000 164.000
-31.465 2.153 110.617 220.000 231.000 148.000
-31.465 2.553 110.616 216.000 229.000 142.000
-31.465 2.953 110.614 216.000 230.000 131.000
-31.465 3.354 110.612 208.000 224.000 116.000
-31.465 3.754 110.610 178.000 197.000 91.000
-31.465 4.154 110.608 171.000 188.000 95.000
-31.465 4.555 110.606 154.000 170.000 90.000
-31.064 1.752 110.612 105.000 110.000 77.000
-31.064 2.153 110.610 225.000 235.000 167.000
-31.064 2.553 110.608 222.000 233.000 153.000
-31.064 2.953 110.607 219.000 231.000 141.000
-31.064 3.354 110.605 216.000 230.000 132.000
-31.064 3.754 110.603 200.000 215.000 117.000
-31.064 4.154 110.601 190.000 206.000 113.000
-31.064 4.555 110.599 182.000 198.000 109.000
-30.664 2.553 110.601 195.000 202.000 151.000
-30.664 2.953 110.599 226.000 236.000 170.000
-30.664 3.354 110.598 224.000 235.000 163.000
-30.664 3.754 110.596 215.000 227.000 149.000
-30.664 4.154 110.594 209.000 223.000 144.000
-30.664 4.555 110.592 203.000 217.000 141.000
-30.264 3.354 110.591 138.000 143.000 107.000
-30.264 3.754 110.589 209.000 219.000 160.000
-30.264 4.154 110.587 189.000 197.000 148.000
-30.264 4.555 110.585 148.000 156.000 116.000
-34.259 0.954 111.073 83.000 90.000 61.000
-34.259 1.354 111.071 157.000 172.000 109.000
-34.259 1.754 111.069 159.000 175.000 101.000
-34.259 2.155 111.067 165.000 179.000 102.000
-34.259 2.955 111.064 90.000 100.000 52.000
-34.259 3.356 111.062 113.000 131.000 66.000
-33.859 0.953 111.066 157.000 167.000 125.000
-33.859 1.354 111.064 175.000 190.000 120.000
-33.859 1.754 111.062 181.000 196.000 116.000
-33.859 2.155 111.060 188.000 202.000 115.000
-33.859 2.555 111.058 141.000 152.000 87.000
-33.859 2.955 111.057 140.000 159.000 76.000
-33.859 3.356 111.055 117.000 138.000 67.000
-33.859 3.756 111.053 124.000 140.000 84.000
-33.459 0.953 111.059 141.000 146.000 115.000
-33.459 1.354 111.057 196.000 211.000 134.000
-33.459 1.754 111.055 197.000 212.000 124.000
-33.459 2.155 111.053 196.000 212.000 114.000
-33.459 2.555 111.051 199.000 215.000 123.000
-33.459 2.955 111.050 149.000 171.000 76.000
-33.459 3.356 111.048 105.000 129.000 53.000
-33.459 3.756 111.046 108.000 127.000 65.000
-33.459 4.156 111.044 111.000 128.000 72.000
-33.459 4.557 111.042 92.000 101.000 64.000
-33.059 1.354 111.050 194.000 209.000 123.000
-33.059 1.754 111.048 199.000 215.000 123.000
-33.059 2.154 111.046 200.000 215.000 117.000
-33.059 2.555 111.044 205.000 219.000 132.000
-33.059 2.955 111.042 159.000 181.000 81.000
-33.059 3.356 111.041 115.000 141.000 52.000
-33.059 3.756 111.039 107.000 128.000 56.000
-33.059 4.156 111.037 103.000 121.000 58.000
-33.059 4.557 111.035 81.000 91.000 51.000
-32.658 1.354 111.043 144.000 157.000 88.000
-32.658 1.754 111.041 186.000 201.000 112.000
-32.658 2.154 111.039 191.000 206.000 113.000
-32.658 2.555 111.037 198.000 213.000 124.000
-32.658 2.955 111.035 182.000 200.000 99.000
-32.658 3.356 111.033 157.000 180.000 74.000
-32.658 3.756 111.032 145.000 166.000 74.000
-32.658 4.156 111.030 145.000 163.000 81.000
-32.658 4.557 111.028 128.000 142.000 78.000
-32.258 1.354 111.036 129.000 136.000 96.000
-32.258 1.754 111.034 209.000 222.000 141.000
-32.258 2.154 111.032 209.000 223.000 134.000
-32.258 2.555 111.030 213.000 227.000 135.000
-32.258 2.955 111.028 202.000 219.000 112.000
-32.258 3.356 111.026 187.000 207.000 90.000
-32.258 3.756 111.025 167.000 187.000 82.000
-32.258 4.156 111.023 160.000 179.000 86.000
-32.258 4.557 111.021 141.000 155.000 84.000
-31.858 1.754 111.027 220.000 231.000 159.000
-31.858 2.154 111.025 223.000 235.000 152.000
-31.858 2.555 111.023 223.000 235.000 142.000
-31.858 2.955 111.021 216.000 231.000 124.000
-31.858 3.355 111.019 206.000 223.000 105.000
-31.858 3.756 111.017 188.000 207.000 97.000
-31.858 4.156 111.016 177.000 196.000 96.000
-31.858 4.557 111.014 155.000 171.000 89.000
-31.457 1.754 111.020 138.000 147.000 92.000
-31.457 2.154 111.018 215.000 228.000 138.000
-31.457 2.555 111.016 220.000 232.000 141.000
-31.457 2.955 111.014 219.000 233.000 133.000
-31.457 3.355 111.012 213.000 229.000 121.000
-31.457 3.756 111.010 195.000 213.000 106.000
-31.458 4.156 111.008 185.000 202.000 105.000
-31.458 4.557 111.007 172.000 189.000 100.000
-31.458 4.957 111.005 79.000 89.000 44.000
-31.057 2.154 111.011 202.000 213.000 138.000
-31.057 2.555 111.009 225.000 236.000 160.000
-31.057 2.955 111.007 225.000 237.000 155.000
-31.057 3.355 111.005 221.000 234.000 143.000
-31.057 3.756 111.003 208.000 223.000 127.000
-31.057 4.156 111.001 196.000 213.000 118.000
-31.057 4.557 110.999 193.000 209.000 121.000
-31.057 4.957 110.998 109.000 122.000 60.000
-30.657 2.955 111.000 194.000 198.000 154.000
-30.657 3.355 110.998 223.000 234.000 164.000
-30.657 3.756 110.996 214.000 227.000 146.000
-30.657 4.156 110.994 215.000 228.000 157.000
-30.657 4.556 110.992 210.000 223.000 152.000
-30.657 4.957 110.991 74.000 83.000 39.000
-30.257 3.756 110.989 182.000 188.000 150.000
-30.257 4.156 110.987 179.000 185.000 148.000
-30.257 4.556 110.985 114.000 118.000 92.000
-34.252 1.356 111.471 155.000 171.000 105.000
-34.252 1.756 111.470 154.000 170.000 94.000
-34.252 2.156 111.468 176.000 192.000 109.000
-34.252 2.557 111.466 156.000 167.000 106.000
-34.252 2.957 111.464 127.000 144.000 69.000
-34.252 3.357 111.462 97.000 120.000 47.000
-33.852 1.356 111.464 186.000 201.000 130.000
-33.852 1.756 111.462 181.000 197.000 114.000
-33.852 2.156 111.461 188.000 204.000 116.000
-33.852 2.557 111.459 208.000 222.000 144.000
-33.852 2.957 111.457 164.000 182.000 92.000
-33.852 3.357 111.455 117.000 140.000 59.000
-33.852 3.758 111.453 103.000 125.000 55.000
-33.452 1.356 111.457 201.000 215.000 140.000
-33.452 1.756 111.455 198.000 213.000 127.000
-33.452 2.156 111.454 197.000 213.000 118.000
-33.452 2.557 111.452 206.000 220.000 134.000
-33.452 2.957 111.450 167.000 186.000 92.000
-33.452 3.357 111.448 123.000 147.000 60.000
-33.452 3.758 111.446 106.000 128.000 58.000
-33.452 4.158 111.444 103.000 119.000 62.000
-33.051 1.356 111.450 177.000 191.000 115.000
-33.051 1.756 111.448 201.000 216.000 127.000
-33.051 2.156 111.446 200.000 216.000 119.000
-33.051 2.557 111.445 204.000 219.000 130.000
-33.052 2.957 111.443 172.000 192.000 91.000
-33.052 3.357 111.441 134.000 158.000 62.000
-33.052 3.758 111.439 122.000 143.000 63.000
-33.052 4.158 111.437 108.000 125.000 64.000
-32.651 1.756 111.441 193.000 207.000 120.000
-32.651 2.156 111.439 201.000 215.000 126.000
-32.651 2.557 111.437 204.000 218.000 131.000
-32.651 2.957 111.436 183.000 203.000 95.000
-32.651 3.357 111.434 159.000 182.000 69.000
-32.651 3.758 111.432 159.000 179.000 81.000
-32.651 4.158 111.430 144.000 162.000 82.000
-32.651 4.558 111.428 90.000 101.000 54.000
-32.251 1.756 111.434 210.000 223.000 148.000
-32.251 2.156 111.432 210.000 224.000 140.000
-32.251 2.557 111.430 211.000 225.000 135.000
-32.251 2.957 111.428 195.000 213.000 103.000
-32.251 3.357 111.427 182.000 203.000 86.000
-32.251 3.758 111.425 173.000 193.000 87.000
-32.251 4.158 111.423 162.000 182.000 86.000
-32.251 4.558 111.421 139.000 155.000 82.000
-31.851 1.756 111.427 184.000 195.000 129.000
-31.851 2.156 111.425 217.000 230.000 144.000
-31.851 2.557 111.423 214.000 229.000 130.000
-31.851 2.957 111.421 210.000 225.000 118.000
-31.851 3.357 111.420 202.000 219.000 106.000
-31.851 3.758 111.418 190.000 208.000 98.000
-31.851 4.158 111.416 178.000 197.000 94.000
-31.851 4.558 111.414 168.000 187.000 95.000
-31.851 4.959 111.412 71.000 80.000 41.000
-31.450 1.756 111.420 88.000 96.000 51.000
-31.450 2.156 111.418 211.000 224.000 135.000
-31.450 2.557 111.416 221.000 233.000 144.000
-31.450 2.957 111.414 222.000 235.000 145.000
-31.450 3.357 111.412 215.000 230.000 129.000
-31.450 3.758 111.411 203.000 219.000 115.000
-31.450 4.158 111.409 191.000 208.000 111.000
-31.450 4.558 111.407 179.000 197.000 107.000
-31.450 4.959 111.405 140.000 155.000 88.000
-31.050 2.156 111.411 108.000 112.000 79.000
-31.050 2.557 111.409 233.000 240.000 172.000
-31.050 2.957 111.407 232.000 239.000 164.000
-31.050 3.357 111.405 225.000 236.000 154.000
-31.050 3.758 111.403 210.000 225.000 132.000
-31.050 4.158 111.402 200.000 216.000 127.000
-31.050 4.558 111.400 197.000 213.000 129.000
-31.050 4.959 111.398 158.000 173.000 98.000
-30.650 3.357 111.398 220.000 229.000 167.000
-30.650 3.758 111.396 217.000 229.000 158.000
-30.650 4.158 111.395 217.000 229.000 162.000
-30.650 4.558 111.393 214.000 227.000 161.000
-30.650 4.959 111.391 139.000 148.000 98.000
-34.646 1.758 111.877 97.000 107.000 62.000
-34.646 2.158 111.875 112.000 121.000 72.000
-34.646 2.959 111.871 83.000 94.000 45.000
-34.646 3.359 111.870 84.000 105.000 36.000
-34.245 1.358 111.872 154.000 170.000 102.000
-34.245 1.758 111.870 169.000 185.000 106.000
-34.245 2.158 111.868 183.000 199.000 112.000
-34.245 2.559 111.866 192.000 206.000 126.000
-34.245 2.959 111.864 157.000 178.000 84.000
-34.245 3.359 111.862 105.000 131.000 47.000
-33.845 1.358 111.865 196.000 210.000 141.000
-33.845 1.758 111.863 192.000 207.000 123.000
-33.845 2.158 111.861 195.000 211.000 119.000
-33.845 2.559 111.859 209.000 223.000 143.000
-33.845 2.959 111.857 173.000 192.000 101.000
-33.845 3.359 111.855 124.000 148.000 61.000
-33.845 3.760 111.854 93.000 117.000 44.000
-33.445 1.358 111.857 200.000 213.000 140.000
-33.445 1.758 111.856 202.000 216.000 131.000
-33.445 2.158 111.854 207.000 221.000 132.000
-33.445 2.559 111.852 207.000 222.000 134.000
-33.445 2.959 111.850 173.000 192.000 96.000
-33.445 3.359 111.848 138.000 160.000 68.000
-33.445 3.760 111.846 113.000 135.000 59.000
-33.445 4.160 111.845 114.000 132.000 66.000
-33.445 4.560 111.843 83.000 93.000 53.000
-33.044 1.357 111.850 164.000 176.000 107.000
-33.044 1.758 111.849 201.000 216.000 128.000
-33.044 2.158 111.847 206.000 221.000 127.000
-33.044 2.559 111.845 208.000 223.000 131.000
-33.044 2.959 111.843 181.000 200.000 97.000
-33.044 3.359 111.841 152.000 173.000 74.000
-33.044 3.760 111.839 138.000 158.000 73.000
-33.044 4.160 111.837 134.000 150.000 79.000
-32.644 1.758 111.841 194.000 209.000 125.000
-32.644 2.158 111.840 202.000 217.000 129.000
-32.644 2.559 111.838 206.000 220.000 130.000
-32.644 2.959 111.836 192.000 210.000 103.000
-32.644 3.359 111.834 169.000 191.000 76.000
-32.644 3.760 111.832 171.000 189.000 89.000
-32.644 4.160 111.830 158.000 175.000 91.000
-32.644 4.560 111.828 117.000 130.000 71.000
-32.244 1.758 111.834 191.000 203.000 134.000
-32.244 2.158 111.832 208.000 222.000 137.000
-32.244 2.559 111.831 213.000 227.000 135.000
-32.244 2.959 111.829 203.000 220.000 115.000
-32.244 3.359 111.827 190.000 209.000 96.000
-32.244 3.760 111.825 186.000 203.000 101.000
-32.244 4.160 111.823 184.000 200.000 109.000
-32.244 4.560 111.821 153.000 167.000 94.000
-31.843 1.758 111.827 102.000 108.000 72.000
-31.843 2.158 111.825 212.000 226.000 142.000
-31.844 2.558 111.824 217.000 231.000 142.000
-31.844 2.959 111.822 215.000 228.000 134.000
-31.844 3.359 111.820 209.000 224.000 121.000
-31.844 3.760 111.818 198.000 215.000 113.000
-31.844 4.160 111.816 191.000 208.000 113.000
-31.844 4.560 111.814 183.000 201.000 110.000
-31.844 4.961 111.812 141.000 156.000 89.000
-31.443 2.158 111.818 161.000 171.000 109.000
-31.443 2.558 111.816 225.000 237.000 156.000
-31.443 2.959 111.815 228.000 238.000 156.000
-31.443 3.359 111.813 226.000 236.000 148.000
-31.443 3.760 111.811 213.000 227.000 135.000
-31.443 4.160 111.809 201.000 216.000 128.000
-31.443 4.560 111.807 190.000 206.000 121.000
-31.443 4.961 111.805 173.000 190.000 111.000
-31.043 2.558 111.809 133.000 135.000 100.000
-31.043 2.959 111.807 230.000 238.000 169.000
-31.043 3.359 111.806 225.000 236.000 157.000
-31.043 3.760 111.804 217.000 230.000 146.000
-31.043 4.160 111.802 212.000 225.000 146.000
-31.043 4.560 111.800 207.000 221.000 147.000
-31.043 4.961 111.798 178.000 192.000 121.000
-30.643 3.359 111.798 155.000 159.000 120.000
-30.643 3.759 111.797 222.000 232.000 171.000
-30.643 4.160 111.795 223.000 233.000 176.000
-30.643 4.560 111.793 221.000 230.000 177.000
-30.643 4.961 111.791 103.000 108.000 79.000
-34.638 1.359 112.279 77.000 86.000 47.000
-34.638 1.760 112.277 124.000 136.000 82.000
-34.638 2.160 112.275 140.000 151.000 92.000
-34.638 2.560 112.274 123.000 131.000 87.000
-34.638 2.961 112.272 123.000 142.000 62.000
-34.638 3.361 112.270 98.000 124.000 41.000
-34.238 1.359 112.272 153.000 166.000 105.000
-34.238 1.760 112.270 176.000 191.000 113.000
-34.238 2.160 112.268 187.000 203.000 116.000
-34.238 2.560 112.266 194.000 210.000 122.000
-34.238 2.961 112.265 151.000 173.000 79.000
-34.238 3.361 112.263 108.000 134.000 50.000
-33.838 1.359 112.265 201.000 214.000 153.000
-33.838 1.760 112.263 199.000 213.000 133.000
-33.838 2.160 112.261 195.000 211.000 118.000
-33.838 2.560 112.259 203.000 218.000 130.000
-33.838 2.961 112.257 171.000 190.000 98.000
-33.838 3.361 112.256 128.000 151.000 67.000
-33.838 3.761 112.254 113.000 133.000 66.000
-33.438 1.359 112.258 199.000 213.000 144.000
-33.438 1.760 112.256 204.000 218.000 134.000
-33.438 2.160 112.254 207.000 222.000 132.000
-33.438 2.560 112.252 207.000 222.000 133.000
-33.438 2.961 112.250 179.000 197.000 102.000
-33.438 3.361 112.249 145.000 165.000 78.000
-33.438 3.761 112.247 122.000 141.000 71.000
-33.438 4.162 112.245 125.000 143.000 74.000
-33.438 4.562 112.243 131.000 146.000 80.000
-33.037 1.359 112.251 167.000 179.000 118.000
-33.037 1.760 112.249 199.000 214.000 128.000
-33.037 2.160 112.247 202.000 217.000 124.000
-33.037 2.560 112.245 201.000 217.000 117.000
-33.037 2.961 112.243 187.000 205.000 104.000
-33.037 3.361 112.241 170.000 190.000 91.000
-33.037 3.761 112.240 148.000 167.000 81.000
-33.037 4.162 112.238 147.000 163.000 86.000
-33.037 4.562 112.236 126.000 138.000 78.000
-32.637 1.760 112.242 156.000 167.000 105.000
-32.637 2.160 112.240 194.000 210.000 119.000
-32.637 2.560 112.238 207.000 222.000 123.000
-32.637 2.961 112.236 200.000 217.000 113.000
-32.637 3.361 112.234 191.000 210.000 102.000
-32.637 3.761 112.232 183.000 201.000 103.000
-32.637 4.162 112.231 189.000 205.000 120.000
-32.637 4.562 112.229 195.000 209.000 133.000
-32.237 1.760 112.235 80.000 85.000 55.000
-32.237 2.160 112.233 205.000 219.000 135.000
-32.237 2.560 112.231 216.000 230.000 138.000
-32.237 2.961 112.229 211.000 226.000 131.000
-32.237 3.361 112.227 210.000 225.000 127.000
-32.237 3.761 112.225 198.000 213.000 117.000
-32.237 4.162 112.224 193.000 209.000 120.000
-32.237 4.562 112.222 187.000 202.000 118.000
-32.237 4.962 112.220 123.000 133.000 80.000
-31.836 2.160 112.226 211.000 224.000 149.000
-31.836 2.560 112.224 225.000 236.000 160.000
-31.836 2.961 112.222 227.000 237.000 158.000
-31.836 3.361 112.220 221.000 234.000 146.000
-31.836 3.761 112.218 213.000 226.000 135.000
-31.836 4.162 112.216 203.000 217.000 132.000
-31.836 4.562 112.215 188.000 204.000 115.000
-31.837 4.962 112.213 173.000 190.000 108.000
-31.436 2.560 112.217 226.000 235.000 164.000
-31.436 2.961 112.215 230.000 239.000 160.000
-31.436 3.361 112.213 227.000 238.000 153.000
-31.436 3.761 112.211 223.000 234.000 157.000
-31.436 4.162 112.209 213.000 225.000 147.000
-31.436 4.562 112.207 205.000 220.000 141.000
-31.436 4.962 112.206 199.000 214.000 140.000
-31.436 5.363 112.204 85.000 93.000 57.000
-31.036 2.961 112.208 125.000 128.000 89.000
-31.036 3.361 112.206 229.000 239.000 166.000
-31.036 3.761 112.204 228.000 237.000 170.000
-31.036 4.162 112.202 223.000 233.000 167.000
-31.036 4.562 112.200 219.000 230.000 164.000
-31.036 4.962 112.199 199.000 211.000 149.000
-30.636 4.162 112.195 181.000 186.000 150.000
-30.636 4.562 112.193 183.000 189.000 149.000
-35.032 2.963 112.679 92.000 104.000 50.000
-34.631 1.361 112.679 72.000 81.000 44.000
-34.631 1.762 112.678 137.000 149.000 87.000
-34.631 2.162 112.676 152.000 166.000 92.000
-34.631 2.562 112.674 106.000 116.000 65.000
-34.631 2.963 112.672 125.000 144.000 64.000
-34.631 3.363 112.670 122.000 146.000 56.000
-34.231 1.361 112.672 145.000 157.000 100.000
-34.231 1.762 112.670 178.000 193.000 115.000
-34.231 2.162 112.669 178.000 195.000 106.000
-34.231 2.562 112.667 188.000 204.000 118.000
-34.231 2.963 112.665 153.000 174.000 80.000
-34.231 3.363 112.663 128.000 153.000 61.000
-33.831 1.361 112.665 173.000 184.000 128.000
-33.831 1.762 112.663 194.000 209.000 128.000
-33.831 2.162 112.661 196.000 211.000 121.000
-33.831 2.562 112.660 197.000 212.000 121.000
-33.831 2.963 112.658 181.000 199.000 102.000
-33.831 3.363 112.656 147.000 169.000 72.000
-33.831 3.763 112.654 110.000 133.000 57.000
-33.430 1.361 112.658 138.000 144.000 111.000
-33.430 1.762 112.656 207.000 220.000 145.000
-33.430 2.162 112.654 207.000 221.000 134.000
-33.430 2.562 112.653 210.000 224.000 140.000
-33.430 2.963 112.651 193.000 210.000 117.000
-33.430 3.363 112.649 171.000 191.000 94.000
-33.431 3.763 112.647 139.000 158.000 77.000
-33.431 4.164 112.645 127.000 148.000 71.000
-33.431 4.564 112.643 115.000 132.000 66.000
-33.030 1.762 112.649 200.000 214.000 138.000
-33.030 2.162 112.647 205.000 219.000 134.000
-33.030 2.562 112.645 206.000 222.000 129.000
-33.030 2.963 112.644 200.000 216.000 120.000
-33.030 3.363 112.642 188.000 207.000 106.000
-33.030 3.763 112.640 169.000 187.000 96.000
-33.030 4.164 112.638 161.000 179.000 95.000
-33.030 4.564 112.636 142.000 157.000 86.000
-32.630 1.762 112.642 118.000 127.000 81.000
-32.630 2.162 112.640 194.000 208.000 127.000
-32.630 2.562 112.638 201.000 217.000 122.000
-32.630 2.963 112.636 204.000 220.000 124.000
-32.630 3.363 112.635 197.000 214.000 112.000
-32.630 3.763 112.633 181.000 200.000 98.000
-32.630 4.164 112.631 182.000 199.000 107.000
-32.630 4.564 112.629 189.000 204.000 121.000
-32.630 4.964 112.627 127.000 138.000 82.000
-32.230 2.162 112.633 169.000 180.000 112.000
-32.230 2.562 112.631 210.000 225.000 132.000
-32.230 2.963 112.629 215.000 229.000 138.000
-32.230 3.363 112.627 217.000 229.000 137.000
-32.230 3.763 112.626 207.000 222.000 128.000
-32.230 4.164 112.624 197.000 212.000 119.000
-32.230 4.564 112.622 186.000 203.000 113.000
-32.230 4.964 112.620 169.000 184.000 107.000
-31.829 2.562 112.624 219.000 232.000 148.000
-31.829 2.963 112.622 221.000 233.000 147.000
-31.829 3.363 112.620 224.000 235.000 149.000
-31.829 3.763 112.619 220.000 232.000 145.000
-31.829 4.164 112.617 210.000 224.000 134.000
-31.829 4.564 112.615 197.000 212.000 120.000
-31.829 4.964 112.613 188.000 204.000 116.000
-31.429 2.562 112.617 122.000 124.000 92.000
-31.429 2.963 112.615 230.000 239.000 169.000
-31.429 3.363 112.613 226.000 237.000 156.000
-31.429 3.763 112.611 227.000 238.000 161.000
-31.429 4.164 112.610 223.000 235.000 158.000
-31.429 4.564 112.608 218.000 231.000 156.000
-31.429 4.964 112.606 210.000 224.000 151.000
-31.029 3.363 112.606 195.000 199.000 140.000
-31.029 3.763 112.604 232.000 241.000 181.000
-31.029 4.164 112.602 228.000 237.000 175.000
-31.029 4.564 112.601 228.000 237.000 178.000
-31.029 4.964 112.599 169.000 176.000 135.000
-35.025 2.965 113.079 125.000 140.000 72.000
-34.624 1.763 113.078 124.000 135.000 83.000
-34.624 2.164 113.076 148.000 161.000 92.000
-34.624 2.564 113.074 130.000 146.000 71.000
-34.624 2.964 113.072 145.000 165.000 75.000
-34.224 1.363 113.073 101.000 108.000 75.000
-34.224 1.763 113.071 173.000 186.000 116.000
-34.224 2.164 113.069 181.000 196.000 112.000
-34.224 2.564 113.067 177.000 194.000 101.000
-34.224 2.964 113.065 156.000 176.000 83.000
-34.224 3.365 113.063 148.000 170.000 76.000
-33.824 1.763 113.064 201.000 214.000 144.000
-33.824 2.164 113.062 200.000 214.000 130.000
-33.824 2.564 113.060 200.000 214.000 129.000
-33.824 2.964 113.058 190.000 207.000 113.000
-33.824 3.365 113.056 156.000 177.000 80.000
-33.824 3.765 113.054 115.000 138.000 60.000
-33.824 4.166 113.053 108.000 130.000 57.000
-33.423 1.763 113.056 209.000 221.000 154.000
-33.423 2.164 113.055 209.000 223.000 142.000
-33.423 2.564 113.053 207.000 222.000 136.000
-33.423 2.964 113.051 200.000 215.000 125.000
-33.423 3.365 113.049 184.000 202.000 106.000
-33.423 3.765 113.047 146.000 167.000 78.000
-33.423 4.165 113.045 125.000 147.000 66.000
-33.423 4.566 113.044 102.000 121.000 53.000
-33.023 1.763 113.049 156.000 165.000 114.000
-33.023 2.164 113.048 207.000 221.000 141.000
-33.023 2.564 113.046 209.000 223.000 136.000
-33.023 2.964 113.044 205.000 220.000 131.000
-33.023 3.365 113.042 201.000 218.000 123.000
-33.023 3.765 113.040 178.000 196.000 102.000
-33.023 4.165 113.038 162.000 181.000 91.000
-33.023 4.566 113.036 129.000 147.000 71.000
-32.623 2.164 113.040 195.000 209.000 132.000
-32.623 2.564 113.039 205.000 221.000 132.000
-32.623 2.964 113.037 207.000 222.000 131.000
-32.623 3.365 113.035 207.000 223.000 127.000
-32.623 3.765 113.033 201.000 218.000 124.000
-32.623 4.165 113.031 195.000 212.000 122.000
-32.623 4.566 113.029 182.000 200.000 110.000
-32.623 4.966 113.028 159.000 175.000 98.000
-32.222 2.164 113.033 97.000 100.000 64.000
-32.222 2.564 113.031 209.000 223.000 140.000
-32.222 2.964 113.030 216.000 229.000 147.000
-32.223 3.365 113.028 221.000 233.000 149.000
-32.223 3.765 113.026 216.000 229.000 146.000
-32.223 4.165 113.024 204.000 219.000 131.000
-32.223 4.566 113.022 193.000 208.000 123.000
-32.223 4.966 113.020 184.000 199.000 121.000
-31.822 2.564 113.024 160.000 164.000 114.000
-31.822 2.964 113.023 226.000 236.000 164.000
-31.822 3.365 113.021 230.000 238.000 164.000
-31.822 3.765 113.019 228.000 237.000 166.000
-31.822 4.165 113.017 223.000 233.000 162.000
-31.822 4.566 113.015 213.000 225.000 150.000
-31.822 4.966 113.013 204.000 217.000 146.000
-31.822 5.366 113.011 103.000 113.000 64.000
-31.422 2.964 113.015 107.000 107.000 76.000
-31.422 3.365 113.014 230.000 239.000 170.000
-31.422 3.765 113.012 231.000 240.000 175.000
-31.422 4.165 113.010 229.000 239.000 176.000
-31.422 4.566 113.008 225.000 235.000 171.000
-31.422 4.966 113.006 215.000 226.000 163.000
-31.022 3.765 113.005 124.000 126.000 100.000
-31.022 4.165 113.003 187.000 193.000 150.000
-31.022 4.566 113.001 195.000 201.000 156.000
-35.017 2.966 113.480 137.000 151.000 80.000
-34.617 1.765 113.478 89.000 96.000 62.000
-34.617 2.166 113.476 146.000 158.000 94.000
-34.617 2.566 113.474 140.000 159.000 72.000
-34.617 2.966 113.473 160.000 178.000 85.000
-34.217 1.765 113.471 169.000 181.000 125.000
-34.217 2.166 113.469 181.000 195.000 117.000
-34.217 2.566 113.467 173.000 190.000 98.000
-34.217 2.966 113.465 169.000 186.000 94.000
-34.217 3.367 113.464 168.000 186.000 93.000
-33.816 1.765 113.464 201.000 212.000 154.000
-33.817 2.166 113.462 204.000 218.000 143.000
-33.817 2.566 113.460 195.000 210.000 123.000
-33.817 2.966 113.458 189.000 205.000 114.000
-33.817 3.367 113.456 176.000 193.000 103.000
-33.817 3.767 113.455 137.000 157.000 80.000
-33.817 4.167 113.453 108.000 129.000 59.000
-33.416 1.765 113.457 166.000 175.000 129.000
-33.416 2.166 113.455 212.000 225.000 150.000
-33.416 2.566 113.453 208.000 222.000 141.000
-33.416 2.966 113.451 202.000 216.000 131.000
-33.416 3.367 113.449 188.000 205.000 112.000
-33.416 3.767 113.448 154.000 174.000 83.000
-33.416 4.167 113.446 136.000 158.000 71.000
-33.416 4.568 113.444 84.000 103.000 40.000
-33.016 2.166 113.448 188.000 202.000 124.000
-33.016 2.566 113.446 214.000 228.000 145.000
-33.016 2.966 113.444 211.000 225.000 142.000
-33.016 3.367 113.442 203.000 219.000 127.000
-33.016 3.767 113.440 196.000 213.000 119.000
-33.016 4.167 113.439 173.000 192.000 96.000
-33.016 4.568 113.437 138.000 157.000 75.000
-32.616 2.166 113.441 117.000 125.000 79.000
-32.616 2.566 113.439 210.000 224.000 142.000
-32.616 2.966 113.437 213.000 227.000 140.000
-32.616 3.367 113.435 221.000 234.000 151.000
-32.616 3.767 113.433 225.000 237.000 162.000
-32.616 4.167 113.431 211.000 225.000 140.000
-32.616 4.568 113.430 185.000 203.000 111.000
-32.616 4.968 113.428 150.000 166.000 90.000
-32.215 2.566 113.432 160.000 167.000 120.000
-32.215 2.966 113.430 224.000 235.000 165.000
-32.215 3.367 113.428 228.000 238.000 166.000
-32.215 3.767 113.426 230.000 239.000 173.000
-32.215 4.167 113.424 223.000 234.000 165.000
-32.215 4.568 113.423 206.000 220.000 143.000
-32.215 4.968 113.421 194.000 207.000 137.000
-32.215 5.368 113.419 91.000 100.000 60.000
-31.815 2.966 113.423 202.000 203.000 157.000
-31.815 3.367 113.421 235.000 241.000 179.000
-31.815 3.767 113.419 231.000 240.000 178.000
-31.815 4.167 113.417 228.000 237.000 176.000
-31.815 4.568 113.415 224.000 233.000 174.000
-31.815 4.968 113.414 215.000 226.000 167.000
-31.815 5.368 113.412 105.000 114.000 72.000
-31.415 3.367 113.414 144.000 146.000 104.000
-31.415 3.767 113.412 228.000 235.000 180.000
-31.415 4.167 113.410 232.000 239.000 186.000
-31.415 4.568 113.408 232.000 239.000 188.000
-31.415 4.968 113.406 141.000 146.000 115.000
-35.010 2.568 113.882 84.000 92.000 49.000
-35.010 2.968 113.880 155.000 168.000 91.000
-34.610 2.167 113.877 140.000 152.000 91.000
-34.610 2.568 113.875 170.000 186.000 102.000
-34.610 2.968 113.873 182.000 197.000 107.000
-34.210 2.167 113.869 189.000 203.000 133.000
-34.210 2.568 113.868 197.000 211.000 134.000
-34.210 2.968 113.866 193.000 208.000 122.000
-34.210 3.369 113.864 193.000 208.000 116.000
-33.809 2.167 113.862 200.000 211.000 150.000
-33.809 2.568 113.860 215.000 226.000 162.000
-33.809 2.968 113.859 208.000 221.000 142.000
-33.809 3.369 113.857 190.000 206.000 117.000
-33.809 3.769 113.855 161.000 176.000 106.000
-33.809 4.169 113.853 147.000 161.000 99.000
-33.409 2.167 113.855 212.000 223.000 160.000
-33.409 2.568 113.853 220.000 231.000 164.000
-33.409 2.968 113.852 221.000 232.000 159.000
-33.409 3.368 113.850 214.000 227.000 144.000
-33.409 3.769 113.848 182.000 198.000 112.000
-33.409 4.169 113.846 162.000 180.000 93.000
-33.409 4.570 113.844 147.000 168.000 81.000
-33.009 2.167 113.848 158.000 165.000 121.000
-33.009 2.568 113.846 224.000 235.000 171.000
-33.009 2.968 113.844 226.000 237.000 168.000
-33.009 3.368 113.843 226.000 237.000 164.000
-33.009 3.769 113.841 210.000 225.000 139.000
-33.009 4.169 113.839 189.000 206.000 111.000
-33.009 4.570 113.837 177.000 196.000 101.000
-33.009 4.970 113.835 114.000 127.000 65.000
-32.609 2.568 113.839 209.000 218.000 161.000
-32.609 2.968 113.837 229.000 239.000 175.000
-32.609 3.368 113.835 232.000 241.000 172.000
-32.609 3.769 113.834 236.000 244.000 183.000
-32.609 4.169 113.832 228.000 238.000 169.000
-32.609 4.569 113.830 214.000 227.000 152.000
-32.609 4.970 113.828 197.000 210.000 138.000
-32.609 5.370 113.826 113.000 122.000 76.000
-32.208 2.968 113.830 178.000 183.000 135.000
-32.208 3.368 113.828 237.000 244.000 186.000
-32.208 3.769 113.827 235.000 243.000 181.000
-32.208 4.169 113.825 232.000 241.000 181.000
-32.208 4.569 113.823 227.000 236.000 177.000
-32.208 4.970 113.821 214.000 224.000 164.000
-32.208 5.370 113.819 95.000 102.000 67.000
-31.808 3.368 113.821 174.000 178.000 128.000
-31.808 3.769 113.819 238.000 244.000 187.000
-31.808 4.169 113.818 239.000 244.000 193.000
-31.808 4.569 113.816 239.000 244.000 193.000
-31.808 4.970 113.814 190.000 195.000 155.000
-35.003 2.570 114.282 108.000 117.000 68.000
-34.603 2.169 114.277 116.000 125.000 82.000
-34.603 2.570 114.275 160.000 174.000 99.000
-34.603 2.970 114.273 183.000 199.000 108.000
-34.203 2.169 114.270 123.000 130.000 96.000
-34.203 2.570 114.268 197.000 210.000 136.000
-34.203 2.970 114.266 204.000 218.000 135.000
-34.203 3.370 114.264 200.000 215.000 127.000
-33.802 2.570 114.261 223.000 231.000 179.000
-33.802 2.970 114.259 222.000 233.000 166.000
-33.802 3.370 114.257 216.000 228.000 151.000
-33.802 3.771 114.255 187.000 201.000 126.000
-33.802 4.171 114.253 154.000 170.000 98.000
-33.402 2.570 114.254 220.000 229.000 175.000
-33.402 2.970 114.252 230.000 239.000 182.000
-33.402 3.370 114.250 228.000 238.000 172.000
-33.402 3.771 114.248 219.000 230.000 154.000
-33.402 4.171 114.246 197.000 211.000 129.000
-33.402 4.571 114.244 179.000 195.000 111.000
-33.402 4.972 114.243 156.000 170.000 100.000
-33.002 2.570 114.247 193.000 200.000 155.000
-33.002 2.970 114.245 231.000 238.000 182.000
-33.002 3.370 114.243 237.000 243.000 188.000
-33.002 3.771 114.241 234.000 241.000 178.000
-33.002 4.171 114.239 225.000 236.000 162.000
-33.002 4.571 114.237 206.000 220.000 137.000
-33.002 4.972 114.235 177.000 193.000 110.000
-33.002 5.372 114.234 76.000 85.000 46.000
-32.601 2.970 114.238 194.000 199.000 156.000
-32.601 3.370 114.236 239.000 243.000 199.000
-32.601 3.771 114.234 243.000 247.000 200.000
-32.602 4.171 114.232 237.000 243.000 188.000
-32.602 4.571 114.230 231.000 239.000 178.000
-32.602 4.972 114.228 205.000 218.000 144.000
-32.602 5.372 114.227 114.000 125.000 74.000
-32.201 3.771 114.227 245.000 246.000 214.000
-32.201 4.171 114.225 242.000 245.000 206.000
-32.201 4.571 114.223 235.000 241.000 187.000
-32.201 4.972 114.221 181.000 192.000 130.000
-31.801 4.171 114.218 209.000 210.000 184.000
-31.801 4.571 114.216 187.000 191.000 151.000
-31.801 4.972 114.214 79.000 83.000 53.000
-35.396 2.572 114.689 76.000 81.000 55.000
-34.996 2.572 114.682 149.000 160.000 103.000
-34.596 2.572 114.675 147.000 160.000 93.000
-34.596 2.972 114.673 187.000 203.000 113.000
-34.195 2.572 114.668 168.000 178.000 122.000
-34.196 2.972 114.666 203.000 218.000 136.000
-33.795 2.572 114.661 163.000 167.000 138.000
-33.795 2.972 114.659 217.000 226.000 171.000
-33.795 3.372 114.657 214.000 227.000 149.000
-33.795 3.773 114.656 200.000 213.000 137.000
-33.795 4.173 114.654 170.000 187.000 110.000
-33.795 4.573 114.652 99.000 122.000 57.000
-33.795 4.974 114.650 115.000 125.000 78.000
-33.795 5.374 114.648 114.000 120.000 87.000
-33.395 2.972 114.652 194.000 200.000 158.000
-33.395 3.372 114.650 228.000 237.000 177.000
-33.395 3.773 114.648 229.000 238.000 172.000
-33.395 4.173 114.647 220.000 232.000 160.000
-33.395 4.573 114.645 201.000 215.000 139.000
-33.395 4.974 114.643 190.000 204.000 132.000
-33.395 5.374 114.641 97.000 104.000 67.000
-32.995 3.372 114.643 234.000 240.000 192.000
-32.995 3.773 114.641 240.000 245.000 196.000
-32.995 4.173 114.639 235.000 242.000 184.000
-32.995 4.573 114.638 226.000 236.000 172.000
-32.995 4.974 114.636 205.000 219.000 142.000
-32.995 5.374 114.634 108.000 117.000 73.000
-32.594 3.772 114.634 245.000 247.000 216.000
-32.594 4.173 114.632 243.000 246.000 200.000
-32.594 4.573 114.630 236.000 242.000 184.000
-32.594 4.974 114.629 182.000 194.000 126.000
-32.194 4.573 114.623 170.000 173.000 132.000
-32.194 4.974 114.622 102.000 111.000 63.000
-34.989 2.573 115.083 166.000 178.000 116.000
-34.589 2.573 115.076 173.000 187.000 116.000
-34.188 2.573 115.068 104.000 110.000 78.000
-34.188 2.974 115.067 195.000 210.000 133.000
-33.788 2.974 115.059 173.000 184.000 129.000
-33.788 3.374 115.058 200.000 215.000 137.000
-33.788 3.774 115.056 177.000 187.000 131.000
-33.788 4.175 115.054 168.000 181.000 113.000
-33.788 4.575 115.052 162.000 176.000 105.000
-33.788 4.975 115.050 152.000 163.000 106.000
-33.388 3.374 115.051 121.000 132.000 81.000
-33.388 3.774 115.049 188.000 198.000 138.000
-33.388 4.175 115.047 213.000 226.000 157.000
-33.388 4.575 115.045 214.000 226.000 157.000
-33.388 4.975 115.043 213.000 225.000 160.000
-33.388 5.376 115.041 84.000 90.000 58.000
-32.988 3.774 115.042 212.000 219.000 173.000
-32.988 4.175 115.040 236.000 242.000 195.000
-32.988 4.575 115.038 226.000 236.000 174.000
-32.988 4.975 115.036 206.000 218.000 151.000
-32.988 5.376 115.034 76.000 82.000 54.000
-32.587 4.575 115.031 229.000 232.000 191.000
-34.582 2.575 115.476 137.000 149.000 94.000
-33.781 2.976 115.460 109.000 116.000 85.000
-33.781 3.376 115.458 201.000 216.000 145.000
-33.781 3.776 115.456 202.000 214.000 151.000
-33.781 4.177 115.454 160.000 172.000 112.000
-33.781 4.577 115.452 98.000 110.000 60.000
-33.381 4.177 115.447 90.000 98.000 61.000
-33.381 4.577 115.445 97.000 106.000 63.000
-33.381 4.977 115.443 76.000 84.000 48.000
-32.980 4.577 115.438 108.000 115.000 79.000
-33.774 4.178 115.855 169.000 182.000 123.000
-33.774 4.579 115.853 77.000 84.000 52.000
-33.767 4.180 116.255 123.000 132.000 90.000
