-14.920 0.377 72.692 111.000 129.000 67.000
-14.913 -0.022 73.094 111.000 130.000 55.000
-14.913 0.379 73.093 130.000 149.000 77.000
-14.913 0.779 73.091 144.000 159.000 100.000
-14.513 -0.022 73.087 120.000 141.000 58.000
-14.513 0.379 73.086 145.000 167.000 79.000
-14.513 0.779 73.084 160.000 179.000 99.000
-14.112 0.379 73.078 148.000 171.000 76.000
-15.306 -0.020 73.502 76.000 92.000 40.000
-15.306 0.381 73.500 85.000 102.000 49.000
-14.906 -0.420 73.497 106.000 125.000 56.000
-14.906 -0.020 73.495 110.000 132.000 55.000
-14.906 0.381 73.493 137.000 157.000 79.000
-14.906 0.781 73.491 160.000 176.000 110.000
-14.506 -0.020 73.488 140.000 160.000 78.000
-14.506 0.381 73.486 149.000 169.000 87.000
-14.506 0.781 73.484 157.000 176.000 100.000
-14.105 -0.020 73.481 145.000 165.000 79.000
-14.105 0.381 73.479 151.000 172.000 83.000
-14.105 0.781 73.477 147.000 168.000 83.000
-13.705 0.381 73.472 146.000 169.000 71.000
-13.705 0.781 73.470 136.000 160.000 69.000
-13.305 0.381 73.464 135.000 160.000 61.000
-15.299 -0.418 73.904 76.000 91.000 43.000
-15.299 -0.018 73.902 99.000 117.000 57.000
-15.299 0.382 73.900 114.000 133.000 69.000
-15.299 0.783 73.898 102.000 111.000 72.000
-14.899 -0.819 73.899 72.000 84.000 42.000
-14.899 -0.418 73.897 109.000 130.000 59.000
-14.899 -0.018 73.895 114.000 135.000 61.000
-14.899 0.382 73.893 145.000 165.000 86.000
-14.899 0.783 73.891 163.000 179.000 112.000
-14.499 -0.418 73.890 85.000 102.000 44.000
-14.499 -0.018 73.888 141.000 160.000 78.000
-14.499 0.382 73.886 152.000 170.000 89.000
-14.499 0.783 73.884 148.000 167.000 92.000
-14.098 -0.418 73.883 66.000 83.000 28.000
-14.098 -0.018 73.881 146.000 165.000 78.000
-14.098 0.382 73.879 153.000 173.000 87.000
-14.098 0.783 73.877 143.000 163.000 80.000
-13.698 -0.018 73.874 123.000 146.000 54.000
-13.698 0.382 73.872 146.000 168.000 75.000
-13.698 0.783 73.870 135.000 157.000 69.000
-13.298 -0.018 73.867 107.000 135.000 42.000
-13.298 0.382 73.865 129.000 153.000 59.000
-13.298 0.783 73.863 129.000 151.000 66.000
-12.897 0.382 73.858 116.000 141.000 51.000
-15.692 0.384 74.308 71.000 82.000 46.000
-15.292 -0.416 74.304 84.000 99.000 49.000
-15.292 -0.016 74.302 119.000 136.000 73.000
-15.292 0.384 74.301 139.000 156.000 90.000
-15.292 0.785 74.299 137.000 147.000 104.000
-14.892 -0.416 74.297 115.000 134.000 66.000
-14.892 -0.016 74.295 134.000 152.000 79.000
-14.892 0.384 74.293 147.000 165.000 86.000
-14.892 0.785 74.292 156.000 172.000 105.000
-14.892 1.185 74.290 121.000 129.000 92.000
-14.491 -0.416 74.290 87.000 107.000 41.000
-14.491 -0.016 74.288 131.000 150.000 66.000
-14.491 0.384 74.286 157.000 176.000 87.000
-14.491 0.785 74.285 146.000 165.000 84.000
-14.491 1.185 74.283 117.000 134.000 70.000
-14.091 -0.416 74.283 74.000 94.000 29.000
-14.091 -0.016 74.281 115.000 136.000 52.000
-14.091 0.384 74.279 156.000 175.000 83.000
-14.091 0.785 74.277 139.000 161.000 74.000
-13.691 -0.416 74.276 82.000 107.000 30.000
-13.691 -0.016 74.274 113.000 135.000 50.000
-13.691 0.384 74.272 144.000 164.000 76.000
-13.691 0.785 74.270 132.000 152.000 69.000
-13.291 -0.016 74.267 96.000 123.000 36.000
-13.291 0.384 74.265 127.000 149.000 62.000
-13.291 0.785 74.263 118.000 137.000 62.000
-12.890 0.384 74.258 122.000 145.000 58.000
-12.890 0.785 74.256 98.000 113.000 54.000
-12.490 0.785 74.249 108.000 122.000 64.000
-15.685 -0.014 74.710 84.000 96.000 53.000
-15.685 0.386 74.708 103.000 115.000 68.000
-15.285 -0.415 74.705 94.000 109.000 56.000
-15.285 -0.014 74.703 130.000 145.000 81.000
-15.285 0.386 74.701 149.000 164.000 97.000
-15.285 0.786 74.699 137.000 147.000 103.000
-14.885 -0.415 74.697 103.000 123.000 55.000
-14.885 -0.014 74.696 132.000 151.000 74.000
-14.885 0.386 74.694 152.000 169.000 96.000
-14.885 0.786 74.692 163.000 178.000 113.000
-14.885 1.187 74.690 105.000 114.000 74.000
-14.484 -0.815 74.692 64.000 82.000 30.000
-14.484 -0.415 74.690 111.000 133.000 56.000
-14.484 -0.014 74.689 144.000 164.000 78.000
-14.484 0.386 74.687 164.000 182.000 97.000
-14.484 0.786 74.685 149.000 168.000 87.000
-14.484 1.187 74.683 111.000 129.000 66.000
-14.084 -0.815 74.685 73.000 98.000 29.000
-14.084 -0.415 74.683 99.000 125.000 43.000
-14.084 -0.014 74.681 143.000 164.000 72.000
-14.084 0.386 74.680 160.000 180.000 86.000
-14.084 0.786 74.678 136.000 157.000 70.000
-14.084 1.187 74.676 98.000 119.000 50.000
-13.684 -0.815 74.678 85.000 115.000 31.000
-13.684 -0.415 74.676 98.000 126.000 37.000
-13.684 -0.014 74.674 122.000 147.000 52.000
-13.684 0.386 74.672 140.000 162.000 67.000
-13.684 0.786 74.671 122.000 144.000 59.000
-13.684 1.187 74.669 95.000 117.000 46.000
-13.283 -0.014 74.667 132.000 157.000 58.000
-13.283 0.386 74.665 139.000 161.000 69.000
-13.283 0.786 74.663 128.000 149.000 65.000
-13.284 1.187 74.662 97.000 117.000 49.000
-12.883 0.386 74.658 134.000 157.000 67.000
-12.883 0.786 74.656 132.000 152.000 71.000
-15.678 -0.813 75.114 71.000 80.000 42.000
-15.678 -0.413 75.112 82.000 94.000 47.000
-15.678 -0.012 75.110 93.000 105.000 58.000
-15.678 0.388 75.108 99.000 111.000 65.000
-15.278 -0.813 75.107 93.000 108.000 52.000
-15.278 -0.413 75.105 111.000 128.000 62.000
-15.278 -0.012 75.103 129.000 144.000 78.000
-15.278 0.388 75.101 145.000 160.000 94.000
-15.278 0.788 75.099 127.000 137.000 92.000
-14.877 -1.213 75.101 78.000 90.000 45.000
-14.877 -0.813 75.100 109.000 129.000 57.000
-14.877 -0.413 75.098 110.000 131.000 55.000
-14.878 -0.012 75.096 132.000 150.000 72.000
-14.878 0.388 75.094 151.000 167.000 95.000
-14.878 0.788 75.092 157.000 172.000 107.000
-14.878 1.189 75.090 111.000 123.000 74.000
-14.477 -1.213 75.094 74.000 93.000 33.000
-14.477 -0.813 75.092 91.000 115.000 41.000
-14.477 -0.413 75.091 121.000 143.000 59.000
-14.477 -0.012 75.089 149.000 168.000 81.000
-14.477 0.388 75.087 164.000 181.000 96.000
-14.477 0.788 75.085 148.000 167.000 85.000
-14.477 1.189 75.083 108.000 127.000 60.000
-14.077 -1.213 75.087 79.000 105.000 31.000
-14.077 -0.813 75.085 88.000 116.000 35.000
-14.077 -0.413 75.084 114.000 139.000 50.000
-14.077 -0.012 75.082 149.000 169.000 75.000
-14.077 0.388 75.080 166.000 185.000 92.000
-14.077 0.788 75.078 141.000 162.000 75.000
-14.077 1.189 75.076 102.000 124.000 53.000
-13.677 -0.813 75.078 89.000 119.000 31.000
-13.677 -0.413 75.076 105.000 133.000 40.000
-13.677 -0.012 75.075 135.000 159.000 61.000
-13.677 0.388 75.073 150.000 170.000 76.000
-13.677 0.788 75.071 131.000 152.000 66.000
-13.677 1.189 75.069 102.000 123.000 52.000
-13.276 -0.012 75.067 138.000 161.000 63.000
-13.276 0.388 75.066 140.000 161.000 71.000
-13.276 0.788 75.064 128.000 148.000 67.000
-13.276 1.189 75.062 100.000 120.000 51.000
-12.876 0.388 75.059 134.000 154.000 70.000
-12.876 0.788 75.057 131.000 149.000 72.000
-12.876 1.189 75.055 125.000 144.000 68.000
-12.476 1.189 75.048 144.000 159.000 90.000
-15.671 -1.612 75.518 77.000 82.000 52.000
-15.671 -1.212 75.516 145.000 158.000 93.000
-15.671 -0.811 75.514 143.000 158.000 84.000
-15.671 -0.411 75.512 110.000 124.000 62.000
-15.671 -0.011 75.510 72.000 82.000 41.000
-15.671 0.390 75.509 93.000 101.000 61.000
-15.271 -1.612 75.511 87.000 96.000 56.000
-15.271 -1.212 75.509 140.000 156.000 84.000
-15.271 -0.811 75.507 134.000 152.000 71.000
-15.271 -0.411 75.505 125.000 143.000 67.000
-15.271 -0.011 75.503 117.000 133.000 65.000
-15.271 0.390 75.501 139.000 154.000 88.000
-15.271 0.790 75.500 135.000 149.000 92.000
-14.870 -1.212 75.502 132.000 152.000 73.000
-14.870 -0.811 75.500 131.000 153.000 65.000
-14.870 -0.411 75.498 129.000 149.000 65.000
-14.870 -0.011 75.496 134.000 150.000 74.000
-14.870 0.390 75.494 150.000 165.000 93.000
-14.870 0.790 75.492 149.000 166.000 96.000
-14.870 1.191 75.491 134.000 150.000 83.000
-14.470 -1.212 75.495 98.000 122.000 42.000
-14.470 -0.811 75.493 119.000 145.000 52.000
-14.470 -0.411 75.491 132.000 154.000 62.000
-14.470 -0.011 75.489 150.000 168.000 80.000
-14.470 0.390 75.487 164.000 181.000 97.000
-14.470 0.790 75.485 144.000 163.000 81.000
-14.470 1.190 75.484 112.000 132.000 61.000
-14.070 -1.212 75.488 78.000 104.000 28.000
-14.070 -0.811 75.486 104.000 132.000 41.000
-14.070 -0.411 75.484 133.000 157.000 60.000
-14.070 -0.011 75.482 152.000 172.000 77.000
-14.070 0.390 75.480 171.000 189.000 100.000
-14.070 0.790 75.478 142.000 163.000 78.000
-14.070 1.190 75.476 111.000 133.000 58.000
-13.669 -0.811 75.479 93.000 124.000 33.000
-13.670 -0.411 75.477 127.000 152.000 54.000
-13.670 -0.011 75.475 142.000 163.000 66.000
-13.670 0.390 75.473 157.000 175.000 85.000
-13.670 0.790 75.471 141.000 160.000 78.000
-13.670 1.190 75.469 113.000 132.000 61.000
-13.269 -0.011 75.468 151.000 172.000 74.000
-13.269 0.390 75.466 128.000 140.000 74.000
-13.269 0.790 75.464 129.000 145.000 73.000
-13.269 1.190 75.462 113.000 132.000 60.000
-12.869 0.790 75.457 112.000 126.000 63.000
-12.869 1.190 75.455 129.000 147.000 69.000
-12.469 1.190 75.448 162.000 179.000 99.000
-16.464 -1.210 75.930 135.000 140.000 105.000
-16.464 -0.809 75.929 81.000 85.000 59.000
-16.064 -1.610 75.925 139.000 151.000 97.000
-16.064 -1.210 75.923 152.000 164.000 106.000
-16.064 -0.809 75.921 150.000 163.000 94.000
-15.664 -1.610 75.918 138.000 154.000 85.000
-15.664 -1.210 75.916 149.000 166.000 85.000
-15.664 -0.809 75.914 150.000 166.000 79.000
-15.664 -0.409 75.913 123.000 140.000 65.000
-15.264 -1.610 75.911 131.000 147.000 77.000
-15.264 -1.210 75.909 143.000 162.000 77.000
-15.264 -0.809 75.907 140.000 159.000 68.000
-15.264 -0.409 75.905 122.000 141.000 60.000
-15.264 -0.009 75.904 116.000 132.000 65.000
-15.264 0.392 75.902 134.000 147.000 83.000
-15.264 0.792 75.900 111.000 120.000 77.000
-14.863 -1.610 75.904 136.000 150.000 85.000
-14.863 -1.210 75.902 142.000 160.000 78.000
-14.863 -0.809 75.900 130.000 151.000 60.000
-14.863 -0.409 75.898 125.000 144.000 63.000
-14.863 -0.009 75.896 129.000 145.000 76.000
-14.863 0.392 75.895 150.000 166.000 91.000
-14.863 0.792 75.893 158.000 177.000 95.000
-14.463 -1.610 75.897 96.000 113.000 52.000
-14.463 -1.210 75.895 139.000 160.000 69.000
-14.463 -0.809 75.893 140.000 163.000 66.000
-14.463 -0.409 75.891 143.000 163.000 73.000
-14.463 -0.009 75.889 144.000 162.000 79.000
-14.463 0.392 75.888 168.000 184.000 103.000
-14.463 0.792 75.886 152.000 170.000 90.000
-14.463 1.192 75.884 120.000 140.000 67.000
-14.063 -1.210 75.888 108.000 133.000 46.000
-14.063 -0.809 75.886 140.000 164.000 63.000
-14.063 -0.409 75.884 149.000 171.000 73.000
-14.063 -0.009 75.882 152.000 172.000 78.000
-14.063 0.392 75.880 170.000 186.000 100.000
-14.063 0.792 75.879 148.000 165.000 87.000
-14.063 1.192 75.877 117.000 136.000 66.000
-13.662 -0.409 75.877 149.000 173.000 67.000
-13.662 -0.009 75.875 155.000 177.000 72.000
-13.662 0.392 75.873 165.000 182.000 92.000
-13.662 0.792 75.871 142.000 159.000 80.000
-13.662 1.192 75.870 118.000 137.000 69.000
-13.262 -0.009 75.868 162.000 182.000 80.000
-13.262 0.392 75.866 169.000 185.000 100.000
-13.262 0.792 75.864 146.000 163.000 85.000
-13.262 1.192 75.863 118.000 136.000 66.000
-12.862 0.792 75.857 148.000 162.000 92.000
-12.862 1.192 75.855 123.000 139.000 70.000
-16.858 -1.608 76.340 90.000 96.000 64.000
-16.858 -1.208 76.338 103.000 110.000 74.000
-16.457 -2.009 76.334 116.000 129.000 78.000
-16.457 -1.608 76.333 141.000 154.000 97.000
-16.457 -1.208 76.331 148.000 161.000 98.000
-16.457 -0.807 76.329 149.000 162.000 95.000
-16.057 -2.009 76.327 128.000 143.000 81.000
-16.057 -1.608 76.325 139.000 155.000 87.000
-16.057 -1.208 76.324 147.000 162.000 89.000
-16.057 -0.807 76.322 150.000 166.000 84.000
-16.057 -0.407 76.320 121.000 135.000 68.000
-15.657 -2.009 76.320 116.000 133.000 67.000
-15.657 -1.608 76.318 141.000 160.000 78.000
-15.657 -1.208 76.317 149.000 168.000 77.000
-15.657 -0.808 76.315 150.000 168.000 73.000
-15.657 -0.407 76.313 132.000 151.000 66.000
-15.657 -0.007 76.311 102.000 120.000 53.000
-15.256 -2.009 76.313 74.000 86.000 42.000
-15.256 -1.608 76.311 140.000 158.000 78.000
-15.256 -1.208 76.309 148.000 166.000 74.000
-15.256 -0.808 76.308 148.000 167.000 71.000
-15.256 -0.407 76.306 140.000 158.000 72.000
-15.256 -0.007 76.304 124.000 141.000 68.000
-15.256 0.394 76.302 134.000 149.000 85.000
-15.257 0.794 76.300 93.000 102.000 60.000
-14.856 -2.009 76.306 100.000 108.000 68.000
-14.856 -1.608 76.304 150.000 165.000 91.000
-14.856 -1.208 76.302 152.000 170.000 83.000
-14.856 -0.808 76.300 147.000 166.000 73.000
-14.856 -0.407 76.299 140.000 158.000 75.000
-14.856 -0.007 76.297 135.000 151.000 80.000
-14.856 0.394 76.295 150.000 165.000 98.000
-14.856 0.794 76.293 148.000 166.000 93.000
-14.456 -2.009 76.299 81.000 91.000 48.000
-14.456 -1.608 76.297 149.000 165.000 83.000
-14.456 -1.208 76.295 156.000 175.000 82.000
-14.456 -0.808 76.293 155.000 175.000 78.000
-14.456 -0.407 76.292 147.000 166.000 76.000
-14.456 -0.007 76.290 143.000 161.000 78.000
-14.456 0.393 76.288 167.000 184.000 107.000
-14.456 0.794 76.286 152.000 171.000 94.000
-14.056 -1.208 76.288 151.000 172.000 75.000
-14.056 -0.808 76.286 151.000 172.000 72.000
-14.056 -0.407 76.284 148.000 169.000 73.000
-14.056 -0.007 76.283 146.000 166.000 75.000
-14.056 0.393 76.281 166.000 184.000 97.000
-14.056 0.794 76.279 147.000 165.000 85.000
-14.056 1.194 76.277 120.000 140.000 68.000
-13.655 -0.407 76.277 143.000 165.000 65.000
-13.655 -0.007 76.275 144.000 164.000 69.000
-13.655 0.393 76.274 148.000 166.000 76.000
-13.655 0.794 76.272 131.000 150.000 69.000
-13.655 1.194 76.270 116.000 136.000 64.000
-13.255 -0.007 76.268 150.000 171.000 74.000
-13.255 0.393 76.266 154.000 171.000 87.000
-13.255 0.794 76.265 141.000 158.000 80.000
-13.255 1.194 76.263 122.000 140.000 70.000
-12.855 0.794 76.258 138.000 150.000 90.000
-12.855 1.194 76.256 116.000 130.000 71.000
-12.855 1.594 76.254 99.000 111.000 61.000
-16.850 -2.007 76.742 130.000 143.000 86.000
-16.850 -1.606 76.740 143.000 155.000 95.000
-16.850 -1.206 76.738 142.000 154.000 92.000
-16.850 -0.806 76.736 82.000 88.000 55.000
-16.450 -2.407 76.737 82.000 96.000 48.000
-16.450 -2.007 76.735 136.000 152.000 85.000
-16.450 -1.606 76.733 143.000 159.000 87.000
-16.450 -1.206 76.731 148.000 164.000 83.000
-16.450 -0.806 76.729 146.000 162.000 82.000
-16.450 -0.405 76.727 73.000 81.000 44.000
-16.050 -2.407 76.729 95.000 113.000 53.000
-16.050 -2.007 76.728 133.000 152.000 75.000
-16.050 -1.606 76.726 143.000 161.000 77.000
-16.050 -1.206 76.724 147.000 165.000 73.000
-16.050 -0.806 76.722 146.000 165.000 71.000
-16.050 -0.405 76.720 138.000 156.000 72.000
-15.650 -2.407 76.722 90.000 107.000 50.000
-15.650 -2.007 76.720 127.000 148.000 65.000
-15.650 -1.606 76.719 145.000 164.000 72.000
-15.650 -1.206 76.717 149.000 169.000 71.000
-15.650 -0.806 76.715 150.000 170.000 70.000
-15.650 -0.405 76.713 141.000 161.000 71.000
-15.650 -0.005 76.711 122.000 141.000 65.000
-15.249 -2.407 76.715 75.000 85.000 45.000
-15.249 -2.007 76.713 129.000 146.000 71.000
-15.249 -1.606 76.712 148.000 166.000 77.000
-15.249 -1.206 76.710 154.000 173.000 75.000
-15.249 -0.806 76.708 154.000 174.000 76.000
-15.249 -0.405 76.706 143.000 162.000 73.000
-15.249 -0.005 76.704 131.000 150.000 71.000
-15.249 0.395 76.702 106.000 119.000 67.000
-14.849 -2.407 76.708 78.000 83.000 53.000
-14.849 -2.007 76.706 137.000 148.000 88.000
-14.849 -1.606 76.704 159.000 175.000 91.000
-14.849 -1.206 76.703 161.000 180.000 84.000
-14.849 -0.806 76.701 159.000 178.000 81.000
-14.849 -0.405 76.699 147.000 165.000 77.000
-14.849 -0.005 76.697 138.000 156.000 78.000
-14.849 0.395 76.695 153.000 168.000 101.000
-14.849 0.796 76.693 146.000 163.000 93.000
-14.449 -2.007 76.699 144.000 157.000 87.000
-14.449 -1.606 76.697 162.000 179.000 93.000
-14.449 -1.206 76.695 163.000 182.000 87.000
-14.449 -0.806 76.694 160.000 180.000 80.000
-14.449 -0.405 76.692 149.000 169.000 76.000
-14.449 -0.005 76.690 134.000 153.000 69.000
-14.449 0.395 76.688 173.000 190.000 110.000
-14.449 0.796 76.686 154.000 172.000 92.000
-14.048 -1.206 76.688 157.000 176.000 81.000
-14.048 -0.806 76.687 153.000 174.000 72.000
-14.048 -0.405 76.685 145.000 166.000 70.000
-14.048 -0.005 76.683 133.000 154.000 66.000
-14.049 0.395 76.681 165.000 183.000 93.000
-14.049 0.796 76.679 149.000 168.000 84.000
-13.648 -0.405 76.678 141.000 162.000 64.000
-13.648 -0.005 76.676 142.000 163.000 71.000
-13.648 0.395 76.674 134.000 154.000 67.000
-13.648 0.796 76.672 121.000 141.000 60.000
-13.648 1.196 76.670 112.000 133.000 59.000
-13.248 -0.005 76.669 141.000 160.000 70.000
-13.248 0.395 76.667 133.000 149.000 73.000
-13.248 0.796 76.665 133.000 151.000 73.000
-13.248 1.196 76.663 125.000 144.000 71.000
-12.848 0.796 76.658 119.000 129.000 77.000
-12.848 1.196 76.656 108.000 122.000 65.000
-17.244 -2.405 77.151 82.000 91.000 55.000
-17.244 -2.005 77.149 124.000 134.000 87.000
-17.244 -1.604 77.147 124.000 131.000 92.000
-17.244 -1.204 77.146 99.000 104.000 75.000
-16.843 -2.405 77.144 124.000 139.000 78.000
-16.843 -2.005 77.142 144.000 157.000 96.000
-16.843 -1.604 77.140 153.000 166.000 101.000
-16.843 -1.204 77.138 154.000 167.000 96.000
-16.843 -0.804 77.137 111.000 122.000 65.000
-16.443 -2.405 77.137 111.000 130.000 61.000
-16.443 -2.005 77.135 144.000 160.000 85.000
-16.443 -1.604 77.133 151.000 169.000 87.000
-16.443 -1.204 77.131 155.000 172.000 79.000
-16.443 -0.804 77.129 142.000 160.000 70.000
-16.443 -0.403 77.128 84.000 94.000 47.000
-16.043 -2.405 77.130 93.000 114.000 45.000
-16.043 -2.005 77.128 130.000 149.000 64.000
-16.043 -1.604 77.126 148.000 168.000 70.000
-16.043 -1.204 77.124 152.000 173.000 65.000
-16.043 -0.804 77.122 147.000 169.000 65.000
-16.043 -0.403 77.121 126.000 146.000 61.000
-15.642 -2.405 77.123 94.000 114.000 47.000
-15.642 -2.005 77.121 138.000 159.000 67.000
-15.642 -1.605 77.119 151.000 171.000 71.000
-15.642 -1.204 77.117 154.000 174.000 68.000
-15.643 -0.804 77.115 152.000 172.000 69.000
-15.643 -0.403 77.113 141.000 161.000 69.000
-15.643 -0.003 77.112 73.000 86.000 37.000
-15.242 -2.405 77.116 93.000 106.000 52.000
-15.242 -2.005 77.114 150.000 167.000 79.000
-15.242 -1.605 77.112 160.000 177.000 81.000
-15.242 -1.204 77.110 162.000 181.000 76.000
-15.242 -0.804 77.108 161.000 181.000 77.000
-15.242 -0.403 77.106 148.000 168.000 74.000
-15.242 -0.003 77.104 87.000 105.000 40.000
-14.842 -2.405 77.108 88.000 99.000 51.000
-14.842 -2.005 77.107 156.000 170.000 91.000
-14.842 -1.605 77.105 166.000 183.000 86.000
-14.842 -1.204 77.103 173.000 191.000 81.000
-14.842 -0.804 77.101 196.000 211.000 112.000
-14.842 -0.404 77.099 141.000 159.000 70.000
-14.842 -0.003 77.097 105.000 128.000 45.000
-14.842 0.397 77.095 153.000 167.000 98.000
-14.442 -2.005 77.099 146.000 161.000 83.000
-14.442 -1.605 77.098 159.000 175.000 86.000
-14.442 -1.204 77.096 162.000 180.000 81.000
-14.442 -0.804 77.094 166.000 186.000 79.000
-14.442 -0.404 77.092 144.000 167.000 67.000
-14.442 -0.003 77.090 120.000 144.000 54.000
-14.442 0.397 77.088 172.000 189.000 105.000
-14.442 0.798 77.087 176.000 194.000 109.000
-14.041 -1.204 77.089 154.000 172.000 77.000
-14.041 -0.804 77.087 155.000 177.000 68.000
-14.041 -0.404 77.085 145.000 167.000 66.000
-14.041 -0.003 77.083 141.000 162.000 71.000
-14.041 0.397 77.081 168.000 187.000 96.000
-14.041 0.798 77.079 161.000 180.000 91.000
-13.641 -0.804 77.080 152.000 176.000 64.000
-13.641 -0.404 77.078 149.000 171.000 66.000
-13.641 -0.003 77.076 147.000 167.000 74.000
-13.641 0.397 77.074 136.000 154.000 73.000
-13.641 0.797 77.072 116.000 136.000 59.000
-13.241 -0.003 77.069 161.000 176.000 93.000
-13.241 0.397 77.067 122.000 132.000 74.000
-13.241 0.797 77.065 112.000 129.000 58.000
-13.241 1.198 77.063 111.000 131.000 57.000
-12.841 0.797 77.058 79.000 88.000 45.000
-12.841 1.198 77.056 90.000 105.000 48.000
-17.236 -2.804 77.553 94.000 104.000 62.000
-17.236 -2.403 77.551 133.000 147.000 85.000
-17.237 -2.003 77.549 140.000 153.000 90.000
-17.237 -1.603 77.548 144.000 155.000 94.000
-17.237 -1.202 77.546 91.000 96.000 61.000
-16.836 -2.804 77.546 100.000 115.000 59.000
-16.836 -2.403 77.544 126.000 144.000 68.000
-16.836 -2.003 77.542 149.000 166.000 82.000
-16.836 -1.603 77.541 151.000 166.000 88.000
-16.836 -1.202 77.539 146.000 158.000 89.000
-16.836 -0.802 77.537 95.000 103.000 57.000
-16.436 -2.804 77.539 90.000 107.000 50.000
-16.436 -2.403 77.537 125.000 145.000 63.000
-16.436 -2.003 77.535 149.000 167.000 76.000
-16.436 -1.603 77.533 153.000 171.000 80.000
-16.436 -1.202 77.532 151.000 169.000 77.000
-16.436 -0.802 77.530 143.000 158.000 78.000
-16.036 -2.804 77.532 72.000 87.000 37.000
-16.036 -2.403 77.530 125.000 147.000 60.000
-16.036 -2.003 77.528 147.000 167.000 70.000
-16.036 -1.603 77.526 151.000 172.000 69.000
-16.036 -1.202 77.524 152.000 173.000 68.000
-16.036 -0.802 77.523 151.000 169.000 75.000
-16.036 -0.402 77.521 128.000 144.000 69.000
-15.635 -2.804 77.525 78.000 92.000 42.000
-15.635 -2.403 77.523 150.000 171.000 75.000
-15.635 -2.003 77.521 158.000 179.000 72.000
-15.635 -1.603 77.519 155.000 177.000 67.000
-15.635 -1.202 77.517 154.000 175.000 65.000
-15.635 -0.802 77.516 153.000 173.000 72.000
-15.635 -0.402 77.514 148.000 168.000 73.000
-15.235 -2.804 77.518 99.000 110.000 57.000
-15.235 -2.403 77.516 162.000 179.000 88.000
-15.235 -2.003 77.514 166.000 184.000 80.000
-15.235 -1.603 77.512 163.000 182.000 74.000
-15.235 -1.202 77.510 160.000 181.000 70.000
-15.235 -0.802 77.508 158.000 178.000 76.000
-15.235 -0.402 77.507 151.000 171.000 74.000
-15.235 -0.001 77.505 98.000 119.000 43.000
-14.835 -2.804 77.511 116.000 128.000 69.000
-14.835 -2.403 77.509 165.000 181.000 94.000
-14.835 -2.003 77.507 169.000 186.000 91.000
-14.835 -1.603 77.505 167.000 186.000 82.000
-14.835 -1.202 77.503 166.000 186.000 76.000
-14.835 -0.802 77.501 167.000 186.000 84.000
-14.835 -0.402 77.499 151.000 171.000 74.000
-14.835 -0.001 77.498 129.000 152.000 60.000
-14.835 0.399 77.496 143.000 156.000 92.000
-14.434 -2.003 77.500 152.000 167.000 82.000
-14.435 -1.603 77.498 162.000 179.000 81.000
-14.435 -1.202 77.496 169.000 187.000 83.000
-14.435 -0.802 77.494 172.000 189.000 88.000
-14.435 -0.402 77.492 158.000 178.000 80.000
-14.435 -0.001 77.491 149.000 170.000 75.000
-14.435 0.399 77.489 173.000 189.000 111.000
-14.034 -1.202 77.489 177.000 194.000 92.000
-14.034 -0.802 77.487 187.000 203.000 103.000
-14.034 -0.402 77.485 179.000 195.000 98.000
-14.034 -0.001 77.483 168.000 187.000 92.000
-14.034 0.399 77.482 182.000 196.000 120.000
-14.034 0.799 77.480 169.000 188.000 100.000
-13.634 -0.802 77.480 196.000 211.000 111.000
-13.634 -0.402 77.478 201.000 215.000 125.000
-13.634 -0.001 77.476 200.000 213.000 129.000
-13.634 0.399 77.474 186.000 200.000 122.000
-13.634 0.799 77.473 157.000 174.000 93.000
-13.234 -0.001 77.469 192.000 206.000 123.000
-13.234 0.399 77.467 119.000 128.000 79.000
-13.234 0.799 77.465 105.000 117.000 62.000
-17.630 -2.802 77.961 122.000 132.000 87.000
-17.630 -2.401 77.959 139.000 150.000 96.000
-17.630 -2.001 77.957 145.000 155.000 101.000
-17.630 -1.601 77.955 80.000 85.000 57.000
-17.229 -2.802 77.953 133.000 147.000 83.000
-17.229 -2.401 77.952 139.000 154.000 81.000
-17.229 -2.001 77.950 149.000 164.000 87.000
-17.229 -1.601 77.948 153.000 166.000 94.000
-17.229 -1.200 77.946 85.000 91.000 55.000
-16.829 -2.802 77.946 113.000 132.000 60.000
-16.829 -2.401 77.945 144.000 163.000 73.000
-16.829 -2.001 77.943 157.000 176.000 79.000
-16.829 -1.601 77.941 151.000 167.000 83.000
-16.829 -1.200 77.939 115.000 124.000 68.000
-16.829 -0.800 77.937 75.000 81.000 45.000
-16.429 -2.802 77.939 112.000 132.000 54.000
-16.429 -2.401 77.937 138.000 158.000 63.000
-16.429 -2.001 77.936 154.000 174.000 73.000
-16.429 -1.601 77.934 156.000 175.000 77.000
-16.429 -1.200 77.932 152.000 169.000 75.000
-16.429 -0.800 77.930 151.000 166.000 84.000
-16.029 -2.802 77.932 124.000 144.000 60.000
-16.029 -2.401 77.930 146.000 166.000 65.000
-16.029 -2.001 77.928 155.000 175.000 72.000
-16.029 -1.601 77.927 152.000 173.000 67.000
-16.029 -1.200 77.925 155.000 176.000 67.000
-16.029 -0.800 77.923 154.000 172.000 77.000
-16.029 -0.400 77.921 131.000 146.000 69.000
-15.628 -3.202 77.927 86.000 98.000 51.000
-15.628 -2.802 77.925 156.000 174.000 84.000
-15.628 -2.402 77.923 167.000 186.000 83.000
-15.628 -2.001 77.921 164.000 184.000 72.000
-15.628 -1.601 77.920 160.000 181.000 67.000
-15.628 -1.200 77.918 157.000 179.000 65.000
-15.628 -0.800 77.916 154.000 174.000 74.000
-15.628 -0.400 77.914 153.000 172.000 75.000
-15.628 0.001 77.912 107.000 123.000 52.000
-15.228 -2.802 77.918 162.000 178.000 94.000
-15.228 -2.402 77.916 182.000 199.000 103.000
-15.228 -2.001 77.914 170.000 189.000 79.000
-15.228 -1.601 77.912 165.000 185.000 72.000
-15.228 -1.200 77.911 163.000 184.000 71.000
-15.228 -0.800 77.909 159.000 178.000 75.000
-15.228 -0.400 77.907 154.000 174.000 75.000
-15.228 0.001 77.905 146.000 168.000 71.000
-15.228 0.401 77.903 77.000 87.000 41.000
-14.828 -2.802 77.911 148.000 163.000 84.000
-14.828 -2.402 77.909 169.000 186.000 92.000
-14.828 -2.001 77.907 167.000 185.000 82.000
-14.828 -1.601 77.905 164.000 183.000 76.000
-14.828 -1.201 77.903 165.000 185.000 75.000
-14.828 -0.800 77.902 162.000 181.000 77.000
-14.828 -0.400 77.900 154.000 175.000 76.000
-14.828 0.001 77.898 145.000 167.000 70.000
-14.828 0.401 77.896 164.000 182.000 97.000
-14.427 -2.001 77.900 167.000 184.000 88.000
-14.427 -1.601 77.898 174.000 191.000 89.000
-14.427 -1.201 77.896 183.000 199.000 94.000
-14.427 -0.800 77.894 181.000 197.000 98.000
-14.427 -0.400 77.893 166.000 184.000 87.000
-14.427 0.001 77.891 152.000 173.000 75.000
-14.427 0.401 77.889 177.000 195.000 108.000
-14.027 -1.601 77.891 185.000 201.000 102.000
-14.027 -1.201 77.889 195.000 209.000 109.000
-14.027 -0.800 77.887 201.000 214.000 122.000
-14.027 -0.400 77.886 195.000 209.000 118.000
-14.027 0.001 77.884 175.000 193.000 98.000
-14.027 0.401 77.882 163.000 182.000 93.000
-13.627 -0.800 77.880 212.000 225.000 136.000
-13.627 -0.400 77.878 209.000 222.000 136.000
-13.627 0.000 77.877 203.000 217.000 132.000
-13.627 0.401 77.875 177.000 193.000 107.000
-13.627 0.801 77.873 139.000 158.000 76.000
-13.227 0.000 77.869 195.000 209.000 126.000
-13.227 0.401 77.868 121.000 133.000 72.000
-18.023 -2.800 78.368 112.000 119.000 84.000
-18.023 -2.400 78.366 132.000 140.000 95.000
-17.623 -3.200 78.363 122.000 134.000 86.000
-17.623 -2.800 78.361 138.000 151.000 92.000
-17.623 -2.400 78.359 147.000 161.000 93.000
-17.623 -1.999 78.357 153.000 165.000 98.000
-17.623 -1.599 78.355 92.000 98.000 63.000
-17.222 -3.200 78.356 117.000 132.000 72.000
-17.222 -2.800 78.354 137.000 152.000 79.000
-17.222 -2.400 78.352 149.000 166.000 80.000
-17.222 -1.999 78.350 163.000 180.000 90.000
-17.222 -1.599 78.348 151.000 165.000 86.000
-16.822 -3.200 78.349 89.000 107.000 46.000
-16.822 -2.800 78.347 140.000 160.000 71.000
-16.822 -2.400 78.345 158.000 178.000 79.000
-16.822 -1.999 78.343 166.000 184.000 86.000
-16.822 -1.599 78.341 156.000 171.000 88.000
-16.822 -1.199 78.339 83.000 91.000 46.000
-16.822 -0.798 78.337 91.000 98.000 56.000
-16.422 -3.200 78.341 83.000 101.000 41.000
-16.422 -2.800 78.340 128.000 150.000 56.000
-16.422 -2.400 78.338 154.000 174.000 68.000
-16.422 -1.999 78.336 160.000 178.000 77.000
-16.422 -1.599 78.334 160.000 178.000 77.000
-16.422 -1.199 78.332 152.000 169.000 74.000
-16.422 -0.798 78.330 148.000 164.000 80.000
-16.422 -0.398 78.328 120.000 132.000 69.000
-16.021 -3.200 78.334 77.000 92.000 36.000
-16.021 -2.800 78.332 135.000 157.000 57.000
-16.021 -2.400 78.331 154.000 175.000 65.000
-16.021 -1.999 78.329 161.000 179.000 75.000
-16.021 -1.599 78.327 157.000 176.000 68.000
-16.021 -1.199 78.325 159.000 180.000 69.000
-16.021 -0.798 78.323 156.000 175.000 74.000
-16.021 -0.398 78.321 135.000 152.000 68.000
-15.621 -3.200 78.327 136.000 153.000 75.000
-15.621 -2.800 78.325 169.000 187.000 93.000
-15.621 -2.400 78.323 174.000 192.000 89.000
-15.621 -1.999 78.322 169.000 188.000 80.000
-15.621 -1.599 78.320 165.000 185.000 73.000
-15.621 -1.199 78.318 163.000 184.000 71.000
-15.621 -0.798 78.316 157.000 175.000 78.000
-15.621 -0.398 78.314 154.000 173.000 79.000
-15.621 0.002 78.312 136.000 155.000 68.000
-15.221 -3.200 78.320 151.000 167.000 87.000
-15.221 -2.800 78.318 178.000 195.000 108.000
-15.221 -2.400 78.316 181.000 197.000 102.000
-15.221 -1.999 78.315 168.000 187.000 82.000
-15.221 -1.599 78.313 164.000 184.000 74.000
-15.221 -1.199 78.311 166.000 186.000 76.000
-15.221 -0.798 78.309 159.000 177.000 76.000
-15.221 -0.398 78.307 155.000 174.000 77.000
-15.221 0.002 78.305 154.000 175.000 80.000
-14.821 -2.800 78.311 124.000 140.000 66.000
-14.821 -2.400 78.309 153.000 171.000 79.000
-14.821 -1.999 78.307 144.000 165.000 64.000
-14.821 -1.599 78.306 161.000 180.000 76.000
-14.821 -1.199 78.304 169.000 187.000 82.000
-14.821 -0.798 78.302 160.000 180.000 72.000
-14.821 -0.398 78.300 147.000 168.000 66.000
-14.821 0.002 78.298 145.000 167.000 69.000
-14.420 -1.999 78.300 178.000 195.000 97.000
-14.420 -1.599 78.298 186.000 201.000 102.000
-14.420 -1.199 78.297 193.000 207.000 110.000
-14.420 -0.798 78.295 186.000 201.000 100.000
-14.420 -0.398 78.293 173.000 190.000 90.000
-14.420 0.002 78.291 149.000 171.000 72.000
-14.420 0.403 78.289 145.000 169.000 71.000
-14.020 -1.599 78.291 198.000 212.000 119.000
-14.020 -1.199 78.290 203.000 216.000 123.000
-14.020 -0.798 78.288 200.000 214.000 122.000
-14.020 -0.398 78.286 185.000 202.000 103.000
-14.020 0.002 78.284 163.000 184.000 84.000
-14.020 0.403 78.282 133.000 159.000 61.000
-13.620 -0.798 78.281 208.000 222.000 132.000
-13.620 -0.398 78.279 198.000 214.000 121.000
-13.620 0.002 78.277 173.000 189.000 99.000
-13.620 0.403 78.275 94.000 119.000 36.000
-13.219 0.002 78.270 142.000 152.000 91.000
-13.219 0.403 78.268 78.000 94.000 35.000
-18.016 -3.198 78.770 121.000 129.000 91.000
-18.016 -2.798 78.768 132.000 140.000 96.000
-18.016 -2.398 78.766 143.000 152.000 103.000
-18.016 -1.997 78.765 108.000 113.000 83.000
-17.615 -3.198 78.763 133.000 148.000 87.000
-17.615 -2.798 78.761 141.000 156.000 87.000
-17.615 -2.398 78.759 149.000 164.000 87.000
-17.615 -1.997 78.757 168.000 180.000 112.000
-17.615 -1.597 78.756 92.000 97.000 64.000
-17.215 -3.599 78.758 77.000 89.000 49.000
-17.215 -3.198 78.756 123.000 140.000 69.000
-17.215 -2.798 78.754 143.000 162.000 75.000
-17.215 -2.398 78.752 155.000 174.000 78.000
-17.215 -1.997 78.750 164.000 180.000 93.000
-17.215 -1.597 78.749 154.000 167.000 91.000
-16.815 -3.198 78.749 105.000 124.000 52.000
-16.815 -2.798 78.747 147.000 167.000 72.000
-16.815 -2.398 78.745 163.000 182.000 80.000
-16.815 -1.997 78.743 164.000 182.000 83.000
-16.815 -1.597 78.741 157.000 173.000 82.000
-16.815 -1.197 78.740 120.000 133.000 63.000
-16.815 -0.796 78.738 79.000 87.000 44.000
-16.415 -3.198 78.742 122.000 142.000 60.000
-16.415 -2.798 78.740 155.000 174.000 75.000
-16.415 -2.398 78.738 167.000 187.000 82.000
-16.415 -1.997 78.736 166.000 186.000 82.000
-16.415 -1.597 78.734 163.000 182.000 81.000
-16.415 -1.197 78.732 160.000 177.000 82.000
-16.415 -0.796 78.731 143.000 158.000 76.000
-16.415 -0.396 78.729 89.000 99.000 49.000
-16.014 -3.199 78.735 140.000 159.000 72.000
-16.014 -2.798 78.733 163.000 181.000 81.000
-16.014 -2.398 78.731 175.000 193.000 88.000
-16.014 -1.997 78.729 170.000 190.000 82.000
-16.014 -1.597 78.727 169.000 189.000 81.000
-16.014 -1.197 78.725 167.000 186.000 81.000
-16.014 -0.796 78.723 161.000 179.000 83.000
-16.014 -0.396 78.722 148.000 165.000 78.000
-15.614 -3.199 78.727 171.000 187.000 102.000
-15.614 -2.798 78.726 181.000 196.000 106.000
-15.614 -2.398 78.724 180.000 196.000 98.000
-15.614 -1.997 78.722 173.000 192.000 88.000
-15.614 -1.597 78.720 166.000 186.000 78.000
-15.614 -1.197 78.718 164.000 184.000 76.000
-15.614 -0.796 78.716 154.000 173.000 75.000
-15.614 -0.396 78.715 151.000 170.000 75.000
-15.614 0.004 78.713 140.000 159.000 70.000
-15.214 -3.199 78.720 141.000 155.000 82.000
-15.214 -2.798 78.719 162.000 179.000 91.000
-15.214 -2.398 78.717 172.000 189.000 92.000
-15.214 -1.997 78.715 167.000 186.000 81.000
-15.214 -1.597 78.713 167.000 187.000 79.000
-15.214 -1.197 78.711 164.000 184.000 74.000
-15.214 -0.796 78.709 150.000 170.000 68.000
-15.214 -0.396 78.707 143.000 163.000 66.000
-15.214 0.004 78.706 144.000 165.000 71.000
-14.813 -2.798 78.711 93.000 110.000 45.000
-14.813 -2.398 78.710 135.000 156.000 62.000
-14.813 -1.998 78.708 146.000 168.000 63.000
-14.813 -1.597 78.706 166.000 185.000 77.000
-14.813 -1.197 78.704 170.000 189.000 81.000
-14.813 -0.796 78.702 150.000 171.000 65.000
-14.814 -0.396 78.700 142.000 163.000 64.000
-14.814 0.004 78.698 139.000 161.000 68.000
-14.413 -2.398 78.702 100.000 109.000 56.000
-14.413 -1.998 78.701 189.000 204.000 113.000
-14.413 -1.597 78.699 189.000 204.000 106.000
-14.413 -1.197 78.697 192.000 208.000 107.000
-14.413 -0.796 78.695 175.000 194.000 88.000
-14.413 -0.396 78.693 161.000 182.000 77.000
-14.413 0.004 78.691 151.000 175.000 71.000
-14.013 -1.597 78.692 198.000 212.000 122.000
-14.013 -1.197 78.690 193.000 208.000 112.000
-14.013 -0.796 78.688 186.000 202.000 102.000
-14.013 -0.396 78.686 174.000 193.000 91.000
-14.013 0.004 78.684 152.000 174.000 73.000
-14.013 0.405 78.682 144.000 168.000 69.000
-13.613 -0.797 78.681 167.000 185.000 88.000
-13.613 -0.396 78.679 162.000 181.000 89.000
-13.613 0.004 78.677 150.000 168.000 84.000
-13.613 0.405 78.675 129.000 151.000 63.000
-13.212 0.004 78.670 77.000 83.000 52.000
-18.009 -3.197 79.170 133.000 142.000 97.000
-18.009 -2.796 79.169 139.000 149.000 96.000
-18.009 -2.396 79.167 143.000 154.000 95.000
-18.009 -1.996 79.165 96.000 102.000 67.000
-17.608 -3.597 79.165 108.000 119.000 73.000
-17.608 -3.197 79.163 136.000 150.000 85.000
-17.608 -2.796 79.161 144.000 159.000 84.000
-17.608 -2.396 79.160 157.000 172.000 89.000
-17.608 -1.996 79.158 159.000 173.000 98.000
-17.608 -1.595 79.156 92.000 98.000 60.000
-17.208 -3.597 79.158 102.000 116.000 63.000
-17.208 -3.197 79.156 123.000 140.000 64.000
-17.208 -2.796 79.154 147.000 165.000 74.000
-17.208 -2.396 79.152 162.000 180.000 81.000
-17.208 -1.996 79.151 166.000 182.000 95.000
-17.208 -1.595 79.149 158.000 173.000 94.000
-17.208 -1.195 79.147 78.000 87.000 43.000
-16.808 -3.597 79.151 99.000 114.000 58.000
-16.808 -3.197 79.149 127.000 147.000 63.000
-16.808 -2.796 79.147 153.000 172.000 76.000
-16.808 -2.396 79.145 165.000 185.000 83.000
-16.808 -1.996 79.144 169.000 187.000 93.000
-16.808 -1.595 79.142 162.000 179.000 89.000
-16.808 -1.195 79.140 155.000 170.000 86.000
-16.808 -0.795 79.138 115.000 126.000 67.000
-16.407 -3.597 79.144 103.000 117.000 59.000
-16.407 -3.197 79.142 146.000 165.000 76.000
-16.407 -2.796 79.140 161.000 180.000 82.000
-16.407 -2.396 79.138 175.000 194.000 91.000
-16.407 -1.996 79.136 169.000 189.000 86.000
-16.408 -1.595 79.135 164.000 183.000 83.000
-16.408 -1.195 79.133 161.000 179.000 84.000
-16.408 -0.795 79.131 156.000 174.000 82.000
-16.408 -0.394 79.129 128.000 144.000 65.000
-16.007 -3.197 79.135 164.000 181.000 89.000
-16.007 -2.796 79.133 178.000 195.000 100.000
-16.007 -2.396 79.131 178.000 196.000 94.000
-16.007 -1.996 79.129 168.000 189.000 80.000
-16.007 -1.595 79.127 165.000 185.000 78.000
-16.007 -1.195 79.126 166.000 185.000 82.000
-16.007 -0.795 79.124 162.000 182.000 79.000
-16.007 -0.394 79.122 154.000 175.000 72.000
-16.007 0.006 79.120 136.000 160.000 61.000
-15.607 -3.197 79.128 170.000 184.000 103.000
-15.607 -2.796 79.126 172.000 187.000 101.000
-15.607 -2.396 79.124 174.000 191.000 95.000
-15.607 -1.996 79.122 167.000 187.000 83.000
-15.607 -1.595 79.120 165.000 184.000 79.000
-15.607 -1.195 79.119 163.000 183.000 77.000
-15.607 -0.795 79.117 158.000 179.000 74.000
-15.607 -0.394 79.115 151.000 174.000 70.000
-15.207 -3.197 79.121 83.000 93.000 47.000
-15.207 -2.796 79.119 114.000 128.000 64.000
-15.207 -2.396 79.117 158.000 175.000 85.000
-15.207 -1.996 79.115 166.000 184.000 81.000
-15.207 -1.595 79.113 166.000 185.000 79.000
-15.207 -1.195 79.111 165.000 185.000 78.000
-15.207 -0.795 79.110 152.000 173.000 69.000
-15.207 -0.394 79.108 145.000 167.000 66.000
-15.207 0.006 79.106 133.000 157.000 60.000
-14.806 -2.396 79.110 132.000 146.000 72.000
-14.806 -1.996 79.108 156.000 176.000 73.000
-14.806 -1.595 79.106 169.000 188.000 80.000
-14.806 -1.195 79.104 168.000 188.000 79.000
-14.806 -0.795 79.102 152.000 173.000 69.000
-14.806 -0.394 79.101 136.000 159.000 62.000
-14.806 0.006 79.099 127.000 150.000 60.000
-14.406 -2.396 79.103 113.000 122.000 67.000
-14.406 -1.996 79.101 184.000 200.000 111.000
-14.406 -1.595 79.099 179.000 196.000 96.000
-14.406 -1.195 79.097 173.000 193.000 86.000
-14.406 -0.795 79.095 164.000 184.000 79.000
-14.406 -0.394 79.093 150.000 172.000 71.000
-14.406 0.006 79.092 136.000 160.000 63.000
-14.006 -1.595 79.092 181.000 198.000 103.000
-14.006 -1.195 79.090 168.000 187.000 85.000
-14.006 -0.795 79.088 166.000 186.000 83.000
-14.006 -0.394 79.086 154.000 176.000 76.000
-14.006 0.006 79.085 141.000 164.000 69.000
-13.606 -0.795 79.081 143.000 165.000 71.000
-13.606 -0.394 79.079 133.000 153.000 69.000
-13.606 0.006 79.077 114.000 129.000 66.000
-13.606 0.406 79.076 75.000 92.000 35.000
-18.402 -2.794 79.576 116.000 122.000 88.000
-18.402 -2.394 79.574 97.000 103.000 69.000
-18.001 -3.195 79.571 141.000 152.000 101.000
-18.002 -2.794 79.569 145.000 158.000 97.000
-18.002 -2.394 79.567 150.000 163.000 95.000
-18.002 -1.994 79.565 110.000 119.000 70.000
-17.601 -3.595 79.565 115.000 124.000 77.000
-17.601 -3.195 79.564 141.000 155.000 85.000
-17.601 -2.794 79.562 153.000 168.000 90.000
-17.601 -2.394 79.560 161.000 177.000 93.000
-17.601 -1.994 79.558 157.000 172.000 93.000
-17.601 -1.593 79.556 89.000 96.000 54.000
-17.201 -3.595 79.558 127.000 140.000 79.000
-17.201 -3.195 79.556 137.000 154.000 74.000
-17.201 -2.794 79.555 156.000 174.000 83.000
-17.201 -2.394 79.553 168.000 185.000 89.000
-17.201 -1.994 79.551 171.000 187.000 99.000
-17.201 -1.593 79.549 160.000 175.000 93.000
-17.201 -1.193 79.547 77.000 85.000 44.000
-16.801 -3.595 79.551 137.000 151.000 85.000
-16.801 -3.195 79.549 146.000 163.000 78.000
-16.801 -2.794 79.548 159.000 179.000 80.000
-16.801 -2.394 79.546 170.000 190.000 86.000
-16.801 -1.994 79.544 175.000 193.000 101.000
-16.801 -1.593 79.542 169.000 186.000 96.000
-16.801 -1.193 79.540 160.000 177.000 89.000
-16.801 -0.793 79.538 125.000 138.000 70.000
-16.400 -3.595 79.544 144.000 158.000 86.000
-16.400 -3.195 79.542 161.000 179.000 90.000
-16.400 -2.794 79.540 170.000 188.000 92.000
-16.400 -2.394 79.539 174.000 193.000 90.000
-16.400 -1.994 79.537 170.000 189.000 88.000
-16.400 -1.593 79.535 165.000 184.000 84.000
-16.400 -1.193 79.533 161.000 179.000 82.000
-16.400 -0.793 79.531 153.000 172.000 77.000
-16.400 -0.392 79.529 140.000 161.000 64.000
-16.000 -3.595 79.537 152.000 168.000 88.000
-16.000 -3.195 79.535 181.000 197.000 111.000
-16.000 -2.794 79.533 181.000 198.000 105.000
-16.000 -2.394 79.531 175.000 192.000 92.000
-16.000 -1.994 79.530 163.000 184.000 75.000
-16.000 -1.593 79.528 163.000 183.000 76.000
-16.000 -1.193 79.526 147.000 164.000 71.000
-16.000 -0.793 79.524 160.000 181.000 72.000
-16.000 -0.392 79.522 148.000 173.000 62.000
-15.600 -3.595 79.530 92.000 109.000 44.000
-15.600 -3.195 79.528 125.000 139.000 72.000
-15.600 -2.794 79.526 135.000 149.000 75.000
-15.600 -2.394 79.524 150.000 167.000 78.000
-15.600 -1.994 79.522 162.000 181.000 78.000
-15.600 -1.593 79.521 163.000 183.000 78.000
-15.600 -1.193 79.519 159.000 179.000 76.000
-15.600 -0.793 79.517 159.000 181.000 72.000
-15.600 -0.392 79.515 143.000 168.000 59.000
-15.600 0.008 79.513 109.000 138.000 41.000
-15.200 -2.394 79.517 106.000 116.000 60.000
-15.200 -1.994 79.515 164.000 183.000 81.000
-15.200 -1.593 79.514 164.000 184.000 79.000
-15.200 -1.193 79.512 165.000 185.000 79.000
-15.200 -0.793 79.510 156.000 177.000 72.000
-15.200 -0.392 79.508 143.000 167.000 64.000
-14.799 -2.394 79.510 110.000 117.000 72.000
-14.799 -1.994 79.508 161.000 178.000 83.000
-14.799 -1.593 79.506 168.000 187.000 80.000
-14.799 -1.193 79.505 162.000 183.000 75.000
-14.799 -0.793 79.503 151.000 172.000 70.000
-14.799 -0.392 79.501 131.000 155.000 60.000
-14.399 -2.394 79.503 114.000 116.000 77.000
-14.399 -1.994 79.501 169.000 183.000 100.000
-14.399 -1.593 79.499 165.000 185.000 83.000
-14.399 -1.193 79.497 158.000 179.000 72.000
-14.399 -0.793 79.496 149.000 171.000 69.000
-14.399 -0.392 79.494 135.000 159.000 63.000
-14.399 0.008 79.492 127.000 151.000 60.000
-13.999 -1.994 79.494 152.000 163.000 100.000
-13.999 -1.593 79.492 159.000 179.000 83.000
-13.999 -1.193 79.490 146.000 168.000 67.000
-13.999 -0.793 79.489 141.000 164.000 66.000
-13.999 -0.392 79.487 129.000 153.000 61.000
-13.999 0.008 79.485 112.000 135.000 52.000
-13.598 -1.193 79.483 111.000 135.000 51.000
-13.598 -0.793 79.481 112.000 136.000 52.000
-13.598 -0.392 79.480 104.000 125.000 51.000
-18.395 -3.193 79.978 100.000 104.000 77.000
-18.395 -2.793 79.976 137.000 146.000 98.000
-18.395 -2.392 79.974 124.000 133.000 80.000
-17.994 -3.593 79.973 114.000 120.000 86.000
-17.994 -3.193 79.971 151.000 163.000 102.000
-17.994 -2.793 79.969 152.000 166.000 100.000
-17.994 -2.392 79.967 161.000 176.000 105.000
-17.994 -1.992 79.965 141.000 154.000 87.000
-17.594 -3.593 79.966 138.000 148.000 95.000
-17.594 -3.193 79.964 148.000 161.000 91.000
-17.594 -2.793 79.962 156.000 172.000 95.000
-17.594 -2.392 79.960 163.000 180.000 96.000
-17.594 -1.992 79.958 172.000 187.000 106.000
-17.594 -1.592 79.956 112.000 122.000 68.000
-17.194 -3.593 79.959 147.000 159.000 99.000
-17.194 -3.193 79.957 152.000 168.000 92.000
-17.194 -2.793 79.955 162.000 179.000 92.000
-17.194 -2.392 79.953 173.000 191.000 96.000
-17.194 -1.992 79.951 178.000 195.000 106.000
-17.194 -1.592 79.949 170.000 187.000 99.000
-17.194 -1.191 79.948 83.000 90.000 47.000
-16.794 -3.593 79.951 159.000 170.000 108.000
-16.794 -3.193 79.950 169.000 185.000 99.000
-16.794 -2.793 79.948 174.000 192.000 89.000
-16.794 -2.392 79.946 180.000 199.000 89.000
-16.794 -1.992 79.944 175.000 193.000 93.000
-16.794 -1.592 79.942 168.000 187.000 87.000
-16.794 -1.191 79.940 132.000 147.000 66.000
-16.794 -0.791 79.939 121.000 139.000 58.000
-16.393 -3.593 79.944 161.000 176.000 101.000
-16.393 -3.193 79.943 176.000 193.000 105.000
-16.393 -2.793 79.941 171.000 188.000 91.000
-16.393 -2.392 79.939 178.000 196.000 93.000
-16.393 -1.992 79.937 170.000 190.000 85.000
-16.393 -1.592 79.935 170.000 191.000 85.000
-16.393 -1.191 79.933 167.000 188.000 83.000
-16.393 -0.791 79.931 157.000 178.000 76.000
-16.393 -0.391 79.930 135.000 158.000 59.000
-15.993 -3.593 79.937 145.000 162.000 81.000
-15.993 -3.193 79.935 164.000 182.000 93.000
-15.993 -2.793 79.934 165.000 182.000 92.000
-15.993 -2.392 79.932 166.000 184.000 89.000
-15.993 -1.992 79.930 166.000 186.000 80.000
-15.993 -1.592 79.928 164.000 186.000 75.000
-15.993 -1.191 79.926 168.000 189.000 79.000
-15.993 -0.791 79.924 151.000 171.000 71.000
-15.993 -0.391 79.922 117.000 138.000 50.000
-15.593 -3.193 79.928 79.000 86.000 48.000
-15.593 -2.793 79.926 133.000 149.000 74.000
-15.593 -2.392 79.925 156.000 174.000 82.000
-15.593 -1.992 79.923 161.000 180.000 79.000
-15.593 -1.592 79.921 160.000 181.000 74.000
-15.593 -1.191 79.919 157.000 180.000 71.000
-15.593 -0.791 79.917 138.000 164.000 58.000
-15.593 -0.391 79.915 107.000 134.000 42.000
-15.192 -2.392 79.918 138.000 155.000 72.000
-15.192 -1.992 79.916 158.000 177.000 75.000
-15.192 -1.592 79.914 156.000 178.000 70.000
-15.192 -1.191 79.912 144.000 168.000 60.000
-15.192 -0.791 79.910 123.000 150.000 50.000
-15.192 -0.391 79.908 116.000 143.000 49.000
-15.192 0.010 79.906 112.000 138.000 48.000
-14.792 -2.392 79.910 124.000 136.000 74.000
-14.792 -1.992 79.909 165.000 184.000 83.000
-14.792 -1.592 79.907 158.000 179.000 71.000
-14.792 -1.191 79.905 130.000 157.000 50.000
-14.792 -0.791 79.903 110.000 137.000 42.000
-14.792 -0.391 79.901 114.000 140.000 48.000
-14.792 0.010 79.899 131.000 156.000 61.000
-14.392 -2.392 79.903 85.000 89.000 52.000
-14.392 -1.992 79.901 158.000 174.000 89.000
-14.392 -1.592 79.900 154.000 174.000 76.000
-14.392 -1.191 79.898 136.000 160.000 59.000
-14.392 -0.791 79.896 115.000 141.000 50.000
-14.392 -0.391 79.894 116.000 141.000 53.000
-13.992 -1.992 79.894 109.000 117.000 71.000
-13.992 -1.592 79.892 145.000 165.000 75.000
-13.992 -1.191 79.891 117.000 141.000 53.000
-13.992 -0.791 79.889 111.000 135.000 51.000
-13.992 -0.391 79.887 107.000 130.000 50.000
-13.992 0.010 79.885 101.000 125.000 46.000
-13.591 -1.191 79.884 73.000 95.000 31.000
-13.591 -0.791 79.882 99.000 121.000 49.000
-13.591 -0.391 79.880 69.000 86.000 33.000
-18.388 -3.191 80.378 116.000 120.000 89.000
-18.388 -2.791 80.377 129.000 137.000 92.000
-18.388 -2.390 80.375 113.000 121.000 78.000
-17.987 -3.591 80.373 114.000 118.000 86.000
-17.987 -3.191 80.371 154.000 165.000 106.000
-17.987 -2.791 80.369 160.000 173.000 105.000
-17.987 -2.390 80.368 167.000 181.000 109.000
-17.987 -1.990 80.366 91.000 96.000 63.000
-17.587 -3.591 80.366 144.000 153.000 103.000
-17.587 -3.191 80.364 158.000 170.000 101.000
-17.587 -2.791 80.362 168.000 182.000 103.000
-17.587 -2.390 80.360 181.000 196.000 114.000
-17.587 -1.990 80.359 181.000 193.000 120.000
-17.587 -1.590 80.357 99.000 108.000 60.000
-17.187 -3.591 80.359 154.000 164.000 106.000
-17.187 -3.191 80.357 162.000 176.000 99.000
-17.187 -2.791 80.355 175.000 190.000 103.000
-17.187 -2.390 80.353 183.000 199.000 106.000
-17.187 -1.990 80.351 183.000 199.000 107.000
-17.187 -1.590 80.350 162.000 180.000 87.000
-17.187 -1.189 80.348 81.000 92.000 40.000
-16.786 -3.591 80.352 164.000 175.000 111.000
-16.786 -3.191 80.350 171.000 186.000 104.000
-16.786 -2.791 80.348 177.000 193.000 101.000
-16.786 -2.390 80.346 182.000 198.000 98.000
-16.786 -1.990 80.344 180.000 198.000 96.000
-16.786 -1.590 80.343 177.000 196.000 93.000
-16.786 -1.189 80.341 145.000 163.000 72.000
-16.787 -0.789 80.339 96.000 111.000 46.000
-16.386 -3.591 80.345 126.000 139.000 79.000
-16.386 -3.191 80.343 159.000 176.000 92.000
-16.386 -2.791 80.341 164.000 181.000 90.000
-16.386 -2.390 80.339 171.000 188.000 90.000
-16.386 -1.990 80.337 176.000 194.000 92.000
-16.386 -1.590 80.335 173.000 193.000 88.000
-16.386 -1.189 80.334 167.000 188.000 83.000
-16.386 -0.789 80.332 125.000 145.000 59.000
-15.986 -3.591 80.338 75.000 87.000 42.000
-15.986 -3.191 80.336 140.000 157.000 79.000
-15.986 -2.791 80.334 148.000 166.000 80.000
-15.986 -2.390 80.332 160.000 177.000 86.000
-15.986 -1.990 80.330 172.000 191.000 91.000
-15.986 -1.590 80.328 172.000 192.000 89.000
-15.986 -1.189 80.326 166.000 187.000 82.000
-15.986 -0.789 80.325 135.000 157.000 61.000
-15.986 -0.389 80.323 107.000 129.000 45.000
-15.586 -3.191 80.329 80.000 92.000 47.000
-15.586 -2.791 80.327 127.000 142.000 70.000
-15.586 -2.390 80.325 160.000 176.000 88.000
-15.586 -1.990 80.323 174.000 191.000 95.000
-15.586 -1.590 80.321 173.000 192.000 91.000
-15.586 -1.189 80.319 166.000 188.000 82.000
-15.586 -0.789 80.318 126.000 150.000 53.000
-15.586 -0.389 80.316 71.000 93.000 25.000
-15.185 -2.791 80.320 93.000 105.000 52.000
-15.185 -2.390 80.318 154.000 170.000 84.000
-15.185 -1.990 80.316 170.000 188.000 92.000
-15.185 -1.590 80.314 164.000 185.000 83.000
-15.185 -1.189 80.312 155.000 178.000 71.000
-15.185 -0.789 80.310 99.000 125.000 37.000
-15.185 -0.389 80.309 63.000 85.000 21.000
-14.785 -2.390 80.311 147.000 163.000 80.000
-14.785 -1.990 80.309 166.000 184.000 92.000
-14.785 -1.590 80.307 152.000 174.000 71.000
-14.785 -1.189 80.305 132.000 159.000 54.000
-14.785 -0.789 80.303 79.000 105.000 26.000
-14.785 -0.389 80.301 60.000 82.000 18.000
-14.785 0.012 80.300 80.000 106.000 28.000
-14.385 -2.390 80.304 76.000 85.000 41.000
-14.385 -1.990 80.302 144.000 160.000 82.000
-14.385 -1.590 80.300 142.000 163.000 72.000
-14.385 -1.189 80.298 121.000 146.000 53.000
-14.385 -0.789 80.296 88.000 114.000 34.000
-14.385 -0.389 80.294 76.000 100.000 29.000
-14.385 0.012 80.293 90.000 112.000 39.000
-13.984 -1.990 80.295 77.000 87.000 43.000
-13.984 -1.590 80.293 92.000 109.000 46.000
-13.984 -1.189 80.291 97.000 120.000 44.000
-13.984 -0.789 80.289 71.000 94.000 29.000
-13.985 -0.389 80.287 64.000 82.000 27.000
-18.380 -3.189 80.779 119.000 123.000 92.000
-18.380 -2.789 80.777 126.000 131.000 95.000
-18.380 -2.388 80.775 92.000 97.000 64.000
-17.980 -3.590 80.773 117.000 121.000 89.000
-17.980 -3.189 80.772 166.000 175.000 118.000
-17.980 -2.789 80.770 172.000 184.000 118.000
-17.980 -2.388 80.768 185.000 197.000 127.000
-17.980 -1.988 80.766 95.000 101.000 66.000
-17.580 -3.590 80.766 148.000 154.000 107.000
-17.580 -3.189 80.764 171.000 182.000 113.000
-17.580 -2.789 80.763 185.000 198.000 124.000
-17.580 -2.389 80.761 186.000 199.000 119.000
-17.580 -1.988 80.759 177.000 191.000 110.000
-17.580 -1.588 80.757 118.000 132.000 65.000
-17.580 -1.187 80.755 89.000 102.000 45.000
-17.180 -3.590 80.759 156.000 164.000 108.000
-17.180 -3.189 80.757 172.000 184.000 109.000
-17.180 -2.789 80.755 184.000 197.000 118.000
-17.180 -2.389 80.754 190.000 204.000 119.000
-17.180 -1.988 80.752 181.000 197.000 104.000
-17.180 -1.588 80.750 160.000 180.000 81.000
-17.180 -1.187 80.748 112.000 130.000 52.000
-16.779 -3.590 80.752 150.000 161.000 98.000
-16.779 -3.189 80.750 165.000 179.000 102.000
-16.779 -2.789 80.748 173.000 188.000 105.000
-16.779 -2.389 80.747 180.000 195.000 105.000
-16.779 -1.988 80.745 184.000 202.000 101.000
-16.779 -1.588 80.743 177.000 197.000 91.000
-16.779 -1.187 80.741 133.000 151.000 63.000
-16.379 -3.189 80.743 146.000 162.000 85.000
-16.379 -2.789 80.741 157.000 173.000 89.000
-16.379 -2.389 80.739 173.000 188.000 99.000
-16.379 -1.988 80.738 179.000 196.000 96.000
-16.379 -1.588 80.736 178.000 197.000 95.000
-16.379 -1.188 80.734 165.000 186.000 82.000
-15.979 -3.189 80.736 115.000 129.000 66.000
-15.979 -2.789 80.734 146.000 162.000 82.000
-15.979 -2.389 80.732 165.000 180.000 94.000
-15.979 -1.988 80.730 177.000 194.000 99.000
-15.979 -1.588 80.729 170.000 189.000 90.000
-15.979 -1.188 80.727 159.000 181.000 79.000
-15.979 -0.787 80.725 78.000 100.000 28.000
-15.578 -3.189 80.729 89.000 101.000 53.000
-15.578 -2.789 80.727 125.000 138.000 72.000
-15.578 -2.389 80.725 165.000 180.000 95.000
-15.578 -1.988 80.723 178.000 194.000 103.000
-15.579 -1.588 80.722 181.000 199.000 104.000
-15.579 -1.188 80.720 170.000 191.000 89.000
-15.579 -0.787 80.718 98.000 121.000 37.000
-15.178 -2.789 80.720 75.000 82.000 45.000
-15.178 -2.389 80.718 158.000 174.000 90.000
-15.178 -1.988 80.716 171.000 188.000 97.000
-15.178 -1.588 80.714 165.000 185.000 87.000
-15.178 -1.188 80.713 156.000 179.000 77.000
-14.778 -2.389 80.711 126.000 138.000 68.000
-14.778 -1.988 80.709 161.000 179.000 93.000
-14.778 -1.588 80.707 147.000 169.000 74.000
-14.778 -1.188 80.705 127.000 153.000 56.000
-14.378 -1.988 80.702 96.000 111.000 49.000
-14.378 -1.588 80.700 98.000 116.000 48.000
-14.378 -1.188 80.698 84.000 104.000 36.000
-18.373 -3.187 81.179 155.000 161.000 120.000
-18.373 -2.787 81.177 143.000 147.000 112.000
-17.973 -3.588 81.174 134.000 138.000 102.000
-17.973 -3.187 81.172 198.000 203.000 158.000
-17.973 -2.787 81.170 201.000 209.000 155.000
-17.973 -2.387 81.168 192.000 204.000 134.000
-17.973 -1.986 81.166 131.000 145.000 71.000
-17.973 -1.586 81.164 94.000 106.000 52.000
-17.573 -3.588 81.167 154.000 158.000 117.000
-17.573 -3.187 81.165 207.000 213.000 163.000
-17.573 -2.787 81.163 203.000 212.000 154.000
-17.573 -2.387 81.161 189.000 201.000 128.000
-17.573 -1.986 81.159 159.000 175.000 91.000
-17.573 -1.586 81.157 138.000 156.000 72.000
-17.573 -1.186 81.155 88.000 101.000 44.000
-17.172 -3.588 81.159 154.000 161.000 110.000
-17.172 -3.187 81.158 184.000 193.000 132.000
-17.173 -2.787 81.156 187.000 198.000 131.000
-17.173 -2.387 81.154 183.000 196.000 119.000
-17.173 -1.986 81.152 172.000 188.000 103.000
-17.173 -1.586 81.150 156.000 177.000 84.000
-17.173 -1.186 81.148 129.000 149.000 63.000
-16.772 -3.588 81.152 94.000 103.000 61.000
-16.772 -3.187 81.150 149.000 161.000 96.000
-16.772 -2.787 81.149 164.000 177.000 105.000
-16.772 -2.387 81.147 179.000 193.000 112.000
-16.772 -1.986 81.145 186.000 202.000 111.000
-16.772 -1.586 81.143 176.000 195.000 96.000
-16.772 -1.186 81.141 84.000 95.000 40.000
-16.372 -3.187 81.143 101.000 113.000 63.000
-16.372 -2.787 81.142 170.000 182.000 111.000
-16.372 -2.387 81.140 193.000 205.000 130.000
-16.372 -1.986 81.138 187.000 203.000 113.000
-16.372 -1.586 81.136 173.000 192.000 93.000
-16.372 -1.186 81.134 136.000 153.000 71.000
-15.972 -2.787 81.134 144.000 154.000 97.000
-15.972 -2.387 81.133 187.000 197.000 118.000
-15.972 -1.986 81.131 178.000 195.000 103.000
-15.972 -1.586 81.129 166.000 185.000 90.000
-15.972 -1.186 81.127 145.000 166.000 75.000
-15.571 -2.787 81.127 119.000 131.000 74.000
-15.571 -2.387 81.125 164.000 177.000 101.000
-15.571 -1.986 81.124 163.000 180.000 89.000
-15.571 -1.586 81.122 161.000 181.000 86.000
-15.571 -1.186 81.120 155.000 177.000 80.000
-15.571 -0.785 81.118 71.000 92.000 24.000
-15.171 -2.387 81.118 145.000 156.000 86.000
-15.171 -1.986 81.117 151.000 168.000 82.000
-15.171 -1.586 81.115 149.000 169.000 79.000
-15.171 -1.186 81.113 131.000 151.000 67.000
-14.771 -1.986 81.109 127.000 145.000 69.000
-14.771 -1.586 81.108 117.000 136.000 60.000
-14.771 -1.186 81.106 73.000 89.000 33.000
-18.366 -3.185 81.579 223.000 224.000 193.000
-18.366 -2.785 81.577 179.000 181.000 154.000
-17.966 -3.586 81.574 224.000 226.000 190.000
-17.966 -3.185 81.572 230.000 232.000 195.000
-17.966 -2.785 81.570 223.000 227.000 184.000
-17.966 -2.385 81.568 145.000 151.000 110.000
-17.566 -3.586 81.567 216.000 221.000 176.000
-17.566 -3.186 81.565 209.000 215.000 165.000
-17.566 -2.785 81.563 211.000 217.000 167.000
-17.566 -2.385 81.561 186.000 194.000 140.000
-17.566 -1.984 81.559 143.000 154.000 96.000
-17.566 -1.584 81.558 113.000 125.000 66.000
-17.165 -3.586 81.560 161.000 171.000 113.000
-17.165 -3.186 81.558 180.000 190.000 128.000
-17.165 -2.785 81.556 176.000 185.000 125.000
-17.165 -2.385 81.554 194.000 202.000 143.000
-17.165 -1.984 81.552 186.000 198.000 130.000
-17.165 -1.584 81.551 139.000 155.000 79.000
-16.765 -3.186 81.551 121.000 130.000 80.000
-16.765 -2.785 81.549 170.000 178.000 118.000
-16.765 -2.385 81.547 185.000 195.000 132.000
-16.765 -1.984 81.545 190.000 203.000 134.000
-16.765 -1.584 81.543 149.000 166.000 87.000
-16.365 -2.785 81.542 128.000 135.000 89.000
-16.365 -2.385 81.540 183.000 194.000 129.000
-16.365 -1.985 81.538 180.000 194.000 121.000
-16.365 -1.584 81.536 135.000 148.000 80.000
-15.965 -2.385 81.533 157.000 169.000 102.000
-15.965 -1.985 81.531 161.000 177.000 99.000
-15.965 -1.584 81.529 145.000 163.000 81.000
-15.965 -1.184 81.527 82.000 95.000 40.000
-15.564 -2.385 81.526 132.000 144.000 82.000
-15.564 -1.985 81.524 144.000 161.000 81.000
-15.564 -1.584 81.522 139.000 158.000 76.000
-15.564 -1.184 81.520 92.000 109.000 43.000
-15.164 -2.385 81.519 109.000 120.000 71.000
-15.164 -1.985 81.517 139.000 156.000 83.000
-15.164 -1.584 81.515 129.000 147.000 72.000
-14.764 -1.985 81.510 91.000 99.000 63.000
-14.764 -1.584 81.508 101.000 111.000 68.000
-18.359 -3.584 81.981 231.000 231.000 204.000
-18.359 -3.184 81.979 215.000 216.000 187.000
-17.959 -3.984 81.976 206.000 208.000 180.000
-17.959 -3.584 81.974 229.000 232.000 197.000
-17.959 -3.184 81.972 202.000 204.000 173.000
-17.559 -3.984 81.969 126.000 131.000 94.000
-17.559 -3.584 81.967 200.000 206.000 156.000
-17.158 -3.584 81.960 82.000 92.000 50.000
-17.158 -1.983 81.953 76.000 81.000 52.000
-16.358 -1.983 81.938 100.000 108.000 68.000
-15.957 -1.983 81.931 103.000 114.000 66.000
-15.557 -1.983 81.924 103.000 117.000 61.000
-15.157 -1.983 81.917 73.000 82.000 46.000
-18.352 -3.582 82.382 215.000 216.000 183.000
-17.952 -3.982 82.376 223.000 224.000 194.000
-17.952 -3.582 82.375 190.000 194.000 150.000
-17.551 -3.983 82.369 121.000 129.000 86.000
