8.805 -1.017 129.242 75.000 80.000 44.000
9.338 -1.018 129.273 105.000 116.000 45.000
9.336 -0.485 129.309 84.000 90.000 42.000
9.869 -0.487 129.340 70.000 86.000 25.000
8.774 -1.053 129.773 98.000 102.000 58.000
9.308 -1.587 129.768 84.000 101.000 28.000
9.306 -1.054 129.804 106.000 117.000 44.000
9.305 -0.522 129.841 86.000 95.000 39.000
9.839 -1.055 129.835 59.000 82.000 13.000
8.743 -1.090 130.305 109.000 115.000 64.000
9.278 -2.156 130.263 133.000 138.000 65.000
9.276 -1.623 130.299 102.000 117.000 34.000
9.275 -1.091 130.336 88.000 105.000 29.000
9.274 -0.559 130.372 82.000 97.000 29.000
9.809 -1.624 130.330 117.000 131.000 38.000
9.808 -1.092 130.367 75.000 98.000 17.000
10.340 -0.561 130.435 77.000 99.000 18.000
8.713 -1.659 130.800 106.000 113.000 63.000
8.712 -1.126 130.836 126.000 131.000 80.000
9.245 -1.660 130.831 101.000 117.000 33.000
9.244 -1.127 130.867 84.000 102.000 27.000
9.243 -0.595 130.904 72.000 89.000 24.000
9.779 -2.193 130.825 151.000 162.000 65.000
9.778 -1.661 130.862 120.000 134.000 41.000
9.777 -1.129 130.898 84.000 106.000 20.000
9.776 -0.596 130.935 72.000 92.000 18.000
10.310 -1.130 130.929 85.000 107.000 20.000
10.309 -0.597 130.966 79.000 99.000 21.000
10.308 -0.065 131.003 98.000 108.000 42.000
8.681 -1.163 131.368 89.000 94.000 53.000
9.215 -2.229 131.326 99.000 106.000 55.000
9.214 -1.696 131.362 120.000 132.000 48.000
9.213 -1.164 131.399 106.000 121.000 37.000
9.212 -0.632 131.435 106.000 118.000 44.000
9.748 -2.230 131.357 161.000 174.000 75.000
9.747 -1.697 131.393 128.000 144.000 43.000
9.746 -1.165 131.430 110.000 125.000 33.000
9.745 -0.633 131.466 104.000 120.000 33.000
9.744 -0.100 131.503 104.000 114.000 48.000
10.280 -1.699 131.424 117.000 132.000 36.000
10.279 -1.166 131.461 100.000 118.000 28.000
10.278 -0.634 131.498 93.000 111.000 28.000
10.277 -0.101 131.534 113.000 124.000 47.000
10.276 0.431 131.571 126.000 136.000 72.000
8.649 -1.199 131.899 100.000 106.000 57.000
9.185 -2.798 131.821 80.000 81.000 53.000
9.184 -2.265 131.857 183.000 191.000 96.000
9.183 -1.733 131.894 159.000 177.000 75.000
9.182 -1.201 131.930 126.000 140.000 48.000
9.181 -0.668 131.967 118.000 130.000 49.000
9.718 -2.799 131.852 93.000 98.000 59.000
9.717 -2.266 131.888 162.000 181.000 73.000
9.716 -1.734 131.925 146.000 161.000 49.000
9.715 -1.202 131.961 127.000 142.000 41.000
9.714 -0.669 131.998 119.000 133.000 42.000
9.713 -0.137 132.034 122.000 132.000 60.000
9.712 0.396 132.071 83.000 90.000 52.000
10.250 -2.267 131.919 115.000 127.000 45.000
10.249 -1.735 131.956 132.000 148.000 42.000
10.248 -1.203 131.992 122.000 137.000 38.000
10.247 -0.670 132.029 94.000 112.000 28.000
10.246 -0.138 132.066 100.000 111.000 41.000
10.245 0.395 132.102 119.000 128.000 63.000
10.781 -1.204 132.024 83.000 100.000 24.000
10.779 -0.671 132.060 81.000 99.000 24.000
10.778 -0.139 132.097 75.000 91.000 24.000
10.777 0.394 132.133 84.000 96.000 33.000
8.619 -1.768 132.394 91.000 99.000 48.000
8.618 -1.236 132.431 105.000 113.000 56.000
8.617 -0.704 132.467 83.000 88.000 49.000
9.154 -2.834 132.352 106.000 108.000 72.000
9.153 -2.302 132.389 180.000 190.000 95.000
9.152 -1.769 132.425 150.000 168.000 66.000
9.151 -1.237 132.462 137.000 149.000 59.000
9.150 -0.705 132.498 135.000 147.000 62.000
9.687 -2.835 132.383 186.000 188.000 90.000
9.686 -2.303 132.420 176.000 188.000 77.000
9.685 -1.771 132.456 147.000 167.000 48.000
9.684 -1.238 132.493 131.000 147.000 42.000
9.683 -0.706 132.529 119.000 132.000 43.000
9.682 -0.173 132.566 121.000 132.000 54.000
9.681 0.359 132.603 75.000 80.000 42.000
10.220 -2.836 132.414 78.000 83.000 38.000
10.219 -2.304 132.451 144.000 159.000 54.000
10.218 -1.772 132.487 135.000 152.000 41.000
10.217 -1.239 132.524 124.000 140.000 38.000
10.216 -0.707 132.561 109.000 124.000 35.000
10.215 -0.174 132.597 104.000 116.000 39.000
10.751 -1.773 132.519 110.000 124.000 35.000
10.749 -1.240 132.555 116.000 131.000 38.000
10.748 -0.708 132.592 112.000 125.000 40.000
10.747 -0.175 132.628 90.000 106.000 29.000
8.588 -1.805 132.926 93.000 104.000 43.000
8.587 -1.272 132.962 112.000 121.000 57.000
8.586 -0.740 132.999 98.000 103.000 61.000
9.123 -2.871 132.884 111.000 114.000 76.000
9.122 -2.338 132.920 180.000 189.000 91.000
9.121 -1.806 132.957 163.000 182.000 74.000
9.120 -1.274 132.993 143.000 160.000 60.000
9.119 -0.741 133.030 137.000 149.000 61.000
9.118 -0.209 133.066 111.000 119.000 66.000
9.656 -2.872 132.915 178.000 189.000 89.000
9.655 -2.339 132.951 172.000 188.000 74.000
9.654 -1.807 132.988 159.000 182.000 55.000
9.653 -1.275 133.024 148.000 164.000 48.000
9.652 -0.742 133.061 130.000 145.000 43.000
9.651 -0.210 133.097 132.000 144.000 58.000
9.650 0.323 133.134 125.000 135.000 69.000
10.189 -2.873 132.946 121.000 133.000 50.000
10.188 -2.340 132.982 149.000 164.000 56.000
10.187 -1.808 133.019 149.000 168.000 51.000
10.186 -1.276 133.055 130.000 147.000 37.000
10.185 -0.743 133.092 119.000 135.000 35.000
10.183 -0.211 133.129 114.000 128.000 40.000
10.182 0.322 133.165 99.000 112.000 39.000
10.719 -1.809 133.050 118.000 134.000 35.000
10.718 -1.277 133.087 121.000 136.000 37.000
10.717 -0.744 133.123 111.000 126.000 35.000
10.716 -0.212 133.160 86.000 102.000 25.000
8.556 -1.309 133.494 113.000 122.000 59.000
8.555 -0.777 133.530 110.000 115.000 72.000
9.091 -2.375 133.452 173.000 176.000 93.000
9.090 -1.842 133.488 164.000 181.000 74.000
9.089 -1.310 133.525 143.000 155.000 59.000
9.088 -0.778 133.561 142.000 156.000 66.000
9.087 -0.245 133.598 110.000 117.000 67.000
9.626 -3.441 133.410 116.000 121.000 73.000
9.625 -2.908 133.446 164.000 179.000 83.000
9.624 -2.376 133.483 183.000 194.000 81.000
9.623 -1.844 133.519 189.000 200.000 65.000
9.622 -1.311 133.556 145.000 166.000 49.000
9.621 -0.779 133.592 129.000 145.000 41.000
9.620 -0.246 133.629 135.000 148.000 57.000
9.619 0.286 133.666 139.000 150.000 71.000
10.158 -2.909 133.477 130.000 141.000 56.000
10.157 -2.377 133.514 135.000 150.000 56.000
10.156 -1.845 133.550 162.000 181.000 56.000
10.155 -1.312 133.587 133.000 150.000 37.000
10.153 -0.780 133.624 126.000 142.000 38.000
10.152 -0.247 133.660 118.000 133.000 39.000
10.151 0.285 133.697 113.000 126.000 42.000
10.688 -1.846 133.582 123.000 139.000 38.000
10.687 -1.313 133.618 124.000 140.000 38.000
10.686 -0.781 133.655 119.000 136.000 35.000
10.685 -0.248 133.691 94.000 112.000 26.000
10.684 0.284 133.728 82.000 97.000 26.000
8.525 -1.346 134.025 107.000 115.000 58.000
8.524 -0.813 134.062 114.000 120.000 70.000
9.060 -2.411 133.983 119.000 120.000 70.000
9.059 -1.879 134.020 162.000 174.000 73.000
9.058 -1.347 134.056 143.000 156.000 55.000
9.057 -0.814 134.093 145.000 158.000 65.000
9.056 -0.282 134.129 130.000 140.000 70.000
9.595 -3.477 133.941 89.000 88.000 60.000
9.594 -2.945 133.978 179.000 186.000 96.000
9.593 -2.412 134.014 188.000 195.000 87.000
9.592 -1.880 134.051 186.000 196.000 75.000
9.591 -1.348 134.087 158.000 178.000 58.000
9.590 -0.815 134.124 132.000 148.000 40.000
9.589 -0.283 134.160 132.000 146.000 50.000
9.588 0.250 134.197 139.000 150.000 66.000
10.127 -2.946 134.009 140.000 149.000 66.000
10.126 -2.414 134.045 124.000 133.000 47.000
10.125 -1.881 134.082 173.000 189.000 73.000
10.123 -1.349 134.118 142.000 158.000 43.000
10.122 -0.816 134.155 127.000 144.000 39.000
10.121 -0.284 134.192 122.000 137.000 40.000
10.120 0.248 134.228 118.000 132.000 43.000
10.119 0.781 134.265 89.000 95.000 47.000
10.658 -2.415 134.076 74.000 83.000 28.000
10.657 -1.882 134.113 135.000 148.000 50.000
10.656 -1.350 134.150 122.000 138.000 36.000
10.655 -0.817 134.186 121.000 139.000 33.000
10.654 -0.285 134.223 110.000 128.000 31.000
10.653 0.247 134.259 88.000 104.000 28.000
11.189 -1.351 134.181 89.000 107.000 24.000
11.188 -0.818 134.217 106.000 120.000 35.000
11.187 -0.286 134.254 79.000 88.000 30.000
8.494 -1.382 134.557 91.000 102.000 41.000
9.029 -2.448 134.515 112.000 112.000 53.000
9.028 -1.916 134.551 147.000 158.000 61.000
9.027 -1.383 134.588 107.000 118.000 42.000
9.026 -0.851 134.624 147.000 159.000 75.000
9.025 -0.318 134.661 153.000 165.000 88.000
9.563 -2.981 134.509 195.000 199.000 108.000
9.562 -2.449 134.546 187.000 196.000 89.000
9.561 -1.917 134.582 187.000 198.000 82.000
9.560 -1.384 134.619 160.000 179.000 57.000
9.559 -0.852 134.655 119.000 134.000 37.000
9.558 -0.319 134.692 128.000 142.000 47.000
9.556 0.213 134.729 151.000 166.000 74.000
10.096 -2.982 134.540 132.000 143.000 56.000
10.095 -2.450 134.577 150.000 163.000 58.000
10.094 -1.918 134.613 161.000 178.000 62.000
10.092 -1.385 134.650 146.000 163.000 46.000
10.091 -0.853 134.687 138.000 154.000 45.000
10.090 -0.320 134.723 131.000 146.000 47.000
10.089 0.212 134.760 122.000 135.000 49.000
10.088 0.744 134.796 97.000 104.000 54.000
10.626 -1.919 134.645 122.000 137.000 40.000
10.625 -1.386 134.681 142.000 157.000 48.000
10.624 -0.854 134.718 124.000 140.000 40.000
10.623 -0.322 134.754 117.000 132.000 37.000
10.622 0.211 134.791 93.000 110.000 30.000
11.158 -1.387 134.712 95.000 111.000 30.000
11.157 -0.855 134.749 127.000 140.000 50.000
11.156 -0.323 134.785 113.000 125.000 46.000
11.155 0.210 134.822 85.000 96.000 33.000
8.464 -1.951 135.052 75.000 88.000 28.000
8.463 -1.419 135.088 108.000 119.000 51.000
8.998 -2.484 135.046 107.000 115.000 59.000
8.997 -1.952 135.083 152.000 163.000 63.000
8.996 -1.420 135.119 117.000 131.000 44.000
8.995 -0.887 135.156 150.000 163.000 72.000
8.994 -0.355 135.192 168.000 177.000 91.000
9.532 -3.018 135.041 173.000 182.000 97.000
9.531 -2.486 135.077 195.000 206.000 97.000
9.530 -1.953 135.114 185.000 198.000 83.000
9.529 -1.421 135.150 148.000 166.000 55.000
9.528 -0.888 135.187 142.000 157.000 51.000
9.526 -0.356 135.223 157.000 175.000 70.000
9.525 0.176 135.260 157.000 171.000 80.000
10.065 -3.019 135.072 142.000 153.000 65.000
10.064 -2.487 135.108 148.000 162.000 61.000
10.062 -1.954 135.145 148.000 162.000 59.000
10.061 -1.422 135.181 152.000 172.000 56.000
10.060 -0.889 135.218 145.000 163.000 55.000
10.059 -0.357 135.255 132.000 146.000 49.000
10.058 0.175 135.291 128.000 142.000 51.000
10.057 0.708 135.328 100.000 108.000 55.000
10.595 -1.955 135.176 121.000 128.000 44.000
10.594 -1.423 135.213 142.000 156.000 53.000
10.593 -0.890 135.249 130.000 142.000 53.000
10.592 -0.358 135.286 88.000 105.000 28.000
11.127 -1.424 135.244 75.000 94.000 23.000
11.126 -0.892 135.280 134.000 146.000 60.000
11.125 -0.359 135.317 117.000 129.000 51.000
11.124 0.173 135.353 75.000 84.000 31.000
8.433 -1.988 135.583 103.000 114.000 46.000
8.432 -1.455 135.620 126.000 132.000 68.000
8.966 -1.989 135.614 116.000 130.000 43.000
8.965 -1.456 135.651 124.000 137.000 48.000
8.964 -0.924 135.687 153.000 162.000 79.000
8.963 -0.391 135.724 113.000 115.000 58.000
9.501 -3.054 135.572 180.000 187.000 109.000
9.500 -2.522 135.609 190.000 199.000 98.000
9.499 -1.990 135.645 167.000 184.000 73.000
9.498 -1.457 135.682 138.000 152.000 46.000
9.496 -0.925 135.718 131.000 145.000 47.000
9.495 -0.392 135.755 151.000 169.000 71.000
9.494 0.140 135.792 156.000 169.000 78.000
10.034 -3.056 135.603 138.000 148.000 70.000
10.032 -2.523 135.640 133.000 143.000 59.000
10.031 -1.991 135.676 165.000 181.000 69.000
10.030 -1.458 135.713 153.000 172.000 57.000
10.029 -0.926 135.750 122.000 137.000 41.000
10.028 -0.394 135.786 128.000 142.000 47.000
10.027 0.139 135.823 133.000 147.000 54.000
10.026 0.671 135.859 99.000 108.000 50.000
10.565 -2.524 135.671 87.000 100.000 30.000
10.564 -1.992 135.708 145.000 162.000 50.000
10.563 -1.459 135.744 134.000 149.000 47.000
10.562 -0.927 135.781 124.000 139.000 42.000
10.561 -0.395 135.817 119.000 133.000 40.000
10.560 0.138 135.854 115.000 130.000 37.000
10.559 0.670 135.890 86.000 97.000 37.000
11.096 -1.460 135.775 89.000 106.000 28.000
11.095 -0.928 135.812 126.000 139.000 50.000
11.094 -0.396 135.848 120.000 133.000 47.000
11.093 0.137 135.885 81.000 92.000 29.000
8.402 -2.024 136.115 137.000 144.000 75.000
8.401 -1.492 136.151 167.000 168.000 113.000
8.935 -2.025 136.146 126.000 138.000 54.000
8.934 -1.493 136.182 132.000 141.000 62.000
8.933 -0.960 136.219 144.000 152.000 88.000
9.470 -3.091 136.104 169.000 170.000 109.000
9.469 -2.559 136.140 182.000 190.000 95.000
9.468 -2.026 136.177 150.000 163.000 57.000
9.466 -1.494 136.213 137.000 151.000 51.000
9.465 -0.961 136.250 124.000 137.000 50.000
9.464 -0.429 136.286 141.000 154.000 62.000
9.463 0.103 136.323 163.000 172.000 81.000
10.002 -3.092 136.135 167.000 169.000 93.000
10.001 -2.560 136.171 175.000 183.000 88.000
10.000 -2.027 136.208 155.000 172.000 57.000
9.999 -1.495 136.244 129.000 145.000 42.000
9.998 -0.962 136.281 116.000 130.000 39.000
9.997 -0.430 136.318 124.000 138.000 44.000
9.996 0.102 136.354 137.000 150.000 56.000
9.995 0.635 136.391 123.000 133.000 70.000
10.533 -2.028 136.239 139.000 153.000 50.000
10.532 -1.496 136.276 130.000 145.000 43.000
10.531 -0.964 136.312 124.000 139.000 42.000
10.530 -0.431 136.349 123.000 138.000 40.000
10.529 0.101 136.385 121.000 137.000 39.000
10.528 0.634 136.422 94.000 102.000 45.000
11.065 -1.497 136.307 96.000 113.000 32.000
11.064 -0.965 136.343 116.000 131.000 40.000
11.063 -0.432 136.380 124.000 139.000 45.000
11.062 0.100 136.416 109.000 122.000 37.000
8.371 -2.061 136.646 106.000 115.000 53.000
8.370 -1.528 136.683 133.000 141.000 78.000
8.904 -2.062 136.677 101.000 117.000 37.000
8.903 -1.529 136.714 90.000 106.000 35.000
8.902 -0.997 136.750 72.000 86.000 30.000
9.438 -2.595 136.672 117.000 123.000 67.000
9.436 -2.063 136.708 137.000 149.000 57.000
9.435 -1.530 136.745 124.000 137.000 46.000
9.434 -0.998 136.781 122.000 135.000 51.000
9.433 -0.466 136.818 144.000 158.000 68.000
9.432 0.067 136.855 138.000 155.000 65.000
9.971 -3.129 136.666 133.000 129.000 85.000
9.970 -2.596 136.703 180.000 184.000 93.000
9.969 -2.064 136.739 149.000 164.000 58.000
9.968 -1.531 136.776 128.000 142.000 47.000
9.967 -0.999 136.813 120.000 132.000 47.000
9.966 -0.467 136.849 124.000 137.000 49.000
9.965 0.066 136.886 140.000 158.000 63.000
9.964 0.598 136.922 138.000 150.000 77.000
10.503 -2.597 136.734 119.000 130.000 50.000
10.502 -2.065 136.771 136.000 150.000 48.000
10.501 -1.532 136.807 119.000 134.000 40.000
10.500 -1.000 136.844 108.000 123.000 41.000
10.499 -0.468 136.880 124.000 137.000 47.000
10.498 0.065 136.917 127.000 141.000 45.000
10.497 0.597 136.953 101.000 110.000 51.000
11.034 -1.534 136.838 105.000 122.000 34.000
11.033 -1.001 136.875 120.000 133.000 48.000
11.032 -0.469 136.911 122.000 136.000 47.000
11.030 0.064 136.948 118.000 131.000 44.000
8.873 -2.098 137.209 87.000 105.000 29.000
9.405 -2.099 137.240 106.000 122.000 37.000
9.404 -1.567 137.276 101.000 116.000 38.000
9.403 -1.034 137.313 105.000 117.000 45.000
9.402 -0.502 137.349 140.000 155.000 70.000
9.401 0.030 137.386 128.000 139.000 63.000
9.939 -2.633 137.234 165.000 170.000 87.000
9.938 -2.100 137.271 141.000 154.000 58.000
9.937 -1.568 137.307 132.000 144.000 53.000
9.936 -1.036 137.344 102.000 114.000 45.000
9.935 -0.503 137.381 131.000 144.000 57.000
9.934 0.029 137.417 139.000 152.000 65.000
9.933 0.562 137.454 85.000 93.000 42.000
10.472 -2.634 137.265 117.000 126.000 52.000
10.471 -2.101 137.302 132.000 145.000 52.000
10.470 -1.569 137.339 123.000 136.000 47.000
10.469 -1.037 137.375 114.000 125.000 48.000
10.468 -0.504 137.412 123.000 136.000 48.000
10.467 0.028 137.448 126.000 140.000 48.000
10.466 0.561 137.485 78.000 84.000 43.000
11.004 -2.102 137.333 79.000 91.000 29.000
11.003 -1.570 137.370 88.000 103.000 30.000
11.002 -1.038 137.406 102.000 117.000 38.000
11.000 -0.505 137.443 112.000 125.000 43.000
10.999 0.027 137.479 111.000 123.000 44.000
8.841 -1.602 137.777 70.000 85.000 25.000
9.375 -2.668 137.735 94.000 109.000 35.000
9.374 -2.136 137.771 113.000 128.000 35.000
9.373 -1.603 137.808 102.000 119.000 31.000
9.371 -0.539 137.881 110.000 119.000 54.000
9.370 -0.006 137.918 72.000 81.000 31.000
9.909 -3.202 137.729 83.000 86.000 57.000
9.908 -2.669 137.766 150.000 161.000 77.000
9.907 -2.137 137.802 154.000 165.000 61.000
9.906 -1.604 137.839 138.000 151.000 56.000
9.905 -1.072 137.876 128.000 140.000 57.000
9.904 -0.540 137.912 131.000 143.000 58.000
9.903 -0.007 137.949 138.000 151.000 64.000
9.902 0.525 137.985 77.000 84.000 41.000
10.441 -2.670 137.797 92.000 97.000 51.000
10.440 -2.138 137.834 143.000 155.000 63.000
10.439 -1.606 137.870 135.000 147.000 55.000
10.438 -1.073 137.907 128.000 141.000 53.000
10.437 -0.541 137.943 125.000 138.000 52.000
10.436 -0.008 137.980 123.000 135.000 53.000
10.972 -1.607 137.901 86.000 100.000 33.000
10.970 -1.074 137.938 121.000 133.000 49.000
10.969 -0.542 137.974 119.000 131.000 51.000
10.968 -0.009 138.011 81.000 94.000 32.000
9.343 -2.172 138.303 99.000 118.000 27.000
9.342 -1.640 138.339 113.000 127.000 37.000
9.341 -1.107 138.376 99.000 115.000 32.000
9.340 -0.575 138.412 74.000 86.000 28.000
9.877 -2.706 138.297 113.000 123.000 54.000
9.876 -2.173 138.334 112.000 128.000 35.000
9.875 -1.641 138.370 121.000 135.000 45.000
9.874 -1.109 138.407 126.000 138.000 57.000
9.873 -0.576 138.444 131.000 141.000 64.000
9.872 -0.044 138.480 103.000 112.000 50.000
10.410 -2.707 138.328 103.000 107.000 66.000
10.409 -2.174 138.365 125.000 133.000 67.000
10.408 -1.642 138.402 145.000 156.000 74.000
10.407 -1.110 138.438 142.000 153.000 66.000
10.406 -0.577 138.475 125.000 136.000 59.000
10.405 -0.045 138.511 127.000 138.000 63.000
10.939 -1.111 138.469 101.000 110.000 51.000
10.938 -0.578 138.506 111.000 121.000 55.000
10.937 -0.046 138.542 75.000 85.000 33.000
9.845 -2.210 138.865 104.000 121.000 32.000
9.844 -1.677 138.902 119.000 131.000 46.000
9.843 -1.145 138.939 105.000 114.000 53.000
9.842 -0.613 138.975 85.000 94.000 44.000
10.377 -1.679 138.933 106.000 114.000 54.000
10.376 -1.146 138.970 134.000 142.000 79.000
10.375 -0.614 139.006 142.000 153.000 83.000
10.373 -0.081 139.043 136.000 146.000 77.000
9.812 -1.182 139.470 127.000 138.000 58.000
10.343 -0.650 139.538 125.000 133.000 71.000
10.342 -0.118 139.574 125.000 133.000 71.000
10.313 -1.219 140.033 72.000 83.000 29.000
10.281 -0.723 140.601 90.000 101.000 39.000
