-3.437 4.475 104.813 115.000 119.000 63.000
-3.894 3.557 105.261 107.000 114.000 49.000
-3.437 3.557 105.262 78.000 81.000 46.000
-3.437 4.014 105.266 87.000 90.000 49.000
-3.437 4.471 105.270 130.000 135.000 69.000
-3.437 4.928 105.274 123.000 128.000 70.000
-3.895 3.096 105.714 114.000 120.000 63.000
-3.895 3.553 105.718 130.000 136.000 66.000
-3.895 4.010 105.722 138.000 144.000 56.000
-3.895 4.467 105.726 147.000 153.000 57.000
-3.895 4.924 105.730 109.000 113.000 41.000
-3.438 3.096 105.715 93.000 97.000 57.000
-3.438 3.553 105.719 129.000 134.000 71.000
-3.438 4.010 105.723 145.000 150.000 74.000
-3.438 4.467 105.727 151.000 156.000 73.000
-3.438 4.924 105.731 144.000 150.000 77.000
-2.981 4.467 105.727 97.000 99.000 56.000
-2.981 4.924 105.731 116.000 118.000 75.000
-4.352 2.178 106.163 79.000 83.000 43.000
-4.352 2.635 106.167 83.000 88.000 41.000
-4.352 3.092 106.171 143.000 151.000 74.000
-4.352 3.549 106.175 148.000 156.000 69.000
-4.352 4.006 106.179 127.000 134.000 47.000
-4.352 4.463 106.183 121.000 126.000 40.000
-3.895 2.178 106.163 85.000 91.000 50.000
-3.895 3.092 106.171 130.000 136.000 73.000
-3.895 3.549 106.175 134.000 140.000 67.000
-3.895 4.006 106.179 131.000 136.000 55.000
-3.895 4.463 106.183 138.000 143.000 52.000
-3.895 4.920 106.187 100.000 103.000 38.000
-3.438 3.092 106.172 119.000 123.000 71.000
-3.438 3.549 106.176 141.000 145.000 74.000
-3.438 4.006 106.180 157.000 161.000 73.000
-3.438 4.463 106.184 160.000 165.000 71.000
-3.438 4.920 106.188 152.000 156.000 79.000
-2.981 3.549 106.176 117.000 120.000 69.000
-2.981 4.006 106.180 138.000 141.000 74.000
-2.981 4.463 106.184 147.000 150.000 75.000
-2.981 4.920 106.188 152.000 156.000 90.000
-2.981 5.377 106.192 112.000 113.000 79.000
-4.809 2.174 106.620 123.000 130.000 66.000
-4.809 2.631 106.624 133.000 141.000 62.000
-4.809 3.088 106.628 149.000 158.000 59.000
-4.809 3.545 106.631 139.000 148.000 53.000
-4.352 2.174 106.620 113.000 120.000 66.000
-4.352 2.631 106.624 101.000 106.000 49.000
-4.352 3.088 106.628 145.000 155.000 70.000
-4.352 3.545 106.632 145.000 154.000 64.000
-4.352 4.002 106.636 120.000 126.000 45.000
-4.352 4.459 106.640 114.000 120.000 40.000
-3.895 2.174 106.620 110.000 117.000 67.000
-3.895 2.631 106.624 84.000 89.000 41.000
-3.895 3.088 106.628 151.000 157.000 80.000
-3.895 3.545 106.632 151.000 158.000 72.000
-3.895 4.002 106.636 143.000 148.000 61.000
-3.895 4.459 106.640 142.000 149.000 56.000
-3.895 4.916 106.644 97.000 99.000 41.000
-3.438 3.088 106.629 137.000 142.000 76.000
-3.438 3.545 106.633 155.000 161.000 80.000
-3.438 4.002 106.637 160.000 165.000 72.000
-3.438 4.459 106.641 164.000 170.000 72.000
-3.438 4.916 106.645 151.000 157.000 79.000
-2.981 3.545 106.633 145.000 149.000 82.000
-2.981 4.002 106.637 156.000 160.000 81.000
-2.981 4.459 106.641 164.000 168.000 80.000
-2.981 4.916 106.645 163.000 169.000 93.000
-2.981 5.373 106.649 139.000 142.000 92.000
-2.524 4.459 106.642 109.000 111.000 72.000
-2.524 4.916 106.646 117.000 119.000 82.000
-5.267 2.170 107.076 142.000 150.000 64.000
-5.267 2.627 107.080 116.000 122.000 38.000
-4.810 2.170 107.076 131.000 139.000 68.000
-4.810 2.627 107.080 131.000 139.000 54.000
-4.810 3.084 107.084 149.000 157.000 60.000
-4.810 3.541 107.088 135.000 145.000 55.000
-4.810 3.998 107.092 116.000 124.000 49.000
-4.810 4.455 107.096 110.000 116.000 49.000
-4.353 1.713 107.073 114.000 121.000 67.000
-4.353 2.170 107.077 126.000 133.000 74.000
-4.353 2.627 107.081 121.000 128.000 55.000
-4.353 3.084 107.085 144.000 153.000 64.000
-4.353 3.541 107.089 137.000 146.000 57.000
-4.353 3.998 107.093 121.000 129.000 49.000
-4.353 4.455 107.097 116.000 124.000 46.000
-4.353 4.912 107.101 79.000 83.000 35.000
-3.896 1.713 107.073 99.000 103.000 66.000
-3.896 2.170 107.077 114.000 121.000 71.000
-3.896 2.627 107.081 99.000 105.000 46.000
-3.896 3.084 107.085 160.000 167.000 80.000
-3.896 3.541 107.089 164.000 172.000 73.000
-3.896 3.998 107.093 160.000 167.000 69.000
-3.896 4.455 107.097 151.000 158.000 63.000
-3.896 4.912 107.101 112.000 119.000 53.000
-3.439 2.170 107.078 81.000 85.000 53.000
-3.439 2.627 107.082 82.000 86.000 45.000
-3.439 3.084 107.086 156.000 161.000 83.000
-3.439 3.541 107.090 160.000 166.000 78.000
-3.439 3.998 107.094 164.000 173.000 75.000
-3.439 4.455 107.098 163.000 172.000 72.000
-3.439 4.912 107.102 157.000 165.000 81.000
-3.439 5.369 107.106 118.000 123.000 67.000
-2.982 3.084 107.086 93.000 94.000 58.000
-2.982 3.541 107.090 141.000 143.000 81.000
-2.982 3.998 107.094 163.000 167.000 84.000
-2.982 4.455 107.098 171.000 177.000 82.000
-2.982 4.912 107.102 171.000 177.000 91.000
-2.982 5.369 107.106 133.000 137.000 79.000
-2.525 4.455 107.099 140.000 143.000 93.000
-2.525 4.912 107.103 147.000 150.000 98.000
-2.525 5.369 107.107 108.000 111.000 75.000
-5.267 2.166 107.533 142.000 145.000 60.000
-5.267 2.623 107.537 98.000 102.000 38.000
-5.267 3.080 107.541 103.000 108.000 39.000
-5.267 3.537 107.545 100.000 107.000 37.000
-5.267 3.994 107.549 83.000 87.000 39.000
-4.810 1.709 107.529 116.000 121.000 65.000
-4.810 2.166 107.533 128.000 135.000 65.000
-4.810 2.623 107.537 121.000 128.000 56.000
-4.810 3.080 107.541 138.000 146.000 60.000
-4.810 3.537 107.545 144.000 151.000 65.000
-4.810 3.994 107.549 127.000 133.000 62.000
-4.810 4.451 107.553 100.000 105.000 51.000
-4.810 4.908 107.557 76.000 81.000 44.000
-4.353 1.709 107.530 104.000 109.000 66.000
-4.353 2.166 107.534 104.000 112.000 60.000
-4.353 2.623 107.538 136.000 143.000 69.000
-4.353 3.080 107.542 151.000 159.000 67.000
-4.353 3.537 107.546 151.000 160.000 63.000
-4.353 3.994 107.550 149.000 157.000 63.000
-4.353 4.451 107.554 136.000 144.000 59.000
-4.353 4.908 107.558 99.000 105.000 50.000
-3.896 1.709 107.530 87.000 92.000 57.000
-3.896 2.166 107.534 98.000 105.000 57.000
-3.896 2.623 107.538 133.000 141.000 73.000
-3.896 3.080 107.542 163.000 169.000 78.000
-3.896 3.537 107.546 164.000 172.000 73.000
-3.896 3.994 107.550 159.000 168.000 67.000
-3.896 4.451 107.554 154.000 163.000 64.000
-3.896 4.908 107.558 121.000 129.000 56.000
-3.896 5.365 107.562 87.000 93.000 47.000
-3.439 2.166 107.535 87.000 90.000 57.000
-3.439 2.623 107.539 111.000 117.000 65.000
-3.439 3.080 107.543 159.000 164.000 84.000
-3.439 3.537 107.547 159.000 165.000 77.000
-3.439 3.994 107.551 162.000 170.000 74.000
-3.439 4.451 107.555 165.000 172.000 74.000
-3.439 4.908 107.559 156.000 165.000 77.000
-3.439 5.365 107.563 136.000 143.000 72.000
-2.982 3.080 107.543 115.000 116.000 70.000
-2.982 3.537 107.547 160.000 163.000 87.000
-2.982 3.994 107.551 177.000 182.000 91.000
-2.982 4.451 107.555 183.000 189.000 92.000
-2.982 4.908 107.559 175.000 181.000 88.000
-2.982 5.365 107.563 149.000 153.000 79.000
-2.525 4.451 107.556 167.000 170.000 107.000
-2.525 4.908 107.560 172.000 178.000 109.000
-2.525 5.365 107.564 139.000 143.000 92.000
-5.725 2.619 107.994 82.000 85.000 32.000
-5.725 3.076 107.998 102.000 106.000 44.000
-5.268 1.705 107.986 159.000 165.000 85.000
-5.268 2.162 107.990 135.000 142.000 71.000
-5.268 2.619 107.994 135.000 143.000 66.000
-5.268 3.076 107.998 131.000 138.000 57.000
-5.268 3.533 108.002 110.000 114.000 46.000
-5.268 3.990 108.006 103.000 107.000 52.000
-5.268 4.447 108.010 81.000 83.000 53.000
-4.811 1.705 107.986 144.000 150.000 81.000
-4.811 2.162 107.990 139.000 146.000 71.000
-4.811 2.619 107.994 138.000 145.000 67.000
-4.811 3.076 107.998 146.000 154.000 63.000
-4.811 3.533 108.002 142.000 150.000 61.000
-4.811 3.990 108.006 141.000 147.000 69.000
-4.811 4.447 108.010 140.000 145.000 78.000
-4.811 4.904 108.014 94.000 98.000 53.000
-4.354 1.705 107.987 117.000 122.000 70.000
-4.354 2.162 107.991 114.000 125.000 55.000
-4.354 2.619 107.995 147.000 154.000 75.000
-4.354 3.076 107.999 150.000 157.000 65.000
-4.354 3.533 108.003 148.000 156.000 62.000
-4.354 3.990 108.007 151.000 158.000 65.000
-4.354 4.447 108.011 150.000 157.000 66.000
-4.354 4.904 108.015 115.000 122.000 56.000
-3.897 1.705 107.987 91.000 96.000 59.000
-3.897 2.162 107.991 104.000 114.000 58.000
-3.897 2.619 107.995 146.000 154.000 84.000
-3.897 3.076 107.999 158.000 166.000 76.000
-3.897 3.533 108.003 153.000 162.000 67.000
-3.897 3.990 108.007 156.000 166.000 65.000
-3.897 4.447 108.011 153.000 161.000 59.000
-3.897 4.904 108.015 126.000 136.000 57.000
-3.897 5.361 108.019 88.000 94.000 48.000
-3.440 2.162 107.992 97.000 100.000 66.000
-3.440 2.619 107.996 130.000 135.000 77.000
-3.440 3.076 108.000 160.000 166.000 84.000
-3.440 3.533 108.004 165.000 172.000 78.000
-3.440 3.990 108.008 165.000 172.000 75.000
-3.440 4.447 108.012 163.000 171.000 71.000
-3.440 4.904 108.016 159.000 168.000 77.000
-3.440 5.361 108.020 153.000 162.000 81.000
-2.983 3.076 108.000 134.000 136.000 76.000
-2.983 3.533 108.004 158.000 162.000 85.000
-2.983 3.990 108.008 176.000 180.000 92.000
-2.983 4.447 108.012 187.000 191.000 95.000
-2.983 4.904 108.016 175.000 180.000 90.000
-2.983 5.361 108.020 153.000 159.000 84.000
-2.526 3.990 108.009 128.000 130.000 80.000
-2.526 4.447 108.013 189.000 192.000 116.000
-2.526 4.904 108.017 162.000 166.000 101.000
-2.526 5.361 108.021 145.000 149.000 93.000
-5.725 1.701 108.443 110.000 112.000 57.000
-5.725 2.615 108.451 126.000 133.000 65.000
-5.725 3.072 108.455 123.000 129.000 57.000
-5.725 3.529 108.458 105.000 110.000 52.000
-5.268 1.701 108.443 157.000 163.000 86.000
-5.268 2.158 108.447 134.000 142.000 69.000
-5.268 2.615 108.451 132.000 140.000 59.000
-5.268 3.072 108.455 137.000 145.000 56.000
-5.268 3.529 108.459 128.000 135.000 56.000
-5.268 3.986 108.463 120.000 126.000 64.000
-5.268 4.443 108.467 114.000 119.000 74.000
-4.811 1.701 108.443 129.000 137.000 71.000
-4.811 2.158 108.447 130.000 139.000 69.000
-4.811 2.615 108.451 129.000 135.000 60.000
-4.811 3.072 108.455 152.000 158.000 71.000
-4.811 3.529 108.459 140.000 149.000 62.000
-4.811 3.986 108.463 137.000 144.000 65.000
-4.811 4.443 108.467 140.000 146.000 74.000
-4.811 4.900 108.471 110.000 117.000 63.000
-4.354 1.701 108.444 117.000 126.000 70.000
-4.354 2.158 108.448 130.000 137.000 80.000
-4.354 2.615 108.452 134.000 141.000 70.000
-4.354 3.072 108.456 155.000 161.000 74.000
-4.354 3.529 108.460 147.000 156.000 65.000
-4.354 3.986 108.464 154.000 161.000 68.000
-4.354 4.443 108.468 155.000 162.000 68.000
-4.354 4.900 108.472 125.000 131.000 59.000
-3.897 1.701 108.444 111.000 118.000 67.000
-3.897 2.158 108.448 105.000 109.000 58.000
-3.897 2.615 108.452 144.000 152.000 78.000
-3.897 3.072 108.456 165.000 170.000 85.000
-3.897 3.529 108.460 164.000 169.000 79.000
-3.897 3.986 108.464 163.000 169.000 72.000
-3.897 4.443 108.468 167.000 174.000 65.000
-3.897 4.900 108.472 142.000 150.000 65.000
-3.897 5.357 108.476 126.000 134.000 68.000
-3.440 2.158 108.449 83.000 87.000 35.000
-3.440 2.615 108.453 158.000 166.000 87.000
-3.440 3.072 108.457 167.000 174.000 83.000
-3.440 3.529 108.461 163.000 169.000 79.000
-3.440 3.986 108.465 165.000 172.000 76.000
-3.440 4.443 108.469 169.000 176.000 73.000
-3.440 4.900 108.473 164.000 170.000 78.000
-3.440 5.357 108.477 162.000 165.000 87.000
-2.983 3.072 108.457 133.000 136.000 75.000
-2.983 3.529 108.461 162.000 167.000 88.000
-2.983 3.986 108.465 187.000 192.000 97.000
-2.983 4.443 108.469 191.000 195.000 97.000
-2.983 4.900 108.473 188.000 194.000 101.000
-2.983 5.357 108.477 172.000 178.000 93.000
-2.983 5.814 108.481 106.000 114.000 55.000
-2.526 3.986 108.466 169.000 171.000 101.000
-2.526 4.443 108.470 195.000 199.000 115.000
-2.526 4.900 108.474 188.000 192.000 116.000
-2.526 5.357 108.478 140.000 145.000 87.000
-5.726 2.611 108.907 124.000 130.000 70.000
-5.726 3.068 108.911 113.000 116.000 57.000
-5.726 3.525 108.915 103.000 106.000 56.000
-5.269 1.697 108.900 148.000 155.000 73.000
-5.269 2.154 108.904 139.000 149.000 67.000
-5.269 2.611 108.908 139.000 148.000 69.000
-5.269 3.068 108.912 136.000 143.000 61.000
-5.269 3.525 108.916 132.000 140.000 61.000
-5.269 3.982 108.920 116.000 121.000 60.000
-5.269 4.439 108.924 82.000 86.000 49.000
-4.812 1.697 108.900 127.000 133.000 71.000
-4.812 2.154 108.904 120.000 127.000 63.000
-4.812 2.611 108.908 127.000 134.000 60.000
-4.812 3.068 108.912 136.000 144.000 57.000
-4.812 3.525 108.916 135.000 142.000 58.000
-4.812 3.982 108.920 137.000 145.000 65.000
-4.812 4.439 108.924 131.000 138.000 67.000
-4.812 4.896 108.928 112.000 119.000 60.000
-4.355 1.697 108.901 106.000 112.000 62.000
-4.355 2.154 108.905 114.000 122.000 67.000
-4.355 2.611 108.909 115.000 123.000 54.000
-4.355 3.068 108.913 145.000 154.000 62.000
-4.355 3.525 108.917 149.000 157.000 63.000
-4.355 3.982 108.921 154.000 161.000 69.000
-4.355 4.439 108.925 155.000 161.000 72.000
-4.355 4.896 108.929 132.000 141.000 66.000
-4.355 5.353 108.933 84.000 90.000 46.000
-3.898 1.240 108.897 105.000 110.000 66.000
-3.898 1.697 108.901 112.000 120.000 65.000
-3.898 2.154 108.905 117.000 128.000 67.000
-3.898 2.611 108.909 132.000 140.000 66.000
-3.898 3.068 108.913 159.000 166.000 78.000
-3.898 3.525 108.917 163.000 168.000 76.000
-3.898 3.982 108.921 166.000 171.000 73.000
-3.898 4.439 108.925 163.000 169.000 70.000
-3.898 4.896 108.929 143.000 151.000 70.000
-3.898 5.353 108.933 128.000 135.000 70.000
-3.441 2.154 108.906 79.000 86.000 36.000
-3.441 2.611 108.910 161.000 171.000 88.000
-3.441 3.068 108.914 167.000 174.000 83.000
-3.441 3.525 108.918 162.000 171.000 76.000
-3.441 3.982 108.922 165.000 174.000 74.000
-3.441 4.439 108.926 174.000 182.000 74.000
-3.441 4.896 108.930 170.000 179.000 80.000
-3.441 5.353 108.934 157.000 166.000 80.000
-2.984 2.611 108.910 127.000 130.000 75.000
-2.984 3.068 108.914 154.000 159.000 84.000
-2.984 3.525 108.918 154.000 159.000 81.000
-2.984 3.982 108.922 180.000 184.000 93.000
-2.984 4.439 108.926 193.000 197.000 99.000
-2.984 4.896 108.930 189.000 192.000 100.000
-2.984 5.353 108.934 171.000 175.000 88.000
-2.527 3.982 108.923 173.000 175.000 107.000
-2.527 4.439 108.926 195.000 198.000 114.000
-2.527 4.896 108.930 185.000 189.000 108.000
-2.527 5.353 108.934 165.000 169.000 99.000
-5.726 2.150 109.360 95.000 99.000 52.000
-5.726 2.607 109.364 100.000 105.000 56.000
-5.726 3.064 109.368 88.000 90.000 49.000
-5.726 3.521 109.372 101.000 105.000 56.000
-5.269 1.693 109.357 75.000 80.000 29.000
-5.269 2.150 109.361 125.000 133.000 59.000
-5.269 2.607 109.365 136.000 144.000 67.000
-5.269 3.064 109.369 135.000 140.000 64.000
-5.269 3.521 109.373 126.000 133.000 61.000
-5.269 3.978 109.377 92.000 97.000 45.000
-4.812 1.236 109.353 115.000 121.000 60.000
-4.812 1.693 109.357 92.000 99.000 39.000
-4.812 2.150 109.361 115.000 123.000 57.000
-4.812 2.607 109.365 131.000 140.000 60.000
-4.812 3.064 109.369 146.000 153.000 65.000
-4.812 3.521 109.373 145.000 152.000 64.000
-4.812 3.978 109.377 126.000 133.000 59.000
-4.812 4.435 109.381 109.000 117.000 56.000
-4.812 4.892 109.385 101.000 107.000 47.000
-4.355 1.236 109.354 122.000 127.000 73.000
-4.355 1.693 109.358 117.000 127.000 63.000
-4.355 2.150 109.362 109.000 120.000 58.000
-4.355 2.607 109.366 127.000 135.000 56.000
-4.355 3.064 109.370 156.000 164.000 68.000
-4.355 3.521 109.374 157.000 165.000 67.000
-4.355 3.978 109.378 158.000 165.000 71.000
-4.355 4.435 109.382 158.000 165.000 74.000
-4.355 4.892 109.386 145.000 155.000 74.000
-3.898 1.236 109.354 97.000 102.000 61.000
-3.898 1.693 109.358 116.000 124.000 67.000
-3.898 2.150 109.362 120.000 130.000 68.000
-3.898 2.607 109.366 144.000 153.000 71.000
-3.898 3.064 109.370 167.000 175.000 76.000
-3.898 3.521 109.374 167.000 176.000 72.000
-3.898 3.978 109.378 168.000 175.000 71.000
-3.898 4.435 109.382 169.000 174.000 72.000
-3.898 4.892 109.386 159.000 167.000 79.000
-3.441 1.693 109.359 100.000 104.000 63.000
-3.441 2.150 109.363 122.000 132.000 67.000
-3.441 2.607 109.367 167.000 176.000 90.000
-3.441 3.064 109.371 171.000 179.000 84.000
-3.441 3.521 109.375 172.000 179.000 81.000
-3.441 3.978 109.379 175.000 181.000 79.000
-3.441 4.435 109.383 180.000 187.000 77.000
-3.441 4.892 109.387 171.000 180.000 80.000
-2.984 2.607 109.367 126.000 129.000 74.000
-2.984 3.064 109.371 159.000 163.000 93.000
-2.984 3.521 109.375 171.000 175.000 96.000
-2.984 3.978 109.379 185.000 189.000 98.000
-2.984 4.435 109.383 199.000 203.000 106.000
-2.984 4.892 109.387 184.000 189.000 93.000
-2.527 3.978 109.379 192.000 195.000 121.000
-2.527 4.435 109.383 202.000 205.000 119.000
-2.527 4.892 109.387 192.000 197.000 112.000
-2.070 4.892 109.388 89.000 92.000 57.000
-5.269 2.146 109.818 125.000 132.000 60.000
-5.269 2.603 109.822 128.000 136.000 63.000
-5.269 3.060 109.826 139.000 144.000 68.000
-5.269 3.517 109.830 126.000 132.000 60.000
-4.812 2.146 109.818 126.000 134.000 66.000
-4.812 2.603 109.822 143.000 150.000 70.000
-4.812 3.060 109.826 146.000 153.000 64.000
-4.812 3.517 109.830 145.000 153.000 66.000
-4.812 3.974 109.834 126.000 134.000 57.000
-4.812 4.431 109.838 97.000 103.000 44.000
-4.355 1.232 109.811 85.000 94.000 40.000
-4.355 1.689 109.815 86.000 96.000 41.000
-4.355 2.146 109.819 114.000 122.000 62.000
-4.355 2.603 109.823 144.000 153.000 70.000
-4.355 3.060 109.827 154.000 164.000 65.000
-4.355 3.517 109.831 157.000 164.000 67.000
-4.355 3.974 109.835 156.000 164.000 70.000
-4.355 4.431 109.839 155.000 163.000 72.000
-3.898 1.689 109.815 103.000 112.000 56.000
-3.898 2.146 109.819 105.000 116.000 53.000
-3.898 2.603 109.823 151.000 161.000 75.000
-3.898 3.060 109.827 173.000 181.000 76.000
-3.898 3.517 109.831 170.000 178.000 73.000
-3.898 3.974 109.835 171.000 177.000 75.000
-3.898 4.431 109.839 172.000 177.000 75.000
-3.441 1.689 109.816 106.000 111.000 66.000
-3.441 2.146 109.820 119.000 129.000 64.000
-3.442 2.603 109.824 162.000 171.000 88.000
-3.442 3.060 109.828 176.000 182.000 86.000
-3.442 3.517 109.832 176.000 182.000 84.000
-3.442 3.974 109.836 187.000 191.000 89.000
-3.442 4.431 109.840 198.000 202.000 94.000
-2.985 2.603 109.824 115.000 118.000 71.000
-2.985 3.060 109.828 167.000 171.000 100.000
-2.985 3.517 109.832 181.000 185.000 103.000
-2.985 3.974 109.836 194.000 198.000 105.000
-2.985 4.431 109.840 200.000 205.000 105.000
-2.528 3.974 109.836 205.000 207.000 133.000
-2.528 4.431 109.840 204.000 208.000 124.000
-5.727 2.599 110.278 77.000 80.000 45.000
-5.727 3.056 110.282 116.000 117.000 67.000
-5.727 3.513 110.286 88.000 91.000 47.000
-5.270 2.142 110.275 113.000 121.000 59.000
-5.270 2.599 110.279 137.000 143.000 71.000
-5.270 3.056 110.283 135.000 140.000 66.000
-5.270 3.513 110.287 132.000 138.000 62.000
-5.270 3.970 110.291 104.000 110.000 44.000
-4.813 2.142 110.275 119.000 126.000 67.000
-4.813 2.599 110.279 144.000 151.000 76.000
-4.813 3.056 110.283 143.000 150.000 67.000
-4.813 3.513 110.287 135.000 142.000 59.000
-4.813 3.970 110.291 136.000 145.000 60.000
-4.356 2.142 110.276 114.000 122.000 64.000
-4.356 2.599 110.280 145.000 153.000 76.000
-4.356 3.056 110.284 157.000 164.000 73.000
-4.356 3.513 110.288 149.000 157.000 66.000
-4.356 3.970 110.292 151.000 160.000 65.000
-3.899 1.685 110.272 84.000 94.000 40.000
-3.899 2.142 110.276 91.000 99.000 45.000
-3.899 2.599 110.280 158.000 166.000 83.000
-3.899 3.056 110.284 178.000 184.000 85.000
-3.899 3.513 110.288 174.000 181.000 78.000
-3.899 3.970 110.292 173.000 180.000 75.000
-3.442 1.685 110.273 104.000 111.000 59.000
-3.442 2.142 110.277 115.000 124.000 61.000
-3.442 2.599 110.281 155.000 163.000 83.000
-3.442 3.056 110.285 176.000 181.000 93.000
-3.442 3.513 110.289 175.000 180.000 87.000
-3.442 3.970 110.293 184.000 189.000 85.000
-2.985 3.056 110.285 161.000 163.000 99.000
-2.985 3.513 110.289 187.000 191.000 110.000
-2.985 3.970 110.293 201.000 205.000 108.000
-2.985 4.427 110.297 207.000 212.000 104.000
-2.528 3.970 110.293 197.000 200.000 126.000
-2.528 4.427 110.297 203.000 208.000 123.000
-5.727 2.595 110.735 92.000 96.000 55.000
-5.727 3.052 110.739 136.000 139.000 76.000
-5.727 3.509 110.743 111.000 115.000 53.000
-5.270 2.138 110.732 80.000 84.000 44.000
-5.270 2.595 110.736 142.000 148.000 80.000
-5.270 3.052 110.740 146.000 151.000 79.000
-5.270 3.509 110.744 143.000 150.000 71.000
-4.813 2.138 110.732 86.000 92.000 47.000
-4.813 2.595 110.736 137.000 145.000 72.000
-4.813 3.052 110.740 145.000 152.000 72.000
-4.813 3.509 110.744 139.000 147.000 63.000
-4.356 2.595 110.737 148.000 155.000 75.000
-4.356 3.052 110.741 162.000 168.000 81.000
-4.356 3.509 110.745 156.000 164.000 73.000
-4.356 3.966 110.749 159.000 167.000 69.000
-3.899 2.595 110.737 156.000 161.000 86.000
-3.899 3.052 110.741 182.000 187.000 95.000
-3.899 3.509 110.745 182.000 188.000 88.000
-3.899 3.966 110.749 183.000 191.000 80.000
-3.442 2.138 110.734 81.000 91.000 34.000
-3.442 2.595 110.738 92.000 96.000 42.000
-3.442 3.052 110.742 173.000 178.000 96.000
-3.442 3.509 110.746 177.000 182.000 90.000
-3.442 3.966 110.750 190.000 195.000 90.000
-2.985 2.138 110.734 84.000 86.000 52.000
-2.985 3.052 110.742 124.000 125.000 83.000
-2.985 3.509 110.746 192.000 195.000 118.000
-2.985 3.966 110.750 209.000 213.000 116.000
-2.985 4.423 110.754 211.000 216.000 108.000
-2.528 3.966 110.750 180.000 182.000 113.000
-2.528 4.423 110.754 206.000 210.000 127.000
-5.728 2.591 111.192 92.000 95.000 58.000
-5.728 3.048 111.196 121.000 123.000 66.000
-5.271 2.591 111.193 133.000 139.000 76.000
-5.271 3.048 111.197 151.000 155.000 80.000
-5.271 3.505 111.201 149.000 156.000 74.000
-4.814 2.591 111.193 140.000 145.000 78.000
-4.814 3.048 111.197 157.000 163.000 83.000
-4.814 3.505 111.201 154.000 162.000 79.000
-4.357 2.591 111.194 146.000 150.000 79.000
-4.357 3.048 111.198 174.000 178.000 94.000
-4.357 3.505 111.202 180.000 185.000 94.000
-3.900 2.591 111.194 103.000 105.000 57.000
-3.900 3.048 111.198 185.000 189.000 104.000
-3.900 3.505 111.202 196.000 200.000 109.000
-3.900 3.962 111.206 198.000 203.000 107.000
-3.443 2.134 111.191 88.000 97.000 37.000
-3.443 3.048 111.198 171.000 175.000 101.000
-3.443 3.505 111.202 193.000 197.000 112.000
-3.443 3.962 111.206 204.000 209.000 113.000
-2.986 2.134 111.191 87.000 90.000 55.000
-2.986 3.505 111.203 154.000 156.000 102.000
-2.986 3.962 111.207 213.000 216.000 134.000
-2.529 3.962 111.207 117.000 118.000 80.000
-2.529 4.419 111.211 191.000 194.000 127.000
-5.728 3.044 111.653 112.000 116.000 65.000
-5.271 2.587 111.650 127.000 129.000 76.000
-5.271 3.044 111.654 152.000 157.000 81.000
-5.271 3.501 111.658 152.000 157.000 72.000
-4.814 2.587 111.650 91.000 93.000 54.000
-4.814 3.044 111.654 173.000 178.000 95.000
-4.814 3.501 111.658 160.000 166.000 84.000
-4.357 3.044 111.655 196.000 200.000 120.000
-4.357 3.501 111.659 196.000 199.000 119.000
-3.900 3.044 111.655 192.000 195.000 121.000
-3.900 3.501 111.659 206.000 209.000 132.000
-3.900 3.958 111.663 210.000 212.000 134.000
-3.443 3.044 111.655 124.000 126.000 78.000
-3.443 3.501 111.659 207.000 209.000 137.000
-3.443 3.958 111.663 212.000 216.000 135.000
-2.986 3.958 111.664 180.000 182.000 121.000
-2.529 4.415 111.668 99.000 101.000 69.000
-5.272 3.040 112.111 120.000 125.000 67.000
-5.272 3.497 112.115 146.000 153.000 75.000
-4.815 3.040 112.111 99.000 102.000 57.000
-4.815 3.497 112.115 165.000 170.000 93.000
-4.358 3.040 112.112 85.000 87.000 53.000
-4.358 3.497 112.116 200.000 203.000 131.000
-3.901 3.497 112.116 203.000 205.000 141.000
-3.901 3.954 112.120 222.000 223.000 161.000
-3.444 3.497 112.116 152.000 154.000 107.000
-3.444 3.954 112.120 200.000 201.000 143.000
-4.815 3.493 112.572 192.000 197.000 117.000
-4.358 3.493 112.573 215.000 216.000 150.000
-3.901 3.493 112.573 194.000 194.000 139.000
-3.444 3.950 112.577 79.000 80.000 54.000
-4.816 3.489 113.029 95.000 99.000 56.000
-4.359 3.489 113.029 111.000 114.000 74.000
-3.898 5.349 109.390 118.000 127.000 62.000
-3.441 5.349 109.391 154.000 161.000 76.000
-2.984 5.349 109.391 167.000 175.000 82.000
-2.527 5.349 109.391 160.000 166.000 87.000
-4.812 4.888 109.842 95.000 103.000 37.000
-4.355 4.888 109.843 143.000 153.000 67.000
-3.898 4.888 109.843 162.000 171.000 78.000
-3.898 5.345 109.847 112.000 122.000 52.000
-3.442 4.888 109.844 180.000 185.000 87.000
-3.442 5.345 109.848 167.000 176.000 83.000
-2.985 4.888 109.844 191.000 196.000 99.000
-2.985 5.345 109.848 168.000 175.000 85.000
-2.528 4.888 109.844 190.000 195.000 111.000
-2.528 5.345 109.848 159.000 166.000 86.000
-4.813 4.427 110.295 120.000 129.000 49.000
-4.813 4.884 110.299 117.000 124.000 41.000
-4.356 4.427 110.296 154.000 163.000 66.000
-4.356 4.884 110.300 129.000 138.000 46.000
-3.899 4.427 110.296 174.000 181.000 71.000
-3.899 4.884 110.300 162.000 172.000 74.000
-3.899 5.341 110.304 106.000 118.000 40.000
-3.442 4.427 110.297 199.000 204.000 93.000
-3.442 4.884 110.301 183.000 188.000 86.000
-3.442 5.341 110.305 155.000 165.000 72.000
-2.985 4.884 110.301 196.000 201.000 103.000
-2.985 5.341 110.305 180.000 186.000 95.000
-2.528 4.884 110.301 196.000 202.000 118.000
-2.528 5.341 110.305 150.000 157.000 86.000
-5.727 3.966 110.747 78.000 84.000 29.000
-5.727 4.423 110.751 70.000 80.000 21.000
-5.270 3.966 110.748 118.000 125.000 41.000
-5.270 4.423 110.752 73.000 87.000 18.000
-4.813 3.966 110.748 141.000 151.000 60.000
-4.813 4.423 110.752 126.000 134.000 44.000
-4.813 4.880 110.756 139.000 146.000 49.000
-4.356 4.423 110.753 155.000 165.000 58.000
-4.356 4.880 110.757 130.000 137.000 41.000
-3.899 4.423 110.753 180.000 190.000 71.000
-3.899 4.880 110.757 162.000 171.000 68.000
-3.899 5.337 110.761 91.000 98.000 29.000
-3.442 4.423 110.753 200.000 206.000 89.000
-3.442 4.880 110.757 190.000 196.000 88.000
-3.442 5.337 110.761 130.000 139.000 55.000
-2.985 4.880 110.758 195.000 201.000 100.000
-2.985 5.337 110.762 153.000 159.000 79.000
-2.528 4.880 110.758 191.000 197.000 117.000
-2.528 5.337 110.762 108.000 115.000 58.000
-5.728 3.505 111.200 121.000 125.000 55.000
-5.728 3.962 111.204 91.000 95.000 32.000
-5.728 4.419 111.208 97.000 102.000 33.000
-5.271 3.962 111.205 128.000 133.000 48.000
-5.271 4.419 111.209 102.000 109.000 29.000
-4.814 3.962 111.205 149.000 157.000 67.000
-4.814 4.419 111.209 137.000 144.000 52.000
-4.814 4.876 111.213 155.000 161.000 69.000
-4.357 3.962 111.206 173.000 180.000 85.000
-4.357 4.419 111.210 165.000 174.000 78.000
-4.357 4.876 111.214 159.000 167.000 74.000
-3.900 4.419 111.210 191.000 197.000 96.000
-3.900 4.876 111.214 163.000 171.000 77.000
-3.443 4.419 111.210 209.000 214.000 112.000
-3.443 4.876 111.214 194.000 200.000 102.000
-3.443 5.333 111.218 120.000 129.000 49.000
-2.986 4.419 111.211 209.000 213.000 120.000
-2.986 4.876 111.215 189.000 195.000 103.000
-2.986 5.333 111.219 102.000 111.000 48.000
-2.529 4.876 111.215 148.000 152.000 95.000
-2.529 5.333 111.219 78.000 84.000 43.000
-5.728 3.501 111.657 111.000 115.000 46.000
-5.728 3.958 111.661 113.000 116.000 38.000
-5.728 4.415 111.665 125.000 129.000 45.000
-5.271 3.958 111.662 141.000 144.000 55.000
-5.271 4.415 111.666 129.000 131.000 47.000
-4.814 3.958 111.662 156.000 164.000 79.000
-4.814 4.415 111.666 145.000 152.000 65.000
-4.814 4.872 111.670 162.000 167.000 75.000
-4.357 3.958 111.663 190.000 194.000 112.000
-4.357 4.415 111.667 176.000 179.000 99.000
-4.357 4.872 111.671 163.000 169.000 85.000
-3.900 4.415 111.667 197.000 200.000 120.000
-3.900 4.872 111.671 162.000 167.000 86.000
-3.443 4.415 111.667 211.000 214.000 131.000
-3.443 4.872 111.671 163.000 170.000 87.000
-2.986 4.415 111.668 201.000 203.000 129.000
-2.986 4.872 111.672 146.000 150.000 90.000
-5.729 3.497 112.114 89.000 92.000 37.000
-5.729 3.954 112.118 113.000 116.000 42.000
-5.272 3.954 112.119 144.000 151.000 58.000
-4.815 3.954 112.119 165.000 172.000 87.000
-4.815 4.411 112.123 157.000 163.000 74.000
-4.358 3.954 112.120 210.000 213.000 137.000
-4.358 4.411 112.124 188.000 193.000 114.000
-3.901 4.411 112.124 199.000 202.000 132.000
-3.901 4.868 112.128 143.000 152.000 73.000
-3.444 4.411 112.124 196.000 198.000 133.000
-3.444 4.868 112.128 111.000 119.000 54.000
-5.272 3.493 112.572 140.000 148.000 74.000
-4.815 3.950 112.576 171.000 178.000 90.000
-4.358 3.950 112.577 201.000 205.000 127.000
-4.358 4.407 112.580 159.000 165.000 90.000
-3.901 3.950 112.577 210.000 211.000 146.000
-3.901 4.407 112.581 171.000 175.000 109.000
-4.359 3.946 113.033 146.000 152.000 87.000
