38.25025305091402 15.659312755635751 123.51046781330666 126.0 128.0 97.0
38.707236866731485 16.11627937469666 123.51489222106187 93.0 96.0 69.0
38.70723496395911 16.573247896529942 123.5188806003568 98.0 102.0 67.0
37.79283130386393 15.65532627911319 123.96700009865967 144.0 146.0 99.0
38.249817022453776 15.655324376340813 123.9674361271199 141.0 143.0 102.0
38.2498151196814 16.112292898174097 123.97142450641485 142.0 146.0 93.0
38.24981321690902 16.56926142000738 123.97541288570977 134.0 140.0 77.0
38.70680083827125 16.112290995401718 123.97186053487508 112.0 115.0 82.0
38.70679893549887 16.569259517235004 123.97584891417 94.0 97.0 66.0
38.70679703272649 17.026228039068286 123.97983729346495 85.0 87.0 59.0
37.79239527540369 15.651337899818252 124.42396841247287 104.0 106.0 67.0
38.24938099399354 15.651335997045873 124.42440444093313 139.0 142.0 95.0
38.249379091221165 16.10830451887916 124.42839282022805 136.0 141.0 86.0
38.24937718844878 16.56527304071244 124.43238119952298 125.0 130.0 74.0
38.706364809811014 16.10830261610678 124.42882884868831 129.0 132.0 91.0
38.70636290703863 16.565271137940066 124.43281722798324 105.0 108.0 74.0
37.79195544139869 16.56128656418988 124.88891348487596 137.0 141.0 69.0
38.2489449655333 15.647347617750935 124.88137275474634 119.0 123.0 83.0
38.24894306276092 16.10431613958422 124.88536113404129 127.0 133.0 76.0
38.24894115998854 16.561284661417503 124.88934951333621 89.0 92.0 39.0
38.248939257216165 17.01825318325079 124.89333789263117 176.0 180.0 103.0
38.70592878135077 16.10431423681184 124.88579716250152 141.0 146.0 102.0
38.70592687857839 16.561282758645127 124.88978554179644 117.0 122.0 78.0
37.33453559712099 16.100331565834036 125.34145739093401 74.0 80.0 25.0
37.79152512125558 15.186392619395088 125.33391666080439 79.0 81.0 54.0
37.791523218483206 15.643361141228374 125.33790504009932 94.0 99.0 56.0
37.79151941293845 16.557298184894943 125.34588179868919 129.0 134.0 58.0
38.24851083984543 15.186390716622713 125.33435268926462 99.0 102.0 74.0
38.248508937073055 15.643359238455995 125.33834106855957 141.0 148.0 94.0
38.24850703430068 16.100327760289282 125.3423294478545 105.0 113.0 52.0
38.2485051315283 16.557296282122564 125.34631782714942 79.0 86.0 31.0
38.24850322875592 17.01426480395585 125.35030620644437 136.0 140.0 73.0
38.24850132598355 17.471233325789132 125.35429458573932 180.0 182.0 113.0
38.7054946556629 15.64335733568362 125.3387770970198 133.0 137.0 102.0
38.70549275289053 16.100325857516903 125.34276547631472 137.0 142.0 92.0
38.705490850118146 16.55729437935019 125.34675385560968 118.0 125.0 75.0
38.70548894734577 17.01426290118347 125.35074223490463 82.0 85.0 49.0
39.16247847148037 16.100323954744525 125.34320150477498 100.0 104.0 76.0
37.33410147143313 15.63937466470581 125.79443732545232 128.0 132.0 66.0
37.791089092795346 15.182404240100146 125.7908849746176 96.0 101.0 56.0
37.79108719002297 15.639372761933432 125.79487335391255 121.0 126.0 62.0
37.791085287250596 16.096341283766716 125.79886173320747 126.0 133.0 58.0
37.79108338447821 16.553309805599998 125.80285011250243 121.0 129.0 47.0
37.79108148170584 17.01027832743328 125.80683849179735 186.0 191.0 95.0
38.248074811385194 15.18240233732777 125.79132100307785 94.0 102.0 55.0
38.24807290861282 15.639370859161053 125.79530938237278 114.0 122.0 54.0
38.248071005840444 16.09633938099434 125.7992977616677 121.0 130.0 52.0
38.24806910306806 16.553307902827623 125.80328614096265 103.0 110.0 43.0
38.24806720029569 17.010276424660905 125.80727452025761 101.0 104.0 54.0
38.24806529752331 17.46724494649419 125.81126289955253 123.0 123.0 82.0
38.70505862720267 15.639368956388678 125.79574541083304 128.0 133.0 91.0
38.70505672443029 16.09633747822196 125.79973379012796 122.0 128.0 70.0
38.70505482165791 16.553306000055247 125.80372216942288 115.0 121.0 67.0
39.162042443020134 16.096335575449583 125.80016981858819 94.0 98.0 68.0
39.16204054024775 16.55330409728287 125.80415819788314 95.0 97.0 64.0
36.87667972438304 15.635388188183246 126.2509696108053 98.0 104.0 44.0
37.33366734574526 15.178417763577585 126.24741725997058 81.0 84.0 42.0
37.33366544297289 15.63538628541087 126.25140563926553 126.0 131.0 66.0
37.33366354020051 16.092354807244153 126.25539401856045 119.0 122.0 56.0
37.7906530643351 15.178415860805208 126.24785328843083 140.0 148.0 72.0
37.79065116156273 15.635384382638494 126.25184166772578 107.0 116.0 39.0
37.79064925879035 16.092352904471774 126.25583004702068 149.0 157.0 74.0
37.79064735601797 16.54932142630506 126.25981842631563 136.0 142.0 66.0
37.790645453245595 17.006289948138342 126.26380680561059 156.0 160.0 79.0
37.79064355047322 17.463258469971628 126.26779518490554 215.0 217.0 134.0
38.247640685697334 14.721445436199547 126.24430093759611 81.0 84.0 56.0
38.24763878292495 15.178413958032833 126.24828931689106 133.0 141.0 74.0
38.24763688015258 15.635382479866115 126.25227769618601 102.0 116.0 37.0
38.2476349773802 16.0923510016994 126.25626607548094 130.0 139.0 52.0
38.24763307460782 16.54931952353268 126.26025445477589 144.0 152.0 68.0
38.247631171835444 17.006288045365967 126.26424283407081 134.0 137.0 74.0
38.24762926906307 17.46325656719925 126.26823121336577 150.0 150.0 106.0
38.247627366290686 17.920225089032535 126.27221959266069 149.0 149.0 113.0
38.7046245015148 15.178412055260454 126.24872534535132 101.0 106.0 67.0
38.704622598742425 15.63538057709374 126.25271372464624 121.0 128.0 67.0
38.70462069597005 16.09234909892702 126.25670210394117 104.0 112.0 47.0
38.70461879319767 16.549317620760306 126.26069048323612 119.0 125.0 61.0
38.70461689042529 17.006286142593588 126.26467886253107 82.0 82.0 47.0
39.161608317332266 15.63537867432136 126.2531497531065 96.0 100.0 67.0
39.16160641455989 16.09234719615464 126.25713813240142 107.0 112.0 67.0
39.16160451178751 16.549315717987927 126.26112651169635 85.0 87.0 50.0
37.3332332200574 14.717460862449364 126.70039719448886 75.0 81.0 37.0
37.333229414512644 15.631397906115932 126.70837395307876 90.0 94.0 45.0
37.33322751174027 16.088366427949214 126.71236233237369 102.0 104.0 50.0
37.33322370619551 17.002303471615782 126.72033909096356 137.0 139.0 72.0
37.79021893864724 14.717458959676986 126.70083322294911 141.0 147.0 84.0
37.79021703587486 15.174427481510268 126.70482160224404 142.0 153.0 64.0
37.790215133102485 15.631396003343554 126.70880998153899 135.0 144.0 56.0
37.79021323033011 16.088364525176836 126.71279836083392 152.0 158.0 73.0
37.790211327557735 16.54533304701012 126.71678674012887 157.0 164.0 75.0
37.79020942478536 17.002301568843404 126.72077511942379 142.0 145.0 71.0
37.790207522012984 17.45927009067669 126.72476349871874 148.0 148.0 96.0
38.24720465723709 14.717457056904607 126.70126925140934 146.0 150.0 90.0
38.24720275446471 15.174425578737893 126.7052576307043 153.0 161.0 80.0
38.247200851692334 15.631394100571175 126.70924600999925 130.0 140.0 51.0
38.24719894891996 16.08836262240446 126.71323438929414 131.0 141.0 49.0
38.247197046147576 16.545331144237743 126.7172227685891 151.0 158.0 73.0
38.2471951433752 17.00229966607103 126.72121114788405 152.0 155.0 82.0
38.70419037582694 14.717455154132232 126.70170527986957 104.0 107.0 72.0
38.70418847305456 15.174423675965514 126.70569365916452 136.0 143.0 83.0
38.70418657028218 15.6313921977988 126.70968203845948 122.0 130.0 57.0
38.70418466750981 16.08836071963208 126.7136704177544 102.0 113.0 38.0
38.704182764737425 16.545329241465367 126.71765879704935 104.0 108.0 40.0
38.70418086196505 17.00229776329865 126.72164717634428 87.0 88.0 46.0
39.161172288872024 15.63139029502642 126.7101180669197 102.0 106.0 59.0
39.16117038609965 16.088358816859703 126.71410644621463 104.0 113.0 47.0
37.332797191597166 14.713472483154426 127.15736550830209 109.0 115.0 55.0
37.332795288824784 15.170441004987708 127.16135388759704 128.0 134.0 70.0
37.33279338605241 15.627409526820994 127.16534226689197 105.0 110.0 51.0
37.33279148328003 16.084378048654276 127.16933064618689 108.0 111.0 56.0
37.33278958050765 16.541346570487562 127.17331902548185 80.0 82.0 39.0
37.332787677735276 16.998315092320844 127.1773074047768 82.0 83.0 42.0
37.78978481295938 14.256502058548762 127.15381315746737 140.0 143.0 90.0
37.78978291018701 14.713470580382047 127.15780153676232 154.0 161.0 85.0
37.789781007414625 15.17043910221533 127.16178991605727 155.0 163.0 76.0
37.78977910464225 15.627407624048615 127.16577829535223 150.0 157.0 71.0
37.789777201869875 16.084376145881897 127.16976667464715 157.0 164.0 76.0
37.78977529909749 16.541344667715183 127.17375505394207 167.0 171.0 80.0
37.78977339632512 16.998313189548465 127.17774343323703 171.0 175.0 87.0
37.78977149355274 17.45528171138175 127.18173181253198 94.0 94.0 56.0
38.24677053154923 14.256500155776386 127.15424918592763 152.0 154.0 103.0
38.246768628776856 14.713468677609669 127.15823756522258 160.0 167.0 93.0
38.24676672600447 15.170437199442954 127.1622259445175 158.0 167.0 75.0
38.2467648232321 15.627405721276237 127.16621432381245 148.0 157.0 69.0
38.24676292045972 16.084374243109522 127.17020270310738 157.0 165.0 74.0
38.24676101768734 16.541342764942804 127.17419108240233 163.0 169.0 78.0
38.246759114914965 16.99831128677609 127.17817946169725 176.0 177.0 90.0
38.70375625013908 14.256498253004008 127.15468521438785 95.0 96.0 69.0
38.703754347366704 14.713466774837293 127.1586735936828 147.0 151.0 92.0
38.70375244459432 15.170435296670576 127.16266197297776 148.0 155.0 84.0
38.70375054182195 15.627403818503861 127.16665035227268 139.0 146.0 69.0
38.70374863904957 16.084372340337143 127.1706387315676 129.0 138.0 52.0
38.70374673627719 16.54134086217043 127.17462711086256 146.0 152.0 68.0
38.703744833504814 16.99830938400371 127.17861549015751 131.0 133.0 70.0
39.16073816318416 15.170433393898197 127.16309800143799 111.0 115.0 75.0
39.16073626041179 15.627401915731483 127.16708638073291 126.0 132.0 71.0
39.16073435763941 16.084370437564765 127.17107476002786 117.0 123.0 54.0
39.16073245486704 16.54133895939805 127.17506313932282 105.0 109.0 52.0
37.33236116313692 14.709484103859486 127.6143338221153 112.0 117.0 56.0
37.33235926036454 15.166452625692768 127.61832220141025 136.0 141.0 72.0
37.332357357592166 15.623421147526054 127.62231058070518 134.0 140.0 70.0
37.33235545481979 16.080389669359338 127.62629896000013 151.0 157.0 81.0
37.33235355204741 16.537358191192624 127.63028733929505 152.0 158.0 80.0
37.789350687271515 13.79554515742054 127.60679309198565 94.0 97.0 59.0
37.78934878449914 14.252513679253822 127.6107814712806 152.0 158.0 84.0
37.789346881726765 14.709482201087107 127.61476985057556 160.0 169.0 80.0
37.78934497895438 15.16645072292039 127.61875822987051 160.0 167.0 81.0
37.78934307618201 15.623419244753675 127.62274660916543 154.0 159.0 77.0
37.78934117340963 16.08038776658696 127.62673498846036 160.0 165.0 79.0
37.78933927063726 16.537356288420245 127.63072336775531 173.0 176.0 83.0
37.78933736786488 16.994324810253527 127.63471174705026 183.0 186.0 94.0
38.24633640586136 13.795543254648162 127.60722912044591 124.0 126.0 82.0
38.24633450308899 14.252511776481446 127.61121749974083 165.0 169.0 101.0
38.24633260031661 14.70948029831473 127.61520587903578 168.0 174.0 90.0
38.24633069754423 15.166448820148014 127.61919425833074 167.0 176.0 78.0
38.246328794771856 15.623417341981297 127.62318263762566 166.0 173.0 78.0
38.24632689199948 16.080385863814584 127.62717101692061 167.0 171.0 80.0
38.2463249892271 16.537354385647866 127.63115939621554 168.0 171.0 78.0
38.24632308645472 16.994322907481152 127.63514777551049 183.0 184.0 91.0
38.24632118368235 17.451291429314434 127.63913615480544 116.0 116.0 66.0
38.70332022167884 14.25250987370907 127.61165352820109 155.0 158.0 101.0
38.70331831890646 14.709478395542355 127.61564190749604 167.0 171.0 99.0
38.70331641613408 15.166446917375637 127.61963028679097 159.0 167.0 83.0
38.703314513361704 15.623415439208921 127.62361866608589 153.0 161.0 78.0
38.70331261058933 16.080383961042205 127.62760704538084 158.0 164.0 77.0
38.70331070781695 16.53735248287549 127.6315954246758 164.0 166.0 80.0
38.70330880504457 16.994321004708773 127.63558380397072 155.0 156.0 81.0
38.703306902272196 17.45128952654206 127.63957218326567 84.0 84.0 49.0
39.1603040374963 14.709476492769976 127.61607793595627 124.0 126.0 81.0
39.16030213472393 15.166445014603259 127.62006631525122 140.0 144.0 87.0
39.16030023195155 15.623413536436544 127.62405469454615 139.0 144.0 77.0
39.16029832917918 16.080382058269826 127.62804307384107 129.0 136.0 56.0
39.160296426406795 16.537350580103112 127.63203145313602 126.0 128.0 61.0
39.617285950541394 15.623411633664166 127.62449072300637 113.0 116.0 79.0
39.61728404776902 16.08038015549745 127.62847910230133 89.0 92.0 45.0
37.331927037449056 14.24852720273126 128.06731375663358 117.0 123.0 53.0
37.33192513467668 14.705495724564548 128.07130213592853 127.0 133.0 64.0
37.3319232319043 15.16246424639783 128.0752905152235 123.0 128.0 63.0
37.33192132913192 15.619432768231116 128.07927889451838 131.0 137.0 67.0
37.33191942635955 16.076401290064396 128.08326727381333 159.0 165.0 83.0
37.331917523587165 16.533369811897682 128.0872556531083 170.0 175.0 89.0
37.33191562081479 16.990338333730964 128.09124403240324 144.0 148.0 82.0
37.78891465881127 13.7915567781256 128.06376140579889 134.0 138.0 79.0
37.7889127560389 14.248525299958882 128.06774978509384 156.0 162.0 80.0
37.78891085326652 14.70549382179217 128.07173816438876 161.0 169.0 77.0
37.78890895049415 15.162462343625451 128.07572654368371 162.0 169.0 79.0
37.78890704772177 15.619430865458737 128.07971492297864 159.0 163.0 80.0
37.788905144949396 16.076399387292017 128.0837033022736 165.0 169.0 81.0
37.788903242177014 16.533367909125303 128.08769168156851 175.0 179.0 84.0
37.78890133940464 16.990336430958585 128.09168006086347 182.0 185.0 96.0
37.78889943663226 17.44730495279187 128.09566844015842 102.0 103.0 61.0
38.24590037740112 13.79155487535322 128.0641974342591 144.0 147.0 87.0
38.245898474628746 14.248523397186506 128.06818581355407 168.0 172.0 93.0
38.24589657185637 14.70549191901979 128.07217419284902 170.0 176.0 84.0
38.24589466908399 15.162460440853076 128.07616257214397 164.0 173.0 72.0
38.24589276631161 15.619428962686358 128.08015095143887 171.0 177.0 77.0
38.24589086353924 16.076397484519642 128.08413933073382 173.0 176.0 82.0
38.245888960766855 16.533366006352928 128.08812771002877 173.0 175.0 78.0
38.24588705799448 16.99033452818621 128.09211608932372 185.0 187.0 95.0
38.245885155222105 17.447303050019492 128.09610446861865 151.0 151.0 89.0
38.70288609599097 13.791552972580845 128.06463346271937 121.0 124.0 77.0
38.702884193218594 14.248521494414128 128.0686218420143 171.0 173.0 105.0
38.70288229044622 14.705490016247415 128.07261022130925 176.0 180.0 98.0
38.70288038767384 15.162458538080697 128.0765986006042 161.0 168.0 76.0
38.70287848490146 15.619427059913983 128.08058697989912 165.0 172.0 78.0
38.702876582129086 16.076395581747267 128.08457535919408 169.0 173.0 82.0
38.702874679356704 16.533364103580553 128.088563738489 177.0 177.0 91.0
38.70287277658433 16.990332625413835 128.09255211778395 164.0 164.0 90.0
39.15986991180844 14.248519591641749 128.06905787047455 88.0 88.0 60.0
39.15986800903607 14.705488113475036 128.0730462497695 135.0 137.0 83.0
39.159866106263685 15.162456635308319 128.07703462906443 146.0 150.0 81.0
39.15986420349131 15.619425157141604 128.08102300835935 150.0 156.0 81.0
39.159862300718935 16.07639367897489 128.0850113876543 155.0 159.0 79.0
39.15986039794655 16.533362200808174 128.08899976694926 147.0 147.0 77.0
39.61684992208115 15.619423254369226 128.0814590368196 129.0 133.0 84.0
39.616848019308776 16.076391776202513 128.08544741611453 111.0 116.0 56.0
39.616846116536394 16.533360298035795 128.08943579540949 83.0 85.0 45.0
36.874501484854214 15.158477769875269 128.53182280057646 91.0 94.0 57.0
36.87449958208184 15.615446291708551 128.5358111798714 104.0 108.0 61.0
37.331492911761195 13.787570301603036 128.52029369115186 98.0 102.0 53.0
37.33149100898882 14.244538823436322 128.52428207044682 139.0 146.0 73.0
37.331489106216445 14.701507345269608 128.52827044974177 142.0 149.0 73.0
37.33148720344406 15.15847586710289 128.5322588290367 140.0 145.0 72.0
37.33148530067169 15.615444388936176 128.53624720833162 97.0 103.0 42.0
37.33148339789931 16.072412910769458 128.54023558762657 126.0 131.0 63.0
37.33148149512693 16.529381432602744 128.54422396692152 161.0 165.0 86.0
37.331479592354555 16.986349954436026 128.54821234621645 156.0 159.0 93.0
37.33147768958218 17.44331847626931 128.5522007255114 116.0 119.0 74.0
37.78848053312342 13.330599876997377 128.51674134031717 87.0 89.0 51.0
37.78847863035104 13.787568398830661 128.5207297196121 151.0 155.0 84.0
37.78847672757866 14.244536920663943 128.52471809890704 160.0 165.0 82.0
37.788474824806286 14.701505442497231 128.528706478202 162.0 168.0 77.0
37.78847292203391 15.158473964330513 128.53269485749695 167.0 173.0 78.0
37.788471019261536 15.615442486163797 128.53668323679184 161.0 169.0 69.0
37.78846911648916 16.07241100799708 128.5406716160868 170.0 174.0 83.0
37.78846721371678 16.529379529830365 128.54465999538175 176.0 180.0 84.0
37.7884653109444 16.986348051663647 128.5486483746767 180.0 183.0 98.0
37.78846340817203 17.443316573496933 128.55263675397163 160.0 161.0 104.0
38.24546625171327 13.330597974224998 128.51717736877742 117.0 122.0 66.0
38.245464348940885 13.787566496058282 128.52116574807235 157.0 162.0 87.0
38.24546244616851 14.244535017891568 128.5251541273673 173.0 176.0 89.0
38.245460543396135 14.701503539724852 128.52914250666223 171.0 177.0 78.0
38.24545864062375 15.158472061558138 128.53313088595718 164.0 173.0 67.0
38.24545673785138 15.61544058339142 128.5371192652521 176.0 182.0 75.0
38.245454835079 16.072409105224704 128.54110764454705 178.0 182.0 80.0
38.24545293230662 16.529377627057986 128.54509602384198 181.0 184.0 85.0
38.245451029534244 16.986346148891272 128.54908440313693 188.0 190.0 103.0
38.24544912676187 17.443314670724554 128.55307278243185 160.0 160.0 100.0
38.702450067530734 13.787564593285907 128.52160177653258 155.0 160.0 95.0
38.70244816475836 14.24453311511919 128.52559015582753 181.0 184.0 105.0
38.70244626198598 14.701501636952477 128.52957853512248 178.0 182.0 91.0
38.7024443592136 15.158470158785759 128.53356691441743 162.0 170.0 71.0
38.702442456441226 15.615438680619045 128.53755529371233 175.0 182.0 78.0
38.70244055366885 16.072407202452325 128.54154367300728 182.0 186.0 88.0
38.70243865089647 16.52937572428561 128.54553205230224 183.0 184.0 97.0
38.70243674812409 16.986344246118893 128.5495204315972 159.0 159.0 92.0
39.15943578612058 13.787562690513528 128.52203780499283 80.0 81.0 52.0
39.15943388334821 14.24453121234681 128.52602618428776 141.0 142.0 93.0
39.15943198057583 14.701499734180098 128.5300145635827 153.0 155.0 89.0
39.15943007780345 15.15846825601338 128.53400294287766 164.0 168.0 85.0
39.159428175031074 15.615436777846666 128.5379913221726 158.0 164.0 75.0
39.1594262722587 16.072405299679946 128.54197970146754 167.0 171.0 87.0
39.15942436948632 16.529373821513232 128.54596808076246 144.0 144.0 83.0
39.61641579639329 15.158466353241005 128.5344389713379 85.0 87.0 53.0
39.616413893620916 15.615434875074287 128.53842735063282 117.0 122.0 58.0
39.61641199084854 16.07240339690757 128.54241572992777 128.0 134.0 67.0
39.61641008807616 16.529371918740853 128.54640410922272 96.0 97.0 55.0
40.07339961221077 15.615432972301912 128.53886337909307 105.0 111.0 67.0
40.073397709438396 16.072401494135196 128.542851758388 74.0 80.0 39.0
36.874067359166354 14.697520868747041 128.98480273509475 80.0 84.0 47.0
36.87406545639397 15.154489390580327 128.98879111438967 92.0 96.0 56.0
36.874063553621596 15.61145791241361 128.9927794936846 88.0 94.0 42.0
37.33105688330095 13.783581922308096 128.9772620049651 111.0 115.0 62.0
37.33105498052858 14.240550444141382 128.98125038426002 143.0 150.0 76.0
37.3310530777562 14.697518965974666 128.98523876355497 142.0 148.0 74.0
37.33105117498382 15.154487487807948 128.98922714284993 131.0 137.0 67.0
37.331049272211445 15.611456009641234 128.99321552214485 135.0 143.0 65.0
37.33104736943907 16.068424531474516 128.99720390143978 156.0 161.0 82.0
37.33104546666669 16.525393053307802 129.00119228073473 157.0 162.0 81.0
37.33104356389431 16.982361575141084 129.00518066002968 165.0 168.0 101.0
37.33104166112194 17.43933009697437 129.0091690393246 111.0 114.0 80.0
37.788044504663176 13.326611497702437 128.97370965413037 104.0 106.0 60.0
37.7880426018908 13.783580019535721 128.97769803342533 159.0 162.0 88.0
37.788040699118426 14.240548541369003 128.98168641272028 163.0 166.0 82.0
37.78803879634605 14.697517063202287 128.98567479201523 164.0 169.0 78.0
37.78803689357367 15.15448558503557 128.98966317131016 157.0 163.0 67.0
37.78803499080129 15.611454106868855 128.99365155060508 151.0 158.0 60.0
37.78803308802892 16.068422628702137 128.99763992990003 175.0 180.0 84.0
37.788031185256536 16.525391150535423 129.00162830919498 182.0 187.0 89.0
37.78802928248416 16.982359672368705 129.0056166884899 180.0 184.0 103.0
37.788027379711785 17.43932819420199 129.00960506778483 166.0 167.0 113.0
38.245030223253025 13.326609594930058 128.97414568259063 134.0 140.0 72.0
38.24502832048064 13.783578116763342 128.97813406188556 165.0 168.0 87.0
38.24502641770827 14.240546638596628 128.9821224411805 174.0 177.0 83.0
38.24502451493589 14.697515160429909 128.98611082047546 174.0 180.0 75.0
38.24502261216351 15.154483682263194 128.9900991997704 171.0 179.0 67.0
38.245020709391135 15.611452204096476 128.9940875790653 181.0 187.0 76.0
38.24501880661876 16.068420725929762 128.99807595836026 186.0 190.0 84.0
38.24501690384638 16.525389247763044 129.0020643376552 191.0 195.0 91.0
38.245015001074 16.98235776959633 129.00605271695017 190.0 193.0 106.0
38.24501309830163 17.439326291429612 129.0100410962451 160.0 161.0 103.0
38.70201594184287 13.326607692157683 128.97458171105086 94.0 100.0 51.0
38.70201403907049 13.783576213990967 128.9785700903458 161.0 165.0 96.0
38.702012136298116 14.24054473582425 128.98255846964076 183.0 185.0 101.0
38.70201023352574 14.697513257657533 128.9865468489357 176.0 180.0 88.0
38.70200833075336 15.154481779490817 128.99053522823064 162.0 170.0 69.0
38.70200642798098 15.611450301324101 128.99452360752557 187.0 193.0 88.0
38.70200452520861 16.068418823157383 128.99851198682052 191.0 194.0 99.0
38.702002622436225 16.52538734499067 129.00250036611544 188.0 190.0 103.0
38.70200071966385 16.98235586682395 129.0064887454104 161.0 162.0 94.0
39.15899975766034 13.78357431121859 128.97900611880604 83.0 84.0 54.0
39.158997854887964 14.240542833051872 128.982994498101 152.0 153.0 96.0
39.15899595211559 14.697511354885156 128.98698287739595 170.0 172.0 97.0
39.15899404934321 15.154479876718439 128.99097125669087 160.0 165.0 82.0
39.15899214657083 15.611448398551724 128.9949596359858 166.0 171.0 84.0
39.158990243798456 16.068416920385005 128.99894801528075 181.0 183.0 103.0
39.158988341026074 16.52538544221829 129.0029363945757 152.0 151.0 95.0
39.61598167070543 14.697509452112778 128.98741890585617 112.0 113.0 73.0
39.61597976793305 15.154477973946063 128.99140728515113 146.0 148.0 89.0
39.61597786516067 15.611446495779346 128.99539566444605 129.0 135.0 67.0
39.6159759623883 16.06841501761263 128.999384043741 144.0 148.0 83.0
39.615974059615915 16.52538353944591 129.00337242303593 114.0 116.0 65.0
40.07296358375053 15.61144459300697 128.99583169290628 117.0 123.0 75.0
40.07296168097815 16.06841311484025 128.99982007220123 85.0 90.0 45.0
37.33062085484071 13.779593543013156 129.4342303187783 92.0 94.0 49.0
37.330618952068335 14.236562064846442 129.43821869807326 142.0 147.0 78.0
37.33061704929596 14.693530586679728 129.4422070773682 149.0 153.0 83.0
37.33061514652358 15.15049910851301 129.44619545666313 139.0 143.0 75.0
37.3306132437512 15.607467630346296 129.45018383595806 151.0 157.0 79.0
37.33061134097883 16.064436152179578 129.454172215253 159.0 166.0 80.0
37.330609438206444 16.521404674012864 129.45816059454796 168.0 173.0 85.0
37.33060753543407 16.978373195846146 129.46214897384291 169.0 172.0 101.0
37.330605632661694 17.43534171767943 129.4661373531378 119.0 121.0 86.0
37.78760847620294 13.322623118407497 129.4306779679436 82.0 84.0 44.0
37.78760657343056 13.779591640240781 129.43466634723856 150.0 154.0 80.0
37.78760467065818 14.236560162074063 129.43865472653349 162.0 168.0 85.0
37.78760276788581 14.69352868390735 129.44264310582844 158.0 164.0 76.0
37.787600865113426 15.150497205740631 129.44663148512336 165.0 172.0 73.0
37.78759896234105 15.607465727573917 129.45061986441831 156.0 161.0 74.0
37.787597059568675 16.0644342494072 129.45460824371324 168.0 171.0 83.0
37.78759515679629 16.521402771240485 129.4585966230082 181.0 186.0 88.0
37.78759325402392 16.978371293073767 129.46258500230314 184.0 188.0 103.0
37.78759135125154 17.435339814907053 129.46657338159807 164.0 166.0 107.0
38.24459419479278 13.322621215635118 129.43111399640384 144.0 150.0 76.0
38.2445922920204 13.779589737468402 129.4351023756988 161.0 166.0 84.0
38.244590389248025 14.236558259301688 129.43909075499374 172.0 177.0 87.0
38.24458848647565 14.69352678113497 129.4430791342887 174.0 180.0 81.0
38.24458658370327 15.150495302968256 129.44706751358362 176.0 183.0 70.0
38.24458468093089 15.607463824801538 129.45105589287854 176.0 181.0 77.0
38.24458277815852 16.064432346634824 129.4550442721735 185.0 187.0 90.0
38.244580875386134 16.521400868468106 129.45903265146845 191.0 195.0 96.0
38.24457897261376 16.978369390301392 129.46302103076337 193.0 196.0 107.0
38.244577069841384 17.435337912134674 129.4670094100583 172.0 174.0 110.0
38.70157991338263 13.322619312862741 129.4315500248641 121.0 127.0 67.0
38.70157801061025 13.779587834696027 129.43553840415902 168.0 171.0 97.0
38.70157610783787 14.23655635652931 129.43952678345397 175.0 179.0 93.0
38.7015742050655 14.693524878362595 129.44351516274892 177.0 182.0 87.0
38.701572302293116 15.150493400195877 129.44750354204385 174.0 182.0 76.0
38.70157039952074 15.607461922029163 129.45149192133877 198.0 203.0 100.0
38.701568496748365 16.064430443862445 129.45548030063372 196.0 198.0 108.0
38.70156659397598 16.52139896569573 129.45946867992868 192.0 194.0 108.0
38.70156469120361 16.978367487529013 129.46345705922363 167.0 168.0 102.0
39.15856563197248 13.322617410090364 129.43198605332432 79.0 84.0 48.0
39.1585637292001 13.779585931923648 129.43597443261928 149.0 151.0 94.0
39.15856182642772 14.23655445375693 129.43996281191423 182.0 183.0 109.0
39.158559923655346 14.693522975590216 129.44395119120915 178.0 181.0 100.0
39.158558020882964 15.150491497423499 129.44793957050408 172.0 176.0 89.0
39.15855611811059 15.607460019256784 129.45192794979903 194.0 198.0 108.0
39.158554215338214 16.064428541090066 129.45591632909398 185.0 186.0 108.0
39.61554564224519 14.693521072817838 129.4443872196694 115.0 116.0 71.0
39.615543739472805 15.150489594651123 129.44837559896433 148.0 152.0 88.0
39.61554183670043 15.607458116484406 129.45236397825926 144.0 153.0 75.0
39.615539933928055 16.06442663831769 129.4563523575542 133.0 136.0 75.0
40.07252945806266 15.150487691878745 129.44881162742456 105.0 108.0 71.0
40.072527555290286 15.60745621371203 129.4528000067195 123.0 129.0 76.0
37.330184826380474 13.775605163718216 129.89119863259154 123.0 129.0 70.0
37.3301829236081 14.232573685551502 129.8951870118865 132.0 138.0 74.0
37.330181020835724 14.689542207384788 129.89917539118142 121.0 126.0 65.0
37.33017911806334 15.14651072921807 129.90316377047634 131.0 135.0 72.0
37.330177215290966 15.603479251051356 129.9071521497713 147.0 152.0 75.0
37.33017531251859 16.06044777288464 129.91114052906624 142.0 147.0 67.0
37.7871724477427 13.318634739112559 129.88764628175682 100.0 102.0 57.0
37.78717054497032 13.775603260945843 129.89163466105177 162.0 169.0 87.0
37.78716864219795 14.232571782779125 129.89562304034672 164.0 172.0 85.0
37.78716673942557 14.68954030461241 129.89961141964167 156.0 163.0 76.0
37.78716483665319 15.146508826445693 129.90359979893657 159.0 166.0 73.0
37.787162933880815 15.603477348278977 129.90758817823152 157.0 165.0 67.0
37.78716103110844 16.06044587011226 129.91157655752647 176.0 181.0 84.0
37.78715912833606 16.517414391945547 129.91556493682143 182.0 186.0 90.0
37.78715722556368 16.97438291377883 129.91955331611638 181.0 184.0 101.0
37.78715532279131 17.431351435612115 129.92354169541127 155.0 157.0 97.0
38.24415816633255 13.31863283634018 129.88808231021707 156.0 161.0 86.0
38.244156263560164 13.775601358173464 129.89207068951202 168.0 174.0 88.0
38.24415436078779 14.23256988000675 129.89605906880695 172.0 178.0 88.0
38.244152458015414 14.689538401840032 129.9000474481019 164.0 171.0 78.0
38.24415055524303 15.146506923673318 129.90403582739683 166.0 174.0 69.0
38.244148652470656 15.6034754455066 129.90802420669178 175.0 183.0 72.0
38.24414674969828 16.060443967339886 129.9120125859867 186.0 190.0 90.0
38.2441448469259 16.517412489173168 129.91600096528165 198.0 202.0 105.0
38.24414294415352 16.974381011006454 129.9199893445766 199.0 202.0 113.0
38.24414104138115 17.431349532839736 129.92397772387153 136.0 138.0 82.0
38.701143884922395 13.318630933567803 129.8885183386773 142.0 147.0 83.0
38.70114198215001 13.775599455401089 129.89250671797225 170.0 174.0 97.0
38.70114007937764 14.232567977234371 129.8964950972672 175.0 179.0 95.0
38.70113817660526 14.689536499067657 129.90048347656216 172.0 177.0 87.0
38.70113627383288 15.146505020900939 129.90447185585705 181.0 188.0 83.0
38.701134371060505 15.603473542734225 129.908460235152 196.0 201.0 100.0
38.70113246828813 16.060442064567507 129.91244861444696 201.0 204.0 111.0
38.70113056551575 16.517410586400793 129.9164369937419 201.0 202.0 118.0
38.70112866274337 16.974379108234075 129.92042537303684 169.0 170.0 102.0
39.15812960351224 13.318629030795426 129.88895436713756 88.0 91.0 55.0
39.15812770073986 13.77559755262871 129.89294274643248 165.0 168.0 101.0
39.158125797967486 14.232566074461992 129.89693112572743 171.0 173.0 97.0
39.15812389519511 14.689534596295278 129.9009195050224 169.0 172.0 93.0
39.15812199242273 15.14650311812856 129.9049078843173 173.0 179.0 87.0
39.15812008965035 15.603471639961846 129.90889626361226 187.0 192.0 101.0
39.15811818687798 16.06044016179513 129.9128846429072 201.0 202.0 126.0
39.158116284105596 16.517408683628414 129.91687302220214 89.0 89.0 63.0
39.61510961378495 14.6895326935229 129.90135553348262 151.0 153.0 95.0
39.61510771101257 15.146501215356185 129.90534391277754 137.0 142.0 79.0
39.615105808240195 15.603469737189467 129.9093322920725 124.0 130.0 58.0
39.61510390546782 16.060438259022753 129.91332067136744 144.0 148.0 82.0
40.072093429602425 15.146499312583806 129.9057799412378 124.0 130.0 80.0
40.07209152683005 15.603467834417092 129.90976832053272 120.0 126.0 74.0
37.32974879792023 13.771616784423278 130.34816694640475 98.0 102.0 54.0
37.329746895147856 14.228585306256564 130.3521553256997 135.0 140.0 75.0
37.78673641928246 13.314646359817619 130.34461459557005 102.0 103.0 60.0
37.78673451651008 13.771614881650903 130.348602974865 159.0 166.0 88.0
37.786732613737705 14.228583403484185 130.35259135415996 168.0 175.0 88.0
37.78673071096533 14.685551925317471 130.35657973345488 162.0 168.0 81.0
37.78672880819295 15.142520447150753 130.3605681127498 150.0 155.0 69.0
37.78672690542057 15.599488968984039 130.36455649204476 163.0 168.0 73.0
38.243722137872304 13.31464445704524 130.34505062403028 161.0 168.0 89.0
38.24372023509992 13.771612978878524 130.34903900332523 171.0 177.0 93.0
38.243718332327546 14.22858150071181 130.35302738262018 171.0 177.0 87.0
38.24371642955517 14.685550022545092 130.35701576191514 167.0 174.0 78.0
38.24371452678279 15.142518544378378 130.36100414121003 171.0 178.0 72.0
38.24371262401041 15.59948706621166 130.36499252050498 191.0 197.0 85.0
38.24371072123804 16.056455588044948 130.36898089979994 196.0 201.0 96.0
38.24370881846566 16.51342410987823 130.3729692790949 203.0 207.0 107.0
38.24370691569329 16.970392631711512 130.3769576583898 197.0 200.0 111.0
38.24370501292091 17.427361153544798 130.38094603768474 126.0 127.0 77.0
38.70070785646215 13.314642554272863 130.34548665249054 147.0 153.0 87.0
38.70070595368977 13.771611076106149 130.3494750317855 169.0 174.0 96.0
38.700704050917395 14.228579597939431 130.3534634110804 171.0 176.0 91.0
38.70070214814502 14.685548119772717 130.35745179037536 168.0 174.0 82.0
38.70070024537264 15.142516641605999 130.3614401696703 180.0 188.0 83.0
38.70069834260026 15.599485163439285 130.36542854896524 192.0 197.0 94.0
38.70069643982789 16.05645368527257 130.36941692826016 196.0 201.0 104.0
38.700694537055504 16.513422207105855 130.37340530755512 202.0 204.0 117.0
38.70069263428313 16.970390728939137 130.37739368685004 179.0 180.0 113.0
39.157693575052 13.314640651500486 130.34592268095076 119.0 124.0 74.0
39.15769167227962 13.77160917333377 130.34991106024572 171.0 173.0 102.0
39.15768976950724 14.228577695167052 130.35389943954067 176.0 177.0 98.0
39.15768786673487 14.685546217000338 130.35788781883562 166.0 171.0 88.0
39.157685963962486 15.14251473883362 130.36187619813052 167.0 173.0 84.0
39.15768406119011 15.599483260666906 130.36586457742547 176.0 180.0 92.0
39.157682158417735 16.05645178250019 130.36985295672042 198.0 200.0 115.0
39.15768025564535 16.513420304333476 130.37384133601537 82.0 82.0 56.0
39.614675488097085 14.228575792394677 130.3543354680009 135.0 136.0 88.0
39.61467358532471 14.685544314227961 130.35832384729585 140.0 143.0 86.0
39.61467168255233 15.142512836061245 130.36231222659077 141.0 147.0 82.0
39.61466977977995 15.599481357894529 130.36630060588573 139.0 148.0 76.0
40.07165740114218 15.142510933288868 130.362748255051 137.0 143.0 90.0
40.07165549836981 15.599479455122154 130.36673663434595 133.0 140.0 83.0
37.78630039082222 13.310657980522679 130.80158290938328 82.0 83.0 47.0
37.78629848804984 13.767626502355963 130.8055712886782 148.0 154.0 80.0
37.78629658527746 14.224595024189245 130.80955966797316 163.0 170.0 83.0
38.24328610941206 13.3106560777503 130.8020189378435 155.0 161.0 87.0
38.24328420663968 13.767624599583584 130.80600731713847 166.0 172.0 88.0
38.2432823038673 14.22459312141687 130.80999569643342 168.0 175.0 83.0
38.24328040109493 14.681561643250154 130.81398407572834 163.0 169.0 73.0
38.700273730774285 12.85368565314464 130.79846658700882 89.0 95.0 55.0
38.70027182800191 13.310654174977923 130.80245496630374 149.0 154.0 89.0
38.70026992522953 13.767622696811209 130.8064433455987 167.0 172.0 94.0
38.70026802245715 14.224591218644491 130.81043172489365 168.0 173.0 86.0
38.70026611968478 14.681559740477779 130.8144201041886 162.0 169.0 78.0
38.700264216912394 15.13852826231106 130.8184084834835 164.0 172.0 71.0
39.15725754659176 13.310652272205546 130.802890994764 139.0 144.0 87.0
39.157255643819376 13.76762079403883 130.80687937405895 168.0 170.0 100.0
39.157253741047 14.224589315872112 130.81086775335388 168.0 170.0 93.0
39.157251838274625 14.6815578377054 130.81485613264883 160.0 164.0 84.0
39.15724993550224 15.138526359538682 130.81884451194375 160.0 168.0 80.0
39.61424136240922 13.767618891266451 130.80731540251918 147.0 147.0 103.0
39.61423945963684 14.224587413099737 130.81130378181413 152.0 153.0 98.0
39.61423755686447 14.681555934933021 130.81529216110906 149.0 152.0 92.0
38.2428519837242 12.849699176622078 131.2549988723618 79.0 84.0 47.0
38.242850080951825 13.306667698455362 131.25898725165675 151.0 158.0 84.0
38.24284817817944 13.763636220288646 131.26297563095167 163.0 169.0 84.0
38.69983770231405 12.849697273849701 131.25543490082202 95.0 100.0 63.0
38.699835799541674 13.306665795682985 131.25942328011698 153.0 159.0 91.0
39.1568234209039 12.849695371077324 131.25587092928228 87.0 92.0 60.0
39.15682151813152 13.306663892910608 131.2598593085772 141.0 146.0 89.0
38.69940167385381 12.845708894554761 131.71240321463526 95.0 98.0 66.0
