-2.944 5.720 66.893 81.000 86.000 21.000
-4.315 6.630 67.357 65.000 85.000 25.000
-3.858 6.173 67.353 66.000 80.000 19.000
-3.401 6.173 67.353 113.000 122.000 36.000
-2.944 5.716 67.350 90.000 91.000 26.000
-4.315 5.255 67.802 73.000 91.000 26.000
-4.315 6.169 67.810 64.000 85.000 21.000
-3.858 5.255 67.802 79.000 92.000 25.000
-3.858 5.712 67.806 113.000 129.000 38.000
-3.858 6.169 67.810 89.000 107.000 30.000
-3.858 6.626 67.814 88.000 107.000 34.000
-3.401 5.712 67.806 95.000 109.000 32.000
-3.401 6.169 67.810 113.000 124.000 38.000
-2.487 5.712 67.807 74.000 81.000 28.000
-4.316 4.794 68.255 92.000 101.000 42.000
-4.316 5.251 68.259 92.000 111.000 32.000
-4.316 5.708 68.263 73.000 92.000 19.000
-4.316 6.165 68.267 73.000 94.000 22.000
-4.316 6.622 68.271 62.000 81.000 20.000
-3.859 4.794 68.255 72.000 82.000 25.000
-3.859 5.251 68.259 110.000 120.000 36.000
-3.859 5.708 68.263 132.000 145.000 43.000
-3.859 6.165 68.267 97.000 113.000 31.000
-3.859 6.622 68.271 93.000 111.000 34.000
-3.402 5.251 68.259 94.000 105.000 30.000
-3.402 5.708 68.263 144.000 150.000 55.000
-3.402 6.165 68.267 114.000 124.000 36.000
-2.945 5.708 68.264 115.000 110.000 35.000
-2.945 6.165 68.268 125.000 127.000 45.000
-2.488 5.708 68.264 96.000 94.000 34.000
-4.316 4.790 68.712 107.000 120.000 46.000
-4.316 5.247 68.716 118.000 131.000 40.000
-4.316 5.704 68.720 80.000 97.000 19.000
-4.316 6.161 68.724 81.000 97.000 21.000
-4.316 6.618 68.727 74.000 92.000 25.000
-4.316 7.075 68.731 68.000 87.000 29.000
-3.859 4.790 68.712 107.000 117.000 42.000
-3.859 5.247 68.716 139.000 146.000 50.000
-3.859 5.704 68.720 106.000 116.000 26.000
-3.859 6.161 68.724 110.000 121.000 30.000
-3.859 6.618 68.728 99.000 114.000 33.000
-3.402 4.790 68.712 90.000 99.000 35.000
-3.402 5.247 68.716 138.000 143.000 52.000
-3.402 5.704 68.720 143.000 138.000 47.000
-3.402 6.161 68.724 141.000 148.000 49.000
-3.402 6.618 68.728 140.000 150.000 53.000
-2.945 5.247 68.717 120.000 121.000 46.000
-2.945 5.704 68.721 131.000 133.000 53.000
-2.945 6.161 68.725 133.000 133.000 54.000
-2.488 5.704 68.721 132.000 133.000 62.000
-4.774 6.157 69.180 68.000 86.000 26.000
-4.317 4.786 69.169 107.000 115.000 50.000
-4.317 5.243 69.172 115.000 112.000 35.000
-4.317 5.700 69.176 101.000 112.000 27.000
-4.317 6.157 69.180 100.000 115.000 32.000
-4.317 6.614 69.184 84.000 102.000 32.000
-4.317 7.071 69.188 73.000 93.000 33.000
-3.860 4.786 69.169 128.000 130.000 52.000
-3.860 5.243 69.173 142.000 147.000 53.000
-3.860 5.700 69.177 130.000 138.000 37.000
-3.860 6.157 69.181 132.000 145.000 41.000
-3.860 6.614 69.185 101.000 117.000 33.000
-3.860 7.071 69.189 84.000 102.000 33.000
-3.403 4.786 69.169 110.000 107.000 49.000
-3.403 5.243 69.173 140.000 146.000 57.000
-3.403 5.700 69.177 134.000 144.000 51.000
-3.403 6.157 69.181 141.000 150.000 53.000
-3.403 6.614 69.185 138.000 147.000 52.000
-2.946 5.243 69.174 146.000 140.000 57.000
-2.946 5.700 69.178 139.000 142.000 58.000
-2.946 6.157 69.182 143.000 146.000 67.000
-2.489 5.243 69.174 100.000 105.000 54.000
-2.489 5.700 69.178 132.000 137.000 69.000
-2.489 6.157 69.182 146.000 150.000 71.000
-4.774 6.153 69.637 72.000 86.000 27.000
-4.774 6.610 69.641 72.000 89.000 30.000
-4.317 4.782 69.625 102.000 111.000 46.000
-4.317 5.239 69.629 112.000 121.000 43.000
-4.317 5.696 69.633 128.000 138.000 42.000
-4.317 6.153 69.637 114.000 124.000 37.000
-4.317 6.610 69.641 92.000 109.000 35.000
-4.317 7.067 69.645 76.000 95.000 34.000
-3.860 4.325 69.622 137.000 142.000 71.000
-3.860 4.782 69.626 133.000 140.000 62.000
-3.860 5.239 69.630 146.000 151.000 62.000
-3.860 5.696 69.634 145.000 155.000 59.000
-3.860 6.153 69.638 126.000 136.000 40.000
-3.860 6.610 69.642 102.000 113.000 32.000
-3.860 7.067 69.646 85.000 103.000 35.000
-3.403 4.325 69.622 95.000 97.000 45.000
-3.403 4.782 69.626 141.000 143.000 70.000
-3.403 5.239 69.630 152.000 156.000 70.000
-3.403 5.696 69.634 151.000 158.000 66.000
-3.403 6.153 69.638 142.000 148.000 52.000
-3.403 6.610 69.642 143.000 151.000 55.000
-2.946 4.782 69.627 136.000 132.000 62.000
-2.946 5.239 69.631 144.000 145.000 58.000
-2.946 5.696 69.635 148.000 149.000 61.000
-2.946 6.153 69.639 137.000 141.000 53.000
-2.946 6.610 69.643 141.000 145.000 58.000
-2.489 5.239 69.631 137.000 139.000 63.000
-2.489 5.696 69.635 137.000 139.000 62.000
-2.489 6.153 69.639 134.000 137.000 67.000
-4.775 5.692 70.090 84.000 98.000 25.000
-4.775 6.149 70.094 96.000 107.000 38.000
-4.775 6.606 70.098 95.000 111.000 43.000
-4.775 7.063 70.102 77.000 96.000 36.000
-4.318 5.235 70.086 129.000 137.000 58.000
-4.318 5.692 70.090 142.000 150.000 52.000
-4.318 6.149 70.094 129.000 140.000 50.000
-4.318 6.606 70.098 107.000 123.000 46.000
-4.318 7.063 70.102 90.000 110.000 45.000
-3.861 4.321 70.079 103.000 106.000 57.000
-3.861 4.778 70.083 138.000 140.000 74.000
-3.861 5.235 70.087 141.000 146.000 62.000
-3.861 5.692 70.091 146.000 152.000 55.000
-3.861 6.149 70.095 140.000 150.000 56.000
-3.861 6.606 70.099 143.000 153.000 62.000
-3.861 7.063 70.103 98.000 116.000 44.000
-3.404 4.321 70.079 105.000 109.000 54.000
-3.404 4.778 70.083 150.000 153.000 74.000
-3.404 5.235 70.087 152.000 154.000 69.000
-3.404 5.692 70.091 157.000 152.000 62.000
-3.404 6.149 70.095 148.000 143.000 51.000
-3.404 6.606 70.099 146.000 153.000 59.000
-3.404 7.063 70.103 148.000 159.000 69.000
-2.947 4.778 70.084 154.000 148.000 65.000
-2.947 5.235 70.088 157.000 160.000 69.000
-2.947 5.692 70.092 151.000 154.000 64.000
-2.947 6.149 70.096 139.000 143.000 52.000
-2.947 6.606 70.100 135.000 137.000 48.000
-2.490 5.235 70.088 121.000 123.000 59.000
-2.490 5.692 70.092 125.000 125.000 60.000
-5.232 6.602 70.554 72.000 90.000 29.000
-4.775 5.231 70.543 100.000 108.000 39.000
-4.775 5.688 70.547 111.000 121.000 39.000
-4.775 6.145 70.551 103.000 117.000 38.000
-4.775 6.602 70.555 101.000 115.000 45.000
-4.775 7.059 70.559 94.000 110.000 44.000
-4.318 4.774 70.539 119.000 125.000 56.000
-4.318 5.231 70.543 126.000 133.000 53.000
-4.318 5.688 70.547 134.000 142.000 49.000
-4.318 6.145 70.551 124.000 132.000 46.000
-4.318 6.602 70.555 119.000 130.000 50.000
-4.318 7.059 70.559 105.000 121.000 44.000
-3.861 4.317 70.536 123.000 130.000 64.000
-3.861 4.774 70.540 144.000 148.000 74.000
-3.861 5.231 70.544 148.000 152.000 70.000
-3.861 5.688 70.548 150.000 157.000 67.000
-3.861 6.145 70.552 142.000 150.000 59.000
-3.861 6.602 70.556 130.000 140.000 51.000
-3.861 7.059 70.560 114.000 127.000 40.000
-3.861 7.516 70.564 96.000 113.000 34.000
-3.404 4.317 70.536 139.000 143.000 71.000
-3.404 4.774 70.540 146.000 147.000 67.000
-3.404 5.231 70.544 150.000 145.000 61.000
-3.404 5.688 70.548 144.000 148.000 57.000
-3.404 6.145 70.552 140.000 147.000 53.000
-3.404 6.602 70.556 132.000 138.000 43.000
-3.404 7.059 70.560 136.000 143.000 47.000
-2.947 4.317 70.537 113.000 116.000 58.000
-2.947 4.774 70.541 155.000 155.000 74.000
-2.947 5.231 70.545 167.000 166.000 73.000
-2.947 5.688 70.549 150.000 153.000 61.000
-2.947 6.145 70.553 133.000 137.000 46.000
-2.947 6.602 70.557 135.000 138.000 45.000
-2.490 5.231 70.545 97.000 100.000 53.000
-2.490 5.688 70.549 124.000 123.000 59.000
-5.232 7.055 71.015 74.000 91.000 36.000
-4.775 5.684 71.004 101.000 111.000 32.000
-4.775 6.141 71.008 89.000 100.000 29.000
-4.775 6.598 71.012 101.000 113.000 40.000
-4.775 7.055 71.016 96.000 114.000 42.000
-4.318 4.313 70.992 99.000 108.000 45.000
-4.318 4.770 70.996 119.000 127.000 48.000
-4.318 5.227 71.000 117.000 126.000 46.000
-4.318 5.684 71.004 116.000 124.000 44.000
-4.318 6.141 71.008 112.000 120.000 40.000
-4.318 6.598 71.012 114.000 125.000 44.000
-4.318 7.055 71.016 106.000 122.000 42.000
-3.861 4.313 70.993 100.000 108.000 52.000
-3.861 4.770 70.997 134.000 141.000 61.000
-3.861 5.227 71.001 140.000 144.000 59.000
-3.861 5.684 71.005 149.000 154.000 68.000
-3.861 6.141 71.009 128.000 132.000 44.000
-3.861 6.598 71.013 128.000 139.000 47.000
-3.861 7.055 71.017 118.000 131.000 42.000
-3.861 7.512 71.021 98.000 112.000 30.000
-3.404 4.313 70.993 134.000 135.000 68.000
-3.404 4.770 70.997 148.000 150.000 69.000
-3.404 5.227 71.001 152.000 154.000 69.000
-3.404 5.684 71.005 152.000 154.000 68.000
-3.404 6.141 71.009 144.000 140.000 52.000
-3.404 6.598 71.013 131.000 125.000 38.000
-3.404 7.055 71.017 130.000 136.000 42.000
-2.947 4.770 70.998 165.000 166.000 94.000
-2.947 5.227 71.002 166.000 169.000 82.000
-2.947 5.684 71.006 158.000 152.000 66.000
-2.947 6.141 71.010 152.000 158.000 64.000
-2.947 6.598 71.014 140.000 147.000 51.000
-2.490 5.227 71.002 107.000 110.000 66.000
-2.490 5.684 71.006 137.000 142.000 79.000
-2.490 6.141 71.010 99.000 106.000 54.000
-4.776 6.137 71.465 100.000 112.000 32.000
-4.776 6.594 71.469 103.000 116.000 37.000
-4.776 7.051 71.473 97.000 115.000 40.000
-4.319 4.766 71.453 146.000 152.000 61.000
-4.319 5.223 71.457 135.000 143.000 54.000
-4.319 5.680 71.461 116.000 124.000 42.000
-4.319 6.137 71.465 105.000 113.000 34.000
-4.319 6.594 71.469 114.000 125.000 43.000
-4.319 7.051 71.473 105.000 121.000 38.000
-3.862 4.309 71.450 96.000 102.000 44.000
-3.862 4.766 71.454 143.000 141.000 59.000
-3.862 5.223 71.458 144.000 138.000 57.000
-3.862 5.680 71.462 141.000 146.000 61.000
-3.862 6.137 71.466 121.000 125.000 43.000
-3.862 6.594 71.470 97.000 108.000 27.000
-3.862 7.051 71.474 94.000 107.000 25.000
-3.862 7.508 71.478 97.000 110.000 26.000
-3.405 4.309 71.450 123.000 126.000 62.000
-3.405 4.766 71.454 142.000 143.000 63.000
-3.405 5.223 71.458 147.000 143.000 59.000
-3.405 5.680 71.462 152.000 148.000 60.000
-3.405 6.137 71.466 151.000 154.000 63.000
-3.405 6.594 71.470 143.000 150.000 55.000
-3.405 7.051 71.474 143.000 152.000 53.000
-2.948 4.766 71.455 175.000 176.000 103.000
-2.948 5.223 71.459 169.000 171.000 85.000
-2.948 5.680 71.463 161.000 164.000 72.000
-2.948 6.137 71.467 151.000 159.000 66.000
-2.948 6.594 71.471 139.000 148.000 53.000
-2.491 4.766 71.455 85.000 86.000 54.000
-2.491 5.223 71.459 124.000 126.000 77.000
-2.491 5.680 71.463 129.000 132.000 80.000
-2.491 6.137 71.467 128.000 135.000 67.000
-4.776 6.590 71.926 104.000 119.000 38.000
-4.776 7.047 71.930 93.000 110.000 33.000
-4.319 5.219 71.914 150.000 144.000 55.000
-4.319 5.676 71.918 135.000 143.000 50.000
-4.319 6.133 71.922 139.000 147.000 54.000
-4.319 6.590 71.926 125.000 135.000 46.000
-4.319 7.047 71.930 105.000 119.000 32.000
-4.319 7.504 71.934 80.000 98.000 25.000
-3.862 4.305 71.907 78.000 81.000 36.000
-3.862 4.762 71.911 132.000 124.000 51.000
-3.862 5.219 71.915 130.000 115.000 42.000
-3.862 5.676 71.919 134.000 140.000 53.000
-3.862 6.133 71.923 136.000 142.000 48.000
-3.862 6.590 71.927 123.000 132.000 39.000
-3.862 7.047 71.931 101.000 112.000 23.000
-3.862 7.504 71.935 96.000 109.000 25.000
-3.405 4.305 71.907 93.000 90.000 43.000
-3.405 4.762 71.911 136.000 133.000 58.000
-3.405 5.219 71.915 153.000 150.000 59.000
-3.405 5.676 71.919 164.000 168.000 72.000
-3.405 6.133 71.923 153.000 158.000 59.000
-3.405 6.590 71.927 153.000 160.000 57.000
-3.405 7.047 71.931 149.000 158.000 54.000
-2.948 4.762 71.912 157.000 159.000 91.000
-2.948 5.219 71.916 159.000 162.000 81.000
-2.948 5.676 71.920 160.000 162.000 74.000
-2.948 6.133 71.924 157.000 161.000 67.000
-2.948 6.590 71.928 150.000 158.000 63.000
-2.491 4.762 71.912 111.000 113.000 71.000
-2.491 5.219 71.916 159.000 163.000 97.000
-2.491 5.676 71.920 130.000 132.000 76.000
-2.491 6.133 71.924 157.000 164.000 81.000
-4.320 5.672 72.375 158.000 166.000 64.000
-4.320 6.129 72.379 159.000 169.000 64.000
-4.320 6.586 72.383 153.000 166.000 59.000
-4.320 7.043 72.387 132.000 148.000 47.000
-3.863 4.758 72.368 115.000 111.000 50.000
-3.863 5.215 72.372 147.000 138.000 54.000
-3.863 5.672 72.376 161.000 169.000 69.000
-3.863 6.129 72.380 167.000 175.000 67.000
-3.863 6.586 72.384 162.000 172.000 63.000
-3.863 7.043 72.388 140.000 153.000 46.000
-3.863 7.500 72.392 97.000 113.000 28.000
-3.406 4.758 72.368 129.000 130.000 61.000
-3.406 5.215 72.372 154.000 156.000 65.000
-3.406 5.672 72.376 163.000 168.000 73.000
-3.406 6.129 72.380 163.000 169.000 64.000
-3.406 6.586 72.384 163.000 169.000 60.000
-3.406 7.043 72.388 151.000 160.000 53.000
-2.949 4.758 72.369 149.000 153.000 87.000
-2.949 5.215 72.373 156.000 161.000 84.000
-2.949 5.672 72.377 153.000 158.000 76.000
-2.949 6.129 72.381 160.000 163.000 70.000
-2.949 6.586 72.385 157.000 163.000 71.000
-2.492 5.215 72.373 166.000 170.000 102.000
-2.492 5.672 72.377 161.000 165.000 93.000
-2.492 6.129 72.381 172.000 178.000 91.000
-4.320 6.582 72.840 160.000 169.000 64.000
-4.320 7.039 72.844 127.000 137.000 50.000
-3.863 5.211 72.829 156.000 155.000 67.000
-3.863 5.668 72.833 163.000 169.000 66.000
-3.863 6.125 72.837 167.000 175.000 67.000
-3.863 6.582 72.841 168.000 177.000 67.000
-3.863 7.039 72.845 153.000 164.000 60.000
-3.863 7.496 72.849 110.000 122.000 39.000
-3.406 4.754 72.825 130.000 133.000 65.000
-3.406 5.211 72.829 158.000 161.000 72.000
-3.406 5.668 72.833 160.000 164.000 71.000
-3.406 6.125 72.837 160.000 166.000 71.000
-3.406 6.582 72.841 165.000 174.000 74.000
-3.406 7.039 72.845 142.000 154.000 55.000
-2.949 4.754 72.826 135.000 139.000 76.000
-2.949 5.211 72.830 164.000 170.000 89.000
-2.949 5.668 72.834 168.000 173.000 93.000
-2.949 6.125 72.838 171.000 176.000 88.000
-2.949 6.582 72.842 171.000 178.000 85.000
-2.492 5.211 72.830 148.000 151.000 96.000
-2.492 5.668 72.834 174.000 178.000 102.000
-2.492 6.125 72.838 178.000 183.000 98.000
-2.492 6.582 72.842 176.000 181.000 95.000
-3.864 5.664 73.290 174.000 178.000 73.000
-3.864 6.121 73.294 172.000 178.000 72.000
-3.864 6.578 73.298 169.000 176.000 69.000
-3.864 7.035 73.302 130.000 136.000 53.000
-3.407 5.207 73.286 137.000 139.000 68.000
-3.407 5.664 73.290 157.000 164.000 81.000
-3.407 6.121 73.294 166.000 172.000 82.000
-3.407 6.578 73.298 170.000 178.000 80.000
-3.407 7.035 73.302 161.000 172.000 70.000
-2.950 4.750 73.283 111.000 115.000 65.000
-2.950 5.207 73.287 170.000 176.000 96.000
-2.950 5.664 73.291 167.000 173.000 95.000
-2.950 6.121 73.294 178.000 183.000 96.000
-2.950 6.578 73.298 182.000 188.000 95.000
-2.950 7.035 73.302 180.000 187.000 86.000
-2.493 5.207 73.287 141.000 143.000 92.000
-2.493 5.664 73.291 181.000 184.000 111.000
-2.493 6.121 73.295 182.000 187.000 104.000
-2.493 6.578 73.299 190.000 194.000 108.000
-2.036 6.121 73.295 94.000 95.000 60.000
-3.864 6.117 73.751 170.000 176.000 79.000
-3.864 6.574 73.755 162.000 169.000 71.000
-3.864 7.031 73.759 97.000 103.000 37.000
-3.407 5.203 73.743 126.000 130.000 71.000
-3.407 5.660 73.747 148.000 154.000 78.000
-3.407 6.117 73.751 150.000 157.000 72.000
-3.407 6.574 73.755 151.000 158.000 69.000
-3.407 7.031 73.759 105.000 112.000 44.000
-2.950 5.660 73.747 154.000 159.000 88.000
-2.950 6.117 73.751 182.000 187.000 103.000
-2.950 6.574 73.755 180.000 186.000 94.000
-2.950 7.031 73.759 179.000 185.000 87.000
-2.493 5.203 73.744 92.000 94.000 61.000
-2.493 5.660 73.748 174.000 177.000 110.000
-2.493 6.117 73.752 197.000 201.000 117.000
-2.493 6.574 73.756 204.000 208.000 121.000
-2.951 6.113 74.208 82.000 83.000 51.000
-2.951 6.570 74.212 130.000 133.000 73.000
-2.494 5.656 74.205 140.000 141.000 91.000
-2.494 6.113 74.209 204.000 206.000 125.000
-2.494 6.570 74.213 191.000 195.000 110.000
-3.408 6.109 74.665 91.000 93.000 52.000
-3.408 6.566 74.669 91.000 94.000 48.000
-2.494 6.109 74.666 183.000 185.000 112.000
