6.8778233553409 37.54236980367767 67.24186849311502 108.0 113.0 76.0
7.306664349674684 37.11273831419521 67.29463294307993 184.0 201.0 97.0
7.7355053440084705 36.683106824712745 67.34739739304484 169.0 187.0 70.0
6.844238011805611 37.13191742062483 67.69094840616174 186.0 201.0 115.0
7.273079006139395 36.70228593114237 67.74371285612665 185.0 203.0 91.0
7.273840082852687 37.13267849733813 67.72377267298376 187.0 205.0 103.0
7.274601159565982 37.563071063533876 67.70383248984083 169.0 182.0 111.0
7.70192000047318 36.2726544416599 67.79647730609156 156.0 176.0 53.0
7.702681077186472 36.70304700785566 67.77653712294864 186.0 205.0 87.0
7.703442153899766 37.133439574051415 67.75659693980575 189.0 208.0 100.0
7.704203230613061 37.56383214024717 67.73665675666282 186.0 203.0 112.0
8.130760994806966 35.84302295217744 67.84924175605647 89.0 114.0 18.0
8.131522071520259 36.2734155183732 67.82930157291355 135.0 156.0 41.0
8.132283148233551 36.703808084568955 67.80936138977066 176.0 195.0 75.0
6.81065266827032 36.72146503757198 68.14002831920848 161.0 176.0 85.0
6.811413744983613 37.15185760376774 68.12008813606559 153.0 164.0 94.0
7.239493662604106 36.29183354808952 68.1927927691734 174.0 191.0 71.0
7.240254739317399 36.72222611428528 68.1728525860305 176.0 194.0 84.0
7.241015816030691 37.152618680481034 68.15291240288758 188.0 205.0 108.0
7.241776892743987 37.58301124667678 68.13297221974466 150.0 158.0 106.0
7.668334656937892 35.86220205860706 68.2455572191383 157.0 176.0 50.0
7.669095733651185 36.29259462480282 68.22561703599538 163.0 181.0 60.0
7.669856810364477 36.722987190998566 68.20567685285249 179.0 198.0 83.0
7.6706178870777695 37.15337975719432 68.18573666970957 193.0 212.0 107.0
7.671378963791065 37.58377232339008 68.16579648656665 181.0 194.0 120.0
8.097175651271678 35.4325705691246 68.29832166910322 79.0 105.0 14.0
8.09793672798497 35.862963135320356 68.2783814859603 115.0 137.0 28.0
8.098697804698263 36.293355701516106 68.2584413028174 145.0 164.0 46.0
8.099458881411556 36.72374826771186 68.23850111967448 185.0 203.0 87.0
8.100219958124848 37.15414083390762 68.21856093653156 191.0 210.0 105.0
6.777067324735031 36.31101265451914 68.58910823225523 172.0 190.0 78.0
6.777828401448323 36.741405220714896 68.5691680491123 171.0 186.0 93.0
6.778589478161617 37.17179778691065 68.54922786596939 112.0 119.0 70.0
7.205908319068817 35.881381165036686 68.64187268222014 161.0 182.0 54.0
7.206669395782109 36.311773731232435 68.62193249907722 167.0 184.0 66.0
7.2074304724954015 36.74216629742819 68.6019923159343 172.0 189.0 83.0
7.208191549208694 37.17255886362395 68.5820521327914 169.0 183.0 97.0
7.634749313402602 35.451749675554225 68.69463713218505 147.0 168.0 42.0
7.635510390115895 35.882142241749975 68.67469694904213 151.0 172.0 46.0
7.636271466829188 36.312534807945724 68.65475676589921 156.0 175.0 55.0
7.63703254354248 36.74292737414148 68.63481658275632 166.0 184.0 74.0
7.637793620255772 37.17331994033724 68.6148763996134 183.0 200.0 102.0
7.638554696969068 37.60371250653299 68.5949362164705 167.0 173.0 123.0
8.064351384449681 35.452510752267514 68.72746139900704 106.0 130.0 22.0
8.065112461162974 35.88290331846327 68.70752121586412 124.0 145.0 29.0
8.065873537876266 36.31329588465902 68.68758103272123 145.0 166.0 47.0
8.066634614589558 36.743688450854776 68.6676408495783 184.0 201.0 86.0
8.06739569130285 37.17408101705053 68.64770066643538 204.0 219.0 123.0
6.315402063579249 36.76058432714452 68.96548351219414 144.0 153.0 91.0
6.743481981199741 35.900560271466304 69.03818814530197 168.0 188.0 64.0
6.7442430579130335 36.33095283766205 69.01824796215905 180.0 195.0 85.0
6.745004134626326 36.76134540385781 68.99830777901613 186.0 201.0 111.0
7.172322975533526 35.470928781983844 69.09095259526688 148.0 173.0 41.0
7.1730840522468196 35.90132134817959 69.07101241212396 157.0 181.0 50.0
7.173845128960112 36.33171391437535 69.05107222898104 163.0 182.0 62.0
7.174606205673404 36.762106480571106 69.03113204583815 162.0 178.0 75.0
7.175367282386697 37.19249904676686 69.01119186269523 142.0 154.0 79.0
7.60116396986731 35.04129729250138 69.1437170452318 75.0 95.0 14.0
7.601925046580605 35.47168985869714 69.12377686208887 140.0 166.0 37.0
7.602686123293897 35.90208242489289 69.10383667894595 147.0 172.0 43.0
7.60344720000719 36.33247499108864 69.08389649580306 146.0 170.0 49.0
7.604208276720483 36.762867557284395 69.06395631266014 146.0 166.0 59.0
7.604969353433775 37.19326012348015 69.04401612951722 142.0 154.0 73.0
8.030766040914388 35.04205836921468 69.17654131205379 67.0 84.0 13.0
8.031527117627684 35.47245093541043 69.15660112891086 114.0 139.0 25.0
8.032288194340977 35.902843501606185 69.13666094576797 126.0 152.0 33.0
8.033049271054269 36.333236067801934 69.11672076262505 124.0 150.0 34.0
8.033810347767561 36.76362863399769 69.09678057948213 151.0 171.0 61.0
6.2818167200439605 36.35013194409168 69.41456342524089 178.0 192.0 98.0
6.282577796757253 36.780524510287435 69.39462324209796 118.0 124.0 83.0
6.709896637664451 35.49010788841346 69.48726805834869 154.0 176.0 53.0
6.710657714377745 35.92050045460921 69.4673278752058 172.0 192.0 69.0
6.711418791091037 36.35089302080497 69.44738769206288 179.0 198.0 87.0
6.71217986780433 36.781285587000724 69.42744750891995 180.0 193.0 112.0
7.138737631998234 35.060476398931 69.5400325083136 71.0 94.0 12.0
7.139498708711529 35.49086896512676 69.52009232517071 145.0 170.0 42.0
7.1402597854248215 35.92126153132251 69.50015214202779 162.0 184.0 56.0
7.141020862138115 36.351654097518264 69.48021195888487 167.0 185.0 68.0
7.141781938851407 36.78204666371402 69.46027177574194 165.0 183.0 81.0
7.1425430155647 37.212439229909776 69.44033159259905 124.0 134.0 75.0
7.569100779758608 35.49163004184005 69.5529165919927 129.0 156.0 33.0
7.5698618564719 35.9220226080358 69.53297640884978 145.0 171.0 44.0
7.570622933185192 36.35241517423155 69.51303622570686 148.0 171.0 52.0
7.571384009898486 36.78280774042731 69.49309604256396 154.0 172.0 67.0
7.572145086611778 37.213200306623065 69.47315585942104 149.0 163.0 83.0
7.998702850805686 35.49239111855334 69.58574085881469 107.0 132.0 23.0
7.9994639275189785 35.92278368474909 69.56580067567177 143.0 166.0 42.0
8.000225004232272 36.35317625094485 69.54586049252887 143.0 166.0 49.0
8.000986080945564 36.783568817140605 69.52592030938595 145.0 165.0 58.0
5.819390382174887 36.3693110505213 69.81087888832272 175.0 187.0 109.0
5.820151458888179 36.79970361671705 69.7909387051798 91.0 96.0 64.0
6.248231376508671 35.93967956103884 69.86364333828763 173.0 192.0 80.0
6.248992453221963 36.37007212723459 69.84370315514471 183.0 197.0 105.0
6.249753529935257 36.80046469343035 69.82376297200179 161.0 168.0 114.0
6.676311294129161 35.07965550536063 69.93634797139543 103.0 125.0 29.0
6.6770723708424535 35.510048071556376 69.91640778825254 146.0 168.0 50.0
6.677833447555748 35.940440637752125 69.89646760510962 165.0 184.0 64.0
6.67859452426904 36.37083320394788 69.8765274219667 178.0 194.0 88.0
6.679355600982333 36.80122577014364 69.8565872388238 164.0 178.0 97.0
7.105913365176238 35.080416582073916 69.96917223821745 116.0 142.0 32.0
7.106674441889534 35.51080914826967 69.94923205507453 146.0 171.0 47.0
7.107435518602826 35.94120171446542 69.92929187193161 163.0 185.0 59.0
7.108196595316119 36.37159428066118 69.90935168878869 162.0 182.0 67.0
7.108957672029411 36.801986846856934 69.8894115056458 163.0 181.0 85.0
7.109718748742704 37.23237941305269 69.86947132250287 90.0 98.0 55.0
7.535515436223316 35.08117765878721 70.00199650503944 89.0 110.0 21.0
7.536276512936612 35.51157022498296 69.98205632189652 131.0 155.0 38.0
7.537037589649905 35.94196279117872 69.9621161387536 151.0 176.0 50.0
7.537798666363197 36.37235535737447 69.94217595561071 156.0 178.0 60.0
7.5385597430764895 36.80274792357022 69.92223577246779 162.0 181.0 77.0
7.539320819789782 37.23314048976598 69.90229558932486 150.0 165.0 87.0
7.965117507270395 35.08193873550051 70.03482077186143 106.0 128.0 30.0
7.965878583983691 35.51233130169626 70.01488058871851 129.0 153.0 35.0
7.966639660696983 35.942723867892006 69.99494040557562 140.0 165.0 41.0
5.78656611535289 36.389251233664204 70.24001861822654 172.0 185.0 105.0
5.787327192066182 36.81964379985996 70.22007843508362 83.0 87.0 59.0
6.215407109686674 35.959619744181744 70.29278306819145 181.0 199.0 87.0
6.216168186399966 36.3900123103775 70.27284288504853 184.0 200.0 104.0
6.216929263113259 36.82040487657326 70.25290270190564 126.0 133.0 86.0
6.643487027307164 35.099595688503534 70.36548770129926 125.0 141.0 51.0
6.644248104020456 35.52998825469929 70.34554751815637 157.0 179.0 61.0
6.645009180733751 35.96038082089504 70.32560733501344 171.0 191.0 71.0
6.645770257447043 36.39077338709079 70.30566715187052 177.0 195.0 88.0
6.646531334160336 36.821165953286545 70.28572696872763 148.0 163.0 86.0
7.072328021640948 34.669964199021074 70.41825215126417 76.0 95.0 21.0
7.073089098354241 35.10035676521682 70.39831196812128 149.0 173.0 56.0
7.073850175067537 35.53074933141258 70.37837178497836 144.0 168.0 49.0
7.074611251780829 35.96114189760833 70.35843160183543 159.0 183.0 60.0
7.0753723284941215 36.391534463804085 70.33849141869254 172.0 192.0 79.0
7.076133405207414 36.82192702999984 70.31855123554962 163.0 182.0 85.0
7.076894481920706 37.2523195961956 70.2986110524067 111.0 122.0 66.0
7.502691169401319 35.10111784193012 70.43113623494327 136.0 159.0 47.0
7.503452246114615 35.531510408125875 70.41119605180035 121.0 144.0 37.0
7.5042133228279075 35.961902974321625 70.39125586865745 145.0 168.0 51.0
7.5049743995412 36.392295540517374 70.37131568551453 162.0 185.0 67.0
7.505735476254492 36.82268810671313 70.35137550237161 170.0 191.0 88.0
7.506496552967785 37.25308067290889 70.33143531922869 164.0 181.0 100.0
5.753741848530893 36.40919141680712 70.66915834813037 180.0 192.0 114.0
5.754502925244186 36.839583983002875 70.64921816498745 87.0 91.0 62.0
6.182582842864678 35.97955992732466 70.72192279809528 189.0 206.0 93.0
6.18334391957797 36.409952493520414 70.70198261495236 188.0 204.0 107.0
6.184104996291262 36.84034505971617 70.68204243180944 125.0 135.0 83.0
6.610662760485168 35.11953587164645 70.79462743120311 124.0 135.0 65.0
6.61142383719846 35.5499284378422 70.77468724806019 177.0 198.0 79.0
6.612184913911754 35.980321004037954 70.75474706491727 177.0 198.0 76.0
6.612945990625047 36.4107135702337 70.73480688177435 180.0 201.0 91.0
6.613707067338339 36.84110613642946 70.71486669863145 147.0 161.0 89.0
7.039503754818951 34.68990438216399 70.847391881168 95.0 105.0 48.0
7.040264831532244 35.12029694835974 70.8274516980251 174.0 196.0 82.0
7.0410259082455395 35.55068951455549 70.80751151488218 164.0 189.0 67.0
7.041786984958832 35.98108208075124 70.78757133173926 170.0 194.0 70.0
7.042548061672124 36.411474646947 70.76763114859637 178.0 199.0 84.0
7.043309138385417 36.841867213142756 70.74769096545344 174.0 195.0 92.0
7.044070215098709 37.27225977933851 70.72775078231052 130.0 141.0 82.0
7.469866902579322 35.12105802507303 70.86027596484709 135.0 156.0 54.0
7.470627979292617 35.55145059126879 70.84033578170417 151.0 175.0 56.0
7.47138905600591 35.98184315746454 70.82039559856125 161.0 187.0 59.0
7.472150132719203 36.41223572366029 70.80045541541836 166.0 188.0 71.0
7.472911209432495 36.842628289856044 70.78051523227543 178.0 199.0 95.0
7.473672286145788 37.2730208560518 70.76057504913251 174.0 189.0 110.0
5.720917581708896 36.42913159995003 71.09829807803419 201.0 212.0 132.0
5.721678658422189 36.85952416614579 71.07835789489127 90.0 94.0 64.0
6.1497585760426805 35.99950011046757 71.1510625279991 198.0 213.0 107.0
6.150519652755973 36.42989267666333 71.13112234485618 201.0 216.0 123.0
6.151280729469265 36.860285242859085 71.11118216171329 162.0 173.0 109.0
6.577838493663171 35.13947605478936 71.2237671611069 185.0 201.0 106.0
6.578599570376463 35.56986862098511 71.20382697796401 183.0 205.0 86.0
6.579360647089757 36.00026118718086 71.18388679482109 188.0 210.0 86.0
6.58012172380305 36.43065375337662 71.1639466116782 185.0 202.0 104.0
6.580882800516342 36.861046319572374 71.14400642853528 124.0 134.0 81.0
7.007440564710248 35.14023713150265 71.25659142792892 132.0 147.0 66.0
7.008201641423543 35.57062969769841 71.236651244786 165.0 189.0 69.0
7.008962718136836 36.00102226389416 71.21671106164311 173.0 196.0 71.0
7.009723794850129 36.43141483008991 71.19677087850019 184.0 205.0 93.0
7.010484871563421 36.86180739628567 71.17683069535727 184.0 201.0 108.0
7.011245948276714 37.292199962481426 71.15689051221435 133.0 144.0 85.0
7.437042635757326 35.14099820821595 71.28941569475091 92.0 107.0 37.0
7.437803712470622 35.5713907744117 71.269475511608 140.0 166.0 50.0
7.438564789183914 36.00178334060745 71.2495353284651 174.0 197.0 71.0
7.439325865897207 36.4321759068032 71.22959514532218 179.0 199.0 85.0
7.4400869426105 36.86256847299896 71.20965496217926 186.0 206.0 103.0
7.440848019323792 37.292961039194715 71.18971477903636 167.0 182.0 107.0
5.6880933148869 36.44907178309295 71.52743780793801 206.0 216.0 139.0
6.116934309220683 36.01944029361049 71.58020225790293 209.0 222.0 127.0
6.117695385933977 36.44983285980624 71.56026207476 211.0 223.0 136.0
6.118456462647269 36.880225426002 71.54032189161708 96.0 102.0 66.0
6.5450142268411735 35.15941623793228 71.65290689101076 207.0 223.0 124.0
6.545775303554467 35.589808804128026 71.63296670786784 201.0 218.0 110.0
6.546536380267761 36.020201370323775 71.61302652472492 203.0 219.0 111.0
6.547297456981053 36.45059393651953 71.593086341582 208.0 222.0 128.0
6.548058533694346 36.88098650271529 71.5731461584391 197.0 211.0 130.0
6.974616297888251 35.160177314645566 71.68573115783275 160.0 180.0 83.0
6.975377374601546 35.590569880841315 71.66579097468983 179.0 202.0 84.0
6.976138451314839 36.02096244703707 71.6458507915469 185.0 207.0 86.0
6.976899528028132 36.45135501323283 71.62591060840401 195.0 212.0 108.0
6.977660604741424 36.881747579428584 71.60597042526109 193.0 211.0 113.0
6.978421681454717 37.31214014562434 71.5860302421182 148.0 160.0 97.0
7.404218368935329 35.16093839135886 71.71855542465474 121.0 141.0 50.0
7.404979445648625 35.59133095755461 71.69861524151182 154.0 180.0 58.0
7.405740522361917 36.02172352375037 71.67867505836892 172.0 195.0 71.0
7.406501599075209 36.45211608994612 71.658734875226 189.0 208.0 96.0
7.407262675788503 36.88250865614187 71.63879469208311 190.0 208.0 107.0
6.084110042398686 36.0393804767534 72.00934198780675 221.0 231.0 147.0
6.084871119111979 36.46977304294916 71.98940180466383 221.0 231.0 153.0
6.085632195825272 36.90016560914491 71.96946162152094 111.0 115.0 81.0
6.512189960019176 35.179356421075184 72.08204662091458 241.0 245.0 174.0
6.51295103673247 35.60974898727094 72.06210643777166 232.0 240.0 157.0
6.513712113445763 36.04014155346669 72.04216625462874 224.0 235.0 150.0
6.514473190159056 36.470534119662446 72.02222607148585 224.0 232.0 157.0
6.515234266872349 36.9009266858582 72.00228588834293 206.0 216.0 144.0
6.941792031066253 35.18011749778848 72.11487088773657 167.0 185.0 92.0
6.942553107779549 35.61051006398423 72.09493070459365 195.0 214.0 107.0
6.943314184492841 36.040902630179986 72.07499052145076 210.0 226.0 124.0
6.944075261206134 36.47129519637574 72.05505033830784 221.0 233.0 148.0
6.944836337919427 36.9016877625715 72.03511015516492 212.0 226.0 143.0
7.371394102113332 35.180878574501776 72.14769515455856 128.0 143.0 58.0
7.3721551788266275 35.611271140697525 72.12775497141567 170.0 190.0 74.0
7.37291625553992 36.04166370689328 72.10781478827275 178.0 198.0 80.0
6.05128577557669 36.05932065989631 72.43848171771057 238.0 243.0 177.0
6.052046852289982 36.489713226092064 72.41854153456765 234.0 240.0 172.0
6.47936569319718 35.1992966042181 72.5111863508184 240.0 243.0 184.0
6.4801267699104725 35.62968917041385 72.49124616767548 235.0 241.0 166.0
6.480887846623767 36.060081736609604 72.47130598453256 237.0 242.0 170.0
6.481648923337059 36.49047430280535 72.45136580138967 239.0 243.0 181.0
6.4824100000503515 36.92086686900111 72.43142561824675 213.0 216.0 162.0
6.908967764244258 35.20005768093139 72.5440106176404 185.0 198.0 111.0
6.909728840957554 35.63045024712714 72.52407043449747 193.0 209.0 109.0
6.910489917670846 36.06084281332289 72.50413025135455 206.0 220.0 124.0
7.338569835291336 35.20081875764468 72.57683488446239 123.0 137.0 57.0
6.018461508754694 36.07926084303922 72.8676214476144 237.0 241.0 176.0
6.019222585467986 36.50965340923498 72.8476812644715 230.0 235.0 170.0
6.446541426375184 35.21923678736101 72.94032608072223 196.0 205.0 132.0
6.447302503088476 35.64962935355676 72.92038589757931 196.0 207.0 122.0
6.4480635798017705 36.08002191975251 72.90044571443642 202.0 214.0 127.0
6.448824656515063 36.51041448594827 72.8805055312935 202.0 213.0 135.0
6.876143497422261 35.2199978640743 72.97315034754422 182.0 196.0 107.0
6.876904574135557 35.65039043027006 72.9532101644013 184.0 199.0 96.0
5.985637241932697 36.099201026182136 73.29676117751825 151.0 157.0 103.0
5.986398318645989 36.52959359237789 73.27682099437533 107.0 112.0 72.0
6.415239312979773 36.099962102895425 73.32958544434024 165.0 176.0 92.0
6.479523397689233 36.66088341142996 66.81978486267502 148.0 161.0 82.0
6.906842238596432 35.37046678955599 66.91242967892575 103.0 121.0 43.0
6.907603315309726 35.80085935575174 66.89248949578283 139.0 160.0 61.0
6.908364392023018 36.23125192194749 66.87254931263993 144.0 163.0 62.0
6.909125468736311 36.661644488143246 66.85260912949701 172.0 190.0 85.0
7.336444309643511 35.37122786626928 66.94525394574774 89.0 116.0 26.0
7.337205386356803 35.801620432465036 66.92531376260484 114.0 140.0 38.0
7.337966463070097 36.232012998660785 66.90537357946192 126.0 151.0 43.0
6.015574906393574 35.81927738546806 67.25598069204267 88.0 97.0 47.0
6.016335983106868 36.24966995166382 67.23604050889975 77.0 84.0 45.0
6.444415900727358 35.38964589598561 67.30874514200758 121.0 134.0 62.0
6.445176977440651 35.82003846218136 67.28880495886466 160.0 177.0 84.0
6.445938054153944 36.250431028377115 67.26886477572174 143.0 156.0 74.0
6.446699130867237 36.68082359457287 67.24892459257885 102.0 113.0 53.0
6.447460207580531 37.11121616076862 67.22898440943592 138.0 145.0 91.0
6.873256895061141 34.96001440650315 67.36150959197249 79.0 97.0 29.0
6.8740179717744345 35.3904069726989 67.34156940882957 138.0 159.0 56.0
6.874779048487729 35.820799538894654 67.32162922568665 149.0 168.0 63.0
6.875540125201021 36.251192105090404 67.30168904254376 149.0 167.0 64.0
6.8763012019143135 36.68158467128616 67.28174885940084 174.0 191.0 89.0
6.877062278627608 37.111977237481916 67.26180867625791 188.0 205.0 111.0
7.302858966108219 34.96077548321644 67.39433385879448 86.0 114.0 22.0
7.303620042821514 35.391168049412194 67.37439367565156 117.0 144.0 35.0
7.304381119534806 35.82156061560794 67.35445349250867 125.0 151.0 39.0
7.3051421962481 36.2519531818037 67.33451330936575 136.0 159.0 45.0
7.305903272961392 36.682345747999456 67.31457312622283 173.0 191.0 78.0
7.733222113868592 35.39192912612549 67.40721794247355 76.0 104.0 16.0
7.733983190581885 35.82232169232124 67.38727775933066 95.0 124.0 23.0
7.734744267295177 36.25271425851699 67.36733757618774 132.0 157.0 41.0
5.981989562858284 35.40882500241523 67.70506060508941 100.0 117.0 43.0
5.982750639571578 35.83921756861098 67.6851204219465 138.0 152.0 71.0
5.9835117162848706 36.26961013480673 67.66518023880357 116.0 125.0 70.0
6.411591633905361 35.40958607912852 67.7378848719114 135.0 154.0 60.0
6.412352710618655 35.83997864532427 67.71794468876848 154.0 170.0 72.0
6.413113787331947 36.27037121152003 67.69800450562559 156.0 171.0 83.0
6.4138748640452405 36.700763777715785 67.67806432248267 82.0 88.0 47.0
6.840432628239145 34.97995458964606 67.79064932187632 92.0 107.0 35.0
6.841193704952437 35.41034715584181 67.7707091387334 148.0 168.0 58.0
6.841954781665732 35.84073972203756 67.7507689555905 158.0 176.0 62.0
6.842715858379024 36.27113228823332 67.73082877244758 154.0 170.0 65.0
6.843476935092317 36.701524854429074 67.71088858930466 165.0 180.0 86.0
7.270795775999517 35.41110823255511 67.80353340555541 125.0 150.0 33.0
7.271556852712809 35.84150079875086 67.78359322241249 148.0 169.0 45.0
7.272317929426102 36.271893364946614 67.76365303926957 163.0 182.0 61.0
7.700397847046595 35.4118693092684 67.8363576723774 105.0 131.0 25.0
7.701158923759888 35.84226187546415 67.81641748923448 138.0 161.0 39.0
5.9484042193229945 34.998372619362385 68.15414051813613 72.0 90.0 26.0
5.949165296036287 35.428765185558134 68.13420033499324 124.0 142.0 54.0
5.949926372749581 35.85915775175389 68.11426015185032 146.0 160.0 75.0
5.950687449462873 36.28955031794964 68.0943199687074 114.0 123.0 70.0
6.378006290370071 34.999133696075674 68.18696478495815 111.0 132.0 43.0
6.378767367083364 35.42952626227143 68.16702460181523 145.0 164.0 62.0
6.379528443796658 35.85991882846718 68.1470844186723 160.0 177.0 73.0
6.38028952050995 36.290311394662936 68.12714423552939 164.0 180.0 87.0
6.3810505972232425 36.72070396085869 68.10720405238649 90.0 98.0 52.0
6.807608361417148 34.99989477278897 68.21978905178014 116.0 139.0 39.0
6.80836943813044 35.430287338984726 68.19984886863722 152.0 172.0 56.0
6.809130514843734 35.860679905180476 68.1799086854943 162.0 180.0 63.0
6.809891591557027 36.291072471376225 68.1599685023514 167.0 184.0 75.0
7.2372104324642255 35.00065584950226 68.25261331860213 80.0 103.0 16.0
7.237971509177521 35.431048415698015 68.23267313545921 145.0 167.0 43.0
7.238732585890814 35.86144098189377 68.21273295231632 164.0 182.0 56.0
7.667573580224599 35.43180949241131 68.26549740228123 127.0 150.0 33.0
5.486738958167212 35.44794429198776 68.53051579807507 68.0 80.0 29.0
5.915579952500998 35.0183128025053 68.58328024803998 94.0 117.0 33.0
5.916341029214291 35.44870536870105 68.56334006489706 137.0 156.0 60.0
5.917102105927585 35.879097934896805 68.54339988175414 155.0 170.0 79.0
5.917863182640877 36.309490501092554 68.52345969861125 130.0 140.0 80.0
6.345182023548075 35.01907387921859 68.61610451486197 134.0 158.0 51.0
6.345943100261367 35.449466445414345 68.59616433171905 153.0 174.0 63.0
6.3467041769746615 35.879859011610094 68.57622414857613 168.0 185.0 79.0
6.347465253687954 36.31025157780585 68.55628396543324 171.0 187.0 90.0
6.348226330401246 36.74064414400161 68.53634378229032 88.0 94.0 52.0
6.774784094595152 35.019834955931884 68.64892878168396 105.0 133.0 27.0
6.775545171308444 35.45022752212764 68.62898859854104 160.0 181.0 59.0
6.776306248021738 35.88062008832339 68.60904841539815 171.0 189.0 68.0
7.204386165642228 35.02059603264517 68.68175304850595 116.0 144.0 26.0
7.205147242355524 35.45098859884093 68.66181286536306 151.0 174.0 45.0
7.633988236689307 35.02135710935847 68.71457731532797 73.0 93.0 13.0
5.453153614631923 35.03749190893492 68.97959571112179 65.0 81.0 23.0
5.453914691345215 35.46788447513067 68.9596555279789 107.0 121.0 52.0
5.454675768058509 35.89827704132642 68.93971534483597 111.0 119.0 69.0
5.882755685679001 35.038252985648214 69.01241997794381 98.0 123.0 32.0
5.8835167623922935 35.46864555184396 68.99247979480089 146.0 165.0 64.0
5.884277839105588 35.89903811803971 68.97253961165796 167.0 181.0 88.0
5.88503891581888 36.32943068423547 68.95259942851507 155.0 166.0 94.0
6.312357756726078 35.0390140623615 69.0452442447658 131.0 158.0 44.0
6.31311883343937 35.46940662855726 69.02530406162288 157.0 180.0 62.0
6.313879910152664 35.89979919475301 69.00536387847998 172.0 189.0 79.0
6.314640986865957 36.330191760948765 68.98542369533706 172.0 186.0 90.0
6.7419598277731545 35.0397751390748 69.07806851158779 121.0 153.0 31.0
6.742720904486447 35.47016770527055 69.05812832844487 145.0 171.0 45.0
7.171561898820231 35.04053621578809 69.11089277840978 110.0 140.0 23.0
7.599641816440724 34.18051216010987 69.18359741151761 82.0 100.0 23.0
4.99148835347614 35.487063581560285 69.35597099106073 95.0 106.0 51.0
4.9922494301894345 35.91745614775604 69.33603080791781 107.0 111.0 77.0
5.4203293478099255 35.05743209207783 69.40873544102564 67.0 82.0 25.0
5.421090424523219 35.48782465827358 69.38879525788272 140.0 155.0 69.0
5.421851501236513 35.91821722446934 69.3688550747398 175.0 185.0 110.0
5.422612577949805 36.348609790665094 69.34891489159688 92.0 95.0 69.0
5.849931418857004 35.05819316879113 69.44155970784763 110.0 131.0 41.0
5.850692495570296 35.48858573498688 69.42161952470471 153.0 171.0 69.0
5.8514535722835905 35.91897830118263 69.40167934156179 169.0 183.0 88.0
5.852214648996884 36.34937086737838 69.3817391584189 165.0 175.0 102.0
6.279533489904081 35.05895424550442 69.47438397466962 114.0 138.0 38.0
6.280294566617374 35.489346811700166 69.4544437915267 156.0 176.0 63.0
6.281055643330667 35.91973937789592 69.4345036083838 172.0 189.0 78.0
6.709135560951157 35.05971532221771 69.50720824149161 128.0 155.0 38.0
4.958664086654144 35.5070037647032 69.78511072096455 149.0 155.0 90.0
4.959425163367437 35.937396330898956 69.76517053782163 213.0 218.0 162.0
4.960186240080731 36.36778889709471 69.74523035467871 164.0 166.0 136.0
5.388266157701222 35.507764841416495 69.81793498778654 156.0 169.0 83.0
5.389027234414516 35.93815740761225 69.79799480464362 192.0 200.0 125.0
5.389788311127808 36.36854997380801 69.77805462150073 160.0 168.0 113.0
5.817107152035008 35.078133351934035 69.87069943775145 111.0 132.0 43.0
5.8178682287483 35.50852591812979 69.85075925460853 158.0 174.0 74.0
5.818629305461594 35.93891848432554 69.83081907146564 178.0 191.0 97.0
6.246709223082084 35.07889442864733 69.90352370457344 128.0 149.0 47.0
6.247470299795377 35.50928699484308 69.88358352143055 158.0 178.0 66.0
4.496237748785069 35.52618287113282 70.18142618404639 95.0 95.0 68.0
4.925078743118854 35.09655138165036 70.2341906340113 98.0 106.0 55.0
4.925839819832146 35.526943947846114 70.21425045086838 191.0 194.0 132.0
4.92660089654544 35.95733651404186 70.19431026772546 228.0 231.0 183.0
4.9273619732587335 36.38772908023762 70.17437008458253 177.0 179.0 145.0
5.354680814165932 35.09731245836365 70.26701490083329 103.0 113.0 50.0
5.3554418908792245 35.52770502455941 70.24707471769037 174.0 182.0 104.0
5.356202967592519 35.95809759075516 70.22713453454745 208.0 215.0 144.0
5.356964044305811 36.388490156950915 70.20719435140452 177.0 184.0 124.0
5.784282885213011 35.09807353507695 70.29983916765528 131.0 146.0 59.0
5.785043961926303 35.5284661012727 70.27989898451236 164.0 178.0 80.0
5.785805038639597 35.958858667468455 70.25995880136944 185.0 197.0 104.0
6.213884956260087 35.09883461179024 70.33266343447727 149.0 166.0 65.0
6.21464603297338 35.529227177985995 70.31272325133435 159.0 177.0 66.0
4.892254476296857 35.11649156479327 70.6633303639151 131.0 134.0 78.0
4.89301555301015 35.54688413098903 70.6433901807722 196.0 197.0 140.0
4.893776629723444 35.97727669718478 70.62344999762928 234.0 235.0 192.0
4.894537706436736 36.407669263380534 70.60350981448639 168.0 168.0 138.0
5.321856547343936 35.11725264150657 70.69615463073711 162.0 170.0 96.0
5.322617624057228 35.54764520770232 70.67621444759419 196.0 202.0 129.0
5.323378700770522 35.97803777389807 70.65627426445127 202.0 206.0 140.0
5.324139777483815 36.40843034009383 70.63633408130838 161.0 167.0 116.0
5.750697541677721 34.68762115202411 70.74891908070202 120.0 128.0 66.0
5.751458618391014 35.11801371821986 70.7289788975591 166.0 177.0 89.0
5.752219695104307 35.54840628441561 70.70903871441618 184.0 196.0 104.0
5.752980771817601 35.97879885061136 70.68909853127329 198.0 209.0 120.0
6.180299612724799 34.688382228737396 70.78174334752401 145.0 157.0 76.0
6.181060689438091 35.11877479493315 70.76180316438109 161.0 177.0 80.0
6.1818217661513835 35.54916736112891 70.7418629812382 178.0 196.0 85.0
4.858669132761568 34.70603918174044 71.11241027696184 104.0 107.0 69.0
4.85943020947486 35.136431747936186 71.09247009381895 210.0 213.0 158.0
4.860191286188153 35.566824314131935 71.07252991067602 223.0 224.0 174.0
4.860952362901447 35.99721688032769 71.0525897275331 241.0 242.0 203.0
5.288271203808646 34.706800258453725 71.14523454378386 209.0 213.0 160.0
5.289032280521939 35.13719282464948 71.12529436064094 222.0 228.0 167.0
5.289793357235231 35.56758539084523 71.10535417749801 214.0 219.0 151.0
5.290554433948525 35.99797795704099 71.0854139943551 217.0 222.0 158.0
5.291315510661818 36.428370523236744 71.0654738112122 177.0 183.0 129.0
5.717873274855724 34.70756133516702 71.17805881060585 204.0 209.0 154.0
5.718634351569017 35.13795390136278 71.15811862746293 223.0 230.0 161.0
5.71939542828231 35.56834646755853 71.13817844432 205.0 214.0 131.0
5.720156504995604 35.998739033754276 71.11823826117711 203.0 213.0 127.0
6.146714269189507 34.27792984568456 71.23082326057076 106.0 114.0 54.0
6.147475345902801 34.70832241188031 71.21088307742784 168.0 175.0 102.0
6.148236422616094 35.13871497807607 71.19094289428492 209.0 221.0 137.0
6.148997499329386 35.569107544271816 71.171002711142 206.0 220.0 121.0
6.576316340236584 34.27869092239785 71.26364752739275 78.0 86.0 40.0
4.826605942652864 35.1563719310791 71.52160982372277 230.0 232.0 190.0
4.827367019366156 35.58676449727485 71.50166964057985 240.0 241.0 202.0
4.828128096079451 36.017157063470606 71.48172945743693 241.0 241.0 206.0
5.255446936986649 34.72674044159664 71.57437427368768 89.0 90.0 54.0
5.256208013699942 35.157133007792396 71.55443409054476 245.0 247.0 206.0
5.256969090413235 35.587525573988145 71.53449390740184 233.0 237.0 182.0
5.257730167126529 36.0179181401839 71.51455372425895 230.0 233.0 179.0
5.2584912438398215 36.44831070637966 71.49461354111602 195.0 201.0 142.0
5.685049008033728 34.727501518309936 71.60719854050967 180.0 182.0 141.0
5.68581008474702 35.157894084505685 71.58725835736675 240.0 243.0 189.0
5.6865711614603125 35.588286650701434 71.56731817422386 223.0 229.0 158.0
5.687332238173607 36.01867921689719 71.54737799108094 215.0 222.0 145.0
6.114651079080804 34.728262595023224 71.64002280733166 181.0 186.0 132.0
6.115412155794097 35.15865516121898 71.62008262418874 221.0 230.0 156.0
6.11617323250739 35.58904772741473 71.60014244104585 209.0 220.0 130.0
6.543492073414587 34.298631105540764 71.69278725729657 96.0 108.0 46.0
6.544253150127881 34.72902367173652 71.67284707415365 137.0 145.0 88.0
5.2233837468779445 35.1770731909353 71.98357382044858 223.0 227.0 175.0
5.224144823591238 35.60746575713106 71.96363363730566 238.0 241.0 190.0
5.224905900304531 36.037858323326816 71.94369345416277 170.0 172.0 134.0
5.225666977017824 36.46825088952257 71.92375327101985 103.0 105.0 76.0
5.652985817925023 35.1778342676486 72.01639808727057 242.0 245.0 195.0
5.653746894638315 35.60822683384435 71.99645790412768 231.0 237.0 173.0
5.6545079713516095 36.038619400040105 71.97651772098476 224.0 231.0 162.0
5.655269048064902 36.46901196623586 71.95657753784184 206.0 214.0 146.0
6.081826812258807 34.74820277816614 72.06916253723548 136.0 137.0 101.0
6.0825878889721 35.178595344361895 72.04922235409259 246.0 248.0 204.0
6.083348965685392 35.608987910557644 72.02928217094967 230.0 237.0 164.0
6.511428883305884 34.748963854879435 72.1019868040575 119.0 123.0 83.0
5.192081633482535 36.05779850646972 72.3728331840666 143.0 145.0 113.0
5.620161551103027 35.19777445079151 72.4455378171744 235.0 236.0 196.0
5.620922627816319 35.62816701698726 72.4255976340315 238.0 242.0 183.0
5.621683704529613 36.05855958318301 72.40565745088858 229.0 235.0 172.0
5.622444781242906 36.48895214937877 72.38571726774566 174.0 179.0 127.0
6.049763622150103 35.1985355275048 72.47836208399642 249.0 250.0 213.0
6.050524698863396 35.62892809370056 72.4584219008535 244.0 247.0 191.0
4.297769994426504 34.78503883759879 72.79614492975514 98.0 108.0 53.0
5.5873372842810305 35.21771463393442 72.87467754707825 140.0 142.0 109.0
5.588098360994323 35.64810720013018 72.85473736393533 243.0 245.0 200.0
5.588859437707617 36.078499766325926 72.8347971807924 241.0 243.0 195.0
5.5896205144209095 36.50889233252168 72.81485699764949 151.0 154.0 116.0
6.016939355328107 35.218475710647716 72.90750181390024 228.0 231.0 180.0
6.0177004320414 35.648868276843466 72.88756163075732 241.0 244.0 189.0
4.264945727604507 34.804979020741705 73.225284659659 118.0 130.0 64.0
5.555274094172326 35.668047383273084 73.28387709383915 98.0 99.0 68.0
5.55603517088562 36.09843994946884 73.26393691069623 155.0 156.0 125.0
5.9848761652194025 35.66880845998638 73.31670136066114 126.0 130.0 86.0
