1.746 -6.476 61.324 146.000 155.000 108.000
1.746 -6.480 61.756 159.000 170.000 112.000
2.179 -6.480 61.757 116.000 120.000 94.000
1.313 -6.485 62.189 129.000 147.000 73.000
1.746 -6.485 62.189 161.000 177.000 105.000
2.178 -6.485 62.189 183.000 186.000 143.000
2.178 -6.052 62.194 218.000 224.000 165.000
2.611 -6.485 62.190 175.000 176.000 149.000
2.611 -6.052 62.194 228.000 230.000 188.000
3.044 -5.620 62.199 231.000 233.000 205.000
1.313 -6.490 62.621 141.000 163.000 79.000
1.745 -6.490 62.622 169.000 185.000 108.000
2.178 -6.490 62.622 148.000 153.000 115.000
2.178 -6.057 62.627 201.000 211.000 143.000
2.611 -6.057 62.627 176.000 178.000 147.000
0.879 -6.494 63.053 83.000 106.000 41.000
1.312 -6.494 63.054 119.000 143.000 60.000
1.745 -6.494 63.054 160.000 178.000 100.000
1.745 -6.062 63.059 173.000 193.000 100.000
2.177 -6.494 63.055 155.000 160.000 121.000
2.177 -6.062 63.059 198.000 209.000 140.000
2.610 -5.629 63.064 216.000 221.000 166.000
1.312 -6.499 63.487 118.000 141.000 59.000
1.744 -6.499 63.487 152.000 170.000 93.000
1.744 -6.066 63.492 175.000 196.000 101.000
2.177 -6.499 63.487 175.000 179.000 139.000
2.177 -6.066 63.492 204.000 214.000 147.000
2.610 -6.066 63.492 169.000 172.000 139.000
2.610 -5.633 63.497 210.000 219.000 158.000
1.311 -6.503 63.919 142.000 167.000 75.000
1.311 -6.071 63.924 157.000 184.000 78.000
1.744 -6.503 63.920 168.000 186.000 105.000
1.744 -6.071 63.924 194.000 210.000 122.000
2.177 -6.503 63.920 136.000 140.000 107.000
2.177 -6.071 63.925 215.000 223.000 160.000
2.177 -5.638 63.929 217.000 227.000 154.000
2.609 -6.071 63.925 177.000 180.000 144.000
2.609 -5.638 63.930 208.000 215.000 156.000
1.744 -6.508 64.352 120.000 134.000 72.000
1.744 -6.075 64.357 149.000 170.000 83.000
2.176 -6.075 64.357 159.000 166.000 117.000
2.176 -5.643 64.362 230.000 236.000 171.000
2.609 -5.643 64.362 217.000 221.000 169.000
1.743 -6.513 64.785 92.000 104.000 55.000
1.743 -6.080 64.789 122.000 139.000 68.000
1.743 -5.647 64.794 162.000 183.000 92.000
2.176 -5.647 64.794 164.000 178.000 108.000
2.608 -5.647 64.795 123.000 126.000 93.000
2.608 -5.215 64.799 207.000 209.000 171.000
2.175 -6.084 65.223 74.000 80.000 49.000
2.175 -5.652 65.227 136.000 149.000 87.000
2.175 -5.219 65.232 175.000 183.000 125.000
2.175 -6.089 65.655 98.000 100.000 74.000
2.175 -5.656 65.660 139.000 145.000 102.000
2.175 -5.224 65.664 141.000 150.000 98.000
0.451 -2.983 58.331 107.000 128.000 60.000
0.451 -2.550 58.335 93.000 110.000 61.000
0.884 -2.983 58.331 121.000 142.000 71.000
0.884 -2.550 58.336 116.000 131.000 81.000
1.317 -2.983 58.332 88.000 103.000 50.000
0.018 -3.420 58.758 79.000 101.000 36.000
0.018 -2.987 58.763 81.000 98.000 44.000
0.451 -3.420 58.759 109.000 134.000 54.000
0.451 -2.987 58.763 122.000 142.000 68.000
0.451 -2.555 58.768 128.000 143.000 90.000
0.451 -2.122 58.773 81.000 90.000 62.000
0.884 -3.852 58.755 127.000 150.000 63.000
0.884 -3.420 58.759 131.000 154.000 69.000
0.884 -2.987 58.764 140.000 160.000 83.000
0.884 -2.555 58.768 155.000 171.000 108.000
0.884 -2.122 58.773 106.000 115.000 85.000
1.316 -4.285 58.750 126.000 146.000 62.000
1.316 -3.852 58.755 129.000 149.000 67.000
1.316 -3.420 58.760 119.000 140.000 62.000
1.316 -2.987 58.764 111.000 132.000 62.000
1.316 -2.555 58.769 123.000 137.000 84.000
1.749 -4.718 58.746 91.000 101.000 53.000
1.749 -4.285 58.751 107.000 119.000 64.000
1.749 -3.852 58.755 129.000 144.000 79.000
1.749 -3.420 58.760 77.000 88.000 44.000
0.018 -2.992 59.196 87.000 105.000 49.000
0.018 -2.559 59.200 86.000 101.000 54.000
0.451 -4.290 59.182 129.000 154.000 61.000
0.451 -3.857 59.187 124.000 147.000 60.000
0.451 -3.424 59.191 132.000 154.000 67.000
0.451 -2.992 59.196 128.000 147.000 71.000
0.451 -2.559 59.201 123.000 139.000 82.000
0.451 -2.126 59.205 97.000 106.000 75.000
0.883 -4.722 59.178 135.000 160.000 63.000
0.883 -4.290 59.183 136.000 160.000 65.000
0.883 -3.857 59.187 139.000 162.000 67.000
0.883 -3.424 59.192 136.000 158.000 70.000
0.883 -2.992 59.196 139.000 159.000 80.000
0.883 -2.559 59.201 147.000 165.000 99.000
0.883 -2.126 59.206 155.000 167.000 122.000
1.316 -5.155 59.174 136.000 155.000 70.000
1.316 -4.722 59.178 136.000 159.000 67.000
1.316 -4.290 59.183 141.000 163.000 72.000
1.316 -3.857 59.188 139.000 161.000 74.000
1.316 -3.424 59.192 133.000 154.000 70.000
1.316 -2.992 59.197 127.000 146.000 70.000
1.316 -2.559 59.201 124.000 138.000 79.000
1.749 -5.155 59.174 120.000 134.000 70.000
1.749 -4.722 59.179 143.000 161.000 80.000
1.749 -4.290 59.183 146.000 165.000 85.000
1.749 -3.857 59.188 146.000 164.000 89.000
1.749 -3.424 59.193 128.000 145.000 77.000
1.749 -2.992 59.197 80.000 90.000 49.000
2.181 -4.722 59.179 79.000 86.000 51.000
2.181 -4.290 59.184 121.000 129.000 87.000
2.181 -3.857 59.188 88.000 94.000 64.000
-0.415 -4.294 59.614 77.000 95.000 39.000
0.017 -4.727 59.610 105.000 131.000 48.000
0.017 -4.294 59.614 117.000 141.000 56.000
0.017 -3.862 59.619 80.000 97.000 39.000
0.017 -3.429 59.624 83.000 107.000 38.000
0.017 -2.996 59.628 86.000 110.000 43.000
0.017 -2.564 59.633 104.000 122.000 66.000
0.017 -2.131 59.637 85.000 101.000 58.000
0.450 -4.727 59.610 119.000 145.000 54.000
0.450 -4.294 59.615 134.000 158.000 65.000
0.450 -3.862 59.619 129.000 152.000 63.000
0.450 -3.429 59.624 128.000 151.000 65.000
0.450 -2.996 59.629 125.000 146.000 68.000
0.450 -2.564 59.633 123.000 140.000 79.000
0.450 -2.131 59.638 116.000 128.000 88.000
0.883 -5.592 59.602 129.000 151.000 70.000
0.883 -5.160 59.606 147.000 170.000 75.000
0.883 -4.727 59.611 143.000 167.000 68.000
0.883 -4.294 59.615 143.000 167.000 69.000
0.883 -3.862 59.620 138.000 162.000 67.000
0.883 -3.429 59.624 144.000 165.000 76.000
0.883 -2.996 59.629 145.000 164.000 84.000
0.883 -2.564 59.634 145.000 162.000 95.000
0.883 -2.131 59.638 152.000 164.000 113.000
1.315 -6.025 59.597 104.000 110.000 74.000
1.315 -5.592 59.602 145.000 163.000 87.000
1.315 -5.160 59.607 148.000 167.000 78.000
1.315 -4.727 59.611 145.000 168.000 72.000
1.315 -4.294 59.616 151.000 173.000 78.000
1.315 -3.862 59.620 152.000 173.000 82.000
1.315 -3.429 59.625 142.000 162.000 75.000
1.315 -2.996 59.629 133.000 153.000 72.000
1.315 -2.564 59.634 132.000 148.000 81.000
1.315 -2.131 59.639 89.000 96.000 65.000
1.748 -5.592 59.602 133.000 148.000 87.000
1.748 -5.160 59.607 144.000 163.000 82.000
1.748 -4.727 59.612 145.000 166.000 78.000
1.748 -4.294 59.616 148.000 168.000 83.000
1.748 -3.862 59.621 157.000 175.000 94.000
1.748 -3.429 59.625 139.000 156.000 84.000
1.748 -2.996 59.630 116.000 130.000 71.000
2.181 -5.160 59.607 120.000 134.000 73.000
2.181 -4.727 59.612 144.000 163.000 85.000
2.181 -4.294 59.617 127.000 141.000 80.000
2.181 -3.862 59.621 137.000 149.000 97.000
2.181 -3.429 59.626 98.000 103.000 75.000
-0.416 -4.299 60.047 106.000 121.000 63.000
-0.416 -3.866 60.051 68.000 81.000 39.000
-0.416 -3.434 60.056 77.000 95.000 44.000
0.017 -5.164 60.038 66.000 91.000 28.000
0.017 -4.731 60.043 85.000 106.000 41.000
0.017 -4.299 60.047 101.000 122.000 51.000
0.017 -3.866 60.052 96.000 120.000 46.000
0.017 -3.434 60.056 101.000 129.000 47.000
0.017 -3.001 60.061 103.000 127.000 52.000
0.017 -2.568 60.065 98.000 119.000 57.000
0.017 -2.136 60.070 73.000 92.000 41.000
0.450 -5.597 60.034 95.000 123.000 42.000
0.450 -5.164 60.038 88.000 117.000 36.000
0.450 -4.731 60.043 115.000 140.000 53.000
0.450 -4.299 60.048 127.000 150.000 60.000
0.450 -3.866 60.052 128.000 153.000 61.000
0.450 -3.434 60.057 129.000 153.000 62.000
0.450 -3.001 60.061 124.000 148.000 64.000
0.450 -2.568 60.066 124.000 141.000 75.000
0.450 -2.136 60.070 115.000 129.000 82.000
0.882 -6.029 60.030 96.000 110.000 58.000
0.882 -5.597 60.034 125.000 147.000 65.000
0.882 -5.164 60.039 141.000 164.000 69.000
0.882 -4.731 60.043 149.000 174.000 70.000
0.882 -4.299 60.048 142.000 168.000 66.000
0.882 -3.866 60.053 141.000 166.000 67.000
0.882 -3.434 60.057 147.000 170.000 75.000
0.882 -3.001 60.062 146.000 166.000 83.000
0.882 -2.568 60.066 147.000 164.000 95.000
0.882 -2.136 60.071 148.000 162.000 106.000
1.315 -6.029 60.030 155.000 169.000 107.000
1.315 -5.597 60.035 157.000 176.000 91.000
1.315 -5.164 60.039 162.000 184.000 84.000
1.315 -4.731 60.044 158.000 181.000 78.000
1.315 -4.299 60.048 157.000 180.000 78.000
1.315 -3.866 60.053 157.000 179.000 81.000
1.315 -3.434 60.058 146.000 167.000 76.000
1.315 -3.001 60.062 139.000 158.000 76.000
1.315 -2.568 60.067 142.000 158.000 88.000
1.315 -2.136 60.071 116.000 125.000 84.000
1.748 -6.029 60.030 115.000 122.000 87.000
1.748 -5.597 60.035 157.000 175.000 97.000
1.748 -5.164 60.040 157.000 179.000 86.000
1.748 -4.731 60.044 153.000 175.000 79.000
1.748 -4.299 60.049 155.000 176.000 83.000
1.748 -3.866 60.053 164.000 184.000 94.000
1.748 -3.434 60.058 153.000 172.000 91.000
1.748 -3.001 60.063 128.000 143.000 77.000
1.748 -2.568 60.067 75.000 86.000 42.000
2.180 -5.597 60.035 117.000 126.000 79.000
2.180 -5.164 60.040 159.000 177.000 96.000
2.180 -4.731 60.045 152.000 170.000 87.000
2.180 -4.299 60.049 153.000 170.000 93.000
2.180 -3.866 60.054 165.000 180.000 113.000
2.180 -3.434 60.058 145.000 153.000 111.000
2.180 -3.001 60.063 83.000 89.000 60.000
2.613 -4.731 60.045 80.000 86.000 54.000
2.613 -4.299 60.050 88.000 94.000 63.000
2.613 -3.866 60.054 112.000 116.000 90.000
-0.416 -3.871 60.484 82.000 102.000 44.000
-0.416 -3.438 60.489 72.000 86.000 39.000
0.017 -5.169 60.471 87.000 113.000 43.000
0.017 -4.736 60.475 82.000 103.000 42.000
0.017 -4.303 60.480 94.000 117.000 45.000
0.017 -3.871 60.484 103.000 131.000 46.000
0.017 -3.438 60.489 123.000 149.000 57.000
0.017 -3.006 60.494 119.000 143.000 59.000
0.017 -2.573 60.498 97.000 123.000 51.000
0.017 -2.140 60.503 75.000 97.000 40.000
0.449 -6.034 60.462 73.000 99.000 33.000
0.449 -5.601 60.466 96.000 127.000 42.000
0.449 -5.169 60.471 94.000 126.000 40.000
0.449 -4.736 60.476 105.000 133.000 46.000
0.449 -4.303 60.480 117.000 142.000 53.000
0.449 -3.871 60.485 122.000 150.000 53.000
0.449 -3.438 60.489 127.000 155.000 56.000
0.449 -3.006 60.494 125.000 151.000 60.000
0.449 -2.573 60.499 116.000 138.000 65.000
0.449 -2.140 60.503 111.000 127.000 77.000
0.449 -1.708 60.508 77.000 88.000 56.000
0.882 -6.034 60.462 133.000 153.000 79.000
0.882 -5.601 60.467 148.000 172.000 77.000
0.882 -5.169 60.471 130.000 160.000 55.000
0.882 -4.736 60.476 137.000 165.000 59.000
0.882 -4.303 60.481 141.000 167.000 62.000
0.882 -3.871 60.485 137.000 166.000 60.000
0.882 -3.438 60.490 145.000 171.000 69.000
0.882 -3.006 60.494 148.000 170.000 78.000
0.882 -2.573 60.499 153.000 170.000 94.000
0.882 -2.140 60.504 150.000 163.000 107.000
0.882 -1.708 60.508 105.000 113.000 83.000
1.315 -6.467 60.458 93.000 100.000 68.000
1.315 -6.034 60.463 149.000 167.000 93.000
1.315 -5.601 60.467 172.000 192.000 97.000
1.315 -5.169 60.472 164.000 188.000 80.000
1.315 -4.736 60.476 163.000 188.000 75.000
1.315 -4.303 60.481 163.000 187.000 77.000
1.315 -3.871 60.486 161.000 185.000 80.000
1.315 -3.438 60.490 150.000 173.000 74.000
1.315 -3.006 60.495 152.000 172.000 83.000
1.315 -2.573 60.499 158.000 175.000 100.000
1.315 -2.140 60.504 139.000 148.000 105.000
1.747 -6.034 60.463 173.000 186.000 124.000
1.747 -5.601 60.468 182.000 199.000 113.000
1.747 -5.169 60.472 177.000 197.000 98.000
1.747 -4.736 60.477 174.000 196.000 91.000
1.747 -4.303 60.481 168.000 190.000 87.000
1.747 -3.871 60.486 165.000 187.000 90.000
1.747 -3.438 60.491 156.000 177.000 88.000
1.747 -3.006 60.495 134.000 151.000 79.000
1.747 -2.573 60.500 113.000 124.000 74.000
2.180 -6.034 60.463 140.000 142.000 115.000
2.180 -5.601 60.468 182.000 197.000 124.000
2.180 -5.169 60.473 176.000 194.000 109.000
2.180 -4.736 60.477 168.000 188.000 98.000
2.180 -4.303 60.482 160.000 179.000 93.000
2.180 -3.871 60.486 178.000 196.000 117.000
2.180 -3.438 60.491 165.000 178.000 116.000
2.180 -3.006 60.496 86.000 94.000 59.000
2.613 -5.169 60.473 87.000 91.000 64.000
2.613 -4.736 60.478 126.000 135.000 86.000
2.613 -4.303 60.482 138.000 147.000 99.000
2.613 -3.871 60.487 154.000 161.000 118.000
0.016 -5.173 60.903 99.000 122.000 54.000
0.016 -4.741 60.908 74.000 85.000 44.000
0.016 -4.308 60.912 93.000 109.000 52.000
0.016 -3.875 60.917 112.000 135.000 55.000
0.016 -3.443 60.922 125.000 151.000 58.000
0.016 -3.010 60.926 125.000 148.000 61.000
0.016 -2.577 60.931 95.000 120.000 50.000
0.449 -6.039 60.894 100.000 129.000 50.000
0.449 -5.606 60.899 100.000 130.000 44.000
0.449 -5.173 60.904 115.000 142.000 54.000
0.449 -4.741 60.908 137.000 161.000 71.000
0.449 -4.308 60.913 151.000 174.000 79.000
0.449 -3.875 60.917 137.000 162.000 66.000
0.449 -3.443 60.922 133.000 160.000 60.000
0.449 -3.010 60.927 131.000 155.000 62.000
0.449 -2.577 60.931 120.000 141.000 67.000
0.449 -2.145 60.936 80.000 97.000 50.000
0.882 -6.471 60.890 129.000 143.000 86.000
0.882 -6.039 60.895 131.000 153.000 72.000
0.882 -5.606 60.899 153.000 178.000 76.000
0.882 -5.173 60.904 142.000 171.000 61.000
0.882 -4.741 60.909 172.000 198.000 82.000
0.882 -4.308 60.913 179.000 204.000 87.000
0.882 -3.875 60.918 160.000 185.000 75.000
0.882 -3.443 60.922 150.000 175.000 70.000
0.882 -3.010 60.927 151.000 173.000 78.000
0.882 -2.577 60.932 148.000 165.000 91.000
0.882 -2.145 60.936 136.000 147.000 97.000
1.314 -6.471 60.891 129.000 142.000 88.000
1.314 -6.039 60.895 145.000 166.000 83.000
1.314 -5.606 60.900 159.000 182.000 81.000
1.314 -5.173 60.904 166.000 192.000 74.000
1.314 -4.741 60.909 173.000 200.000 75.000
1.314 -4.308 60.914 175.000 201.000 78.000
1.314 -3.875 60.918 160.000 184.000 76.000
1.314 -3.443 60.923 154.000 176.000 74.000
1.314 -3.010 60.927 150.000 172.000 80.000
1.314 -2.577 60.932 157.000 175.000 98.000
1.314 -2.145 60.937 147.000 158.000 111.000
1.747 -6.471 60.891 124.000 129.000 97.000
1.747 -6.039 60.896 164.000 181.000 108.000
1.747 -5.606 60.900 167.000 189.000 93.000
1.747 -5.173 60.905 162.000 187.000 78.000
1.747 -4.741 60.909 170.000 194.000 78.000
1.747 -4.308 60.914 172.000 195.000 84.000
1.747 -3.875 60.919 168.000 189.000 88.000
1.747 -3.443 60.923 158.000 180.000 84.000
1.747 -3.010 60.928 146.000 163.000 83.000
1.747 -2.577 60.932 133.000 147.000 85.000
2.180 -6.039 60.896 150.000 154.000 119.000
2.180 -5.606 60.901 168.000 185.000 105.000
2.180 -5.173 60.905 167.000 187.000 95.000
2.180 -4.741 60.910 168.000 190.000 91.000
2.180 -4.308 60.914 176.000 194.000 102.000
2.180 -3.875 60.919 166.000 183.000 105.000
2.180 -3.443 60.924 175.000 192.000 116.000
2.180 -3.010 60.928 113.000 124.000 73.000
2.612 -5.173 60.906 138.000 150.000 92.000
2.612 -4.741 60.910 134.000 148.000 84.000
2.612 -4.308 60.915 117.000 126.000 78.000
2.612 -3.875 60.919 165.000 170.000 124.000
2.612 -3.443 60.924 128.000 131.000 101.000
0.016 -5.178 61.336 100.000 122.000 55.000
0.016 -3.880 61.350 115.000 140.000 58.000
0.016 -3.447 61.354 121.000 147.000 54.000
0.016 -3.015 61.359 107.000 132.000 49.000
0.016 -2.582 61.363 60.000 82.000 27.000
0.448 -6.476 61.323 100.000 123.000 61.000
0.448 -6.043 61.327 104.000 130.000 53.000
0.448 -5.611 61.332 101.000 129.000 46.000
0.448 -5.178 61.336 120.000 144.000 60.000
0.448 -4.745 61.341 136.000 156.000 75.000
0.448 -4.313 61.345 141.000 162.000 76.000
0.448 -3.880 61.350 142.000 165.000 70.000
0.448 -3.447 61.355 132.000 158.000 59.000
0.448 -3.015 61.359 121.000 148.000 55.000
0.448 -2.582 61.364 121.000 141.000 70.000
0.448 -2.149 61.368 87.000 106.000 57.000
0.881 -6.476 61.323 126.000 142.000 79.000
0.881 -6.043 61.328 130.000 151.000 70.000
0.881 -5.611 61.332 134.000 159.000 62.000
0.881 -5.178 61.337 149.000 174.000 68.000
0.881 -4.745 61.341 169.000 195.000 81.000
0.881 -4.313 61.346 178.000 201.000 89.000
0.881 -3.880 61.350 176.000 200.000 88.000
0.881 -3.447 61.355 152.000 176.000 71.000
0.881 -3.015 61.360 146.000 167.000 73.000
0.881 -2.582 61.364 147.000 166.000 87.000
0.881 -2.149 61.369 129.000 142.000 91.000
1.314 -6.476 61.323 137.000 153.000 88.000
1.314 -6.043 61.328 145.000 166.000 78.000
1.314 -5.611 61.333 156.000 181.000 74.000
1.314 -5.178 61.337 164.000 190.000 72.000
1.314 -4.745 61.342 175.000 201.000 76.000
1.314 -4.313 61.346 176.000 200.000 81.000
1.314 -3.880 61.351 168.000 191.000 80.000
1.314 -3.447 61.355 159.000 183.000 77.000
1.314 -3.015 61.360 153.000 175.000 80.000
1.314 -2.582 61.365 159.000 176.000 97.000
1.314 -2.149 61.369 135.000 146.000 100.000
1.746 -6.043 61.328 164.000 182.000 102.000
1.746 -5.611 61.333 170.000 192.000 91.000
1.746 -5.178 61.338 180.000 202.000 89.000
1.746 -4.745 61.342 175.000 200.000 80.000
1.746 -4.313 61.347 173.000 197.000 82.000
1.746 -3.880 61.351 171.000 192.000 87.000
1.746 -3.447 61.356 160.000 182.000 83.000
1.746 -3.015 61.360 151.000 170.000 85.000
1.746 -2.582 61.365 149.000 164.000 96.000
2.179 -6.043 61.329 182.000 188.000 140.000
2.179 -5.611 61.333 187.000 201.000 121.000
2.179 -5.178 61.338 175.000 194.000 99.000
2.179 -4.745 61.343 173.000 194.000 92.000
2.179 -4.313 61.347 176.000 196.000 98.000
2.179 -3.880 61.352 177.000 193.000 110.000
2.179 -3.447 61.356 161.000 177.000 99.000
2.179 -3.015 61.361 137.000 152.000 87.000
2.179 -2.582 61.365 75.000 82.000 49.000
2.612 -5.611 61.334 112.000 114.000 86.000
2.612 -5.178 61.338 177.000 189.000 120.000
2.612 -4.745 61.343 160.000 177.000 99.000
2.612 -4.313 61.348 138.000 150.000 89.000
2.612 -3.880 61.352 157.000 161.000 118.000
2.612 -3.447 61.357 137.000 140.000 107.000
0.015 -5.615 61.764 88.000 115.000 44.000
0.015 -5.182 61.768 86.000 109.000 46.000
0.015 -3.885 61.782 108.000 129.000 55.000
0.015 -3.452 61.787 119.000 144.000 55.000
0.015 -3.019 61.791 102.000 128.000 49.000
0.448 -6.480 61.755 92.000 114.000 53.000
0.448 -6.048 61.760 102.000 129.000 52.000
0.448 -5.615 61.764 95.000 124.000 43.000
0.448 -5.182 61.769 122.000 144.000 65.000
0.448 -4.750 61.774 130.000 149.000 75.000
0.448 -4.317 61.778 136.000 155.000 77.000
0.448 -3.885 61.783 138.000 161.000 71.000
0.448 -3.452 61.787 131.000 157.000 60.000
0.448 -3.019 61.792 123.000 149.000 59.000
0.448 -2.587 61.796 119.000 139.000 71.000
0.448 -2.154 61.801 65.000 81.000 41.000
0.881 -6.480 61.756 121.000 140.000 73.000
0.881 -6.048 61.760 124.000 148.000 65.000
0.881 -5.615 61.765 129.000 154.000 60.000
0.881 -5.182 61.769 156.000 180.000 75.000
0.881 -4.750 61.774 166.000 191.000 81.000
0.881 -4.317 61.779 168.000 192.000 83.000
0.881 -3.885 61.783 161.000 184.000 78.000
0.881 -3.452 61.788 152.000 176.000 72.000
0.881 -3.019 61.792 146.000 169.000 74.000
0.881 -2.587 61.797 149.000 168.000 87.000
0.881 -2.154 61.801 137.000 152.000 99.000
1.313 -6.480 61.756 141.000 159.000 87.000
1.313 -6.048 61.761 146.000 168.000 75.000
1.313 -5.615 61.765 156.000 182.000 71.000
1.313 -5.182 61.770 172.000 197.000 78.000
1.313 -4.750 61.774 182.000 206.000 84.000
1.313 -4.317 61.779 182.000 205.000 87.000
1.313 -3.885 61.784 170.000 194.000 80.000
1.313 -3.452 61.788 165.000 188.000 80.000
1.313 -3.019 61.793 162.000 183.000 86.000
1.313 -2.587 61.797 165.000 182.000 103.000
1.313 -2.154 61.802 125.000 134.000 93.000
1.746 -6.048 61.761 168.000 187.000 103.000
1.746 -5.615 61.766 175.000 197.000 93.000
1.746 -5.182 61.770 184.000 206.000 93.000
1.746 -4.750 61.775 189.000 210.000 93.000
1.746 -4.317 61.779 179.000 202.000 87.000
1.746 -3.885 61.784 174.000 197.000 88.000
1.746 -3.452 61.789 165.000 188.000 85.000
1.746 -3.019 61.793 162.000 181.000 92.000
1.746 -2.587 61.798 157.000 173.000 101.000
2.179 -6.048 61.761 208.000 214.000 158.000
2.179 -5.615 61.766 209.000 220.000 143.000
2.179 -5.182 61.771 195.000 211.000 120.000
2.179 -4.750 61.775 184.000 203.000 102.000
2.179 -4.317 61.780 181.000 201.000 102.000
2.179 -3.885 61.784 184.000 201.000 112.000
2.179 -3.452 61.789 162.000 179.000 97.000
2.179 -3.019 61.794 133.000 147.000 83.000
2.179 -2.587 61.798 101.000 112.000 66.000
2.611 -5.615 61.766 212.000 214.000 168.000
2.611 -5.182 61.771 203.000 210.000 142.000
2.611 -4.750 61.776 166.000 179.000 104.000
2.611 -4.317 61.780 134.000 145.000 86.000
2.611 -3.885 61.785 167.000 171.000 126.000
2.611 -3.452 61.789 164.000 167.000 126.000
3.044 -4.750 61.776 80.000 84.000 58.000
0.015 -6.052 62.192 70.000 97.000 37.000
0.015 -5.620 62.197 71.000 98.000 34.000
0.015 -3.889 62.215 68.000 83.000 35.000
0.015 -3.456 62.219 111.000 138.000 54.000
0.015 -3.024 62.224 98.000 125.000 49.000
0.015 -2.591 62.229 61.000 85.000 28.000
0.448 -6.485 62.188 67.000 87.000 35.000
0.448 -6.052 62.192 71.000 96.000 33.000
0.448 -5.187 62.202 69.000 86.000 36.000
0.448 -4.322 62.211 111.000 126.000 66.000
0.448 -3.889 62.215 111.000 130.000 57.000
0.448 -3.456 62.220 134.000 159.000 66.000
0.448 -3.024 62.224 126.000 152.000 64.000
0.448 -2.591 62.229 97.000 116.000 55.000
0.880 -6.485 62.188 92.000 109.000 52.000
0.880 -6.052 62.193 123.000 147.000 65.000
0.880 -5.620 62.197 144.000 170.000 71.000
0.880 -5.187 62.202 173.000 195.000 91.000
0.880 -4.754 62.207 177.000 199.000 94.000
0.880 -4.322 62.211 162.000 186.000 77.000
0.880 -3.889 62.216 150.000 175.000 70.000
0.880 -3.456 62.220 153.000 179.000 72.000
0.880 -3.024 62.225 157.000 178.000 81.000
0.880 -2.591 62.229 144.000 162.000 84.000
0.880 -2.159 62.234 131.000 145.000 93.000
1.313 -6.052 62.193 146.000 170.000 74.000
1.313 -5.620 62.198 160.000 186.000 74.000
1.313 -5.187 62.202 187.000 209.000 93.000
1.313 -4.754 62.207 194.000 214.000 98.000
1.313 -4.322 62.212 184.000 206.000 89.000
1.313 -3.889 62.216 170.000 193.000 80.000
1.313 -3.457 62.221 170.000 192.000 84.000
1.313 -3.024 62.225 172.000 192.000 95.000
1.313 -2.591 62.230 171.000 189.000 109.000
1.313 -2.159 62.234 141.000 149.000 108.000
1.746 -6.052 62.194 174.000 192.000 105.000
1.746 -5.620 62.198 184.000 205.000 101.000
1.746 -5.187 62.203 194.000 213.000 104.000
1.746 -4.754 62.207 197.000 215.000 103.000
1.746 -4.322 62.212 186.000 207.000 93.000
1.746 -3.889 62.217 182.000 203.000 93.000
1.746 -3.457 62.221 169.000 191.000 89.000
1.746 -3.024 62.226 170.000 188.000 99.000
1.746 -2.591 62.230 162.000 176.000 108.000
2.178 -5.620 62.199 212.000 223.000 146.000
2.178 -5.187 62.203 208.000 220.000 133.000
2.178 -4.754 62.208 196.000 211.000 116.000
2.178 -4.322 62.212 193.000 208.000 113.000
2.178 -3.889 62.217 198.000 213.000 123.000
2.178 -3.457 62.222 178.000 196.000 108.000
2.178 -3.024 62.226 130.000 144.000 80.000
2.611 -5.620 62.199 229.000 233.000 177.000
2.611 -5.187 62.204 205.000 213.000 142.000
2.611 -4.754 62.208 153.000 165.000 97.000
2.611 -4.322 62.213 120.000 129.000 76.000
2.611 -3.889 62.217 172.000 175.000 132.000
2.611 -3.457 62.222 186.000 192.000 138.000
2.611 -3.024 62.227 76.000 80.000 53.000
3.044 -5.187 62.204 146.000 151.000 113.000
0.015 -3.461 62.652 86.000 110.000 42.000
0.015 -3.028 62.657 72.000 93.000 34.000
0.447 -6.057 62.625 60.000 86.000 27.000
0.447 -5.624 62.630 70.000 94.000 32.000
0.447 -5.192 62.634 71.000 89.000 37.000
0.447 -4.759 62.639 82.000 95.000 50.000
0.447 -4.326 62.643 86.000 101.000 49.000
0.447 -3.894 62.648 99.000 123.000 48.000
0.447 -3.461 62.653 130.000 155.000 64.000
0.447 -3.028 62.657 124.000 147.000 64.000
0.447 -2.596 62.662 106.000 128.000 65.000
0.880 -6.490 62.621 69.000 91.000 31.000
0.880 -6.057 62.625 97.000 126.000 45.000
0.880 -5.624 62.630 131.000 159.000 60.000
0.880 -5.192 62.635 162.000 186.000 81.000
0.880 -4.759 62.639 165.000 188.000 83.000
0.880 -4.326 62.644 154.000 179.000 74.000
0.880 -3.894 62.648 151.000 174.000 74.000
0.880 -3.461 62.653 144.000 171.000 68.000
0.880 -3.028 62.658 145.000 168.000 73.000
0.880 -2.596 62.662 139.000 158.000 86.000
0.880 -2.163 62.667 87.000 99.000 60.000
1.313 -6.057 62.626 155.000 178.000 82.000
1.313 -5.624 62.630 169.000 193.000 83.000
1.313 -5.192 62.635 175.000 201.000 79.000
1.313 -4.759 62.640 188.000 212.000 88.000
1.313 -4.326 62.644 185.000 209.000 88.000
1.313 -3.894 62.649 178.000 199.000 86.000
1.313 -3.461 62.653 168.000 192.000 84.000
1.313 -3.028 62.658 168.000 188.000 92.000
1.313 -2.596 62.663 156.000 173.000 96.000
1.313 -2.163 62.667 94.000 101.000 71.000
1.745 -6.057 62.626 175.000 194.000 104.000
1.745 -5.624 62.631 180.000 201.000 94.000
1.745 -5.192 62.635 186.000 208.000 92.000
1.745 -4.759 62.640 194.000 215.000 98.000
1.745 -4.326 62.645 192.000 212.000 97.000
1.745 -3.894 62.649 184.000 205.000 97.000
1.745 -3.461 62.654 175.000 196.000 95.000
1.745 -3.028 62.658 170.000 189.000 100.000
1.745 -2.596 62.663 158.000 170.000 108.000
2.178 -5.624 62.631 201.000 214.000 128.000
2.178 -5.192 62.636 201.000 216.000 122.000
2.178 -4.759 62.640 199.000 215.000 116.000
2.178 -4.326 62.645 206.000 219.000 128.000
2.178 -3.894 62.650 203.000 217.000 130.000
2.178 -3.461 62.654 182.000 198.000 110.000
2.178 -3.028 62.659 151.000 165.000 94.000
2.611 -5.624 62.632 217.000 222.000 167.000
2.611 -5.192 62.636 200.000 212.000 136.000
2.611 -4.759 62.641 190.000 204.000 121.000
2.611 -4.326 62.645 183.000 193.000 125.000
2.611 -3.894 62.650 215.000 221.000 160.000
2.611 -3.461 62.655 195.000 203.000 141.000
2.611 -3.028 62.659 77.000 83.000 50.000
3.043 -5.192 62.637 98.000 101.000 73.000
3.043 -4.759 62.641 92.000 98.000 61.000
0.014 -3.466 63.085 72.000 90.000 37.000
0.014 -3.033 63.089 69.000 88.000 36.000
0.447 -5.629 63.062 79.000 108.000 35.000
0.447 -5.196 63.067 92.000 115.000 47.000
0.447 -4.764 63.071 85.000 102.000 48.000
0.447 -4.331 63.076 77.000 94.000 40.000
0.447 -3.898 63.081 109.000 132.000 56.000
0.447 -3.466 63.085 125.000 149.000 63.000
0.447 -3.033 63.090 120.000 142.000 65.000
0.447 -2.600 63.094 101.000 121.000 60.000
0.879 -6.062 63.058 102.000 131.000 47.000
0.879 -5.629 63.063 147.000 175.000 68.000
0.879 -5.196 63.067 152.000 178.000 72.000
0.879 -4.764 63.072 151.000 175.000 71.000
0.879 -4.331 63.076 140.000 165.000 62.000
0.879 -3.898 63.081 146.000 170.000 70.000
0.879 -3.466 63.086 148.000 172.000 74.000
0.879 -3.033 63.090 143.000 166.000 77.000
0.879 -2.600 63.095 137.000 156.000 84.000
0.879 -2.168 63.099 123.000 135.000 96.000
1.312 -6.062 63.058 150.000 174.000 76.000
1.312 -5.629 63.063 172.000 195.000 82.000
1.312 -5.196 63.068 184.000 207.000 87.000
1.312 -4.764 63.072 187.000 210.000 87.000
1.312 -4.331 63.077 183.000 205.000 85.000
1.312 -3.898 63.081 173.000 196.000 83.000
1.312 -3.466 63.086 171.000 192.000 88.000
1.312 -3.033 63.091 168.000 187.000 97.000
1.312 -2.600 63.095 156.000 171.000 102.000
1.745 -5.629 63.063 184.000 205.000 98.000
1.745 -5.196 63.068 192.000 213.000 97.000
1.745 -4.764 63.073 197.000 217.000 102.000
1.745 -4.331 63.077 195.000 214.000 101.000
1.745 -3.898 63.082 187.000 206.000 101.000
1.745 -3.466 63.086 180.000 199.000 102.000
1.745 -3.033 63.091 176.000 193.000 109.000
1.745 -2.600 63.096 164.000 176.000 116.000
2.177 -5.629 63.064 193.000 209.000 118.000
2.177 -5.196 63.068 207.000 220.000 130.000
2.177 -4.764 63.073 203.000 218.000 123.000
2.177 -4.331 63.078 202.000 216.000 125.000
2.177 -3.898 63.082 206.000 218.000 136.000
2.177 -3.466 63.087 192.000 206.000 122.000
2.177 -3.033 63.091 159.000 173.000 102.000
2.610 -5.196 63.069 212.000 221.000 149.000
2.610 -4.764 63.073 205.000 217.000 139.000
2.610 -4.331 63.078 203.000 214.000 141.000
2.610 -3.898 63.083 212.000 220.000 154.000
2.610 -3.466 63.087 187.000 195.000 134.000
2.610 -3.033 63.092 94.000 100.000 64.000
3.043 -4.764 63.074 139.000 146.000 99.000
3.043 -4.331 63.079 136.000 142.000 96.000
3.043 -3.898 63.083 103.000 106.000 80.000
0.014 -3.470 63.517 71.000 89.000 37.000
0.446 -5.201 63.499 70.000 95.000 31.000
0.446 -4.768 63.504 71.000 90.000 37.000
0.446 -4.336 63.509 80.000 101.000 40.000
0.446 -3.903 63.513 123.000 146.000 68.000
0.446 -3.470 63.518 125.000 148.000 66.000
0.446 -3.038 63.522 113.000 136.000 63.000
0.446 -2.605 63.527 94.000 115.000 56.000
0.879 -6.066 63.491 97.000 126.000 40.000
0.879 -5.633 63.495 130.000 160.000 56.000
0.879 -5.201 63.500 146.000 172.000 68.000
0.879 -4.768 63.504 146.000 171.000 67.000
0.879 -4.336 63.509 137.000 164.000 60.000
0.879 -3.903 63.514 151.000 173.000 74.000
0.879 -3.470 63.518 155.000 177.000 82.000
0.879 -3.038 63.523 149.000 169.000 85.000
0.879 -2.605 63.527 135.000 154.000 84.000
0.879 -2.172 63.532 98.000 111.000 74.000
1.312 -6.066 63.491 148.000 174.000 73.000
1.312 -5.633 63.496 179.000 204.000 88.000
1.312 -5.201 63.500 193.000 213.000 95.000
1.312 -4.768 63.505 194.000 214.000 95.000
1.312 -4.336 63.509 182.000 204.000 87.000
1.312 -3.903 63.514 170.000 193.000 82.000
1.312 -3.470 63.519 172.000 192.000 92.000
1.312 -3.038 63.523 178.000 195.000 110.000
1.312 -2.605 63.528 166.000 178.000 115.000
1.744 -5.633 63.496 196.000 214.000 110.000
1.744 -5.201 63.501 201.000 218.000 108.000
1.744 -4.768 63.505 204.000 221.000 112.000
1.744 -4.336 63.510 194.000 213.000 104.000
1.744 -3.903 63.514 197.000 213.000 113.000
1.744 -3.470 63.519 188.000 205.000 111.000
1.744 -3.038 63.524 186.000 200.000 122.000
1.744 -2.605 63.528 183.000 192.000 137.000
2.177 -5.633 63.497 206.000 219.000 137.000
2.177 -5.201 63.501 209.000 222.000 134.000
2.177 -4.768 63.506 205.000 219.000 127.000
2.177 -4.336 63.510 206.000 218.000 130.000
2.177 -3.903 63.515 216.000 226.000 146.000
2.177 -3.470 63.519 200.000 213.000 134.000
2.177 -3.038 63.524 180.000 192.000 123.000
2.177 -2.605 63.529 94.000 98.000 71.000
2.610 -5.201 63.502 216.000 225.000 157.000
2.610 -4.768 63.506 209.000 219.000 144.000
2.610 -4.336 63.511 205.000 216.000 141.000
2.610 -3.903 63.515 206.000 216.000 147.000
2.610 -3.470 63.520 188.000 196.000 137.000
2.610 -3.038 63.524 79.000 82.000 56.000
3.042 -4.768 63.507 183.000 190.000 138.000
3.042 -4.336 63.511 152.000 157.000 111.000
0.446 -3.907 63.946 97.000 117.000 56.000
0.446 -3.475 63.950 110.000 132.000 63.000
0.446 -3.042 63.955 101.000 122.000 59.000
0.879 -5.638 63.928 91.000 125.000 33.000
0.879 -5.205 63.933 143.000 168.000 67.000
0.879 -4.773 63.937 154.000 176.000 80.000
0.879 -4.340 63.942 147.000 170.000 77.000
0.879 -3.907 63.946 159.000 179.000 90.000
0.879 -3.475 63.951 160.000 180.000 89.000
0.879 -3.042 63.955 157.000 176.000 93.000
0.879 -2.610 63.960 143.000 159.000 98.000
1.311 -5.638 63.928 180.000 204.000 90.000
1.311 -5.205 63.933 181.000 203.000 88.000
1.311 -4.773 63.938 194.000 214.000 105.000
1.311 -4.340 63.942 197.000 215.000 113.000
1.311 -3.907 63.947 178.000 198.000 98.000
1.311 -3.475 63.951 183.000 201.000 108.000
1.311 -3.042 63.956 180.000 196.000 116.000
1.311 -2.610 63.960 185.000 196.000 137.000
1.744 -5.638 63.929 213.000 227.000 136.000
1.744 -5.205 63.933 207.000 222.000 124.000
1.744 -4.773 63.938 208.000 223.000 126.000
1.744 -4.340 63.943 211.000 224.000 132.000
1.744 -3.907 63.947 201.000 216.000 127.000
1.744 -3.475 63.952 192.000 208.000 121.000
1.744 -3.042 63.956 202.000 213.000 143.000
1.744 -2.610 63.961 207.000 212.000 164.000
2.177 -5.205 63.934 221.000 230.000 150.000
2.177 -4.773 63.938 210.000 222.000 137.000
2.177 -4.340 63.943 206.000 218.000 137.000
2.177 -3.907 63.948 220.000 228.000 156.000
2.177 -3.475 63.952 215.000 223.000 150.000
2.177 -3.042 63.957 207.000 214.000 154.000
2.609 -5.205 63.934 215.000 224.000 156.000
2.609 -4.773 63.939 213.000 222.000 151.000
2.609 -4.340 63.943 207.000 218.000 146.000
2.609 -3.907 63.948 214.000 222.000 155.000
2.609 -3.475 63.953 174.000 177.000 132.000
3.042 -4.773 63.939 148.000 151.000 115.000
3.042 -4.340 63.944 118.000 120.000 89.000
0.446 -3.479 64.383 94.000 109.000 63.000
0.446 -3.047 64.388 71.000 86.000 44.000
0.878 -4.777 64.370 183.000 203.000 111.000
0.878 -4.345 64.374 196.000 211.000 131.000
0.878 -3.912 64.379 165.000 184.000 101.000
0.878 -3.479 64.384 157.000 175.000 98.000
0.878 -3.047 64.388 158.000 175.000 105.000
0.878 -2.614 64.393 148.000 163.000 109.000
1.311 -5.643 64.361 147.000 174.000 65.000
1.311 -5.210 64.366 184.000 205.000 98.000
1.311 -4.777 64.370 211.000 226.000 134.000
1.311 -4.345 64.375 212.000 226.000 136.000
1.311 -3.912 64.379 188.000 206.000 114.000
1.311 -3.479 64.384 187.000 204.000 118.000
1.311 -3.047 64.389 196.000 209.000 137.000
1.311 -2.614 64.393 206.000 212.000 162.000
1.744 -5.643 64.361 197.000 213.000 119.000
1.744 -5.210 64.366 213.000 226.000 138.000
1.744 -4.777 64.371 229.000 236.000 156.000
1.744 -4.345 64.375 223.000 233.000 153.000
1.744 -3.912 64.380 210.000 222.000 143.000
1.744 -3.479 64.384 209.000 220.000 143.000
1.744 -3.047 64.389 216.000 224.000 159.000
1.744 -2.614 64.394 203.000 205.000 166.000
2.176 -5.210 64.366 230.000 237.000 168.000
2.176 -4.777 64.371 230.000 236.000 168.000
2.176 -4.345 64.376 225.000 232.000 161.000
2.176 -3.912 64.380 228.000 234.000 169.000
2.176 -3.479 64.385 220.000 226.000 162.000
2.176 -3.047 64.389 192.000 195.000 150.000
2.609 -5.210 64.367 224.000 230.000 168.000
2.609 -4.777 64.371 223.000 229.000 166.000
2.609 -4.345 64.376 220.000 226.000 165.000
2.609 -3.912 64.381 204.000 206.000 162.000
0.878 -4.349 64.807 118.000 130.000 79.000
0.878 -3.917 64.812 99.000 103.000 74.000
0.878 -3.484 64.816 150.000 163.000 108.000
0.878 -3.051 64.821 110.000 120.000 81.000
1.310 -5.215 64.798 161.000 183.000 86.000
1.310 -4.782 64.803 202.000 216.000 137.000
1.310 -4.349 64.807 229.000 236.000 168.000
1.310 -3.917 64.812 210.000 221.000 146.000
1.310 -3.484 64.817 184.000 200.000 121.000
1.310 -3.051 64.821 189.000 201.000 136.000
1.310 -2.619 64.826 197.000 198.000 169.000
1.743 -5.215 64.799 199.000 213.000 132.000
1.743 -4.782 64.803 231.000 238.000 171.000
1.743 -4.349 64.808 235.000 240.000 176.000
1.743 -3.917 64.812 217.000 226.000 153.000
1.743 -3.484 64.817 207.000 218.000 143.000
1.743 -3.051 64.822 211.000 218.000 155.000
2.176 -5.215 64.799 224.000 231.000 165.000
2.176 -4.782 64.804 237.000 240.000 184.000
2.176 -4.349 64.808 235.000 239.000 182.000
2.176 -3.917 64.813 229.000 234.000 174.000
2.176 -3.484 64.817 221.000 226.000 164.000
2.176 -3.051 64.822 148.000 150.000 116.000
2.608 -4.782 64.804 228.000 231.000 184.000
2.608 -4.349 64.809 219.000 221.000 175.000
2.608 -3.917 64.813 151.000 152.000 126.000
0.877 -3.921 65.244 113.000 123.000 78.000
1.310 -4.354 65.240 208.000 220.000 145.000
1.310 -3.921 65.245 212.000 223.000 152.000
1.310 -3.489 65.249 181.000 196.000 125.000
1.310 -3.056 65.254 172.000 182.000 129.000
1.743 -5.219 65.231 167.000 185.000 97.000
1.743 -4.787 65.236 204.000 217.000 139.000
1.743 -4.354 65.240 234.000 238.000 177.000
1.743 -3.921 65.245 233.000 238.000 175.000
1.743 -3.489 65.250 218.000 225.000 161.000
1.743 -3.056 65.254 195.000 200.000 149.000
2.175 -4.787 65.236 223.000 228.000 171.000
2.175 -4.354 65.241 238.000 241.000 193.000
2.175 -3.921 65.245 235.000 239.000 190.000
2.175 -3.489 65.250 212.000 215.000 171.000
1.310 -3.926 65.677 206.000 217.000 146.000
1.310 -3.493 65.682 187.000 199.000 139.000
1.310 -3.061 65.686 97.000 103.000 73.000
1.742 -4.358 65.673 197.000 209.000 138.000
1.742 -3.926 65.678 243.000 245.000 201.000
1.742 -3.493 65.682 239.000 241.000 201.000
2.175 -4.791 65.669 112.000 121.000 75.000
2.175 -4.358 65.674 161.000 164.000 126.000
2.175 -3.926 65.678 246.000 247.000 219.000
1.742 -3.930 66.110 103.000 109.000 75.000
