-0.397 -4.097 41.011 69.000 88.000 36.000
-0.397 -3.664 41.015 90.000 110.000 49.000
-0.397 -3.232 41.020 120.000 143.000 63.000
-0.397 -2.799 41.024 122.000 149.000 59.000
-0.397 -2.366 41.029 119.000 151.000 50.000
-0.830 -2.371 41.461 93.000 120.000 50.000
-0.398 -4.102 41.443 80.000 102.000 44.000
-0.398 -3.669 41.448 116.000 136.000 69.000
-0.398 -3.236 41.452 113.000 136.000 64.000
-0.398 -2.804 41.457 122.000 145.000 64.000
-0.398 -2.371 41.462 129.000 156.000 62.000
-0.398 -1.938 41.466 135.000 164.000 59.000
0.035 -4.102 41.444 110.000 131.000 65.000
0.035 -3.669 41.448 122.000 145.000 68.000
0.035 -3.236 41.453 132.000 157.000 67.000
0.035 -2.804 41.457 139.000 166.000 65.000
0.035 -2.371 41.462 147.000 176.000 68.000
0.035 -1.938 41.467 150.000 180.000 64.000
0.035 -1.506 41.471 142.000 174.000 60.000
-0.831 -2.376 41.894 99.000 122.000 56.000
-0.398 -4.106 41.876 69.000 88.000 37.000
-0.398 -3.674 41.880 129.000 149.000 86.000
-0.398 -3.241 41.885 127.000 145.000 81.000
-0.398 -2.808 41.890 123.000 144.000 72.000
-0.398 -2.376 41.894 132.000 156.000 70.000
-0.398 -1.943 41.899 147.000 174.000 71.000
0.035 -4.106 41.876 122.000 140.000 77.000
0.035 -3.674 41.881 132.000 152.000 78.000
0.035 -3.241 41.885 136.000 159.000 71.000
0.035 -2.808 41.890 140.000 164.000 69.000
0.034 -2.376 41.895 153.000 178.000 78.000
0.034 -1.943 41.899 153.000 181.000 72.000
0.034 -1.510 41.904 150.000 178.000 71.000
0.467 -3.241 41.886 151.000 172.000 80.000
0.467 -2.808 41.890 154.000 177.000 79.000
0.467 -2.376 41.895 169.000 193.000 90.000
0.467 -1.943 41.900 166.000 191.000 85.000
0.467 -1.510 41.904 156.000 182.000 80.000
0.467 -1.078 41.909 138.000 161.000 73.000
0.900 -0.645 41.914 125.000 145.000 81.000
-0.831 -2.380 42.326 112.000 133.000 69.000
-0.831 -1.948 42.331 137.000 161.000 75.000
-0.399 -3.678 42.313 130.000 148.000 92.000
-0.399 -3.245 42.318 134.000 150.000 91.000
-0.399 -2.813 42.322 131.000 151.000 81.000
-0.399 -2.380 42.327 130.000 153.000 71.000
-0.399 -1.948 42.331 147.000 173.000 74.000
-0.399 -1.515 42.336 149.000 174.000 75.000
0.034 -4.111 42.309 136.000 152.000 90.000
0.034 -3.678 42.313 150.000 170.000 95.000
0.034 -3.245 42.318 139.000 161.000 77.000
0.034 -2.813 42.323 136.000 160.000 69.000
0.034 -2.380 42.327 145.000 171.000 73.000
0.034 -1.948 42.332 150.000 177.000 73.000
0.034 -1.515 42.336 147.000 174.000 71.000
0.034 -1.082 42.341 140.000 164.000 71.000
0.467 -4.543 42.305 111.000 121.000 80.000
0.467 -4.111 42.309 161.000 177.000 108.000
0.467 -3.678 42.314 165.000 183.000 104.000
0.467 -3.245 42.318 147.000 170.000 80.000
0.467 -2.813 42.323 148.000 172.000 76.000
0.467 -2.380 42.328 163.000 186.000 87.000
0.467 -1.948 42.332 159.000 185.000 82.000
0.467 -1.515 42.337 145.000 171.000 74.000
0.467 -1.082 42.341 128.000 152.000 68.000
0.467 -0.650 42.346 104.000 122.000 59.000
0.899 -2.380 42.328 172.000 193.000 99.000
0.899 -1.948 42.333 173.000 196.000 101.000
0.899 -1.515 42.337 149.000 168.000 87.000
0.899 -1.082 42.342 78.000 94.000 42.000
0.899 -0.650 42.346 97.000 112.000 62.000
-0.832 -2.385 42.759 107.000 127.000 66.000
-0.832 -1.952 42.764 135.000 156.000 79.000
-0.832 -1.519 42.768 143.000 166.000 79.000
-0.399 -4.115 42.741 92.000 112.000 54.000
-0.399 -3.683 42.746 137.000 155.000 95.000
-0.399 -3.250 42.750 124.000 143.000 80.000
-0.399 -2.817 42.755 128.000 150.000 76.000
-0.399 -2.385 42.759 124.000 150.000 68.000
-0.399 -1.952 42.764 142.000 167.000 73.000
-0.399 -1.519 42.769 141.000 165.000 72.000
-0.399 -1.087 42.773 132.000 156.000 69.000
0.034 -4.115 42.742 151.000 170.000 100.000
0.034 -3.683 42.746 157.000 177.000 99.000
0.034 -3.250 42.751 133.000 156.000 72.000
0.034 -2.817 42.755 133.000 160.000 66.000
0.034 -2.385 42.760 141.000 169.000 68.000
0.034 -1.952 42.764 140.000 169.000 64.000
0.034 -1.519 42.769 143.000 171.000 67.000
0.034 -1.087 42.774 147.000 171.000 77.000
0.034 -0.654 42.778 135.000 158.000 75.000
0.466 -4.548 42.737 78.000 85.000 57.000
0.466 -4.115 42.742 165.000 181.000 112.000
0.466 -3.683 42.747 161.000 181.000 101.000
0.466 -3.250 42.751 147.000 171.000 82.000
0.466 -2.817 42.756 136.000 163.000 69.000
0.466 -2.385 42.760 141.000 169.000 69.000
0.466 -1.952 42.765 141.000 169.000 67.000
0.466 -1.519 42.769 143.000 169.000 70.000
0.466 -1.087 42.774 132.000 155.000 71.000
0.466 -0.654 42.779 106.000 124.000 62.000
0.899 -4.115 42.742 178.000 190.000 127.000
0.899 -3.683 42.747 182.000 199.000 123.000
0.899 -3.250 42.752 194.000 210.000 130.000
0.899 -2.817 42.756 177.000 197.000 109.000
0.899 -2.385 42.761 141.000 163.000 78.000
0.899 -1.952 42.765 136.000 157.000 77.000
0.899 -1.519 42.770 106.000 123.000 59.000
0.899 -0.654 42.779 76.000 87.000 48.000
1.332 -1.952 42.766 143.000 156.000 96.000
1.332 -1.520 42.770 94.000 104.000 62.000
-0.832 -2.389 43.192 149.000 167.000 102.000
-0.832 -1.957 43.196 159.000 180.000 100.000
-0.832 -1.524 43.201 159.000 181.000 94.000
-0.832 -1.091 43.205 144.000 166.000 80.000
-0.399 -4.120 43.174 72.000 90.000 38.000
-0.399 -3.687 43.178 112.000 132.000 71.000
-0.399 -3.255 43.183 88.000 111.000 51.000
-0.399 -2.822 43.187 91.000 116.000 52.000
-0.399 -2.389 43.192 120.000 143.000 67.000
-0.399 -1.957 43.197 139.000 165.000 71.000
-0.399 -1.524 43.201 146.000 172.000 74.000
-0.399 -1.091 43.206 139.000 164.000 71.000
-0.399 -0.659 43.210 128.000 151.000 68.000
0.033 -4.120 43.174 121.000 138.000 77.000
0.033 -3.687 43.179 113.000 136.000 67.000
0.033 -3.255 43.183 86.000 115.000 43.000
0.033 -2.822 43.188 92.000 121.000 45.000
0.033 -2.389 43.192 123.000 152.000 58.000
0.033 -1.957 43.197 137.000 168.000 62.000
0.033 -1.524 43.202 147.000 177.000 70.000
0.033 -1.091 43.206 153.000 180.000 79.000
0.033 -0.659 43.211 143.000 166.000 80.000
0.033 -0.226 43.215 107.000 126.000 60.000
0.466 -4.120 43.175 136.000 151.000 92.000
0.466 -3.687 43.179 117.000 137.000 69.000
0.466 -3.255 43.184 97.000 123.000 51.000
0.466 -2.822 43.188 104.000 132.000 51.000
0.466 -2.389 43.193 127.000 157.000 59.000
0.466 -1.957 43.197 140.000 170.000 66.000
0.466 -1.524 43.202 153.000 180.000 76.000
0.466 -1.091 43.207 164.000 187.000 92.000
0.466 -0.659 43.211 161.000 181.000 99.000
0.899 -4.120 43.175 118.000 126.000 85.000
0.899 -3.687 43.180 135.000 149.000 89.000
0.899 -3.255 43.184 132.000 151.000 79.000
0.899 -2.822 43.189 134.000 157.000 74.000
0.899 -2.389 43.193 132.000 158.000 68.000
0.899 -1.957 43.198 144.000 170.000 76.000
0.899 -1.524 43.202 150.000 175.000 83.000
0.899 -1.091 43.207 142.000 161.000 86.000
0.899 -0.659 43.212 127.000 139.000 89.000
1.331 -3.687 43.180 212.000 215.000 168.000
1.331 -3.255 43.185 191.000 199.000 139.000
1.331 -2.822 43.189 148.000 161.000 103.000
1.331 -2.389 43.194 110.000 124.000 72.000
1.331 -1.957 43.198 129.000 144.000 84.000
1.331 -1.524 43.203 124.000 136.000 85.000
-1.265 -1.096 43.638 127.000 148.000 74.000
-0.832 -2.827 43.620 77.000 97.000 50.000
-0.832 -2.394 43.624 126.000 148.000 78.000
-0.832 -1.961 43.629 148.000 170.000 90.000
-0.832 -1.529 43.633 152.000 173.000 89.000
-0.832 -1.096 43.638 137.000 159.000 76.000
-0.400 -3.692 43.611 100.000 120.000 61.000
-0.400 -3.259 43.616 78.000 101.000 43.000
-0.400 -2.827 43.620 87.000 112.000 48.000
-0.400 -2.394 43.625 102.000 128.000 56.000
-0.400 -1.961 43.629 122.000 149.000 62.000
-0.400 -1.529 43.634 136.000 162.000 68.000
-0.400 -1.096 43.638 134.000 159.000 70.000
-0.400 -0.663 43.643 131.000 154.000 71.000
0.033 -3.692 43.611 79.000 106.000 38.000
0.033 -3.259 43.616 68.000 99.000 28.000
0.033 -2.827 43.621 83.000 115.000 38.000
0.033 -2.394 43.625 99.000 130.000 48.000
0.033 -1.961 43.630 128.000 157.000 60.000
0.033 -1.529 43.634 142.000 171.000 67.000
0.033 -1.096 43.639 148.000 175.000 76.000
0.033 -0.663 43.643 150.000 173.000 83.000
0.033 -0.231 43.648 115.000 134.000 65.000
0.466 -3.692 43.612 65.000 87.000 28.000
0.466 -3.259 43.616 75.000 106.000 31.000
0.466 -2.827 43.621 88.000 120.000 40.000
0.466 -2.394 43.626 116.000 146.000 57.000
0.465 -1.961 43.630 132.000 162.000 63.000
0.465 -1.529 43.635 146.000 174.000 73.000
0.465 -1.096 43.639 159.000 184.000 88.000
0.465 -0.663 43.644 164.000 184.000 101.000
0.465 -0.231 43.648 84.000 94.000 52.000
0.898 -3.692 43.612 70.000 82.000 40.000
0.898 -3.259 43.617 110.000 130.000 62.000
0.898 -2.827 43.621 129.000 153.000 71.000
0.898 -2.394 43.626 133.000 159.000 69.000
0.898 -1.961 43.631 149.000 175.000 82.000
0.898 -1.529 43.635 158.000 180.000 89.000
0.898 -1.096 43.640 145.000 164.000 89.000
0.898 -0.663 43.644 141.000 152.000 101.000
1.331 -3.259 43.617 101.000 111.000 68.000
1.331 -2.827 43.622 130.000 144.000 84.000
1.331 -2.394 43.626 118.000 134.000 73.000
1.331 -1.961 43.631 147.000 167.000 95.000
1.331 -1.529 43.636 150.000 165.000 102.000
1.331 -1.096 43.640 103.000 112.000 76.000
-0.833 -2.831 44.052 86.000 111.000 51.000
-0.833 -2.399 44.057 102.000 129.000 56.000
-0.833 -1.966 44.062 126.000 149.000 72.000
-0.833 -1.533 44.066 133.000 155.000 75.000
-0.833 -1.101 44.071 128.000 150.000 70.000
-0.833 -0.668 44.075 123.000 147.000 67.000
-0.400 -3.696 44.044 87.000 111.000 47.000
-0.400 -3.264 44.048 81.000 106.000 40.000
-0.400 -2.831 44.053 84.000 112.000 42.000
-0.400 -2.399 44.057 97.000 125.000 49.000
-0.400 -1.966 44.062 115.000 142.000 58.000
-0.400 -1.533 44.067 130.000 156.000 65.000
-0.400 -1.101 44.071 132.000 156.000 69.000
-0.400 -0.668 44.076 131.000 155.000 71.000
-0.400 -0.235 44.080 128.000 151.000 72.000
0.032 -3.696 44.044 94.000 123.000 44.000
0.032 -3.264 44.049 72.000 106.000 28.000
0.032 -2.831 44.053 79.000 112.000 33.000
0.032 -2.399 44.058 96.000 128.000 44.000
0.032 -1.966 44.062 112.000 142.000 53.000
0.032 -1.533 44.067 138.000 166.000 66.000
0.032 -1.101 44.072 147.000 172.000 75.000
0.032 -0.668 44.076 143.000 168.000 78.000
0.032 -0.235 44.081 127.000 150.000 72.000
0.465 -4.129 44.040 77.000 91.000 41.000
0.465 -3.696 44.044 95.000 124.000 44.000
0.465 -3.264 44.049 84.000 117.000 35.000
0.465 -2.831 44.054 92.000 125.000 41.000
0.465 -2.399 44.058 110.000 140.000 54.000
0.465 -1.966 44.063 129.000 157.000 63.000
0.465 -1.533 44.067 143.000 171.000 72.000
0.465 -1.101 44.072 160.000 182.000 88.000
0.465 -0.668 44.077 161.000 182.000 97.000
0.465 -0.235 44.081 129.000 143.000 83.000
0.898 -4.129 44.040 70.000 81.000 40.000
0.898 -3.696 44.045 79.000 99.000 39.000
0.898 -3.264 44.049 110.000 136.000 56.000
0.898 -2.831 44.054 127.000 153.000 67.000
0.898 -2.399 44.059 136.000 163.000 73.000
0.898 -1.966 44.063 145.000 172.000 79.000
0.898 -1.533 44.068 160.000 183.000 93.000
0.898 -1.101 44.072 143.000 162.000 91.000
0.898 -0.668 44.077 137.000 148.000 99.000
1.330 -3.264 44.050 99.000 111.000 63.000
1.330 -2.831 44.054 150.000 168.000 96.000
1.330 -2.399 44.059 138.000 159.000 82.000
1.330 -1.966 44.064 156.000 176.000 98.000
1.330 -1.533 44.068 171.000 185.000 117.000
1.330 -1.101 44.073 121.000 128.000 90.000
1.763 -2.399 44.059 89.000 93.000 66.000
-1.266 -1.538 44.498 125.000 143.000 79.000
-0.833 -3.268 44.480 82.000 110.000 44.000
-0.833 -2.836 44.485 93.000 120.000 51.000
-0.833 -2.403 44.490 97.000 123.000 53.000
-0.833 -1.970 44.494 119.000 142.000 68.000
-0.833 -1.538 44.499 125.000 149.000 70.000
-0.833 -1.105 44.503 126.000 149.000 69.000
-0.833 -0.673 44.508 127.000 148.000 73.000
-0.833 -0.240 44.513 115.000 138.000 65.000
-0.401 -4.134 44.472 61.000 83.000 27.000
-0.401 -3.701 44.476 65.000 94.000 25.000
-0.401 -3.268 44.481 66.000 97.000 26.000
-0.401 -2.836 44.485 80.000 109.000 36.000
-0.401 -2.403 44.490 101.000 128.000 50.000
-0.401 -1.970 44.495 129.000 155.000 64.000
-0.401 -1.538 44.499 131.000 157.000 65.000
-0.401 -1.105 44.504 126.000 153.000 62.000
-0.401 -0.673 44.508 131.000 155.000 71.000
-0.401 -0.240 44.513 129.000 150.000 74.000
-0.401 0.193 44.518 75.000 87.000 48.000
0.032 -4.999 44.463 91.000 97.000 60.000
0.032 -4.566 44.467 128.000 147.000 71.000
0.032 -4.134 44.472 116.000 143.000 54.000
0.032 -3.701 44.477 92.000 123.000 39.000
0.032 -3.268 44.481 75.000 109.000 27.000
0.032 -2.836 44.486 79.000 113.000 30.000
0.032 -2.403 44.490 104.000 136.000 48.000
0.032 -1.970 44.495 131.000 160.000 63.000
0.032 -1.538 44.500 141.000 167.000 69.000
0.032 -1.105 44.504 140.000 166.000 70.000
0.032 -0.673 44.509 146.000 169.000 81.000
0.032 -0.240 44.513 143.000 163.000 84.000
0.032 0.193 44.518 71.000 81.000 44.000
0.465 -4.999 44.463 86.000 90.000 58.000
0.465 -4.566 44.468 145.000 163.000 82.000
0.465 -4.134 44.472 136.000 162.000 68.000
0.465 -3.701 44.477 104.000 137.000 45.000
0.465 -3.268 44.482 87.000 123.000 34.000
0.465 -2.836 44.486 92.000 126.000 39.000
0.465 -2.403 44.491 123.000 154.000 58.000
0.465 -1.970 44.495 132.000 162.000 64.000
0.465 -1.538 44.500 145.000 172.000 74.000
0.465 -1.105 44.505 153.000 175.000 85.000
0.465 -0.673 44.509 164.000 183.000 101.000
0.465 -0.240 44.514 138.000 152.000 93.000
0.897 -4.134 44.473 107.000 128.000 55.000
0.897 -3.701 44.477 102.000 132.000 47.000
0.897 -3.268 44.482 95.000 126.000 44.000
0.897 -2.836 44.487 107.000 135.000 55.000
0.897 -2.403 44.491 138.000 165.000 72.000
0.897 -1.970 44.496 145.000 172.000 77.000
0.897 -1.538 44.500 157.000 179.000 90.000
0.897 -1.105 44.505 154.000 170.000 104.000
0.897 -0.673 44.510 133.000 142.000 98.000
1.330 -3.268 44.482 127.000 140.000 84.000
1.330 -2.836 44.487 157.000 173.000 105.000
1.330 -2.403 44.492 161.000 178.000 103.000
1.330 -1.970 44.496 160.000 177.000 106.000
1.330 -1.538 44.501 177.000 188.000 125.000
1.330 -1.105 44.505 146.000 151.000 112.000
1.763 -2.836 44.487 147.000 149.000 119.000
1.763 -2.403 44.492 112.000 115.000 87.000
-1.266 -1.542 44.931 122.000 140.000 77.000
-0.834 -3.273 44.913 73.000 100.000 33.000
-0.834 -2.840 44.918 93.000 120.000 46.000
-0.834 -2.408 44.922 105.000 128.000 58.000
-0.834 -1.975 44.927 109.000 133.000 59.000
-0.834 -1.542 44.931 119.000 143.000 63.000
-0.834 -1.110 44.936 123.000 145.000 67.000
-0.834 -0.677 44.941 120.000 145.000 69.000
-0.834 -0.245 44.945 118.000 140.000 71.000
-0.834 0.188 44.950 78.000 89.000 54.000
-0.401 -4.571 44.900 85.000 100.000 50.000
-0.401 -4.138 44.904 79.000 102.000 39.000
-0.401 -3.706 44.909 93.000 120.000 44.000
-0.401 -3.273 44.913 83.000 114.000 37.000
-0.401 -2.840 44.918 88.000 120.000 39.000
-0.401 -2.408 44.923 111.000 139.000 53.000
-0.401 -1.975 44.927 126.000 154.000 59.000
-0.401 -1.542 44.932 130.000 157.000 63.000
-0.401 -1.110 44.936 131.000 156.000 67.000
-0.401 -0.677 44.941 134.000 158.000 75.000
-0.401 -0.245 44.946 136.000 158.000 82.000
-0.401 0.188 44.950 112.000 126.000 75.000
0.032 -4.571 44.900 146.000 167.000 80.000
0.032 -4.138 44.905 132.000 158.000 64.000
0.032 -3.706 44.909 126.000 155.000 56.000
0.032 -3.273 44.914 105.000 137.000 43.000
0.032 -2.840 44.918 102.000 137.000 41.000
0.032 -2.408 44.923 110.000 142.000 47.000
0.032 -1.975 44.928 130.000 159.000 59.000
0.032 -1.542 44.932 137.000 163.000 66.000
0.032 -1.110 44.937 144.000 168.000 75.000
0.032 -0.677 44.941 144.000 167.000 81.000
0.032 -0.245 44.946 147.000 166.000 89.000
0.032 0.188 44.951 82.000 92.000 53.000
0.464 -4.571 44.901 154.000 174.000 86.000
0.464 -4.138 44.905 148.000 171.000 75.000
0.464 -3.706 44.910 139.000 166.000 66.000
0.464 -3.273 44.914 125.000 155.000 53.000
0.464 -2.840 44.919 116.000 149.000 50.000
0.464 -2.408 44.923 125.000 156.000 56.000
0.464 -1.975 44.928 136.000 164.000 64.000
0.464 -1.542 44.933 150.000 173.000 78.000
0.464 -1.110 44.937 154.000 175.000 86.000
0.464 -0.677 44.942 157.000 177.000 96.000
0.464 -0.245 44.946 137.000 151.000 92.000
0.897 -4.571 44.901 123.000 135.000 76.000
0.897 -4.138 44.906 133.000 151.000 76.000
0.897 -3.706 44.910 139.000 161.000 75.000
0.897 -3.273 44.915 119.000 145.000 58.000
0.897 -2.840 44.919 127.000 153.000 65.000
0.897 -2.408 44.924 147.000 172.000 78.000
0.897 -1.975 44.928 153.000 177.000 83.000
0.897 -1.542 44.933 164.000 186.000 95.000
0.897 -1.110 44.938 169.000 187.000 108.000
0.897 -0.677 44.942 136.000 148.000 96.000
1.330 -3.273 44.915 118.000 134.000 75.000
1.330 -2.840 44.920 151.000 170.000 96.000
1.330 -2.408 44.924 156.000 176.000 97.000
1.330 -1.975 44.929 156.000 175.000 97.000
1.330 -1.542 44.933 168.000 181.000 116.000
1.330 -1.110 44.938 164.000 170.000 127.000
1.762 -2.840 44.920 153.000 155.000 121.000
1.762 -2.408 44.925 169.000 176.000 129.000
1.762 -1.975 44.929 121.000 126.000 92.000
-0.834 -3.710 45.341 59.000 83.000 24.000
-0.834 -3.278 45.346 79.000 108.000 33.000
-0.834 -2.845 45.350 87.000 118.000 37.000
-0.834 -2.412 45.355 98.000 126.000 46.000
-0.834 -1.980 45.359 111.000 138.000 55.000
-0.834 -1.547 45.364 120.000 146.000 61.000
-0.834 -1.114 45.369 123.000 148.000 65.000
-0.834 -0.682 45.373 129.000 151.000 75.000
-0.834 -0.249 45.378 128.000 148.000 81.000
-0.834 0.184 45.382 88.000 99.000 62.000
-0.401 -4.143 45.337 98.000 125.000 48.000
-0.401 -3.710 45.342 103.000 131.000 46.000
-0.401 -3.278 45.346 96.000 130.000 39.000
-0.401 -2.845 45.351 101.000 133.000 42.000
-0.401 -2.412 45.355 119.000 149.000 53.000
-0.401 -1.980 45.360 127.000 156.000 57.000
-0.401 -1.547 45.364 133.000 160.000 63.000
-0.401 -1.114 45.369 139.000 162.000 74.000
-0.401 -0.682 45.374 144.000 165.000 83.000
-0.401 -0.249 45.378 139.000 160.000 87.000
-0.402 0.184 45.383 95.000 106.000 66.000
0.031 -4.143 45.337 138.000 164.000 67.000
0.031 -3.710 45.342 131.000 159.000 57.000
0.031 -3.278 45.347 117.000 149.000 47.000
0.031 -2.845 45.351 110.000 143.000 43.000
0.031 -2.412 45.356 125.000 155.000 51.000
0.031 -1.980 45.360 140.000 169.000 62.000
0.031 -1.547 45.365 143.000 170.000 68.000
0.031 -1.114 45.369 143.000 167.000 74.000
0.031 -0.682 45.374 147.000 169.000 83.000
0.031 -0.249 45.379 147.000 166.000 92.000
0.464 -4.143 45.338 157.000 181.000 82.000
0.464 -3.710 45.342 146.000 173.000 70.000
0.464 -3.278 45.347 130.000 159.000 57.000
0.464 -2.845 45.352 127.000 158.000 54.000
0.464 -2.412 45.356 132.000 162.000 58.000
0.464 -1.980 45.361 148.000 175.000 71.000
0.464 -1.547 45.365 156.000 179.000 80.000
0.464 -1.114 45.370 157.000 178.000 88.000
0.464 -0.682 45.374 154.000 173.000 93.000
0.464 -0.249 45.379 150.000 164.000 102.000
0.897 -4.143 45.338 179.000 197.000 110.000
0.897 -3.710 45.343 165.000 185.000 95.000
0.897 -3.278 45.347 140.000 164.000 73.000
0.897 -2.845 45.352 141.000 165.000 72.000
0.897 -2.412 45.357 160.000 182.000 88.000
0.897 -1.980 45.361 158.000 181.000 86.000
0.897 -1.547 45.366 168.000 188.000 98.000
0.896 -1.114 45.370 171.000 187.000 109.000
0.896 -0.682 45.375 137.000 150.000 95.000
1.329 -3.710 45.343 141.000 153.000 94.000
1.329 -3.278 45.348 122.000 137.000 75.000
1.329 -2.845 45.352 148.000 165.000 91.000
1.329 -2.412 45.357 168.000 185.000 106.000
1.329 -1.980 45.362 163.000 181.000 103.000
1.329 -1.547 45.366 162.000 176.000 111.000
1.329 -1.114 45.371 139.000 144.000 105.000
1.762 -2.845 45.353 109.000 112.000 84.000
1.762 -2.412 45.357 160.000 167.000 123.000
1.762 -1.980 45.362 117.000 122.000 89.000
-1.267 -1.984 45.792 98.000 125.000 48.000
-0.835 -3.715 45.774 57.000 81.000 20.000
-0.835 -3.282 45.778 93.000 124.000 36.000
-0.835 -2.850 45.783 95.000 129.000 37.000
-0.835 -2.417 45.788 107.000 137.000 45.000
-0.835 -1.984 45.792 117.000 144.000 54.000
-0.835 -1.552 45.797 114.000 141.000 57.000
-0.835 -1.119 45.801 125.000 150.000 67.000
-0.835 -0.686 45.806 140.000 161.000 85.000
-0.835 -0.254 45.810 133.000 153.000 86.000
-0.402 -3.715 45.774 98.000 130.000 39.000
-0.402 -3.282 45.779 110.000 143.000 43.000
-0.402 -2.850 45.783 119.000 152.000 48.000
-0.402 -2.417 45.788 128.000 158.000 55.000
-0.402 -1.984 45.793 126.000 156.000 55.000
-0.402 -1.552 45.797 133.000 160.000 61.000
-0.402 -1.119 45.802 142.000 166.000 76.000
-0.402 -0.686 45.806 143.000 165.000 83.000
-0.402 -0.254 45.811 146.000 164.000 94.000
-0.402 0.179 45.815 88.000 97.000 63.000
0.031 -3.715 45.775 132.000 161.000 56.000
0.031 -3.282 45.779 122.000 155.000 48.000
0.031 -2.850 45.784 123.000 156.000 49.000
0.031 -2.417 45.788 131.000 162.000 53.000
0.031 -1.984 45.793 146.000 175.000 63.000
0.031 -1.552 45.798 151.000 178.000 72.000
0.031 -1.119 45.802 153.000 176.000 81.000
0.031 -0.686 45.807 155.000 174.000 89.000
0.031 -0.254 45.811 142.000 158.000 89.000
0.463 -3.715 45.775 150.000 176.000 72.000
0.463 -3.282 45.780 137.000 165.000 61.000
0.463 -2.850 45.784 135.000 163.000 59.000
0.463 -2.417 45.789 141.000 168.000 63.000
0.463 -1.984 45.793 159.000 184.000 78.000
0.463 -1.552 45.798 164.000 188.000 86.000
0.463 -1.119 45.803 162.000 183.000 92.000
0.463 -0.686 45.807 159.000 176.000 98.000
0.463 -0.254 45.812 132.000 143.000 90.000
0.896 -3.282 45.780 150.000 173.000 79.000
0.896 -2.850 45.785 148.000 171.000 76.000
0.896 -2.417 45.789 157.000 179.000 86.000
0.896 -1.984 45.794 164.000 186.000 91.000
0.896 -1.552 45.798 164.000 184.000 96.000
0.896 -1.119 45.803 160.000 176.000 104.000
0.896 -0.686 45.808 128.000 138.000 90.000
1.329 -3.282 45.780 132.000 146.000 79.000
1.329 -2.850 45.785 137.000 154.000 81.000
1.329 -2.417 45.790 177.000 194.000 114.000
1.329 -1.984 45.794 174.000 190.000 114.000
1.329 -1.552 45.799 145.000 157.000 99.000
1.329 -1.119 45.803 119.000 124.000 89.000
1.761 -2.417 45.790 148.000 152.000 113.000
1.761 -1.984 45.795 117.000 120.000 90.000
-1.268 -1.989 46.224 103.000 129.000 50.000
-0.835 -3.287 46.211 83.000 110.000 34.000
-0.835 -2.854 46.216 116.000 145.000 51.000
-0.835 -2.421 46.220 117.000 145.000 54.000
-0.835 -1.989 46.225 126.000 151.000 61.000
-0.835 -1.556 46.229 119.000 145.000 59.000
-0.835 -1.124 46.234 119.000 146.000 62.000
-0.835 -0.691 46.238 139.000 161.000 84.000
-0.835 -0.258 46.243 138.000 155.000 91.000
-0.402 -3.287 46.211 129.000 158.000 56.000
-0.402 -2.854 46.216 147.000 176.000 69.000
-0.402 -2.421 46.221 142.000 170.000 69.000
-0.402 -1.989 46.225 127.000 154.000 59.000
-0.402 -1.556 46.230 130.000 155.000 63.000
-0.402 -1.124 46.234 145.000 166.000 81.000
-0.402 -0.691 46.239 151.000 170.000 90.000
-0.402 -0.258 46.243 147.000 165.000 98.000
0.030 -3.287 46.212 130.000 163.000 54.000
0.030 -2.854 46.216 140.000 170.000 60.000
0.030 -2.421 46.221 145.000 171.000 66.000
0.030 -1.989 46.226 135.000 163.000 61.000
0.030 -1.556 46.230 147.000 171.000 76.000
0.030 -1.124 46.235 167.000 187.000 98.000
0.030 -0.691 46.239 164.000 182.000 100.000
0.030 -0.258 46.244 164.000 180.000 109.000
0.463 -3.287 46.212 145.000 173.000 65.000
0.463 -2.854 46.217 145.000 172.000 66.000
0.463 -2.421 46.221 144.000 168.000 68.000
0.463 -1.989 46.226 146.000 171.000 73.000
0.463 -1.556 46.231 157.000 179.000 87.000
0.463 -1.124 46.235 176.000 194.000 111.000
0.463 -0.691 46.240 179.000 194.000 121.000
0.463 -0.258 46.244 176.000 185.000 129.000
0.896 -2.854 46.217 154.000 177.000 82.000
0.896 -2.421 46.222 152.000 171.000 83.000
0.896 -1.989 46.226 170.000 190.000 103.000
0.896 -1.556 46.231 183.000 199.000 122.000
0.896 -1.124 46.236 173.000 185.000 123.000
0.896 -0.691 46.240 163.000 168.000 126.000
1.328 -2.854 46.218 144.000 161.000 85.000
1.328 -2.421 46.222 173.000 191.000 110.000
1.328 -1.989 46.227 194.000 207.000 137.000
1.328 -1.556 46.231 157.000 167.000 114.000
1.328 -1.124 46.236 102.000 106.000 78.000
1.761 -1.989 46.227 140.000 142.000 111.000
-1.268 -2.426 46.652 98.000 121.000 51.000
-0.835 -2.859 46.648 75.000 97.000 36.000
-0.835 -2.426 46.653 105.000 130.000 53.000
-0.835 -1.993 46.657 122.000 146.000 61.000
-0.835 -1.561 46.662 133.000 157.000 70.000
-0.835 -1.128 46.667 138.000 163.000 78.000
-0.835 -0.695 46.671 130.000 153.000 75.000
-0.403 -3.291 46.644 108.000 136.000 45.000
-0.403 -2.859 46.649 115.000 142.000 52.000
-0.403 -2.426 46.653 122.000 145.000 66.000
-0.403 -1.993 46.658 99.000 124.000 50.000
-0.403 -1.561 46.662 130.000 153.000 73.000
-0.403 -1.128 46.667 158.000 176.000 96.000
-0.403 -0.695 46.672 160.000 178.000 102.000
0.030 -3.291 46.644 140.000 167.000 61.000
0.030 -2.859 46.649 138.000 165.000 61.000
0.030 -2.426 46.654 128.000 153.000 62.000
0.030 -1.993 46.658 121.000 144.000 63.000
0.030 -1.561 46.663 150.000 171.000 91.000
0.030 -1.128 46.667 200.000 215.000 137.000
0.030 -0.696 46.672 178.000 194.000 118.000
0.463 -2.859 46.649 144.000 170.000 66.000
0.463 -2.426 46.654 137.000 160.000 67.000
0.463 -1.993 46.659 139.000 160.000 76.000
0.463 -1.561 46.663 175.000 194.000 116.000
0.463 -1.128 46.668 215.000 226.000 154.000
0.463 -0.696 46.672 198.000 209.000 142.000
0.463 -0.263 46.677 151.000 156.000 113.000
0.895 -2.859 46.650 150.000 172.000 76.000
0.895 -2.426 46.654 145.000 164.000 77.000
0.895 -1.993 46.659 164.000 181.000 103.000
0.895 -1.561 46.664 201.000 212.000 145.000
0.895 -1.128 46.668 214.000 221.000 163.000
0.895 -0.696 46.673 197.000 202.000 157.000
1.328 -2.426 46.655 145.000 160.000 88.000
1.328 -1.993 46.659 187.000 198.000 136.000
1.328 -1.561 46.664 203.000 208.000 158.000
1.328 -1.128 46.669 175.000 177.000 144.000
-0.836 -2.431 47.085 75.000 95.000 39.000
-0.836 -1.998 47.090 107.000 131.000 54.000
-0.836 -1.565 47.095 130.000 154.000 67.000
-0.836 -1.133 47.099 150.000 171.000 86.000
-0.403 -2.863 47.081 89.000 110.000 45.000
-0.403 -2.431 47.086 76.000 97.000 37.000
-0.403 -1.998 47.090 67.000 92.000 30.000
-0.403 -1.565 47.095 105.000 126.000 60.000
-0.403 -1.133 47.100 161.000 177.000 103.000
0.030 -2.863 47.082 117.000 146.000 51.000
0.030 -2.431 47.086 97.000 123.000 47.000
0.030 -1.998 47.091 61.000 87.000 26.000
0.030 -1.565 47.095 92.000 112.000 56.000
0.030 -1.133 47.100 204.000 215.000 150.000
0.030 -0.700 47.105 218.000 226.000 162.000
0.462 -2.431 47.087 125.000 149.000 63.000
0.462 -1.998 47.091 99.000 119.000 58.000
0.462 -1.565 47.096 126.000 141.000 91.000
0.462 -1.133 47.100 233.000 237.000 190.000
0.462 -0.700 47.105 235.000 239.000 190.000
0.895 -2.431 47.087 143.000 163.000 78.000
0.895 -1.998 47.092 128.000 144.000 80.000
0.895 -1.565 47.096 132.000 143.000 97.000
0.895 -1.133 47.101 208.000 211.000 171.000
0.895 -0.700 47.105 218.000 220.000 184.000
1.328 -1.998 47.092 104.000 112.000 72.000
-0.836 -2.003 47.523 112.000 135.000 58.000
-0.836 -1.570 47.527 134.000 157.000 72.000
-0.404 -2.868 47.514 96.000 118.000 51.000
-0.404 -2.435 47.518 88.000 108.000 49.000
-0.404 -2.003 47.523 83.000 105.000 44.000
-0.404 -1.570 47.528 105.000 124.000 61.000
0.029 -2.435 47.519 88.000 113.000 44.000
0.029 -1.137 47.533 153.000 166.000 111.000
0.462 -2.435 47.519 117.000 141.000 59.000
0.462 -2.003 47.524 66.000 87.000 33.000
0.462 -1.137 47.533 125.000 133.000 92.000
0.894 -2.003 47.524 111.000 127.000 67.000
-0.837 -2.440 47.951 79.000 92.000 48.000
-0.837 -2.007 47.955 144.000 163.000 86.000
-0.404 -2.440 47.951 79.000 95.000 44.000
-0.404 -2.007 47.956 146.000 165.000 93.000
-0.404 -1.575 47.960 167.000 185.000 112.000
0.029 -2.440 47.952 97.000 120.000 50.000
0.029 -2.007 47.956 69.000 87.000 38.000
0.029 -1.575 47.961 72.000 86.000 45.000
-0.837 -2.012 48.388 142.000 162.000 84.000
-0.404 -2.012 48.388 71.000 84.000 40.000
-0.830 -2.799 41.024 107.000 129.000 61.000
-0.830 -2.804 41.457 67.000 91.000 35.000
-1.264 -2.380 42.326 93.000 116.000 58.000
-1.264 -2.385 42.759 92.000 116.000 56.000
-1.264 -1.952 42.763 113.000 135.000 66.000
-0.832 -2.817 42.754 61.000 81.000 36.000
-1.265 -2.389 43.191 126.000 143.000 88.000
-1.265 -1.957 43.196 138.000 158.000 89.000
-1.265 -1.524 43.200 146.000 166.000 90.000
-0.832 -2.822 43.187 75.000 93.000 51.000
-1.265 -2.827 43.619 71.000 89.000 48.000
-1.265 -2.394 43.624 115.000 135.000 76.000
-1.265 -1.961 43.628 129.000 148.000 84.000
-1.265 -1.529 43.633 131.000 150.000 81.000
-1.266 -2.831 44.052 79.000 102.000 48.000
-1.266 -2.399 44.057 95.000 118.000 58.000
-1.266 -1.966 44.061 110.000 129.000 70.000
-1.266 -1.533 44.066 121.000 140.000 74.000
-1.266 -2.836 44.485 80.000 102.000 50.000
-1.266 -2.403 44.489 95.000 115.000 64.000
-1.266 -1.970 44.494 115.000 135.000 74.000
-1.266 -2.840 44.917 90.000 112.000 53.000
-1.266 -2.408 44.922 103.000 122.000 67.000
-1.266 -1.975 44.926 106.000 125.000 68.000
-1.267 -3.278 45.345 74.000 100.000 35.000
-1.267 -2.845 45.350 85.000 113.000 40.000
-1.267 -2.412 45.354 94.000 119.000 49.000
-1.267 -1.980 45.359 103.000 125.000 58.000
-1.267 -3.282 45.778 73.000 102.000 27.000
-1.267 -2.850 45.782 84.000 116.000 34.000
-1.267 -2.417 45.787 91.000 121.000 40.000
-1.268 -2.854 46.215 88.000 115.000 41.000
-1.268 -2.421 46.220 96.000 124.000 44.000
-0.830 -3.227 40.587 76.000 102.000 39.000
-0.830 -3.232 41.019 81.000 106.000 46.000
-0.833 -3.264 44.048 64.000 85.000 35.000
-1.266 -3.268 44.480 67.000 90.000 38.000
-1.266 -3.273 44.913 70.000 91.000 39.000
