-2.729 2.245 75.353 75.000 87.000 32.000
-2.729 2.699 75.353 71.000 85.000 23.000
-3.180 2.246 75.811 78.000 91.000 34.000
-3.180 2.700 75.810 85.000 100.000 27.000
-2.726 1.792 75.808 83.000 92.000 46.000
-2.726 2.246 75.807 87.000 100.000 36.000
-2.726 2.700 75.807 79.000 94.000 23.000
-2.726 3.153 75.806 68.000 85.000 15.000
-2.272 1.792 75.804 118.000 127.000 62.000
-2.272 2.246 75.804 103.000 115.000 44.000
-1.818 1.792 75.801 100.000 108.000 55.000
-1.818 2.246 75.800 82.000 92.000 39.000
-3.176 2.246 76.264 82.000 94.000 38.000
-3.176 2.700 76.264 92.000 107.000 30.000
-3.176 3.154 76.263 97.000 114.000 24.000
-3.176 3.608 76.263 107.000 124.000 29.000
-3.176 4.062 76.262 123.000 140.000 40.000
-2.722 1.792 76.261 97.000 106.000 53.000
-2.722 2.246 76.261 105.000 118.000 45.000
-2.722 2.700 76.260 97.000 112.000 30.000
-2.722 3.154 76.260 88.000 104.000 20.000
-2.722 3.608 76.259 80.000 97.000 20.000
-2.269 1.339 76.258 76.000 81.000 45.000
-2.269 1.792 76.258 123.000 133.000 63.000
-2.269 2.246 76.257 120.000 132.000 52.000
-2.269 2.700 76.257 94.000 108.000 31.000
-2.269 3.154 76.256 68.000 85.000 17.000
-1.815 1.792 76.255 127.000 137.000 66.000
-1.815 2.246 76.254 102.000 113.000 46.000
-3.627 2.247 76.722 99.000 109.000 54.000
-3.627 2.701 76.721 92.000 106.000 37.000
-3.627 3.154 76.721 97.000 111.000 31.000
-3.173 1.793 76.719 108.000 115.000 74.000
-3.173 2.247 76.718 118.000 128.000 60.000
-3.173 2.701 76.718 104.000 118.000 36.000
-3.173 3.154 76.717 97.000 113.000 26.000
-3.173 3.608 76.717 91.000 107.000 25.000
-3.173 4.062 76.716 106.000 122.000 35.000
-2.719 1.339 76.716 108.000 116.000 64.000
-2.719 1.793 76.715 117.000 127.000 60.000
-2.719 2.247 76.715 121.000 133.000 51.000
-2.719 2.701 76.714 110.000 124.000 35.000
-2.719 3.154 76.714 94.000 111.000 25.000
-2.719 3.608 76.713 77.000 94.000 21.000
-2.719 4.062 76.713 83.000 99.000 28.000
-2.265 1.339 76.712 126.000 134.000 65.000
-2.265 1.793 76.712 122.000 134.000 56.000
-2.265 2.247 76.711 124.000 136.000 51.000
-2.265 2.701 76.711 107.000 122.000 37.000
-2.265 3.154 76.710 86.000 101.000 27.000
-1.811 1.339 76.709 139.000 149.000 75.000
-1.811 1.793 76.708 130.000 142.000 61.000
-1.811 2.247 76.708 122.000 135.000 51.000
-1.811 2.701 76.707 100.000 114.000 38.000
-1.811 3.154 76.707 79.000 94.000 27.000
-1.358 1.339 76.705 121.000 129.000 67.000
-1.358 1.793 76.705 113.000 120.000 60.000
-3.623 2.247 77.175 97.000 104.000 59.000
-3.623 2.701 77.175 97.000 108.000 43.000
-3.623 3.155 77.174 95.000 109.000 33.000
-3.623 3.609 77.174 93.000 108.000 35.000
-3.623 4.063 77.173 112.000 125.000 51.000
-3.169 1.340 77.173 105.000 110.000 80.000
-3.169 1.793 77.172 112.000 119.000 71.000
-3.169 2.247 77.172 115.000 126.000 55.000
-3.169 2.701 77.171 108.000 122.000 39.000
-3.169 3.155 77.171 110.000 126.000 33.000
-3.169 3.609 77.170 114.000 130.000 42.000
-3.169 4.063 77.170 132.000 146.000 60.000
-2.715 0.886 77.170 85.000 91.000 55.000
-2.715 1.340 77.170 121.000 129.000 68.000
-2.715 1.793 77.169 127.000 136.000 61.000
-2.715 2.247 77.169 134.000 145.000 58.000
-2.715 2.701 77.168 130.000 143.000 47.000
-2.715 3.155 77.167 120.000 135.000 36.000
-2.715 3.609 77.167 113.000 129.000 40.000
-2.715 4.063 77.166 110.000 126.000 46.000
-2.715 4.516 77.166 76.000 84.000 38.000
-2.262 1.793 77.166 136.000 147.000 60.000
-2.262 2.247 77.165 145.000 153.000 67.000
-2.262 2.701 77.165 136.000 147.000 56.000
-2.262 3.155 77.164 102.000 118.000 34.000
-2.262 3.609 77.164 85.000 101.000 32.000
-2.262 4.063 77.163 74.000 89.000 31.000
-1.808 2.247 77.162 146.000 155.000 68.000
-1.808 2.701 77.161 117.000 130.000 46.000
-1.808 3.155 77.161 67.000 82.000 22.000
-3.620 1.794 77.630 100.000 106.000 64.000
-3.620 2.248 77.629 106.000 113.000 59.000
-3.620 2.702 77.629 111.000 123.000 50.000
-3.620 3.155 77.628 104.000 118.000 39.000
-3.620 3.609 77.628 111.000 124.000 46.000
-3.620 4.063 77.627 110.000 121.000 54.000
-3.166 1.340 77.627 122.000 127.000 80.000
-3.166 1.794 77.626 122.000 130.000 64.000
-3.166 2.248 77.626 126.000 137.000 56.000
-3.166 2.702 77.625 123.000 137.000 45.000
-3.166 3.155 77.625 108.000 124.000 33.000
-3.166 3.609 77.624 126.000 140.000 49.000
-3.166 4.063 77.624 131.000 143.000 61.000
-2.712 1.340 77.623 133.000 141.000 67.000
-2.712 1.794 77.623 142.000 151.000 63.000
-2.712 2.248 77.622 146.000 155.000 60.000
-2.712 2.702 77.622 135.000 147.000 48.000
-2.712 3.155 77.621 130.000 145.000 43.000
-2.712 3.609 77.621 130.000 143.000 51.000
-2.712 4.063 77.620 112.000 126.000 49.000
-2.712 4.517 77.620 73.000 81.000 38.000
-2.258 1.794 77.619 152.000 162.000 65.000
-2.258 2.248 77.619 153.000 162.000 65.000
-2.258 2.702 77.618 140.000 151.000 54.000
-2.258 3.155 77.618 120.000 135.000 42.000
-2.258 3.609 77.617 93.000 109.000 35.000
-2.258 4.063 77.617 75.000 89.000 33.000
-1.804 2.702 77.615 127.000 140.000 51.000
-1.804 3.155 77.614 71.000 88.000 24.000
-4.070 2.248 78.086 92.000 97.000 60.000
-4.070 2.702 78.086 95.000 101.000 54.000
-4.070 3.156 78.085 93.000 101.000 48.000
-3.616 1.795 78.084 121.000 127.000 65.000
-3.616 2.248 78.083 130.000 137.000 67.000
-3.616 2.702 78.083 128.000 139.000 55.000
-3.616 3.156 78.082 127.000 140.000 48.000
-3.616 3.610 78.081 123.000 136.000 55.000
-3.616 4.064 78.081 121.000 131.000 66.000
-3.162 0.887 78.081 78.000 82.000 52.000
-3.162 1.341 78.081 134.000 139.000 77.000
-3.162 1.795 78.080 138.000 146.000 64.000
-3.162 2.248 78.080 144.000 154.000 64.000
-3.162 2.702 78.079 136.000 148.000 49.000
-3.162 3.156 78.079 131.000 145.000 43.000
-3.162 3.610 78.078 132.000 145.000 54.000
-3.162 4.064 78.078 133.000 144.000 66.000
-2.709 1.341 78.077 145.000 153.000 65.000
-2.709 1.795 78.077 149.000 159.000 56.000
-2.709 2.248 78.076 153.000 164.000 59.000
-2.709 2.702 78.076 147.000 159.000 53.000
-2.709 3.156 78.075 140.000 153.000 49.000
-2.709 3.610 78.075 133.000 145.000 54.000
-2.709 4.064 78.074 112.000 127.000 53.000
-2.255 2.248 78.073 160.000 169.000 63.000
-2.255 2.702 78.072 145.000 157.000 54.000
-2.255 3.156 78.072 125.000 139.000 44.000
-2.255 3.610 78.071 93.000 107.000 35.000
-2.255 4.064 78.071 72.000 87.000 31.000
-1.801 3.156 78.068 75.000 91.000 26.000
-4.067 1.795 78.541 106.000 111.000 63.000
-4.067 2.249 78.540 127.000 133.000 73.000
-4.067 2.703 78.540 132.000 140.000 68.000
-4.067 3.156 78.539 129.000 139.000 63.000
-3.613 1.341 78.538 101.000 104.000 57.000
-3.613 1.795 78.537 135.000 141.000 66.000
-3.613 2.249 78.537 139.000 148.000 63.000
-3.613 2.703 78.536 140.000 149.000 55.000
-3.613 3.156 78.536 135.000 147.000 51.000
-3.613 3.610 78.535 126.000 138.000 58.000
-3.613 4.064 78.535 93.000 99.000 55.000
-3.159 0.887 78.535 112.000 117.000 64.000
-3.159 1.341 78.534 136.000 144.000 63.000
-3.159 1.795 78.534 149.000 157.000 60.000
-3.159 2.249 78.533 153.000 162.000 60.000
-3.159 2.703 78.533 152.000 162.000 56.000
-3.159 3.156 78.532 144.000 156.000 49.000
-3.159 3.610 78.532 138.000 149.000 59.000
-3.159 4.064 78.531 131.000 141.000 69.000
-2.705 1.795 78.530 160.000 168.000 55.000
-2.705 2.249 78.530 162.000 171.000 59.000
-2.705 2.703 78.529 157.000 168.000 57.000
-2.705 3.156 78.529 149.000 161.000 52.000
-2.705 3.610 78.528 129.000 143.000 52.000
-2.705 4.064 78.528 103.000 117.000 46.000
-2.251 2.703 78.526 158.000 169.000 63.000
-2.251 3.156 78.525 128.000 142.000 46.000
-2.251 3.610 78.525 90.000 105.000 35.000
-2.251 4.064 78.524 76.000 91.000 33.000
-4.063 1.796 78.995 122.000 128.000 70.000
-4.063 2.249 78.994 133.000 139.000 74.000
-4.063 2.703 78.994 136.000 145.000 69.000
-4.063 3.157 78.993 123.000 134.000 59.000
-3.609 1.342 78.992 130.000 135.000 70.000
-3.609 1.796 78.991 145.000 152.000 72.000
-3.609 2.249 78.991 148.000 156.000 68.000
-3.609 2.703 78.990 147.000 157.000 61.000
-3.609 3.157 78.990 141.000 153.000 56.000
-3.609 3.611 78.989 121.000 133.000 55.000
-3.155 0.888 78.989 125.000 132.000 66.000
-3.155 1.342 78.988 136.000 145.000 57.000
-3.155 1.796 78.988 154.000 161.000 63.000
-3.155 2.249 78.987 155.000 164.000 62.000
-3.155 2.703 78.987 156.000 165.000 59.000
-3.155 3.157 78.986 153.000 163.000 57.000
-3.155 3.611 78.986 131.000 143.000 55.000
-3.155 4.065 78.985 123.000 135.000 63.000
-2.702 1.796 78.984 170.000 178.000 62.000
-2.702 2.249 78.984 166.000 175.000 66.000
-2.702 2.703 78.983 162.000 172.000 62.000
-2.702 3.157 78.983 151.000 164.000 56.000
-2.702 3.611 78.982 128.000 142.000 52.000
-2.702 4.065 78.982 95.000 109.000 43.000
-2.248 2.703 78.980 168.000 177.000 71.000
-2.248 3.157 78.979 142.000 155.000 58.000
-2.248 3.611 78.979 96.000 111.000 40.000
-2.248 4.065 78.978 71.000 85.000 31.000
-4.060 1.796 79.448 122.000 129.000 67.000
-4.060 2.250 79.448 137.000 144.000 73.000
-4.060 2.704 79.447 138.000 147.000 70.000
-4.060 3.157 79.447 130.000 140.000 65.000
-4.060 3.611 79.446 84.000 93.000 48.000
-3.606 1.342 79.445 137.000 144.000 70.000
-3.606 1.796 79.445 151.000 157.000 74.000
-3.606 2.250 79.444 151.000 158.000 69.000
-3.606 2.704 79.444 151.000 160.000 64.000
-3.606 3.157 79.443 142.000 153.000 57.000
-3.606 3.611 79.443 130.000 141.000 63.000
-3.152 0.888 79.443 127.000 136.000 63.000
-3.152 1.342 79.442 145.000 154.000 64.000
-3.152 1.796 79.441 156.000 164.000 63.000
-3.152 2.250 79.441 160.000 170.000 64.000
-3.152 2.704 79.440 161.000 171.000 61.000
-3.152 3.157 79.440 154.000 165.000 58.000
-3.152 3.611 79.439 130.000 142.000 54.000
-3.152 4.065 79.439 113.000 125.000 56.000
-2.698 1.796 79.438 171.000 180.000 66.000
-2.698 2.250 79.438 171.000 180.000 67.000
-2.698 2.704 79.437 168.000 178.000 66.000
-2.698 3.157 79.436 159.000 170.000 62.000
-2.698 3.611 79.436 126.000 140.000 52.000
-2.244 2.704 79.434 171.000 181.000 77.000
-2.244 3.157 79.433 143.000 157.000 60.000
-4.056 1.797 79.902 128.000 133.000 73.000
-4.056 2.250 79.902 141.000 150.000 76.000
-4.056 2.704 79.901 139.000 148.000 72.000
-4.056 3.158 79.901 126.000 135.000 66.000
-3.602 1.343 79.899 145.000 152.000 71.000
-3.602 1.797 79.899 167.000 173.000 78.000
-3.602 2.250 79.898 159.000 166.000 75.000
-3.602 2.704 79.898 155.000 164.000 72.000
-3.602 3.158 79.897 148.000 158.000 67.000
-3.602 3.612 79.897 124.000 135.000 62.000
-3.149 0.889 79.896 134.000 143.000 64.000
-3.149 1.343 79.896 154.000 161.000 67.000
-3.149 1.797 79.895 167.000 175.000 74.000
-3.149 2.250 79.895 164.000 172.000 69.000
-3.149 2.704 79.894 156.000 166.000 61.000
-3.149 3.158 79.894 148.000 159.000 56.000
-2.695 1.797 79.892 178.000 186.000 76.000
-2.695 2.250 79.891 175.000 183.000 72.000
-2.695 2.704 79.891 172.000 181.000 73.000
-2.241 2.704 79.887 185.000 195.000 94.000
-4.053 1.797 80.356 138.000 141.000 83.000
-4.053 2.251 80.355 155.000 160.000 87.000
-4.053 2.705 80.355 139.000 145.000 77.000
-4.053 3.159 80.354 128.000 136.000 73.000
-4.053 3.612 80.354 78.000 86.000 48.000
-3.599 1.343 80.353 148.000 153.000 71.000
-3.599 1.797 80.353 166.000 172.000 76.000
-3.599 2.251 80.352 161.000 168.000 74.000
-3.599 2.705 80.352 149.000 158.000 69.000
-3.145 0.889 80.350 124.000 132.000 55.000
-3.145 1.343 80.350 149.000 158.000 59.000
-3.145 1.797 80.349 167.000 176.000 68.000
-3.145 2.251 80.349 162.000 171.000 65.000
-2.691 1.797 80.346 182.000 190.000 72.000
-2.691 2.251 80.345 182.000 190.000 76.000
-4.049 1.798 80.810 93.000 98.000 53.000
-4.049 2.251 80.809 122.000 127.000 74.000
-4.049 2.705 80.809 126.000 133.000 74.000
-3.595 1.344 80.807 140.000 147.000 66.000
-3.595 1.798 80.806 160.000 169.000 74.000
-3.142 0.436 80.804 77.000 86.000 42.000
-3.142 0.890 80.804 130.000 140.000 60.000
-3.142 1.344 80.803 155.000 163.000 62.000
-3.142 1.798 80.803 171.000 179.000 66.000
-2.688 1.798 80.799 192.000 200.000 78.000
-3.592 1.344 81.261 120.000 127.000 62.000
-3.138 0.890 81.258 135.000 144.000 70.000
-3.138 1.344 81.257 158.000 165.000 73.000
-2.684 1.344 81.254 169.000 177.000 73.000
-3.135 0.891 81.711 123.000 131.000 74.000
-2.681 1.345 81.708 155.000 163.000 81.000
-1.811 0.885 76.709 89.000 95.000 48.000
-2.262 0.886 77.167 120.000 127.000 70.000
-2.262 1.340 77.166 128.000 137.000 61.000
-1.808 0.886 77.163 129.000 137.000 74.000
-1.808 1.340 77.163 144.000 152.000 73.000
-1.808 1.793 77.162 150.000 158.000 71.000
-1.354 0.886 77.160 109.000 116.000 59.000
-1.354 1.340 77.159 149.000 156.000 75.000
-1.354 1.793 77.159 160.000 167.000 78.000
-1.354 2.247 77.158 124.000 136.000 57.000
-1.354 2.701 77.158 78.000 91.000 32.000
-2.712 0.886 77.624 121.000 126.000 74.000
-2.258 0.886 77.620 130.000 138.000 72.000
-2.258 1.340 77.620 141.000 151.000 66.000
-1.804 0.433 77.617 76.000 80.000 48.000
-1.804 0.886 77.617 140.000 148.000 76.000
-1.804 1.340 77.616 156.000 164.000 72.000
-1.804 1.794 77.616 169.000 176.000 75.000
-1.804 2.248 77.615 161.000 170.000 71.000
-1.351 0.886 77.613 141.000 149.000 75.000
-1.351 1.340 77.613 164.000 171.000 77.000
-1.351 1.794 77.612 171.000 177.000 78.000
-1.351 2.248 77.612 154.000 162.000 74.000
-1.351 2.702 77.611 102.000 116.000 43.000
-1.351 3.155 77.611 69.000 84.000 27.000
-2.709 0.433 78.078 77.000 81.000 53.000
-2.709 0.887 78.078 130.000 137.000 71.000
-2.255 0.433 78.075 116.000 121.000 73.000
-2.255 0.887 78.074 144.000 150.000 73.000
-2.255 1.341 78.074 153.000 162.000 65.000
-2.255 1.795 78.073 157.000 168.000 58.000
-1.801 0.433 78.071 116.000 123.000 69.000
-1.801 0.887 78.071 148.000 156.000 75.000
-1.801 1.341 78.070 171.000 179.000 72.000
-1.801 1.795 78.070 170.000 179.000 65.000
-1.801 2.248 78.069 161.000 171.000 68.000
-1.801 2.702 78.069 131.000 144.000 52.000
-1.347 0.433 78.068 96.000 104.000 52.000
-1.347 0.887 78.067 152.000 161.000 80.000
-1.347 1.341 78.067 175.000 183.000 82.000
-1.347 1.795 78.066 172.000 179.000 78.000
-1.347 2.248 78.066 160.000 168.000 77.000
-1.347 2.702 78.065 98.000 112.000 42.000
-0.893 0.887 78.064 88.000 90.000 45.000
-0.893 1.341 78.063 109.000 111.000 60.000
-2.705 0.434 78.532 104.000 109.000 65.000
-2.705 0.887 78.531 139.000 147.000 68.000
-2.705 1.341 78.531 154.000 161.000 62.000
-2.251 0.434 78.529 130.000 138.000 72.000
-2.251 0.887 78.528 153.000 159.000 69.000
-2.251 1.341 78.527 162.000 171.000 62.000
-2.251 1.795 78.527 169.000 179.000 58.000
-2.251 2.249 78.526 171.000 180.000 67.000
-1.798 0.434 78.525 135.000 143.000 72.000
-1.798 0.887 78.525 156.000 165.000 74.000
-1.798 1.341 78.524 181.000 189.000 75.000
-1.798 1.795 78.524 183.000 192.000 68.000
-1.798 2.249 78.523 177.000 186.000 74.000
-1.798 2.703 78.522 149.000 160.000 63.000
-1.798 3.156 78.522 78.000 95.000 28.000
-1.344 0.434 78.522 136.000 146.000 71.000
-1.344 0.887 78.521 177.000 185.000 91.000
-1.344 1.341 78.521 197.000 205.000 96.000
-1.344 1.795 78.520 188.000 196.000 86.000
-1.344 2.249 78.520 166.000 175.000 79.000
-1.344 2.703 78.519 72.000 83.000 30.000
-0.890 0.887 78.518 158.000 163.000 87.000
-0.890 1.341 78.517 161.000 165.000 90.000
-0.890 1.795 78.517 101.000 102.000 55.000
-2.702 0.434 78.986 123.000 130.000 69.000
-2.702 0.888 78.985 141.000 150.000 65.000
-2.702 1.342 78.985 156.000 164.000 61.000
-2.248 0.434 78.982 143.000 150.000 77.000
-2.248 0.888 78.982 157.000 165.000 71.000
-2.248 1.342 78.981 168.000 177.000 68.000
-2.248 1.796 78.981 188.000 195.000 71.000
-2.248 2.249 78.980 179.000 186.000 75.000
-1.794 -0.020 78.979 105.000 110.000 71.000
-1.794 0.434 78.979 152.000 159.000 81.000
-1.794 0.888 78.978 169.000 177.000 80.000
-1.794 1.342 78.978 198.000 206.000 91.000
-1.794 1.796 78.977 196.000 205.000 85.000
-1.794 2.249 78.977 184.000 193.000 85.000
-1.794 2.703 78.976 166.000 177.000 78.000
-1.794 3.157 78.976 98.000 113.000 39.000
-1.794 3.611 78.975 73.000 89.000 31.000
-1.340 0.434 78.975 156.000 165.000 84.000
-1.340 0.888 78.975 187.000 196.000 99.000
-1.340 1.342 78.974 203.000 211.000 108.000
-1.340 1.796 78.974 197.000 206.000 97.000
-1.340 2.249 78.973 179.000 189.000 93.000
-0.886 0.434 78.972 106.000 109.000 57.000
-0.886 0.888 78.971 176.000 181.000 109.000
-0.886 1.342 78.971 179.000 184.000 106.000
-0.886 1.796 78.970 97.000 98.000 50.000
-2.698 0.435 79.440 125.000 133.000 64.000
-2.698 0.888 79.439 147.000 156.000 66.000
-2.698 1.342 79.439 157.000 165.000 61.000
-2.244 0.435 79.436 150.000 157.000 76.000
-2.244 0.888 79.436 162.000 170.000 72.000
-2.244 1.342 79.435 171.000 180.000 70.000
-2.244 1.796 79.435 183.000 192.000 74.000
-2.244 2.250 79.434 175.000 184.000 76.000
-1.791 0.435 79.433 164.000 171.000 83.000
-1.791 0.888 79.432 182.000 190.000 87.000
-1.791 1.342 79.432 193.000 202.000 92.000
-1.791 1.796 79.431 190.000 201.000 87.000
-1.791 2.250 79.431 180.000 191.000 86.000
-1.791 2.704 79.430 158.000 172.000 74.000
-1.791 3.157 79.430 94.000 110.000 39.000
-1.337 0.435 79.429 177.000 186.000 99.000
-1.337 0.888 79.429 201.000 209.000 110.000
-1.337 1.342 79.428 212.000 219.000 119.000
-1.337 1.796 79.428 192.000 200.000 97.000
-1.337 2.250 79.427 157.000 164.000 79.000
-0.883 0.435 79.426 153.000 155.000 96.000
-0.883 0.888 79.425 160.000 161.000 100.000
-0.883 1.342 79.425 93.000 92.000 60.000
-2.695 0.435 79.893 136.000 145.000 67.000
-2.695 0.889 79.893 154.000 162.000 69.000
-2.695 1.343 79.892 167.000 175.000 69.000
-2.241 0.435 79.890 157.000 164.000 76.000
-2.241 0.889 79.889 170.000 179.000 76.000
-2.241 1.343 79.889 190.000 199.000 85.000
-2.241 1.797 79.888 189.000 199.000 85.000
-2.241 2.250 79.888 189.000 199.000 93.000
-1.787 -0.019 79.887 103.000 111.000 58.000
-1.787 0.435 79.886 164.000 172.000 80.000
-1.787 0.889 79.886 199.000 206.000 101.000
-1.787 1.343 79.885 219.000 225.000 119.000
-1.787 1.797 79.885 200.000 210.000 98.000
-1.787 2.250 79.884 191.000 203.000 102.000
-1.787 2.704 79.884 165.000 178.000 80.000
-1.333 -0.019 79.883 95.000 100.000 58.000
-1.333 0.435 79.883 194.000 202.000 111.000
-1.333 0.889 79.882 205.000 213.000 117.000
-1.333 1.343 79.882 222.000 227.000 134.000
-1.333 1.797 79.881 193.000 195.000 126.000
-1.333 2.250 79.881 123.000 124.000 84.000
-0.880 0.435 79.880 166.000 169.000 113.000
-0.880 0.889 79.879 173.000 174.000 112.000
-0.880 1.343 79.878 89.000 87.000 55.000
-2.691 0.436 80.347 145.000 154.000 76.000
-2.691 0.889 80.347 158.000 166.000 72.000
-2.691 1.343 80.346 164.000 173.000 63.000
-2.237 -0.018 80.344 92.000 99.000 53.000
-2.237 0.436 80.344 178.000 184.000 94.000
-2.237 0.889 80.343 190.000 196.000 90.000
-2.237 1.343 80.343 190.000 199.000 84.000
-2.237 1.797 80.342 196.000 205.000 87.000
-2.237 2.251 80.342 196.000 205.000 101.000
-1.784 -0.018 80.341 106.000 114.000 57.000
-1.784 0.436 80.340 183.000 191.000 99.000
-1.784 0.889 80.340 203.000 211.000 109.000
-1.784 1.343 80.339 216.000 222.000 116.000
-1.784 1.797 80.339 203.000 212.000 100.000
-1.784 2.251 80.338 198.000 208.000 111.000
-1.330 -0.018 80.337 80.000 82.000 47.000
-1.330 0.436 80.337 204.000 211.000 121.000
-1.330 0.889 80.336 217.000 223.000 129.000
-1.330 1.343 80.336 226.000 229.000 137.000
-1.330 1.797 80.335 135.000 134.000 85.000
-2.688 0.436 80.801 149.000 157.000 81.000
-2.688 0.890 80.800 159.000 168.000 73.000
-2.688 1.344 80.800 165.000 176.000 65.000
-2.234 -0.018 80.798 90.000 97.000 54.000
-2.234 0.436 80.797 184.000 190.000 104.000
-2.234 0.890 80.797 193.000 201.000 96.000
-2.234 1.344 80.796 199.000 208.000 91.000
-2.234 1.798 80.796 202.000 209.000 93.000
-1.780 0.436 80.794 200.000 207.000 117.000
-1.780 0.890 80.794 209.000 216.000 117.000
-1.780 1.344 80.793 216.000 221.000 114.000
-1.780 1.798 80.792 211.000 215.000 104.000
-1.780 2.251 80.792 178.000 187.000 93.000
-1.326 0.436 80.791 188.000 191.000 126.000
-1.326 0.890 80.790 219.000 223.000 141.000
-1.326 1.344 80.790 186.000 187.000 112.000
-2.684 0.437 81.255 128.000 137.000 71.000
-2.684 0.890 81.254 157.000 166.000 78.000
-2.231 0.437 81.251 163.000 171.000 92.000
-2.231 0.890 81.251 184.000 191.000 96.000
-2.231 1.344 81.250 192.000 202.000 97.000
-2.231 1.798 81.250 180.000 192.000 86.000
-1.777 0.437 81.248 190.000 199.000 115.000
-1.777 0.890 81.247 209.000 216.000 126.000
-1.777 1.344 81.247 196.000 201.000 108.000
-1.777 1.798 81.246 108.000 113.000 50.000
-1.323 0.890 81.244 103.000 104.000 74.000
-2.681 0.437 81.709 78.000 84.000 46.000
-2.681 0.891 81.708 145.000 154.000 81.000
-2.227 0.437 81.705 93.000 99.000 54.000
-2.227 0.891 81.705 146.000 155.000 79.000
-2.227 1.345 81.704 138.000 149.000 70.000
-1.773 0.891 81.701 89.000 93.000 51.000
