-2.767 4.962 70.358 98.000 115.000 35.000
-2.314 4.962 70.355 81.000 94.000 36.000
-2.314 5.416 70.354 115.000 124.000 58.000
-1.860 4.962 70.352 76.000 88.000 38.000
-3.672 4.055 70.820 79.000 92.000 32.000
-3.218 3.602 70.817 87.000 98.000 40.000
-3.218 4.509 70.816 74.000 88.000 22.000
-3.218 4.963 70.816 83.000 99.000 23.000
-2.764 3.148 70.814 71.000 82.000 32.000
-2.764 3.602 70.814 77.000 89.000 33.000
-2.764 4.509 70.813 70.000 85.000 23.000
-2.764 4.963 70.812 93.000 110.000 28.000
-2.764 5.417 70.812 125.000 143.000 40.000
-2.310 4.963 70.809 91.000 107.000 32.000
-2.310 5.417 70.808 112.000 130.000 39.000
-2.310 5.871 70.808 68.000 85.000 17.000
-1.856 4.963 70.805 67.000 80.000 26.000
-3.668 3.602 71.275 71.000 82.000 32.000
-3.668 4.056 71.274 93.000 105.000 40.000
-3.668 4.510 71.273 107.000 121.000 43.000
-3.214 3.148 71.272 81.000 88.000 44.000
-3.214 3.602 71.271 93.000 104.000 42.000
-3.214 4.056 71.271 83.000 97.000 30.000
-3.214 4.510 71.270 95.000 109.000 33.000
-3.214 4.964 71.270 98.000 113.000 31.000
-3.214 5.417 71.269 107.000 124.000 30.000
-2.760 3.148 71.268 107.000 119.000 51.000
-2.760 3.602 71.268 82.000 95.000 33.000
-2.760 4.056 71.267 76.000 90.000 26.000
-2.760 4.510 71.267 79.000 94.000 25.000
-2.760 4.964 71.266 91.000 108.000 27.000
-2.760 5.417 71.266 91.000 110.000 23.000
-2.760 5.871 71.265 85.000 103.000 21.000
-2.307 4.964 71.263 81.000 97.000 25.000
-2.307 5.417 71.262 87.000 103.000 24.000
-2.307 5.871 71.262 75.000 93.000 16.000
-4.118 3.603 71.732 75.000 84.000 41.000
-4.118 4.056 71.731 82.000 94.000 37.000
-4.118 4.510 71.731 80.000 92.000 33.000
-3.665 2.695 71.729 84.000 90.000 55.000
-3.665 3.149 71.729 112.000 122.000 58.000
-3.665 3.603 71.728 104.000 116.000 46.000
-3.665 4.056 71.728 102.000 115.000 39.000
-3.665 4.510 71.727 92.000 107.000 31.000
-3.665 4.964 71.727 92.000 107.000 27.000
-3.665 5.418 71.726 88.000 105.000 25.000
-3.211 2.695 71.726 121.000 129.000 74.000
-3.211 3.149 71.725 121.000 133.000 59.000
-3.211 3.603 71.725 102.000 114.000 40.000
-3.211 4.056 71.724 101.000 114.000 35.000
-3.211 4.510 71.724 103.000 119.000 32.000
-3.211 4.964 71.723 106.000 122.000 32.000
-3.211 5.418 71.723 91.000 109.000 24.000
-3.211 5.872 71.722 86.000 103.000 24.000
-2.757 2.695 71.722 102.000 110.000 62.000
-2.757 3.149 71.722 111.000 123.000 54.000
-2.757 3.603 71.721 77.000 90.000 28.000
-2.757 4.056 71.721 87.000 101.000 29.000
-2.757 4.510 71.720 93.000 108.000 29.000
-2.757 4.964 71.720 102.000 119.000 31.000
-2.757 5.418 71.719 95.000 113.000 25.000
-2.757 5.872 71.719 72.000 89.000 17.000
-2.757 6.325 71.718 65.000 82.000 16.000
-2.303 4.510 71.717 66.000 80.000 22.000
-2.303 4.964 71.716 82.000 97.000 27.000
-2.303 5.418 71.716 79.000 93.000 23.000
-4.115 3.149 72.186 93.000 102.000 54.000
-4.115 3.603 72.186 109.000 120.000 59.000
-4.115 4.057 72.185 109.000 121.000 51.000
-4.115 4.511 72.185 89.000 102.000 36.000
-4.115 4.965 72.184 79.000 93.000 29.000
-4.115 5.418 72.184 74.000 88.000 28.000
-3.661 2.695 72.183 123.000 133.000 68.000
-3.661 3.149 72.183 116.000 128.000 53.000
-3.661 3.603 72.182 116.000 130.000 45.000
-3.661 4.057 72.182 124.000 138.000 44.000
-3.661 4.511 72.181 105.000 120.000 31.000
-3.661 4.965 72.181 94.000 111.000 28.000
-3.661 5.418 72.180 86.000 103.000 25.000
-3.661 5.872 72.180 70.000 86.000 23.000
-3.207 2.242 72.180 128.000 134.000 88.000
-3.207 2.695 72.180 128.000 138.000 69.000
-3.207 3.149 72.179 125.000 138.000 54.000
-3.207 3.603 72.179 114.000 127.000 39.000
-3.207 4.057 72.178 121.000 135.000 37.000
-3.207 4.511 72.178 125.000 140.000 36.000
-3.207 4.965 72.177 124.000 140.000 37.000
-3.207 5.418 72.177 105.000 123.000 30.000
-3.207 5.872 72.176 70.000 88.000 20.000
-2.754 2.695 72.176 114.000 122.000 70.000
-2.754 3.149 72.176 103.000 115.000 47.000
-2.754 3.603 72.175 76.000 90.000 26.000
-2.754 4.057 72.175 88.000 101.000 27.000
-2.754 4.511 72.174 111.000 122.000 34.000
-2.754 4.965 72.174 112.000 128.000 35.000
-2.754 5.418 72.173 110.000 129.000 33.000
-2.300 4.511 72.171 69.000 82.000 27.000
-2.300 4.965 72.170 79.000 93.000 30.000
-4.565 4.057 72.642 79.000 86.000 51.000
-4.565 4.511 72.642 83.000 91.000 52.000
-4.111 2.696 72.640 87.000 94.000 52.000
-4.111 3.150 72.640 106.000 116.000 55.000
-4.111 3.604 72.639 112.000 123.000 53.000
-4.111 4.057 72.639 125.000 137.000 56.000
-4.111 4.511 72.638 122.000 135.000 53.000
-4.111 4.965 72.638 103.000 116.000 44.000
-4.111 5.419 72.637 70.000 82.000 31.000
-3.658 2.242 72.637 127.000 132.000 85.000
-3.658 2.696 72.637 125.000 135.000 63.000
-3.658 3.150 72.636 122.000 135.000 50.000
-3.658 3.604 72.636 126.000 139.000 45.000
-3.658 4.057 72.635 135.000 149.000 44.000
-3.658 4.511 72.635 128.000 143.000 38.000
-3.658 4.965 72.634 122.000 138.000 40.000
-3.658 5.419 72.634 113.000 128.000 40.000
-3.658 5.873 72.633 70.000 84.000 27.000
-3.204 1.788 72.635 97.000 96.000 69.000
-3.204 2.242 72.634 138.000 145.000 83.000
-3.204 2.696 72.633 134.000 144.000 68.000
-3.204 3.150 72.633 129.000 142.000 52.000
-3.204 3.604 72.632 128.000 143.000 41.000
-3.204 4.057 72.632 134.000 148.000 37.000
-3.204 4.511 72.631 136.000 151.000 37.000
-3.204 4.965 72.631 130.000 145.000 39.000
-3.204 5.419 72.630 128.000 143.000 44.000
-3.204 5.873 72.630 92.000 108.000 36.000
-2.750 2.242 72.631 98.000 105.000 67.000
-2.750 2.696 72.630 112.000 121.000 67.000
-2.750 3.150 72.630 99.000 110.000 46.000
-2.750 3.604 72.629 93.000 106.000 32.000
-2.750 4.057 72.628 106.000 121.000 32.000
-2.750 4.511 72.628 115.000 129.000 35.000
-2.750 4.965 72.627 130.000 144.000 48.000
-2.750 5.419 72.627 138.000 153.000 59.000
-2.750 5.873 72.626 70.000 81.000 30.000
-2.296 4.511 72.625 69.000 81.000 28.000
-2.296 4.965 72.624 71.000 81.000 33.000
-2.296 5.419 72.623 76.000 82.000 40.000
-4.562 3.604 73.097 88.000 96.000 51.000
-4.562 4.058 73.096 113.000 122.000 62.000
-4.562 4.512 73.096 115.000 124.000 63.000
-4.562 4.966 73.095 95.000 104.000 52.000
-4.108 2.697 73.094 105.000 113.000 59.000
-4.108 3.150 73.094 112.000 122.000 55.000
-4.108 3.604 73.093 113.000 124.000 50.000
-4.108 4.058 73.093 131.000 143.000 57.000
-4.108 4.512 73.092 133.000 146.000 56.000
-4.108 4.966 73.092 122.000 135.000 51.000
-4.108 5.419 73.091 106.000 119.000 46.000
-3.654 2.243 73.091 136.000 144.000 82.000
-3.654 2.697 73.091 129.000 140.000 64.000
-3.654 3.150 73.090 127.000 139.000 52.000
-3.654 3.604 73.090 132.000 145.000 49.000
-3.654 4.058 73.089 133.000 147.000 42.000
-3.654 4.512 73.089 135.000 150.000 43.000
-3.654 4.966 73.088 134.000 148.000 48.000
-3.654 5.419 73.088 125.000 140.000 46.000
-3.654 5.873 73.087 105.000 119.000 45.000
-3.200 1.789 73.088 132.000 138.000 85.000
-3.200 2.243 73.088 132.000 141.000 75.000
-3.200 2.696 73.087 127.000 139.000 59.000
-3.200 3.150 73.087 128.000 142.000 50.000
-3.200 3.604 73.086 129.000 144.000 43.000
-3.200 4.058 73.086 133.000 147.000 38.000
-3.200 4.512 73.085 127.000 144.000 34.000
-3.200 4.966 73.085 133.000 149.000 41.000
-3.200 5.419 73.084 133.000 148.000 47.000
-3.200 5.873 73.084 110.000 125.000 44.000
-2.747 1.789 73.085 82.000 89.000 54.000
-2.747 2.243 73.084 91.000 100.000 55.000
-2.747 2.696 73.084 104.000 115.000 59.000
-2.747 3.150 73.083 97.000 107.000 45.000
-2.747 3.604 73.083 90.000 103.000 32.000
-2.747 4.058 73.082 103.000 118.000 32.000
-2.747 4.512 73.082 97.000 112.000 27.000
-2.747 4.966 73.081 113.000 130.000 37.000
-2.747 5.419 73.081 134.000 147.000 57.000
-2.747 5.873 73.080 73.000 85.000 31.000
-5.012 4.058 73.553 80.000 86.000 45.000
-5.012 4.512 73.553 93.000 100.000 51.000
-4.558 3.151 73.551 92.000 99.000 51.000
-4.558 3.605 73.550 100.000 108.000 49.000
-4.558 4.058 73.550 126.000 136.000 63.000
-4.558 4.512 73.549 127.000 138.000 60.000
-4.558 4.966 73.549 112.000 123.000 54.000
-4.558 5.420 73.548 77.000 86.000 39.000
-4.105 2.697 73.548 123.000 132.000 66.000
-4.105 3.151 73.547 120.000 130.000 56.000
-4.105 3.605 73.547 120.000 132.000 48.000
-4.105 4.058 73.546 135.000 146.000 55.000
-4.105 4.512 73.546 134.000 146.000 54.000
-4.105 4.966 73.545 129.000 142.000 53.000
-4.105 5.420 73.545 120.000 133.000 51.000
-4.105 5.874 73.544 86.000 97.000 41.000
-3.651 2.243 73.545 132.000 141.000 77.000
-3.651 2.697 73.545 133.000 143.000 61.000
-3.651 3.151 73.544 130.000 141.000 49.000
-3.651 3.605 73.544 132.000 145.000 47.000
-3.651 4.058 73.543 137.000 151.000 44.000
-3.651 4.512 73.542 141.000 155.000 47.000
-3.651 4.966 73.542 131.000 146.000 45.000
-3.651 5.420 73.541 118.000 134.000 40.000
-3.651 5.874 73.541 104.000 118.000 44.000
-3.651 6.328 73.540 81.000 92.000 47.000
-3.197 1.789 73.542 124.000 132.000 75.000
-3.197 2.243 73.542 128.000 138.000 71.000
-3.197 2.697 73.541 125.000 137.000 56.000
-3.197 3.151 73.541 124.000 136.000 46.000
-3.197 3.605 73.540 119.000 134.000 39.000
-3.197 4.058 73.540 104.000 121.000 27.000
-3.197 4.512 73.539 118.000 134.000 31.000
-3.197 4.966 73.539 135.000 150.000 44.000
-3.197 5.420 73.538 134.000 149.000 48.000
-3.197 5.874 73.537 93.000 107.000 34.000
-2.743 3.151 73.537 80.000 94.000 35.000
-2.743 3.605 73.537 79.000 92.000 28.000
-2.743 4.058 73.536 75.000 89.000 23.000
-2.743 4.512 73.536 92.000 108.000 28.000
-2.743 4.966 73.535 106.000 122.000 36.000
-2.743 5.420 73.535 93.000 109.000 32.000
-5.009 4.059 74.007 99.000 107.000 53.000
-5.009 4.513 74.007 114.000 123.000 61.000
-5.009 4.967 74.006 86.000 92.000 49.000
-4.555 2.698 74.005 81.000 88.000 46.000
-4.555 3.151 74.005 108.000 118.000 55.000
-4.555 3.605 74.004 121.000 130.000 59.000
-4.555 4.059 74.004 138.000 148.000 65.000
-4.555 4.513 74.003 138.000 148.000 65.000
-4.555 4.967 74.003 129.000 140.000 63.000
-4.555 5.420 74.002 91.000 102.000 44.000
-4.101 2.244 74.002 127.000 136.000 74.000
-4.101 2.698 74.002 122.000 133.000 62.000
-4.101 3.151 74.001 121.000 132.000 53.000
-4.101 3.605 74.001 126.000 138.000 51.000
-4.101 4.059 74.000 145.000 156.000 59.000
-4.101 4.513 74.000 144.000 155.000 60.000
-4.101 4.967 73.999 139.000 151.000 59.000
-4.101 5.420 73.999 117.000 129.000 48.000
-4.101 5.874 73.998 103.000 116.000 52.000
-3.647 2.244 73.999 127.000 138.000 67.000
-3.647 2.698 73.998 122.000 134.000 54.000
-3.647 3.151 73.998 125.000 138.000 49.000
-3.647 3.605 73.997 137.000 150.000 52.000
-3.647 4.059 73.997 146.000 159.000 51.000
-3.647 4.513 73.996 146.000 159.000 49.000
-3.647 4.967 73.996 145.000 157.000 53.000
-3.647 5.420 73.995 137.000 150.000 52.000
-3.647 5.874 73.995 108.000 121.000 46.000
-3.194 1.790 73.996 76.000 82.000 42.000
-3.194 2.244 73.995 115.000 127.000 54.000
-3.194 2.698 73.995 116.000 129.000 49.000
-3.194 3.151 73.994 112.000 126.000 39.000
-3.194 3.605 73.994 89.000 103.000 24.000
-3.194 4.059 73.993 107.000 125.000 28.000
-3.194 4.513 73.993 132.000 148.000 39.000
-3.194 4.967 73.992 142.000 156.000 50.000
-3.194 5.420 73.992 145.000 157.000 56.000
-3.194 5.874 73.991 72.000 81.000 30.000
-2.740 2.698 73.991 74.000 84.000 37.000
-2.740 3.151 73.991 81.000 94.000 34.000
-2.740 3.605 73.990 67.000 81.000 21.000
-2.740 4.059 73.990 78.000 94.000 24.000
-2.740 4.513 73.989 104.000 121.000 34.000
-2.740 4.967 73.989 98.000 114.000 33.000
-2.286 4.513 73.986 66.000 80.000 28.000
-5.005 4.059 74.461 111.000 119.000 58.000
-5.005 4.513 74.460 131.000 140.000 71.000
-5.005 4.967 74.460 126.000 134.000 71.000
-4.551 2.698 74.459 97.000 105.000 56.000
-4.551 3.152 74.459 117.000 127.000 61.000
-4.551 3.606 74.458 126.000 137.000 61.000
-4.551 4.059 74.458 140.000 150.000 63.000
-4.551 4.513 74.457 143.000 153.000 66.000
-4.551 4.967 74.456 133.000 144.000 64.000
-4.551 5.421 74.456 111.000 123.000 54.000
-4.551 5.875 74.455 85.000 95.000 45.000
-4.098 2.244 74.456 125.000 133.000 77.000
-4.098 2.698 74.456 126.000 135.000 67.000
-4.098 3.152 74.455 122.000 133.000 57.000
-4.098 3.606 74.455 127.000 140.000 51.000
-4.098 4.059 74.454 143.000 155.000 55.000
-4.098 4.513 74.454 148.000 160.000 59.000
-4.098 4.967 74.453 143.000 155.000 60.000
-4.098 5.421 74.453 123.000 136.000 52.000
-4.098 5.875 74.452 114.000 125.000 58.000
-3.644 1.790 74.453 113.000 119.000 78.000
-3.644 2.244 74.453 122.000 132.000 63.000
-3.644 2.698 74.452 118.000 130.000 51.000
-3.644 3.152 74.452 124.000 138.000 47.000
-3.644 3.606 74.451 136.000 150.000 47.000
-3.644 4.059 74.451 151.000 163.000 50.000
-3.644 4.513 74.450 152.000 165.000 52.000
-3.644 4.967 74.450 148.000 161.000 54.000
-3.644 5.421 74.449 145.000 157.000 59.000
-3.644 5.875 74.449 113.000 125.000 51.000
-3.190 1.790 74.450 101.000 111.000 55.000
-3.190 2.244 74.449 105.000 116.000 50.000
-3.190 2.698 74.449 103.000 116.000 41.000
-3.190 3.152 74.448 97.000 112.000 30.000
-3.190 3.606 74.448 90.000 106.000 23.000
-3.190 4.059 74.447 90.000 108.000 21.000
-3.190 4.513 74.447 143.000 158.000 43.000
-3.190 4.967 74.446 154.000 166.000 58.000
-3.190 5.421 74.446 144.000 157.000 59.000
-3.190 5.875 74.445 92.000 101.000 41.000
-2.736 4.513 74.443 85.000 102.000 24.000
-2.736 4.967 74.443 97.000 111.000 36.000
-5.456 4.514 74.918 88.000 94.000 56.000
-5.002 4.060 74.915 111.000 120.000 63.000
-5.002 4.514 74.914 141.000 150.000 77.000
-5.002 4.968 74.914 134.000 143.000 76.000
-5.002 5.421 74.913 79.000 85.000 43.000
-4.548 2.699 74.913 106.000 114.000 61.000
-4.548 3.152 74.912 113.000 123.000 57.000
-4.548 3.606 74.912 125.000 136.000 59.000
-4.548 4.060 74.911 143.000 153.000 68.000
-4.548 4.514 74.911 148.000 158.000 72.000
-4.548 4.968 74.910 142.000 152.000 71.000
-4.548 5.421 74.910 123.000 135.000 62.000
-4.548 5.875 74.909 111.000 121.000 62.000
-4.094 2.245 74.910 130.000 140.000 76.000
-4.094 2.699 74.909 124.000 134.000 65.000
-4.094 3.152 74.909 119.000 132.000 55.000
-4.094 3.606 74.908 128.000 141.000 50.000
-4.094 4.060 74.908 147.000 159.000 58.000
-4.094 4.514 74.907 150.000 162.000 61.000
-4.094 4.968 74.907 147.000 157.000 63.000
-4.094 5.421 74.906 133.000 145.000 59.000
-4.094 5.875 74.906 122.000 133.000 64.000
-3.640 1.791 74.907 120.000 129.000 78.000
-3.640 2.245 74.906 113.000 124.000 57.000
-3.640 2.699 74.906 108.000 122.000 45.000
-3.640 3.152 74.905 102.000 118.000 34.000
-3.640 3.606 74.905 129.000 143.000 43.000
-3.640 4.060 74.904 151.000 164.000 49.000
-3.640 4.514 74.904 156.000 167.000 56.000
-3.640 4.968 74.903 151.000 162.000 59.000
-3.640 5.421 74.903 144.000 157.000 59.000
-3.640 5.875 74.902 135.000 144.000 69.000
-3.187 2.245 74.903 94.000 104.000 44.000
-3.187 2.699 74.902 95.000 108.000 36.000
-3.187 3.152 74.902 88.000 103.000 26.000
-3.187 3.606 74.901 81.000 95.000 19.000
-3.187 4.060 74.901 113.000 131.000 26.000
-3.187 4.514 74.900 148.000 163.000 46.000
-3.187 4.968 74.900 155.000 167.000 58.000
-3.187 5.421 74.899 146.000 158.000 63.000
-3.187 5.875 74.899 95.000 104.000 42.000
-2.733 4.514 74.897 86.000 103.000 24.000
-2.733 4.968 74.896 74.000 85.000 25.000
-5.452 4.514 75.372 92.000 97.000 61.000
-4.998 4.061 75.369 107.000 116.000 59.000
-4.998 4.514 75.368 141.000 149.000 80.000
-4.998 4.968 75.368 131.000 139.000 76.000
-4.998 5.422 75.367 95.000 101.000 57.000
-4.545 2.699 75.367 103.000 110.000 62.000
-4.545 3.153 75.366 108.000 116.000 58.000
-4.545 3.607 75.366 119.000 129.000 58.000
-4.545 4.061 75.365 144.000 154.000 66.000
-4.545 4.514 75.365 149.000 158.000 72.000
-4.545 4.968 75.364 141.000 152.000 72.000
-4.545 5.422 75.364 128.000 139.000 67.000
-4.545 5.876 75.363 107.000 117.000 61.000
-4.091 2.245 75.364 121.000 130.000 71.000
-4.091 2.699 75.363 121.000 132.000 63.000
-4.091 3.153 75.363 131.000 142.000 61.000
-4.091 3.607 75.362 131.000 143.000 53.000
-4.091 4.061 75.362 147.000 159.000 58.000
-4.091 4.514 75.361 156.000 166.000 67.000
-4.091 4.968 75.361 150.000 160.000 69.000
-4.091 5.422 75.360 143.000 153.000 72.000
-4.091 5.876 75.360 123.000 133.000 67.000
-3.637 1.791 75.361 96.000 104.000 64.000
-3.637 2.245 75.360 102.000 114.000 52.000
-3.637 2.699 75.360 112.000 125.000 47.000
-3.637 3.153 75.359 110.000 126.000 37.000
-3.637 3.607 75.359 133.000 148.000 45.000
-3.637 4.061 75.358 154.000 166.000 53.000
-3.637 4.514 75.358 165.000 177.000 62.000
-3.637 4.968 75.357 166.000 175.000 73.000
-3.637 5.422 75.357 160.000 170.000 77.000
-3.637 5.876 75.356 108.000 113.000 62.000
-3.183 2.245 75.357 84.000 96.000 37.000
-3.183 2.699 75.356 85.000 99.000 29.000
-3.183 3.153 75.356 81.000 96.000 21.000
-3.183 3.607 75.355 74.000 91.000 17.000
-3.183 4.060 75.355 132.000 149.000 39.000
-3.183 4.514 75.354 154.000 168.000 57.000
-3.183 4.968 75.354 158.000 169.000 70.000
-3.183 5.422 75.353 116.000 125.000 58.000
-2.729 4.514 75.351 80.000 96.000 23.000
-5.449 4.515 75.825 94.000 99.000 64.000
-5.449 4.969 75.825 84.000 88.000 59.000
-4.995 4.061 75.822 120.000 130.000 62.000
-4.995 4.515 75.822 141.000 149.000 78.000
-4.995 4.969 75.821 137.000 145.000 84.000
-4.995 5.422 75.821 115.000 121.000 72.000
-4.541 2.700 75.820 114.000 120.000 72.000
-4.541 3.153 75.820 130.000 138.000 71.000
-4.541 3.607 75.819 125.000 135.000 58.000
-4.541 4.061 75.819 144.000 155.000 63.000
-4.541 4.515 75.818 150.000 160.000 71.000
-4.541 4.969 75.818 144.000 154.000 73.000
-4.541 5.422 75.817 132.000 142.000 73.000
-4.541 5.876 75.817 112.000 122.000 68.000
-4.087 2.246 75.817 104.000 113.000 62.000
-4.087 2.700 75.817 122.000 133.000 62.000
-4.087 3.153 75.816 130.000 141.000 59.000
-4.087 3.607 75.816 131.000 143.000 53.000
-4.087 4.061 75.815 150.000 161.000 61.000
-4.087 4.515 75.815 160.000 170.000 69.000
-4.087 4.969 75.814 159.000 169.000 77.000
-4.087 5.422 75.814 150.000 160.000 81.000
-4.087 5.876 75.813 120.000 128.000 71.000
-3.633 1.792 75.815 76.000 84.000 54.000
-3.633 2.246 75.814 98.000 108.000 52.000
-3.633 2.700 75.814 109.000 122.000 44.000
-3.633 3.153 75.813 117.000 133.000 37.000
-3.633 3.607 75.813 134.000 148.000 44.000
-3.633 4.061 75.812 153.000 166.000 53.000
-3.633 4.515 75.811 174.000 183.000 70.000
-3.633 4.969 75.811 188.000 196.000 92.000
-3.633 5.422 75.810 173.000 181.000 98.000
-3.633 5.876 75.810 111.000 116.000 69.000
-3.180 3.153 75.810 86.000 103.000 20.000
-3.180 3.607 75.809 80.000 98.000 19.000
-3.180 4.061 75.809 126.000 144.000 39.000
-3.180 4.515 75.808 154.000 166.000 64.000
-3.180 4.969 75.808 143.000 151.000 75.000
-5.445 4.515 76.279 78.000 83.000 53.000
-4.991 3.608 76.277 100.000 109.000 56.000
-4.991 4.062 76.276 132.000 143.000 69.000
-4.991 4.515 76.276 143.000 152.000 80.000
-4.991 4.969 76.275 138.000 145.000 86.000
-4.991 5.423 76.275 105.000 111.000 67.000
-4.538 2.700 76.274 113.000 118.000 74.000
-4.538 3.154 76.274 134.000 142.000 76.000
-4.538 3.608 76.273 133.000 144.000 62.000
-4.538 4.062 76.273 143.000 155.000 62.000
-4.538 4.515 76.272 151.000 161.000 72.000
-4.538 4.969 76.272 145.000 155.000 75.000
-4.538 5.423 76.271 131.000 141.000 74.000
-4.538 5.877 76.271 104.000 110.000 67.000
-4.084 2.246 76.271 83.000 91.000 52.000
-4.084 2.700 76.271 106.000 117.000 54.000
-4.084 3.154 76.270 119.000 132.000 49.000
-4.084 3.608 76.270 133.000 146.000 54.000
-4.084 4.062 76.269 148.000 160.000 60.000
-4.084 4.515 76.269 163.000 173.000 71.000
-4.084 4.969 76.268 162.000 172.000 80.000
-4.084 5.423 76.268 151.000 161.000 84.000
-4.084 5.877 76.267 103.000 109.000 66.000
-3.630 2.246 76.268 84.000 96.000 44.000
-3.630 2.700 76.267 91.000 104.000 34.000
-3.630 3.154 76.267 103.000 119.000 30.000
-3.630 3.608 76.266 131.000 146.000 44.000
-3.630 4.062 76.266 158.000 171.000 59.000
-3.630 4.515 76.265 194.000 202.000 90.000
-3.630 4.969 76.265 198.000 206.000 107.000
-3.630 5.423 76.264 151.000 158.000 91.000
-3.176 4.515 76.262 101.000 106.000 45.000
-4.988 4.062 76.730 135.000 145.000 78.000
-4.988 4.516 76.729 143.000 152.000 84.000
-4.988 4.970 76.729 119.000 125.000 76.000
-4.988 5.423 76.728 90.000 95.000 58.000
-4.534 3.154 76.728 114.000 122.000 73.000
-4.534 3.608 76.727 139.000 148.000 80.000
-4.534 4.062 76.727 151.000 161.000 79.000
-4.534 4.516 76.726 157.000 167.000 84.000
-4.534 4.970 76.725 154.000 163.000 88.000
-4.534 5.423 76.725 142.000 150.000 88.000
-4.534 5.877 76.724 98.000 103.000 69.000
-4.080 2.247 76.725 74.000 81.000 49.000
-4.080 2.701 76.725 84.000 94.000 42.000
-4.080 3.154 76.724 107.000 119.000 47.000
-4.080 3.608 76.724 138.000 149.000 65.000
-4.080 4.062 76.723 157.000 167.000 76.000
-4.080 4.516 76.723 174.000 183.000 88.000
-4.080 4.970 76.722 178.000 186.000 100.000
-4.080 5.423 76.722 150.000 157.000 93.000
-4.080 5.877 76.721 83.000 87.000 55.000
-3.627 3.608 76.720 133.000 146.000 52.000
-3.627 4.062 76.720 158.000 168.000 69.000
-3.627 4.516 76.719 177.000 186.000 91.000
-3.627 4.970 76.719 82.000 86.000 50.000
-4.984 4.063 77.184 120.000 125.000 83.000
-4.984 4.516 77.183 159.000 166.000 102.000
-4.984 4.970 77.183 141.000 148.000 93.000
-4.531 4.063 77.180 164.000 171.000 111.000
-4.531 4.516 77.180 170.000 178.000 108.000
-4.531 4.970 77.179 160.000 168.000 101.000
-4.531 5.424 77.179 95.000 100.000 62.000
-4.077 3.155 77.178 86.000 98.000 41.000
-4.077 3.609 77.177 83.000 94.000 39.000
-4.077 4.063 77.177 138.000 146.000 80.000
-4.077 4.516 77.176 172.000 180.000 104.000
-4.077 4.970 77.176 154.000 162.000 96.000
-4.981 4.517 77.637 93.000 98.000 66.000
-4.981 4.971 77.637 113.000 119.000 82.000
-4.527 4.517 77.634 101.000 106.000 72.000
-4.527 4.971 77.633 160.000 165.000 116.000
