0.295 -3.156 114.819 111.000 123.000 54.000
0.748 -2.702 114.815 115.000 131.000 46.000
-0.156 -2.702 115.276 79.000 87.000 50.000
0.298 -3.155 115.273 85.000 95.000 45.000
0.298 -2.702 115.272 102.000 116.000 49.000
0.298 -2.248 115.272 142.000 153.000 76.000
0.752 -2.248 115.269 130.000 143.000 67.000
-0.152 -2.247 115.729 74.000 85.000 43.000
0.301 -2.701 115.726 105.000 118.000 53.000
0.301 -2.247 115.726 111.000 124.000 59.000
0.755 -1.793 115.722 155.000 164.000 98.000
0.243 -0.895 108.010 85.000 100.000 35.000
0.243 -0.441 108.009 85.000 100.000 36.000
0.243 0.013 108.009 71.000 82.000 34.000
-0.208 -0.440 108.466 95.000 109.000 40.000
0.246 -1.348 108.464 100.000 114.000 42.000
0.246 -0.894 108.463 89.000 104.000 37.000
0.246 -0.440 108.463 83.000 99.000 33.000
0.700 -1.348 108.461 73.000 83.000 42.000
0.700 -0.894 108.460 76.000 88.000 40.000
0.700 -0.440 108.459 77.000 90.000 37.000
-0.204 -1.347 108.921 110.000 124.000 44.000
-0.204 -0.894 108.921 91.000 106.000 35.000
0.250 -1.801 108.918 135.000 147.000 60.000
0.250 -1.347 108.918 97.000 113.000 38.000
0.250 -0.894 108.917 88.000 103.000 32.000
0.703 -2.255 108.915 156.000 165.000 103.000
0.703 -1.801 108.915 88.000 100.000 43.000
0.703 -1.347 108.914 84.000 99.000 37.000
0.703 -0.894 108.914 84.000 98.000 36.000
1.157 -0.894 108.910 76.000 89.000 36.000
-0.655 -0.893 109.378 93.000 103.000 47.000
-0.655 -0.439 109.377 74.000 82.000 36.000
-0.201 -1.801 109.376 130.000 142.000 58.000
-0.201 -1.347 109.375 121.000 132.000 54.000
-0.201 -0.893 109.375 114.000 126.000 53.000
0.253 -2.254 109.373 156.000 166.000 82.000
0.253 -1.801 109.372 148.000 159.000 70.000
0.253 -1.347 109.372 128.000 140.000 55.000
0.253 -0.893 109.371 113.000 126.000 46.000
0.707 -2.708 109.370 172.000 179.000 104.000
0.707 -2.254 109.369 160.000 170.000 96.000
0.707 -1.801 109.369 154.000 162.000 82.000
0.707 -1.347 109.368 129.000 140.000 58.000
1.161 -2.254 109.366 141.000 149.000 97.000
1.161 -1.801 109.365 136.000 144.000 79.000
1.161 -1.347 109.365 97.000 109.000 45.000
-0.651 -1.800 109.833 79.000 89.000 36.000
-0.651 -1.346 109.832 79.000 88.000 41.000
-0.197 -2.254 109.830 117.000 130.000 48.000
-0.197 -1.800 109.829 132.000 143.000 61.000
-0.197 -1.346 109.829 138.000 147.000 65.000
-0.197 -0.892 109.828 134.000 144.000 65.000
-0.197 -0.439 109.828 123.000 132.000 60.000
0.256 -2.254 109.826 141.000 153.000 58.000
0.256 -1.800 109.826 148.000 158.000 64.000
0.256 -1.346 109.825 147.000 156.000 64.000
0.256 -0.892 109.825 135.000 146.000 57.000
0.256 -0.439 109.824 135.000 146.000 57.000
0.710 -2.254 109.823 157.000 165.000 84.000
0.710 -1.800 109.822 155.000 163.000 73.000
0.710 -1.346 109.822 147.000 156.000 65.000
0.710 -0.892 109.821 135.000 145.000 55.000
0.710 -0.439 109.821 134.000 144.000 59.000
1.164 -2.254 109.819 165.000 173.000 109.000
1.164 -1.800 109.819 149.000 157.000 83.000
1.164 -1.346 109.818 113.000 125.000 52.000
1.164 -0.892 109.818 90.000 104.000 35.000
1.164 -0.439 109.817 94.000 108.000 36.000
-0.648 -2.253 110.287 77.000 88.000 32.000
-0.648 -1.346 110.286 93.000 102.000 49.000
-0.648 -0.892 110.286 76.000 83.000 42.000
-0.194 -2.253 110.284 117.000 129.000 46.000
-0.194 -1.800 110.283 130.000 141.000 56.000
-0.194 -1.346 110.283 141.000 151.000 66.000
-0.194 -0.892 110.282 141.000 150.000 68.000
-0.194 -0.438 110.282 125.000 134.000 58.000
-0.194 0.016 110.281 114.000 123.000 51.000
0.260 -2.253 110.280 143.000 154.000 58.000
0.260 -1.800 110.280 150.000 160.000 63.000
0.260 -1.346 110.279 153.000 163.000 66.000
0.260 -0.892 110.279 152.000 162.000 65.000
0.260 -0.438 110.278 140.000 150.000 59.000
0.260 0.016 110.278 125.000 136.000 51.000
0.714 -2.253 110.277 160.000 167.000 78.000
0.714 -1.800 110.276 153.000 162.000 68.000
0.714 -1.346 110.276 152.000 161.000 66.000
0.714 -0.892 110.275 149.000 159.000 62.000
0.714 -0.438 110.275 133.000 144.000 53.000
0.714 0.016 110.274 118.000 131.000 46.000
1.167 -1.800 110.273 133.000 143.000 66.000
1.167 -1.346 110.272 113.000 126.000 48.000
1.167 -0.892 110.272 99.000 113.000 37.000
1.167 -0.438 110.271 102.000 116.000 39.000
-0.644 -1.799 110.740 98.000 107.000 50.000
-0.644 -1.345 110.740 117.000 126.000 62.000
-0.644 -0.891 110.739 122.000 130.000 68.000
-0.644 -0.438 110.739 93.000 99.000 49.000
-0.644 0.016 110.738 86.000 92.000 42.000
-0.644 0.470 110.738 87.000 96.000 38.000
-0.190 -1.345 110.736 144.000 154.000 64.000
-0.190 -0.891 110.736 149.000 158.000 70.000
-0.190 -0.438 110.735 138.000 146.000 62.000
-0.190 0.016 110.735 128.000 138.000 58.000
0.263 -1.345 110.733 151.000 161.000 60.000
0.263 -0.891 110.732 155.000 164.000 65.000
0.263 -0.438 110.732 147.000 157.000 62.000
0.263 0.016 110.731 128.000 140.000 50.000
0.717 -1.345 110.729 157.000 166.000 62.000
0.717 -0.891 110.729 159.000 169.000 62.000
0.717 -0.438 110.728 151.000 162.000 60.000
0.717 0.016 110.728 111.000 124.000 41.000
1.171 -0.891 110.726 104.000 119.000 36.000
1.171 -0.438 110.725 94.000 109.000 31.000
1.171 0.016 110.724 84.000 100.000 26.000
1.625 -0.891 110.722 79.000 94.000 30.000
-0.641 -0.891 111.193 125.000 132.000 69.000
-0.641 -0.437 111.193 85.000 91.000 47.000
-0.187 -0.437 111.189 136.000 145.000 65.000
-0.187 0.017 111.189 116.000 124.000 55.000
-0.187 0.470 111.188 92.000 103.000 42.000
0.267 -0.437 111.186 148.000 158.000 64.000
0.267 0.017 111.185 140.000 150.000 62.000
0.267 0.470 111.185 112.000 123.000 50.000
0.721 0.017 111.182 126.000 137.000 50.000
1.174 0.017 111.178 75.000 91.000 24.000
-0.184 0.471 111.642 82.000 93.000 39.000
0.270 0.471 111.639 87.000 101.000 36.000
1.167 -2.707 110.274 138.000 145.000 86.000
1.167 -2.253 110.273 150.000 159.000 89.000
-0.644 -2.253 110.741 75.000 82.000 36.000
-0.190 -2.253 110.737 132.000 142.000 56.000
-0.190 -1.799 110.737 138.000 148.000 61.000
0.263 -2.707 110.734 152.000 161.000 70.000
0.263 -2.253 110.734 147.000 157.000 60.000
0.263 -1.799 110.733 153.000 163.000 62.000
0.717 -2.707 110.731 155.000 163.000 72.000
0.717 -2.253 110.731 159.000 167.000 69.000
0.717 -1.799 110.730 158.000 166.000 66.000
1.171 -2.707 110.728 123.000 130.000 68.000
1.171 -2.253 110.727 141.000 149.000 75.000
1.171 -1.799 110.727 128.000 138.000 60.000
1.171 -1.345 110.726 114.000 127.000 44.000
1.625 -1.345 110.723 67.000 82.000 26.000
-0.641 -2.706 111.195 93.000 101.000 44.000
-0.641 -2.252 111.195 92.000 101.000 40.000
-0.641 -1.799 111.194 119.000 128.000 59.000
-0.641 -1.345 111.194 130.000 138.000 68.000
-0.187 -2.706 111.192 135.000 144.000 61.000
-0.187 -2.252 111.191 131.000 141.000 52.000
-0.187 -1.799 111.191 146.000 155.000 65.000
-0.187 -1.345 111.190 149.000 157.000 68.000
-0.187 -0.891 111.190 149.000 158.000 71.000
0.267 -2.706 111.188 152.000 161.000 68.000
0.267 -2.252 111.188 149.000 159.000 60.000
0.267 -1.799 111.187 155.000 164.000 65.000
0.267 -1.345 111.187 155.000 165.000 65.000
0.267 -0.891 111.186 158.000 166.000 65.000
0.721 -2.706 111.185 153.000 161.000 76.000
0.721 -2.252 111.184 159.000 167.000 72.000
0.721 -1.799 111.184 158.000 167.000 69.000
0.721 -1.345 111.183 162.000 168.000 67.000
0.721 -0.891 111.183 169.000 176.000 71.000
0.721 -0.437 111.182 162.000 172.000 71.000
1.174 -2.252 111.181 102.000 110.000 53.000
1.174 -1.799 111.180 117.000 129.000 54.000
1.174 -1.345 111.180 107.000 119.000 45.000
1.174 -0.891 111.179 100.000 110.000 42.000
1.174 -0.437 111.179 93.000 102.000 38.000
-0.637 -2.706 111.649 126.000 135.000 58.000
-0.637 -2.252 111.648 129.000 138.000 57.000
-0.637 -1.798 111.648 143.000 151.000 70.000
-0.637 -1.344 111.647 144.000 152.000 73.000
-0.637 -0.890 111.647 139.000 145.000 73.000
-0.637 -0.437 111.646 88.000 94.000 50.000
-0.184 -2.706 111.646 139.000 149.000 60.000
-0.184 -2.252 111.645 141.000 151.000 57.000
-0.184 -1.798 111.645 154.000 163.000 68.000
-0.184 -1.344 111.644 152.000 160.000 67.000
-0.184 -0.890 111.644 152.000 159.000 66.000
-0.184 -0.437 111.643 138.000 146.000 65.000
-0.184 0.017 111.642 103.000 112.000 49.000
0.270 -3.159 111.643 150.000 158.000 73.000
0.270 -2.706 111.642 151.000 160.000 68.000
0.270 -2.252 111.642 153.000 163.000 63.000
0.270 -1.798 111.641 158.000 167.000 66.000
0.270 -1.344 111.641 156.000 164.000 64.000
0.270 -0.890 111.640 154.000 164.000 64.000
0.270 -0.437 111.640 147.000 157.000 64.000
0.270 0.017 111.639 130.000 140.000 57.000
0.724 -3.159 111.639 133.000 143.000 67.000
0.724 -2.706 111.639 135.000 147.000 63.000
0.724 -2.252 111.638 154.000 163.000 73.000
0.724 -1.798 111.638 160.000 170.000 72.000
0.724 -1.344 111.637 160.000 169.000 69.000
0.724 -0.890 111.637 171.000 177.000 75.000
0.724 -0.437 111.636 166.000 175.000 80.000
0.724 0.017 111.636 122.000 132.000 53.000
0.724 0.471 111.635 95.000 107.000 42.000
1.178 -1.798 111.634 95.000 106.000 44.000
1.178 -1.344 111.634 71.000 81.000 30.000
1.178 -0.890 111.633 91.000 99.000 41.000
1.178 -0.437 111.633 124.000 135.000 56.000
1.178 0.017 111.632 91.000 107.000 34.000
-0.634 -3.159 112.103 147.000 154.000 78.000
-0.634 -2.705 112.103 139.000 147.000 64.000
-0.634 -2.251 112.102 139.000 148.000 63.000
-0.634 -1.798 112.102 148.000 157.000 74.000
-0.634 -1.344 112.101 148.000 155.000 73.000
-0.634 -0.890 112.101 141.000 147.000 70.000
-0.180 -3.159 112.100 148.000 157.000 71.000
-0.180 -2.705 112.099 144.000 154.000 62.000
-0.180 -2.251 112.099 146.000 157.000 59.000
-0.180 -1.798 112.098 157.000 165.000 70.000
-0.180 -1.344 112.098 155.000 163.000 69.000
-0.180 -0.890 112.097 152.000 160.000 66.000
-0.180 -0.436 112.097 134.000 144.000 62.000
-0.180 0.018 112.096 105.000 114.000 51.000
-0.180 0.472 112.096 74.000 87.000 35.000
0.274 -3.159 112.096 141.000 151.000 63.000
0.274 -2.705 112.096 144.000 155.000 60.000
0.274 -2.251 112.095 151.000 161.000 60.000
0.274 -1.798 112.095 156.000 167.000 65.000
0.274 -1.344 112.094 154.000 164.000 64.000
0.274 -0.890 112.094 155.000 165.000 64.000
0.274 -0.436 112.093 146.000 156.000 64.000
0.274 0.018 112.093 114.000 126.000 50.000
0.274 0.472 112.092 80.000 95.000 34.000
0.728 -3.159 112.093 106.000 116.000 53.000
0.728 -2.705 112.092 114.000 127.000 48.000
0.728 -2.251 112.092 133.000 145.000 56.000
0.728 -1.798 112.091 153.000 164.000 68.000
0.728 -1.344 112.091 147.000 159.000 62.000
0.728 -0.890 112.090 163.000 172.000 71.000
0.728 -0.436 112.090 167.000 176.000 82.000
0.728 0.018 112.089 101.000 114.000 44.000
1.181 -1.798 112.088 76.000 86.000 33.000
1.181 -1.344 112.087 112.000 121.000 55.000
1.181 -0.890 112.087 147.000 156.000 73.000
1.181 -0.436 112.086 141.000 151.000 68.000
1.181 0.472 112.085 81.000 93.000 34.000
1.635 -0.890 112.083 97.000 104.000 54.000
1.635 -0.436 112.083 94.000 103.000 45.000
-1.084 -1.797 112.559 93.000 99.000 57.000
-0.630 -3.158 112.557 147.000 155.000 77.000
-0.630 -2.705 112.557 137.000 146.000 63.000
-0.630 -2.251 112.556 140.000 149.000 66.000
-0.630 -1.797 112.556 147.000 155.000 73.000
-0.630 -1.343 112.555 147.000 154.000 75.000
-0.630 -0.889 112.555 139.000 146.000 71.000
-0.177 -3.158 112.554 149.000 158.000 70.000
-0.177 -2.705 112.553 145.000 155.000 62.000
-0.177 -2.251 112.553 145.000 156.000 58.000
-0.177 -1.797 112.552 156.000 165.000 69.000
-0.177 -1.343 112.552 156.000 165.000 69.000
-0.177 -0.889 112.551 153.000 162.000 68.000
-0.177 -0.436 112.551 132.000 141.000 62.000
-0.177 0.018 112.550 97.000 108.000 47.000
-0.177 0.472 112.550 70.000 83.000 35.000
0.277 -3.158 112.550 139.000 150.000 60.000
0.277 -2.705 112.550 133.000 147.000 51.000
0.277 -2.251 112.549 143.000 155.000 53.000
0.277 -1.797 112.549 161.000 170.000 67.000
0.277 -1.343 112.548 157.000 168.000 63.000
0.277 -0.889 112.548 157.000 167.000 61.000
0.277 -0.436 112.547 143.000 154.000 61.000
0.277 0.018 112.547 98.000 112.000 41.000
0.277 0.472 112.546 78.000 92.000 33.000
0.731 -3.158 112.547 93.000 103.000 42.000
0.731 -2.705 112.546 110.000 125.000 41.000
0.731 -2.251 112.546 132.000 147.000 51.000
0.731 -1.797 112.545 161.000 172.000 70.000
0.731 -1.343 112.545 156.000 168.000 65.000
0.731 -0.889 112.544 159.000 169.000 63.000
0.731 -0.436 112.544 152.000 163.000 66.000
0.731 0.018 112.543 79.000 94.000 28.000
1.185 -1.797 112.542 123.000 135.000 56.000
1.185 -1.343 112.541 147.000 156.000 72.000
1.185 -0.889 112.541 159.000 166.000 76.000
1.185 -0.436 112.540 111.000 123.000 46.000
1.639 -1.343 112.538 81.000 90.000 43.000
1.639 -0.889 112.537 79.000 84.000 45.000
-1.081 -3.158 113.014 85.000 88.000 57.000
-1.081 -1.797 113.013 99.000 105.000 61.000
-1.081 -1.343 113.012 76.000 80.000 49.000
-0.627 -3.158 113.011 149.000 157.000 78.000
-0.627 -2.704 113.010 144.000 153.000 70.000
-0.627 -2.250 113.010 133.000 142.000 63.000
-0.627 -1.797 113.009 145.000 153.000 74.000
-0.627 -1.343 113.009 148.000 156.000 76.000
-0.627 -0.889 113.008 145.000 152.000 76.000
-0.627 -0.435 113.008 82.000 88.000 47.000
-0.627 0.019 113.007 81.000 87.000 52.000
-0.173 -3.158 113.007 152.000 160.000 72.000
-0.173 -2.704 113.007 141.000 153.000 57.000
-0.173 -2.250 113.006 137.000 149.000 53.000
-0.173 -1.797 113.006 156.000 165.000 69.000
-0.173 -1.343 113.005 156.000 164.000 70.000
-0.173 -0.889 113.005 153.000 161.000 70.000
-0.173 -0.435 113.004 133.000 142.000 63.000
-0.173 0.019 113.004 106.000 115.000 55.000
-0.173 0.473 113.003 77.000 89.000 42.000
0.281 -3.158 113.004 145.000 156.000 62.000
0.281 -2.704 113.003 138.000 151.000 51.000
0.281 -2.250 113.003 136.000 150.000 47.000
0.281 -1.797 113.002 162.000 172.000 64.000
0.281 -1.343 113.002 161.000 171.000 63.000
0.281 -0.889 113.001 158.000 168.000 61.000
0.281 -0.435 113.001 139.000 150.000 56.000
0.281 0.019 113.000 95.000 109.000 37.000
0.281 0.473 113.000 79.000 93.000 34.000
0.734 -3.158 113.001 90.000 102.000 34.000
0.734 -2.704 113.000 115.000 132.000 40.000
0.734 -2.250 113.000 135.000 151.000 47.000
0.734 -1.797 112.999 173.000 182.000 71.000
0.734 -1.343 112.998 169.000 178.000 66.000
0.734 -0.889 112.998 158.000 169.000 58.000
0.734 -0.435 112.997 131.000 145.000 47.000
0.734 0.019 112.997 70.000 86.000 20.000
1.188 -2.250 112.996 92.000 104.000 38.000
1.188 -1.797 112.996 148.000 161.000 66.000
1.188 -1.343 112.995 148.000 159.000 69.000
1.188 -0.889 112.995 124.000 136.000 54.000
1.188 -0.435 112.994 66.000 80.000 22.000
1.642 -1.797 112.992 89.000 101.000 38.000
1.642 -1.343 112.992 72.000 81.000 36.000
-1.077 -3.157 113.468 97.000 101.000 66.000
-1.077 -1.796 113.467 80.000 84.000 52.000
-0.623 -3.157 113.465 159.000 167.000 84.000
-0.623 -2.704 113.464 152.000 160.000 77.000
-0.623 -2.250 113.464 140.000 149.000 68.000
-0.623 -1.796 113.463 150.000 158.000 80.000
-0.623 -1.342 113.463 148.000 154.000 81.000
-0.623 -0.888 113.462 135.000 142.000 76.000
-0.170 -3.157 113.461 153.000 162.000 73.000
-0.170 -2.704 113.461 152.000 162.000 68.000
-0.170 -2.250 113.460 139.000 151.000 55.000
-0.170 -1.796 113.460 156.000 164.000 71.000
-0.170 -1.342 113.459 156.000 164.000 74.000
-0.170 -0.888 113.459 152.000 160.000 74.000
-0.170 -0.435 113.458 125.000 135.000 63.000
-0.170 0.019 113.458 85.000 97.000 44.000
0.284 -3.611 113.458 138.000 147.000 68.000
0.284 -3.157 113.458 139.000 151.000 59.000
0.284 -2.704 113.457 147.000 160.000 58.000
0.284 -2.250 113.457 142.000 156.000 49.000
0.284 -1.796 113.456 157.000 169.000 62.000
0.284 -1.342 113.456 158.000 168.000 66.000
0.284 -0.888 113.455 154.000 164.000 65.000
0.284 -0.435 113.455 123.000 136.000 51.000
0.284 0.019 113.454 76.000 91.000 30.000
0.738 -3.157 113.454 106.000 119.000 44.000
0.738 -2.704 113.454 126.000 142.000 45.000
0.738 -2.250 113.453 142.000 158.000 51.000
0.738 -1.796 113.453 168.000 179.000 66.000
0.738 -1.342 113.452 160.000 172.000 63.000
0.738 -0.888 113.452 149.000 161.000 59.000
0.738 -0.435 113.451 118.000 132.000 45.000
0.738 0.019 113.451 64.000 80.000 20.000
1.192 -2.704 113.450 79.000 92.000 28.000
1.192 -2.250 113.450 133.000 147.000 53.000
1.192 -1.796 113.449 157.000 170.000 69.000
1.192 -1.342 113.449 133.000 146.000 57.000
1.646 -2.250 113.446 87.000 100.000 35.000
1.646 -1.796 113.446 95.000 107.000 42.000
-1.074 -3.157 113.922 103.000 107.000 75.000
-1.074 -2.703 113.921 131.000 136.000 89.000
-1.074 -2.249 113.921 116.000 122.000 74.000
-0.620 -3.611 113.919 146.000 155.000 87.000
-0.620 -3.157 113.919 157.000 166.000 89.000
-0.620 -2.703 113.918 154.000 162.000 84.000
-0.620 -2.249 113.917 147.000 155.000 77.000
-0.620 -1.795 113.917 151.000 158.000 84.000
-0.620 -1.342 113.916 140.000 147.000 82.000
-0.620 -0.888 113.916 83.000 87.000 50.000
-0.166 -3.611 113.916 136.000 147.000 70.000
-0.166 -3.157 113.915 153.000 163.000 76.000
-0.166 -2.703 113.915 158.000 167.000 73.000
-0.166 -2.249 113.914 150.000 160.000 65.000
-0.166 -1.795 113.914 156.000 163.000 76.000
-0.166 -1.342 113.913 153.000 161.000 78.000
-0.166 -0.888 113.912 148.000 156.000 78.000
-0.166 -0.434 113.912 120.000 129.000 67.000
-0.166 0.020 113.911 71.000 83.000 40.000
0.288 -3.611 113.912 129.000 140.000 66.000
0.288 -3.157 113.912 145.000 155.000 67.000
0.288 -2.703 113.911 153.000 164.000 62.000
0.288 -2.249 113.911 150.000 163.000 57.000
0.288 -1.795 113.910 154.000 166.000 66.000
0.288 -1.342 113.910 152.000 163.000 68.000
0.288 -0.888 113.909 144.000 155.000 67.000
0.288 -0.434 113.909 102.000 116.000 46.000
0.288 0.020 113.908 71.000 86.000 33.000
0.741 -3.157 113.908 116.000 128.000 52.000
0.741 -2.703 113.908 137.000 152.000 54.000
0.741 -2.249 113.907 152.000 165.000 59.000
0.741 -1.796 113.907 164.000 176.000 67.000
0.741 -1.342 113.906 149.000 162.000 62.000
0.741 -0.888 113.906 131.000 144.000 57.000
0.741 -0.434 113.905 104.000 118.000 46.000
0.741 0.020 113.905 72.000 86.000 31.000
1.195 -3.157 113.905 76.000 88.000 30.000
1.195 -2.703 113.904 113.000 127.000 42.000
1.195 -2.249 113.904 147.000 160.000 56.000
1.195 -1.796 113.903 166.000 178.000 73.000
1.195 -1.342 113.903 128.000 140.000 56.000
1.195 0.020 113.901 100.000 110.000 47.000
1.649 -1.796 113.900 130.000 144.000 56.000
1.649 -1.342 113.899 76.000 91.000 29.000
1.649 0.020 113.898 127.000 136.000 64.000
-1.070 -2.703 114.375 88.000 93.000 59.000
-1.070 -2.249 114.375 97.000 102.000 66.000
-0.617 -3.610 114.373 103.000 111.000 62.000
-0.617 -3.156 114.372 151.000 158.000 91.000
-0.617 -2.703 114.372 159.000 166.000 90.000
-0.617 -2.249 114.371 157.000 165.000 87.000
-0.617 -1.795 114.371 156.000 163.000 90.000
-0.617 -1.341 114.370 133.000 140.000 83.000
-0.163 -3.610 114.369 117.000 128.000 63.000
-0.163 -3.156 114.369 151.000 160.000 81.000
-0.163 -2.703 114.368 163.000 171.000 83.000
-0.163 -2.249 114.368 162.000 171.000 76.000
-0.163 -1.795 114.367 159.000 167.000 79.000
-0.163 -1.341 114.367 154.000 162.000 82.000
-0.163 -0.887 114.366 135.000 145.000 76.000
-0.163 -0.434 114.366 86.000 97.000 50.000
0.291 -3.610 114.366 90.000 102.000 44.000
0.291 -3.156 114.365 139.000 150.000 69.000
0.291 -2.703 114.365 161.000 170.000 74.000
0.291 -2.249 114.364 165.000 175.000 68.000
0.291 -1.795 114.364 158.000 169.000 67.000
0.291 -1.341 114.363 151.000 161.000 69.000
0.291 -0.887 114.363 122.000 136.000 58.000
0.291 -0.434 114.362 95.000 108.000 49.000
0.745 -3.156 114.362 86.000 98.000 39.000
0.745 -2.703 114.361 145.000 158.000 64.000
0.745 -2.249 114.361 177.000 186.000 76.000
0.745 -1.795 114.360 156.000 168.000 65.000
0.745 -1.341 114.360 150.000 162.000 68.000
0.745 -0.887 114.359 122.000 135.000 57.000
0.745 -0.434 114.359 74.000 88.000 35.000
1.199 -2.249 114.357 153.000 166.000 62.000
1.199 -1.795 114.357 136.000 151.000 52.000
1.199 -1.341 114.356 113.000 128.000 47.000
-0.613 -3.156 114.826 85.000 89.000 61.000
-0.613 -2.702 114.826 145.000 151.000 99.000
-0.613 -2.248 114.825 153.000 159.000 94.000
-0.613 -1.794 114.825 142.000 148.000 89.000
-0.613 -1.341 114.824 99.000 104.000 69.000
-0.159 -3.156 114.823 101.000 110.000 60.000
-0.159 -2.702 114.822 150.000 158.000 85.000
-0.159 -2.248 114.822 163.000 171.000 89.000
-0.159 -1.794 114.821 157.000 166.000 86.000
-0.159 -1.341 114.821 152.000 161.000 88.000
-0.159 -0.887 114.820 91.000 100.000 55.000
0.294 -2.702 114.819 133.000 145.000 60.000
0.294 -2.248 114.818 161.000 170.000 77.000
0.294 -1.794 114.818 150.000 161.000 70.000
0.294 -1.341 114.817 141.000 151.000 70.000
0.294 -0.887 114.817 109.000 122.000 57.000
0.294 -0.433 114.816 70.000 82.000 34.000
0.748 -2.248 114.815 156.000 167.000 77.000
0.748 -1.794 114.814 153.000 165.000 73.000
0.748 -1.341 114.814 136.000 149.000 67.000
0.748 -0.887 114.813 84.000 97.000 41.000
0.748 -0.433 114.813 71.000 83.000 32.000
1.202 -1.794 114.811 141.000 154.000 64.000
1.202 -1.341 114.810 105.000 119.000 46.000
1.202 -0.433 114.809 84.000 96.000 38.000
-0.156 -2.248 115.275 134.000 144.000 81.000
-0.156 -1.794 115.275 176.000 184.000 116.000
-0.156 -1.340 115.274 128.000 134.000 89.000
0.298 -1.794 115.271 181.000 190.000 108.000
0.298 -1.340 115.271 141.000 151.000 83.000
0.752 -1.794 115.268 159.000 168.000 93.000
0.752 -1.340 115.267 104.000 115.000 57.000
1.206 -1.340 115.264 92.000 105.000 46.000
-0.152 -1.793 115.729 164.000 171.000 115.000
0.301 -1.793 115.725 184.000 191.000 122.000
