11.575209809601755 23.800478892670654 66.82570373679764 81.0 94.0 23.0
11.57508768232298 24.23038678594789 66.82908123282866 92.0 101.0 25.0
11.544159745839346 23.797101396639622 67.25448888714394 85.0 96.0 25.0
11.544037618560571 24.227009289916857 67.25786638317496 90.0 99.0 26.0
11.543915491281792 24.656917183194093 67.26124387920598 101.0 110.0 34.0
11.084433374514989 23.363938134610137 67.6488464776968 92.0 100.0 34.0
11.08431124723621 23.793846027887373 67.65222397372781 91.0 103.0 32.0
11.084189119957436 24.223753921164604 67.65560146975884 105.0 115.0 40.0
11.084066992678657 24.65366181444184 67.65897896578986 112.0 120.0 45.0
11.513109682076937 23.793723900608594 67.68327403749021 80.0 93.0 22.0
11.512987554798162 24.22363179388583 67.68665153352126 88.0 98.0 25.0
11.512865427519385 24.653539687163065 67.69002902955228 83.0 92.0 27.0
11.0532611834738 23.79046853185634 68.08100912407411 107.0 115.0 41.0
11.053139056195025 24.220376425133576 68.08438662010514 106.0 115.0 38.0
11.053016928916248 24.650284318410808 68.08776411613616 101.0 113.0 34.0
11.052894801637473 25.08019221168804 68.0911416121672 79.0 91.0 24.0
11.481815363756976 24.650162191132033 68.11881417989858 88.0 100.0 25.0
11.4816932364782 25.080070084409265 68.1221916759296 80.0 92.0 24.0
11.021966865153841 24.64690682237978 68.51654926648246 101.0 113.0 32.0
11.021844737875066 25.07681471565701 68.51992676251348 86.0 100.0 25.0
10.990794674112657 25.073437219625983 68.94871191285978 109.0 117.0 37.0
10.990672546833881 25.503345112903215 68.9520894088908 70.0 81.0 22.0
8.59864624436729 24.18721210121716 72.216987804756 76.0 87.0 35.0
12.737160604516754 24.64641831326468 68.64074952153209 82.0 87.0 28.0
12.004008244442485 23.80035676539188 66.85675380056006 75.0 87.0 21.0
12.003886117163711 24.23026465866911 66.86013129659108 79.0 88.0 19.0
11.972958180680076 23.796979269360847 67.28553895090633 85.0 93.0 23.0
11.9728360534013 24.22688716263808 67.28891644693738 94.0 95.0 24.0
11.972713926122523 24.656795055915314 67.2922939429684 90.0 100.0 25.0
11.941663862360116 24.653417559884286 67.7210790933147 79.0 80.0 25.0
11.910491671318931 25.07994795713049 68.15324173969202 71.0 80.0 22.0
11.450643172715793 25.07669258837824 68.5509768262759 86.0 97.0 26.0
11.450521045437018 25.50660048165547 68.55435432230692 67.0 80.0 21.0
12.401756615520807 23.79685714208207 67.31658901466875 78.0 86.0 25.0
12.401634488242031 24.226765035359307 67.31996651069977 90.0 99.0 28.0
11.513231809355716 23.363816007331362 67.67989654145919 86.0 97.0 25.0
11.942030244196445 23.363693880052587 67.71094660522161 71.0 81.0 17.0
11.941908116917668 23.79360177332982 67.71432410125263 74.0 83.0 18.0
11.941785989638893 24.223509666607054 67.71770159728365 85.0 88.0 19.0
12.370584424479624 24.22338753932828 67.74875166104607 75.0 81.0 23.0
11.053383310752578 23.36056063857911 68.07763162804306 102.0 111.0 39.0
11.48230387287208 22.9305306180231 68.10530419577444 85.0 91.0 30.0
11.482181745593305 23.36043851130033 68.10868169180549 91.0 102.0 28.0
11.482059618314528 23.790346404577562 68.11205918783651 99.0 107.0 30.0
11.481937491035753 24.2202542978548 68.11543668386753 100.0 107.0 29.0
11.910980180434036 23.360316384021555 68.13973175556788 85.0 97.0 22.0
11.910858053155257 23.79022427729879 68.14310925159893 98.0 104.0 26.0
11.910735925876484 24.220132170576022 68.14648674762995 100.0 99.0 24.0
11.910613798597705 24.650040063853254 68.14986424366097 91.0 97.0 25.0
12.339656487995988 23.790102150020015 68.17415931536132 74.0 82.0 20.0
12.339534360717213 24.220010043297247 68.17753681139234 79.0 85.0 22.0
12.339412233438436 24.649917936574482 68.1809143074234 83.0 89.0 25.0
12.33929010615966 25.079825829851714 68.18429180345441 80.0 83.0 31.0
11.022577501547719 22.49736735599361 68.4996617863273 99.0 103.0 54.0
11.022455374268946 22.92727524927085 68.50303928235834 76.0 84.0 31.0
11.02233324699017 23.35718314254808 68.50641677838937 83.0 93.0 30.0
11.022211119711393 23.787091035825313 68.50979427442039 90.0 101.0 32.0
11.022088992432618 24.216998929102548 68.51317177045144 110.0 119.0 37.0
11.451375936388446 22.49724522871484 68.53071185008972 106.0 109.0 56.0
11.451253809109673 22.92715312199207 68.53408934612074 95.0 103.0 35.0
11.451131681830898 23.357061015269302 68.53746684215176 100.0 108.0 33.0
11.451009554552119 23.786968908546537 68.54084433818281 107.0 114.0 33.0
11.450887427273345 24.216876801823773 68.54422183421383 117.0 119.0 35.0
11.450765299994567 24.646784695101005 68.54759933024485 103.0 110.0 30.0
11.880052243950402 22.927030994713295 68.56513940988316 94.0 99.0 32.0
11.879930116671627 23.35693888799053 68.56851690591418 110.0 115.0 34.0
11.87980798939285 23.786846781267762 68.5718944019452 120.0 119.0 35.0
11.879685862114075 24.216754674544994 68.57527189797622 123.0 117.0 32.0
11.879563734835298 24.64666256782223 68.57864939400727 111.0 111.0 34.0
11.879441607556522 25.07657046109946 68.58202689003829 73.0 83.0 23.0
12.308728551512358 23.356816760711755 68.5995669696766 98.0 106.0 31.0
12.30860642423358 23.786724653988987 68.60294446570762 113.0 117.0 39.0
12.308484296954806 24.21663254726622 68.60632196173864 111.0 114.0 35.0
12.308362169676029 24.646540440543454 68.60969945776966 99.0 104.0 31.0
12.308240042397253 25.076448333820686 68.61307695380071 100.0 105.0 36.0
10.562851130223358 22.064204093964126 68.89401937688015 77.0 80.0 53.0
10.562729002944579 22.49411198724136 68.89739687291117 96.0 102.0 50.0
10.562606875665805 22.924019880518593 68.90077436894222 71.0 83.0 25.0
10.56248474838703 23.353927773795824 68.90415186497324 70.0 81.0 24.0
10.991649565064087 22.064081966685347 68.92506944064257 96.0 99.0 59.0
10.99152743778531 22.493989859962582 68.9284469366736 110.0 118.0 50.0
10.991405310506535 22.923897753239817 68.93182443270462 107.0 115.0 40.0
10.991283183227761 23.35380564651705 68.93520192873564 100.0 108.0 35.0
10.991161055948982 23.783713539794284 68.93857942476669 81.0 91.0 24.0
10.991038928670209 24.213621433071516 68.94195692079771 105.0 115.0 32.0
10.99091680139143 24.643529326348748 68.94533441682873 112.0 120.0 37.0
11.420325872626037 22.493867732683807 68.95949700043602 104.0 109.0 45.0
11.420203745347262 22.92377562596104 68.96287449646704 113.0 119.0 41.0
11.420081618068489 23.353683519238274 68.96625199249806 125.0 129.0 44.0
11.41995949078971 23.783591412515506 68.96962948852908 122.0 124.0 39.0
11.419837363510936 24.21349930579274 68.97300698456013 119.0 123.0 34.0
11.419715236232157 24.643407199069976 68.97638448059115 118.0 123.0 37.0
11.419593108953382 25.073315092347208 68.97976197662217 92.0 101.0 29.0
11.419470981674609 25.50322298562444 68.98313947265322 75.0 88.0 23.0
11.849002180187993 22.923653498682263 68.99392456022946 110.0 116.0 37.0
11.848880052909218 23.3535613919595 68.99730205626048 121.0 124.0 38.0
11.84875792563044 23.78346928523673 69.0006795522915 129.0 128.0 39.0
11.848635798351665 24.213377178513966 69.00405704832252 130.0 128.0 37.0
11.848513671072888 24.643285071791198 69.00743454435354 122.0 122.0 38.0
11.848391543794113 25.07319296506843 69.0108120403846 72.0 81.0 22.0
12.277678487749949 23.353439264680723 69.02835212002287 113.0 117.0 39.0
12.27755636047117 23.783347157957955 69.03172961605392 129.0 131.0 46.0
12.277434233192396 24.21325505123519 69.03510711208494 129.0 131.0 43.0
12.277312105913618 24.643162944512422 69.03848460811597 116.0 120.0 39.0
12.277189978634844 25.073070837789654 69.04186210414699 78.0 88.0 23.0
12.706232668033124 24.21313292395641 69.06615717584734 103.0 107.0 39.0
12.706110540754345 24.643040817233647 69.06953467187839 83.0 89.0 27.0
10.53180106646095 22.060826597933097 69.32280452722645 126.0 131.0 74.0
10.531678939182171 22.49073449121033 69.32618202325747 116.0 123.0 51.0
10.531556811903396 22.92064238448756 69.3295595192885 104.0 115.0 34.0
10.531434684624623 23.350550277764796 69.33293701531954 105.0 116.0 34.0
10.531312557345844 23.780458171042028 69.33631451135057 89.0 101.0 27.0
10.53119043006707 24.21036606431926 69.33969200738159 89.0 97.0 27.0
10.96059950130168 22.06070447065432 69.35385459098887 116.0 119.0 66.0
10.960477374022902 22.49061236393155 69.3572320870199 123.0 128.0 54.0
10.960355246744127 22.920520257208786 69.36060958305092 120.0 126.0 42.0
10.960233119465352 23.35042815048602 69.36398707908197 122.0 128.0 40.0
10.960110992186575 23.780336043763253 69.36736457511296 110.0 118.0 34.0
10.9599888649078 24.210243937040484 69.37074207114401 104.0 114.0 28.0
10.959866737629023 24.64015183031772 69.37411956717503 102.0 114.0 30.0
10.959744610350247 25.07005972359495 69.37749706320605 86.0 97.0 26.0
11.38927580886363 22.490490236652775 69.38828215078229 113.0 119.0 46.0
11.389153681584855 22.92039812993001 69.39165964681334 121.0 127.0 41.0
11.38903155430608 23.350306023207242 69.39503714284436 126.0 131.0 41.0
11.388909427027302 23.780213916484474 69.39841463887538 122.0 126.0 36.0
11.388787299748527 24.210121809761713 69.40179213490643 123.0 128.0 36.0
11.38866517246975 24.640029703038945 69.40516963093745 108.0 116.0 31.0
11.388543045190975 25.069937596316176 69.40854712696847 83.0 94.0 25.0
11.818074243704359 22.490368109374 69.41933221454471 91.0 96.0 34.0
11.817952116425586 22.920276002651235 69.42270971057573 120.0 125.0 42.0
11.81782998914681 23.350183895928467 69.42608720660675 133.0 135.0 45.0
11.817707861868032 23.780091789205702 69.4294647026378 137.0 137.0 44.0
11.817585734589258 24.209999682482934 69.43284219866882 130.0 133.0 37.0
11.81746360731048 24.639907575760166 69.43621969469984 120.0 123.0 35.0
11.817341480031706 25.0698154690374 69.4395971907309 81.0 93.0 23.0
12.24662842398754 23.35006176864969 69.45713727036917 136.0 140.0 52.0
12.246506296708763 23.779969661926927 69.4605147664002 144.0 146.0 54.0
12.246384169429987 24.20987755520416 69.46389226243124 137.0 139.0 47.0
12.24626204215121 24.63978544848139 69.46726975846227 120.0 123.0 40.0
12.246139914872435 25.069693341758626 69.47064725449329 74.0 87.0 20.0
12.675182604270715 24.20975542792538 69.49494232619364 95.0 98.0 34.0
12.675060476991938 24.63966332120262 69.49831982222466 93.0 100.0 30.0
10.50075100269854 22.05744910190207 69.75158967757275 114.0 121.0 57.0
10.500628875419762 22.4873569951793 69.75496717360377 112.0 122.0 43.0
10.500506748140987 22.917264888456533 69.7583446696348 113.0 123.0 34.0
10.500384620862212 23.347172781733768 69.76172216566584 102.0 113.0 27.0
10.500262493583435 23.777080675011 69.76509966169687 98.0 110.0 26.0
10.929671564818046 21.62741908134606 69.77926224530412 87.0 89.0 54.0
10.92954943753927 22.05732697462329 69.78263974133515 117.0 123.0 56.0
10.929427310260492 22.487234867900522 69.78601723736617 117.0 126.0 45.0
10.929305182981718 22.91714276117776 69.78939473339722 119.0 126.0 37.0
10.929183055702943 23.347050654454993 69.79277222942824 125.0 131.0 39.0
10.929060928424166 23.776958547732225 69.79614972545926 122.0 129.0 35.0
10.92893880114539 24.20686644100946 69.79952722149031 123.0 126.0 33.0
10.928816673866613 24.63677433428669 69.80290471752133 95.0 102.0 27.0
10.928694546587838 25.066682227563923 69.80628221355235 74.0 81.0 26.0
11.358347872379998 22.057204847344515 69.81368980509757 79.0 82.0 35.0
11.358225745101219 22.48711274062175 69.81706730112859 124.0 127.0 50.0
11.358103617822445 22.917020633898982 69.82044479715961 126.0 131.0 43.0
11.35798149054367 23.346928527176214 69.82382229319066 130.0 136.0 43.0
11.357859363264893 23.77683642045345 69.82719978922168 133.0 138.0 43.0
11.357737235986118 24.206744313730685 69.8305772852527 135.0 141.0 41.0
11.35761510870734 24.636652207007916 69.83395478128375 115.0 123.0 31.0
11.357492981428566 25.06656010028515 69.83733227731477 106.0 115.0 34.0
11.78702417994195 22.486990613342975 69.84811736489098 102.0 104.0 40.0
11.786902052663175 22.916898506620207 69.85149486092203 124.0 127.0 44.0
11.786779925384401 23.34680639989744 69.85487235695305 123.0 130.0 38.0
11.786657798105622 23.776714293174674 69.85824985298407 136.0 142.0 46.0
11.786535670826847 24.206622186451906 69.86162734901512 133.0 140.0 40.0
11.78641354354807 24.636530079729138 69.86500484504614 125.0 132.0 38.0
11.786291416269295 25.066437973006373 69.86838234107717 116.0 124.0 37.0
11.786169288990521 25.496345866283608 69.87175983710821 80.0 89.0 25.0
11.786047161711743 25.92625375956084 69.87513733313924 114.0 116.0 33.0
11.78592503443297 26.356161652838075 69.87851482917026 95.0 99.0 28.0
12.21557836022513 23.346684272618667 69.88592242071547 130.0 137.0 46.0
12.215456232946353 23.7765921658959 69.8892999167465 131.0 135.0 47.0
12.215334105667578 24.20650005917313 69.89267741277752 129.0 134.0 43.0
12.215211978388801 24.636407952450366 69.89605490880857 125.0 129.0 41.0
12.215089851110026 25.066315845727598 69.89943240483959 99.0 110.0 29.0
12.21496772383125 25.49622373900483 69.90280990087061 77.0 83.0 26.0
12.64425466778708 23.77647003861712 69.92034998050889 90.0 91.0 40.0
12.644132540508306 24.206377931894355 69.92372747653994 127.0 126.0 46.0
12.644010413229529 24.63628582517159 69.92710497257096 101.0 107.0 33.0
10.0409025040954 22.054193733149813 70.14932476415663 82.0 86.0 45.0
10.040536122259073 23.343917412981515 70.15945725224972 118.0 129.0 46.0
10.469823066214905 21.624163712593806 70.176997331888 94.0 98.0 56.0
10.46970093893613 22.054071605871037 70.18037482791902 111.0 120.0 51.0
10.469578811657353 22.48397949914827 70.18375232395007 111.0 122.0 42.0
10.469456684378578 22.913887392425504 70.1871298199811 106.0 119.0 31.0
10.469334557099803 23.343795285702736 70.19050731601212 107.0 120.0 31.0
10.469212429821026 23.773703178979968 70.19388481204317 106.0 117.0 33.0
10.46909030254225 24.203611072257203 70.19726230807419 83.0 92.0 24.0
10.898621501055635 21.624041585315027 70.2080473956504 87.0 92.0 48.0
10.898499373776861 22.05394947859226 70.21142489168145 113.0 121.0 51.0
10.898377246498082 22.483857371869494 70.21480238771247 117.0 124.0 44.0
10.898255119219309 22.91376526514673 70.21817988374349 123.0 130.0 40.0
10.898132991940534 23.34367315842396 70.22155737977454 130.0 137.0 44.0
10.898010864661755 23.773581051701196 70.22493487580556 115.0 125.0 31.0
10.897888737382981 24.203488944978428 70.22831237183658 119.0 127.0 32.0
10.897766610104203 24.63339683825566 70.23168986786763 120.0 127.0 39.0
11.327297808617587 22.053827351313487 70.24247495544384 88.0 93.0 37.0
11.32717568133881 22.48373524459072 70.24585245147489 118.0 124.0 44.0
11.327053554060035 22.91364313786795 70.24922994750591 124.0 130.0 41.0
11.326931426781261 23.343551031145186 70.25260744353693 129.0 137.0 42.0
11.326809299502482 23.773458924422417 70.25598493956798 129.0 139.0 40.0
11.326687172223709 24.203366817699653 70.259362435599 126.0 137.0 35.0
11.32656504494493 24.633274710976888 70.26273993163002 129.0 138.0 40.0
11.326442917666157 25.06318260425412 70.26611742766107 135.0 141.0 49.0
11.75597411617954 22.483613117311943 70.27690251523728 85.0 88.0 32.0
11.755851988900766 22.913521010589175 70.2802800112683 120.0 125.0 39.0
11.75572986162199 23.34342890386641 70.28365750729935 127.0 134.0 40.0
11.755607734343213 23.773336797143642 70.28703500333037 138.0 146.0 46.0
11.755485607064438 24.203244690420874 70.2904124993614 144.0 154.0 48.0
11.755363479785661 24.63315258369811 70.29378999539244 136.0 146.0 43.0
11.755241352506886 25.06306047697534 70.29716749142347 133.0 142.0 43.0
12.184528296462721 23.343306776587635 70.31470757106177 88.0 95.0 29.0
12.184406169183944 23.773214669864867 70.31808506709277 126.0 133.0 44.0
12.184284041905169 24.203122563142102 70.32146256312382 139.0 144.0 47.0
12.18416191462639 24.633030456419334 70.32484005915484 131.0 137.0 43.0
12.184039787347617 25.062938349696566 70.32821755518586 104.0 114.0 30.0
12.613082476745896 24.203000435863324 70.35251262688621 112.0 116.0 39.0
12.612960349467118 24.63290832914056 70.35589012291726 100.0 109.0 31.0
12.612838222188344 25.062816222417794 70.35926761894828 89.0 101.0 25.0
10.009852440332992 22.050816237118784 70.5781099145029 89.0 95.0 43.0
10.009730313054215 22.480724130396016 70.58148741053395 103.0 111.0 43.0
10.00960818577544 22.91063202367325 70.58486490656497 136.0 144.0 57.0
10.009486058496664 23.340539916950487 70.588242402596 133.0 143.0 57.0
10.438773002452496 21.620786216562777 70.6057824822343 102.0 108.0 55.0
10.438650875173723 22.05069410984001 70.60915997826532 108.0 118.0 48.0
10.438528747894944 22.480602003117244 70.61253747429635 114.0 125.0 43.0
10.43840662061617 22.910509896394476 70.6159149703274 117.0 129.0 37.0
10.438284493337395 23.340417789671708 70.61929246635842 106.0 121.0 32.0
10.438162366058616 23.770325682948943 70.62266996238944 101.0 119.0 32.0
10.438040238779843 24.200233576226175 70.62604745842049 96.0 114.0 32.0
10.437918111501064 24.63014146950341 70.62942495445151 106.0 119.0 44.0
10.867571437293227 21.620664089284 70.6368325459967 81.0 86.0 41.0
10.867449310014452 22.050571982561234 70.64021004202772 108.0 116.0 46.0
10.867327182735675 22.480479875838466 70.64358753805877 120.0 127.0 45.0
10.8672050554569 22.9103877691157 70.64696503408979 129.0 135.0 45.0
10.867082928178124 23.340295662392933 70.65034253012081 126.0 137.0 42.0
10.866960800899347 23.770203555670168 70.65372002615186 115.0 129.0 34.0
10.866838673620572 24.2001114489474 70.65709752218288 110.0 128.0 34.0
10.866716546341795 24.630019342224635 70.6604750182139 120.0 133.0 46.0
11.29624774485518 22.05044985528246 70.67126010579014 100.0 106.0 42.0
11.296125617576402 22.48035774855969 70.67463760182119 119.0 125.0 44.0
11.296003490297627 22.910265641836922 70.67801509785218 127.0 133.0 42.0
11.295881363018852 23.340173535114157 70.68139259388323 132.0 140.0 44.0
11.295759235740075 23.77008142839139 70.68477008991425 136.0 148.0 46.0
11.2956371084613 24.199989321668625 70.68814758594527 135.0 149.0 48.0
11.295514981182523 24.62989721494586 70.69152508197632 135.0 147.0 49.0
11.295392853903747 25.05980510822309 70.69490257800734 88.0 94.0 38.0
11.724924052417132 22.480235621280915 70.70568766558358 100.0 103.0 38.0
11.724801925138358 22.91014351455815 70.7090651616146 121.0 126.0 38.0
11.724679797859583 23.340051407835382 70.71244265764565 133.0 140.0 44.0
11.724557670580806 23.769959301112614 70.71582015367667 149.0 157.0 54.0
11.72443554330203 24.19986719438985 70.7191976497077 148.0 159.0 54.0
11.724313416023252 24.62977508766708 70.72257514573872 141.0 152.0 48.0
11.724191288744478 25.059682980944313 70.72595264176977 133.0 143.0 45.0
12.153478232700314 23.339929280556607 70.74349272140805 86.0 88.0 33.0
12.153356105421535 23.76983717383384 70.74687021743907 134.0 142.0 45.0
12.15323397814276 24.199745067111074 70.75024771347009 135.0 144.0 42.0
12.153111850863983 24.629652960388306 70.75362520950114 126.0 135.0 39.0
12.152989723585208 25.05956085366554 70.75700270553216 105.0 118.0 30.0
12.58227666754104 23.339807153277828 70.77454278517047 93.0 97.0 38.0
12.582154540262263 23.769715046555064 70.77792028120149 97.0 100.0 40.0
12.582032412983487 24.199622939832295 70.78129777723251 124.0 128.0 44.0
12.58191028570471 24.62953083310953 70.78467527326356 104.0 113.0 31.0
9.978802376570583 22.047438741087753 71.0068950648492 101.0 110.0 45.0
9.978680249291804 22.477346634364988 71.01027256088022 109.0 121.0 41.0
9.97855812201303 22.90725452764222 71.01365005691127 111.0 123.0 37.0
9.978435994734255 23.337162420919455 71.0170275529423 108.0 119.0 41.0
9.978313867455478 23.76707031419669 71.02040504897332 71.0 81.0 27.0
10.407722938690087 21.617408720531746 71.0345676325806 93.0 100.0 50.0
10.407600811411312 22.04731661380898 71.0379451286116 111.0 121.0 50.0
10.407478684132535 22.477224507086213 71.04132262464265 116.0 126.0 44.0
10.40735655685376 22.907132400363444 71.04470012067367 117.0 127.0 38.0
10.407234429574986 23.33704029364068 71.04807761670469 112.0 125.0 38.0
10.407112302296207 23.76694818691791 71.05145511273574 106.0 123.0 37.0
10.406990175017434 24.196856080195143 71.05483260876676 106.0 123.0 42.0
10.406868047738655 24.626763973472382 71.05821010479778 114.0 126.0 49.0
10.40674592045988 25.056671866749614 71.06158760082883 110.0 120.0 55.0
10.836521373530818 21.61728659325297 71.065617696343 82.0 88.0 40.0
10.836399246252043 22.047194486530202 71.06899519237402 113.0 121.0 48.0
10.836277118973266 22.477102379807434 71.07237268840507 125.0 132.0 48.0
10.83615499169449 22.90701027308467 71.07575018443609 133.0 140.0 48.0
10.836032864415715 23.336918166361905 71.07912768046711 123.0 134.0 40.0
10.835910737136938 23.766826059639136 71.08250517649813 134.0 146.0 51.0
10.835788609858163 24.19673395291637 71.08588267252918 135.0 149.0 54.0
10.835666482579386 24.626641846193603 71.0892601685602 136.0 147.0 57.0
10.83554435530061 25.056549739470835 71.09263766459122 111.0 120.0 50.0
11.26519768109277 22.047072359251427 71.10004525613644 95.0 102.0 36.0
11.265075553813992 22.47698025252866 71.10342275216746 124.0 129.0 46.0
11.264953426535218 22.906888145805894 71.10680024819848 132.0 138.0 45.0
11.264831299256443 23.336796039083126 71.11017774422953 133.0 142.0 45.0
11.264709171977666 23.76670393236036 71.11355524026055 140.0 151.0 49.0
11.26458704469889 24.196611825637596 71.11693273629157 142.0 155.0 51.0
11.264464917420113 24.626519718914828 71.1203102323226 141.0 152.0 53.0
11.264342790141338 25.05642761219206 71.12368772835364 84.0 89.0 34.0
11.693873988654722 22.476858125249887 71.13447281592988 107.0 111.0 37.0
11.693751861375947 22.90676601852712 71.1378503119609 123.0 129.0 38.0
11.693629734097174 23.33667391180435 71.14122780799192 143.0 149.0 48.0
11.693507606818395 23.766581805081586 71.14460530402297 150.0 159.0 52.0
11.693385479539621 24.196489698358818 71.147982800054 152.0 163.0 54.0
11.693263352260843 24.62639759163605 71.15136029608502 137.0 148.0 42.0
11.69314122498207 25.056305484913285 71.15473779211604 137.0 146.0 44.0
11.693019097703294 25.48621337819052 71.15811528814709 76.0 83.0 22.0
12.122550296216678 22.90664389124834 71.1689003757233 126.0 130.0 48.0
12.122428168937903 23.336551784525575 71.17227787175435 134.0 140.0 48.0
12.122306041659126 23.76645967780281 71.17565536778537 137.0 143.0 45.0
12.12218391438035 24.196367571080042 71.17903286381639 134.0 143.0 41.0
12.122061787101574 24.626275464357278 71.18241035984744 129.0 137.0 39.0
12.121939659822798 25.05618335763451 71.18578785587846 112.0 123.0 32.0
12.55122660377863 23.3364296572468 71.20332793551674 123.0 127.0 51.0
12.551104476499853 23.76633755052403 71.20670543154779 116.0 120.0 46.0
12.550982349221078 24.196245443801264 71.21008292757881 136.0 140.0 48.0
12.550860221942301 24.626153337078502 71.21346042360983 112.0 120.0 34.0
12.550738094663526 25.056061230355734 71.21683791964088 87.0 98.0 25.0
12.97965865678303 24.626031209799724 71.24451048737225 81.0 88.0 26.0
9.518709623409894 22.903999158889967 71.41138514349515 85.0 96.0 32.0
9.947752312808174 22.044061245056724 71.4356802151955 108.0 115.0 51.0
9.947630185529396 22.473969138333956 71.43905771122652 110.0 122.0 42.0
9.947508058250621 22.90387703161119 71.44243520725755 108.0 121.0 35.0
9.947385930971848 23.333784924888427 71.4458127032886 108.0 121.0 39.0
9.947263803693069 23.76369281816566 71.44919019931962 100.0 113.0 41.0
9.947141676414295 24.19360071144289 71.45256769535064 84.0 93.0 40.0
10.37667287492768 21.614031224500717 71.46335278292688 98.0 105.0 51.0
10.376550747648905 22.04393911777795 71.4667302789579 118.0 128.0 53.0
10.376428620370127 22.47384701105518 71.47010777498895 121.0 130.0 46.0
10.376306493091352 22.903754904332416 71.47348527101997 119.0 129.0 39.0
10.376184365812577 23.333662797609648 71.47686276705099 122.0 133.0 46.0
10.3760622385338 23.76357069088688 71.48024026308201 114.0 126.0 44.0
10.375940111255025 24.193478584164115 71.48361775911306 115.0 127.0 50.0
10.375817983976248 24.62338647744135 71.48699525514408 125.0 135.0 56.0
10.375695856697472 25.053294370718582 71.4903727511751 119.0 127.0 54.0
10.805471309768409 21.61390909722194 71.4944028466893 77.0 83.0 36.0
10.805349182489635 22.04381699049917 71.49778034272032 117.0 124.0 49.0
10.805227055210857 22.473724883776406 71.50115783875134 129.0 134.0 50.0
10.805104927932081 22.90363277705364 71.50453533478239 131.0 139.0 44.0
10.804982800653308 23.333540670330873 71.50791283081341 136.0 145.0 50.0
10.80486067337453 23.763448563608108 71.51129032684443 135.0 144.0 50.0
10.804738546095756 24.19335645688534 71.51466782287545 143.0 152.0 61.0
10.804616418816977 24.62326435016257 71.5180453189065 143.0 151.0 61.0
10.804494291538203 25.053172243439807 71.52142281493752 134.0 142.0 55.0
11.234147617330361 22.043694863220395 71.52883040648271 108.0 112.0 44.0
11.234025490051584 22.47360275649763 71.53220790251376 131.0 137.0 50.0
11.233903362772809 22.903510649774862 71.53558539854478 133.0 139.0 44.0
11.233781235494035 23.333418543052094 71.5389628945758 137.0 145.0 45.0
11.233659108215257 23.76332643632933 71.54234039060685 149.0 156.0 53.0
11.233536980936483 24.193234329606565 71.54571788663787 147.0 156.0 52.0
11.233414853657704 24.623142222883796 71.5490953826689 147.0 155.0 54.0
11.23329272637893 25.05305011616103 71.55247287869992 147.0 152.0 54.0
11.233170599100156 25.482958009438264 71.55585037473097 99.0 104.0 33.0
11.662823924892315 22.473480629218855 71.56325796627615 128.0 131.0 49.0
11.66270179761354 22.903388522496087 71.5666354623072 129.0 136.0 42.0
11.662579670334765 23.333296415773322 71.57001295833822 137.0 143.0 42.0
11.662457543055988 23.763204309050554 71.57339045436925 148.0 155.0 47.0
11.662335415777212 24.193112202327786 71.5767679504003 146.0 155.0 43.0
11.662213288498435 24.62302009560502 71.58014544643132 137.0 143.0 38.0
11.66209116121966 25.052927988882253 71.58352294246234 143.0 147.0 44.0
11.661969033940885 25.48283588215949 71.58690043849336 93.0 103.0 25.0
12.09150023245427 22.90326639521731 71.5976855260696 126.0 133.0 46.0
12.091378105175496 23.333174288494547 71.60106302210062 134.0 139.0 45.0
12.091255977896717 23.76308218177178 71.60444051813167 140.0 145.0 46.0
12.091133850617943 24.192990075049014 71.60781801416269 136.0 143.0 40.0
12.091011723339165 24.622897968326246 71.61119551019371 127.0 132.0 36.0
12.090889596060391 25.052805861603478 71.61457300622476 121.0 130.0 35.0
12.090767468781616 25.482713754880713 71.61795050225578 76.0 86.0 22.0
12.520298667294997 22.903144267938536 71.62873558983199 107.0 110.0 45.0
12.520176540016223 23.333052161215768 71.63211308586304 125.0 129.0 47.0
12.520054412737444 23.762960054493 71.63549058189406 126.0 128.0 46.0
12.51993228545867 24.192867947770235 71.63886807792508 127.0 129.0 42.0
12.519810158179892 24.62277584104747 71.64224557395613 106.0 113.0 31.0
12.519688030901118 25.052683734324702 71.64562306998715 95.0 102.0 30.0
9.916702249045764 22.040683749025696 71.8644653655418 91.0 99.0 42.0
9.916580121766987 22.470591642302928 71.86784286157283 113.0 123.0 43.0
9.916457994488212 22.900499535580163 71.87122035760385 120.0 131.0 42.0
9.916335867209437 23.3304074288574 71.87459785363487 116.0 128.0 43.0
9.91621373993066 23.76031532213463 71.87797534966592 120.0 131.0 53.0
9.916091612651885 24.190223215411866 71.88135284569694 104.0 113.0 52.0
9.915969485373108 24.620131108689097 71.88473034172796 91.0 100.0 42.0
10.345622811165269 21.61065372846969 71.89213793327318 99.0 106.0 52.0
10.345500683886495 22.04056162174692 71.8955154293042 117.0 126.0 50.0
10.345378556607717 22.470469515024156 71.89889292533522 124.0 132.0 47.0
10.345256429328943 22.900377408301388 71.90227042136627 133.0 141.0 47.0
10.345134302050168 23.33028530157862 71.90564791739729 129.0 137.0 51.0
10.34501217477139 23.760193194855855 71.90902541342831 121.0 128.0 54.0
10.344890047492616 24.190101088133087 71.91240290945933 126.0 132.0 68.0
10.344767920213837 24.620008981410322 71.91578040549038 130.0 138.0 60.0
10.344645792935063 25.049916874687558 71.9191579015214 91.0 102.0 30.0
10.774421246006 21.61053160119091 71.92318799703557 92.0 97.0 46.0
10.774299118727225 22.040439494468142 71.92656549306662 127.0 131.0 57.0
10.774176991448448 22.470347387745377 71.92994298909764 130.0 136.0 49.0
10.774054864169672 22.900255281022613 71.93332048512866 128.0 137.0 41.0
10.773932736890899 23.330163174299845 71.93669798115971 141.0 147.0 53.0
10.77381060961212 23.76007106757708 71.94007547719073 137.0 144.0 53.0
10.773688482333345 24.18997896085431 71.94345297322175 137.0 143.0 57.0
10.773566355054568 24.619886854131543 71.94683046925277 142.0 149.0 58.0
10.773444227775792 25.04979474740878 71.9502079652838 121.0 128.0 46.0
10.773322100497019 25.47970264068601 71.95358546131484 97.0 98.0 30.0
11.203097553567952 22.04031736718937 71.95761555682901 103.0 106.0 42.0
11.202975426289175 22.470225260466602 71.96099305286003 130.0 135.0 48.0
11.2028532990104 22.900133153743834 71.96437054889108 134.0 141.0 44.0
11.202731171731624 23.33004104702107 71.9677480449221 145.0 152.0 50.0
11.202609044452847 23.7599489402983 71.97112554095312 144.0 150.0 48.0
11.202486917174072 24.189856833575536 71.97450303698417 146.0 152.0 50.0
11.202364789895295 24.61976472685277 71.9778805330152 141.0 147.0 48.0
11.20224266261652 25.049672620130004 71.98125802904622 138.0 143.0 45.0
11.202120535337746 25.479580513407235 71.98463552507724 120.0 122.0 39.0
11.631773861129904 22.470103133187827 71.99204311662245 130.0 133.0 51.0
11.63165173385113 22.900011026465062 71.99542061265348 129.0 136.0 40.0
11.631529606572355 23.329918919742294 71.9987981086845 133.0 139.0 39.0
11.631407479293578 23.759826813019526 72.00217560471555 144.0 149.0 41.0
11.631285352014803 24.18973470629676 72.00555310074657 144.0 150.0 39.0
11.631163224736026 24.619642599573993 72.00893059677759 126.0 131.0 31.0
11.631041097457251 25.049550492851225 72.01230809280864 127.0 132.0 35.0
11.630918970178476 25.479458386128464 72.01568558883966 99.0 110.0 27.0
12.06045016869186 22.899888899186283 72.0264706764159 120.0 126.0 42.0
12.060328041413086 23.32979679246352 72.02984817244692 137.0 143.0 48.0
12.060205914134308 23.75970468574075 72.03322566847794 134.0 138.0 39.0
12.060083786855534 24.189612579017986 72.03660316450899 128.0 131.0 32.0
12.059961659576755 24.619520472295218 72.03998066054001 125.0 126.0 33.0
12.05983953229798 25.04942836557245 72.04335815657103 110.0 117.0 30.0
12.489248603532587 22.899766771907508 72.05752074017832 126.0 131.0 50.0
12.489126476253814 23.32967466518474 72.06089823620934 130.0 134.0 46.0
12.489004348975035 23.759582558461975 72.06427573224036 120.0 120.0 40.0
12.48888222169626 24.189490451739207 72.06765322827138 118.0 118.0 34.0
12.488760094417483 24.619398345016442 72.0710307243024 99.0 104.0 27.0
12.917924911094543 23.329552537905965 72.09194829997173 104.0 107.0 42.0
9.885652185283357 22.037306252994664 72.29325051588808 83.0 90.0 37.0
9.885530058004578 22.4672141462719 72.29662801191913 111.0 121.0 43.0
9.885407930725805 22.89712203954913 72.30000550795015 121.0 131.0 43.0
9.88528580344703 23.327029932826367 72.30338300398117 106.0 116.0 42.0
9.885163676168252 23.756937826103602 72.30676050001219 120.0 128.0 58.0
9.885041548889477 24.186845719380834 72.31013799604321 89.0 96.0 48.0
10.314572747402861 21.607276232438657 72.32092308361945 100.0 109.0 50.0
10.314450620124086 22.037184125715893 72.3243005796505 111.0 123.0 46.0
10.31432849284531 22.467092018993124 72.32767807568152 118.0 128.0 41.0
10.314206365566534 22.896999912270356 72.33105557171254 139.0 147.0 49.0
10.31408423828776 23.32690780554759 72.33443306774359 137.0 143.0 55.0
10.313962111008982 23.756815698824823 72.33781056377461 141.0 148.0 65.0
10.313839983730206 24.186723592102055 72.34118805980563 136.0 143.0 68.0
10.31371785645143 24.616631485379294 72.34456555583665 128.0 137.0 57.0
10.313595729172654 25.046539378656526 72.3479430518677 116.0 128.0 46.0
10.743371182243592 21.60715410515988 72.35197314738187 91.0 99.0 43.0
10.743249054964817 22.037061998437114 72.35535064341289 116.0 125.0 47.0
10.74312692768604 22.466969891714346 72.35872813944391 131.0 140.0 47.0
10.743004800407265 22.89687778499158 72.36210563547496 143.0 151.0 50.0
10.74288267312849 23.326785678268816 72.36548313150598 146.0 152.0 57.0
10.742760545849713 23.756693571546048 72.368860627537 140.0 147.0 54.0
10.742638418570937 24.18660146482328 72.37223812356805 141.0 148.0 56.0
10.74251629129216 24.616509358100515 72.37561561959907 140.0 147.0 55.0
10.742394164013385 25.046417251377747 72.3789931156301 130.0 136.0 55.0
11.172047489805545 22.03693987115834 72.38640070717531 120.0 127.0 50.0
11.171925362526766 22.46684776443557 72.38977820320633 137.0 143.0 53.0
11.171803235247992 22.896755657712806 72.39315569923735 138.0 145.0 47.0
11.171681107969217 23.326663550990038 72.3965331952684 146.0 153.0 51.0
11.17155898069044 23.75657144426727 72.39991069129943 136.0 145.0 42.0
11.171436853411665 24.186479337544508 72.40328818733045 136.0 146.0 41.0
11.171314726132888 24.61638723082174 72.4066656833615 137.0 143.0 44.0
11.171192598854113 25.04629512409897 72.41004317939252 132.0 139.0 44.0
11.171070471575337 25.476203017376207 72.41342067542354 108.0 116.0 39.0
11.600845924646274 22.03681774387956 72.41745077093773 108.0 111.0 46.0
11.600723797367497 22.466725637156795 72.42082826696875 125.0 129.0 47.0
11.600601670088722 22.89663353043403 72.42420576299978 136.0 141.0 47.0
11.600479542809948 23.326541423711262 72.4275832590308 146.0 149.0 45.0
11.60035741553117 23.756449316988498 72.43096075506182 136.0 141.0 35.0
11.600235288252396 24.18635721026573 72.43433825109287 136.0 141.0 32.0
11.600113160973617 24.61626510354296 72.43771574712389 124.0 129.0 29.0
11.599991033694842 25.046172996820196 72.44109324315491 121.0 126.0 31.0
11.599868906416068 25.476080890097432 72.44447073918596 99.0 111.0 27.0
12.029522232208228 22.46660350987802 72.45187833073115 125.0 130.0 51.0
12.029400104929453 22.89651140315525 72.4552558267622 129.0 136.0 47.0
12.029277977650677 23.326419296432487 72.45863332279322 149.0 152.0 59.0
12.0291558503719 23.756327189709722 72.46201081882424 133.0 135.0 38.0
12.029033723093125 24.186235082986954 72.46538831485526 127.0 129.0 31.0
12.028911595814348 24.616142976264186 72.46876581088631 119.0 122.0 31.0
12.028789468535573 25.04605086954142 72.47214330691733 125.0 124.0 34.0
12.028667341256797 25.475958762818653 72.47552080294835 69.0 82.0 17.0
12.45819853977018 22.896389275876476 72.48630589052459 143.0 148.0 65.0
12.458076412491405 23.32629716915371 72.48968338655561 125.0 130.0 47.0
12.457954285212628 23.756205062430944 72.49306088258666 118.0 118.0 38.0
12.457832157933852 24.186112955708175 72.49643837861768 109.0 109.0 31.0
12.457710030655075 24.616020848985414 72.4998158746487 96.0 100.0 29.0
12.886874847332136 23.326175041874937 72.52073345031803 102.0 103.0 43.0
9.854479994242169 22.46383665024087 72.7254131622654 119.0 129.0 48.0
9.854357866963394 22.893744543518103 72.72879065829642 123.0 134.0 45.0
9.85423573968462 23.32365243679534 72.73216815432747 111.0 122.0 44.0
9.854113612405841 23.753560330072574 72.73554565035849 73.0 80.0 33.0
10.283522683640452 21.60389873640763 72.74970823396575 104.0 110.0 54.0
10.283400556361677 22.033806629684864 72.75308572999677 126.0 133.0 55.0
10.2832784290829 22.463714522962096 72.75646322602782 138.0 146.0 51.0
10.283156301804125 22.893622416239328 72.75984072205884 148.0 156.0 51.0
10.28303417452535 23.323530309516563 72.76321821808986 135.0 145.0 48.0
10.282912047246572 23.753438202793795 72.76659571412091 128.0 138.0 50.0
10.282789919967797 24.18334609607103 72.76997321015193 130.0 138.0 60.0
10.28266779268902 24.613253989348266 72.77335070618295 132.0 141.0 64.0
10.282545665410245 25.043161882625498 72.776728202214 106.0 119.0 45.0
10.712321118481182 21.603776609128854 72.78075829772817 99.0 106.0 49.0
10.712198991202408 22.033684502406086 72.78413579375919 120.0 129.0 49.0
10.71207686392363 22.463592395683317 72.78751328979021 137.0 144.0 51.0
10.711954736644856 22.893500288960556 72.79089078582123 145.0 152.0 48.0
10.71183260936608 23.323408182237788 72.79426828185228 148.0 157.0 54.0
10.711710482087303 23.75331607551502 72.7976457778833 146.0 155.0 55.0
10.711588354808528 24.183223968792255 72.80102327391432 146.0 153.0 58.0
10.71146622752975 24.613131862069487 72.80440076994537 144.0 151.0 62.0
10.711344100250976 25.04303975534672 72.8077782659764 130.0 141.0 54.0
10.7112219729722 25.472947648623954 72.81115576200742 88.0 94.0 38.0
11.141119553321909 21.60365448185008 72.81180836149056 91.0 96.0 46.0
11.140997426043135 22.03356237512731 72.81518585752161 126.0 133.0 55.0
11.140875298764357 22.463470268404546 72.81856335355263 142.0 148.0 58.0
11.140753171485581 22.893378161681778 72.82194084958365 150.0 155.0 55.0
11.140631044206808 23.32328605495901 72.82531834561468 146.0 153.0 49.0
11.14050891692803 23.753193948236245 72.82869584164573 142.0 151.0 46.0
11.140386789649256 24.18310184151348 72.83207333767675 145.0 153.0 45.0
11.140264662370477 24.61300973479071 72.83545083370777 142.0 150.0 49.0
11.140142535091703 25.042917628067947 72.83882832973882 136.0 144.0 49.0
11.140020407812928 25.47282552134518 72.84220582576984 104.0 111.0 38.0
11.569795860883865 22.03344024784853 72.846235921284 112.0 117.0 51.0
11.569673733605088 22.46334814112577 72.84961341731503 125.0 130.0 48.0
11.569551606326312 22.893256034403002 72.85299091334608 136.0 141.0 50.0
11.569429479047537 23.323163927680234 72.8563684093771 151.0 155.0 53.0
11.56930735176876 23.75307182095747 72.85974590540812 136.0 141.0 36.0
11.569185224489985 24.1829797142347 72.86312340143914 132.0 135.0 29.0
11.569063097211208 24.612887607511933 72.86650089747019 125.0 127.0 28.0
11.568940969932433 25.04279550078917 72.86987839350121 120.0 124.0 30.0
11.56881884265366 25.472703394066404 72.87325588953223 106.0 118.0 32.0
11.56869671537488 25.902611287343635 72.87663338556328 80.0 92.0 24.0
11.998472168445817 22.46322601384699 72.88066348107745 111.0 119.0 44.0
11.998350041167043 22.893133907124223 72.88404097710847 129.0 135.0 52.0
11.998227913888268 23.323041800401462 72.88741847313952 142.0 148.0 56.0
11.998105786609491 23.752949693678694 72.89079596917054 93.0 99.0 30.0
11.997983659330716 24.182857586955926 72.89417346520156 101.0 105.0 24.0
11.997861532051939 24.61276548023316 72.89755096123258 107.0 112.0 27.0
11.997739404773164 25.042673373510393 72.9009284572636 110.0 115.0 32.0
11.997617277494388 25.472581266787625 72.90430595329465 78.0 94.0 22.0
12.42714847600777 22.89301177984545 72.91509104087089 134.0 139.0 67.0
12.427026348728996 23.322919673122684 72.91846853690191 136.0 142.0 57.0
12.426904221450217 23.752827566399915 72.92184603293293 118.0 120.0 40.0
12.426782094171443 24.18273545967715 72.92522352896398 103.0 106.0 29.0
12.426659966892664 24.612643352954386 72.928601024995 78.0 87.0 23.0
12.855824783569725 23.32279754584391 72.94951860066433 104.0 109.0 48.0
9.823552057758539 22.030551260932608 73.15082081658065 76.0 82.0 35.0
9.823429930479762 22.46045915420984 73.1541983126117 111.0 123.0 45.0
9.823307803200986 22.890367047487075 73.15757580864272 110.0 123.0 38.0
9.823185675922211 23.32027494076431 73.16095330467374 110.0 123.0 43.0
9.823063548643434 23.750182834041542 73.16433080070479 106.0 116.0 49.0
10.25235049259927 22.030429133653833 73.18187088034307 119.0 128.0 51.0
10.25222836532049 22.460337026931064 73.18524837637409 128.0 139.0 43.0
10.252106238041717 22.8902449202083 73.18862587240514 133.0 146.0 38.0
10.251984110762942 23.32015281348553 73.19200336843616 132.0 144.0 43.0
10.251861983484165 23.750060706762767 73.19538086446718 124.0 136.0 44.0
10.25173985620539 24.17996860004 73.19875836049823 124.0 134.0 49.0
10.251617728926611 24.609876493317234 73.20213585652925 132.0 141.0 59.0
10.251495601647838 25.039784386594466 73.20551335256027 88.0 95.0 42.0
10.251373474369062 25.4696922798717 73.20889084859132 79.0 87.0 38.0
10.681271054718774 21.600399113097822 73.20954344807444 110.0 118.0 56.0
10.681148927439999 22.030307006375054 73.21292094410549 132.0 141.0 59.0
10.681026800161222 22.46021489965229 73.21629844013651 146.0 154.0 58.0
10.680904672882447 22.890122792929525 73.21967593616753 142.0 151.0 46.0
10.680782545603673 23.320030686206756 73.22305343219855 145.0 154.0 51.0
10.680660418324894 23.74993857948399 73.2264309282296 139.0 149.0 46.0
10.680538291046119 24.179846472761223 73.22980842426063 144.0 152.0 53.0
10.680416163767342 24.609754366038455 73.23318592029165 142.0 150.0 57.0
10.680294036488567 25.03966225931569 73.2365634163227 134.0 140.0 63.0
10.680171909209793 25.469570152592922 73.23994091235372 112.0 120.0 50.0
11.110069489559502 21.600276985819047 73.24059351183686 108.0 113.0 58.0
11.109947362280726 22.030184879096282 73.24397100786788 136.0 141.0 63.0
11.10982523500195 22.460092772373514 73.24734850389893 146.0 152.0 60.0
11.109703107723174 22.890000665650746 73.25072599992995 145.0 152.0 51.0
11.109580980444399 23.31990855892798 73.25410349596098 144.0 151.0 48.0
11.109458853165622 23.749816452205213 73.257480991992 139.0 149.0 43.0
11.109336725886847 24.179724345482448 73.26085848802302 137.0 148.0 40.0
11.10921459860807 24.609632238759684 73.26423598405407 139.0 147.0 47.0
11.109092471329294 25.039540132036915 73.26761348008509 139.0 147.0 52.0
11.10897034405052 25.469448025314147 73.27099097611611 116.0 125.0 43.0
11.108848216771742 25.899355918591382 73.27436847214716 80.0 88.0 30.0
11.538745797121457 22.030062751817503 73.2750210716303 120.0 125.0 58.0
11.538623669842679 22.45997064509474 73.27839856766133 136.0 142.0 55.0
11.538501542563905 22.88987853837197 73.28177606369235 137.0 144.0 50.0
11.53837941528513 23.319786431649206 73.2851535597234 146.0 152.0 50.0
11.538257288006353 23.749694324926438 73.28853105575442 134.0 137.0 35.0
11.538135160727577 24.17960221820367 73.29190855178544 125.0 128.0 26.0
11.5380130334488 24.609510111480905 73.29528604781646 128.0 132.0 33.0
11.537890906170025 25.039418004758137 73.29866354384751 120.0 127.0 33.0
11.53776877889125 25.469325898035372 73.30204103987853 95.0 107.0 28.0
11.96742210468341 22.45984851781596 73.30944863142375 111.0 117.0 49.0
11.967299977404634 22.889756411093195 73.31282612745477 136.0 142.0 57.0
11.96717785012586 23.31966430437043 73.31620362348579 140.0 146.0 55.0
11.967055722847082 23.749572197647662 73.31958111951684 133.0 135.0 41.0
11.966933595568308 24.179480090924898 73.32295861554786 117.0 118.0 29.0
11.96681146828953 24.60938798420213 73.32633611157888 101.0 108.0 27.0
11.966689341010754 25.03929587747936 73.32971360760993 104.0 110.0 31.0
12.396098412245362 22.88963428381442 73.34387619121716 123.0 128.0 62.0
12.395976284966586 23.319542177091652 73.34725368724821 116.0 121.0 53.0
12.39585415768781 23.749450070368887 73.35063118327923 82.0 85.0 29.0
9.79237986671735 22.45708165817881 73.58298346295797 108.0 118.0 47.0
9.792257739438577 22.886989551456043 73.58636095898902 107.0 118.0 40.0
9.792135612159802 23.31689744473328 73.58973845502004 91.0 101.0 38.0
9.792013484881025 23.746805338010514 73.59311595105106 89.0 98.0 40.0
9.79189135760225 24.176713231287746 73.59649344708211 74.0 81.0 34.0
10.221300428836859 22.0270516376228 73.61065603068937 125.0 132.0 58.0
10.221178301558082 22.456959530900036 73.61403352672039 125.0 136.0 43.0
10.221056174279306 22.886867424177268 73.61741102275141 126.0 139.0 36.0
10.220934047000533 23.3167753174545 73.62078851878243 125.0 137.0 40.0
10.220811919721754 23.746683210731735 73.62416601481348 139.0 149.0 52.0
10.22068979244298 24.176591104008967 73.6275435108445 145.0 156.0 61.0
10.220567665164202 24.606498997286202 73.63092100687552 141.0 151.0 65.0
10.220445537885428 25.036406890563438 73.63429850290657 125.0 133.0 62.0
10.220323410606653 25.46631478384067 73.6376759989376 91.0 97.0 48.0
10.650220990956365 21.59702161706679 73.63832859842074 117.0 123.0 65.0
10.65009886367759 22.026929510344026 73.64170609445176 134.0 141.0 63.0
10.649976736398813 22.456837403621257 73.64508359048281 139.0 147.0 54.0
10.649854609120037 22.886745296898493 73.64846108651383 135.0 144.0 43.0
10.649732481841262 23.316653190175728 73.65183858254485 136.0 145.0 44.0
10.649610354562485 23.74656108345296 73.65521607857588 142.0 153.0 49.0
10.64948822728371 24.17646897673019 73.65859357460693 146.0 156.0 52.0
10.649366100004933 24.606376870007427 73.66197107063795 149.0 157.0 64.0
10.649243972726158 25.03628476328466 73.66534856666897 143.0 150.0 66.0
10.649121845447382 25.46619265656189 73.66872606270002 109.0 115.0 52.0
11.079019425797092 21.59689948978802 73.66937866218316 100.0 103.0 58.0
11.078897298518317 22.02680738306525 73.67275615821418 136.0 140.0 66.0
11.07877517123954 22.456715276342482 73.6761336542452 146.0 152.0 63.0
11.078653043960765 22.886623169619718 73.67951115027626 146.0 153.0 53.0
11.07853091668199 23.31653106289695 73.68288864630728 141.0 149.0 47.0
11.078408789403213 23.74643895617418 73.6862661423383 135.0 145.0 41.0
11.078286662124437 24.17634684945142 73.68964363836935 137.0 147.0 41.0
11.07816453484566 24.60625474272865 73.69302113440034 143.0 152.0 52.0
11.078042407566885 25.036162636005884 73.69639863043139 135.0 144.0 49.0
11.07792028028811 25.46607052928312 73.69977612646241 117.0 125.0 46.0
11.507695733359048 22.02668525578647 73.70380622197658 114.0 116.0 57.0
11.50757360608027 22.456593149063707 73.70718371800763 142.0 148.0 61.0
11.507451478801494 22.886501042340942 73.71056121403865 147.0 153.0 56.0
11.50732935152272 23.316408935618174 73.71393871006967 146.0 153.0 52.0
11.507207224243942 23.746316828895406 73.71731620610072 131.0 137.0 38.0
11.507085096965168 24.17622472217264 73.72069370213174 120.0 125.0 29.0
11.50696296968639 24.606132615449873 73.72407119816276 124.0 129.0 33.0
11.506840842407616 25.03604050872711 73.72744869419381 117.0 125.0 32.0
11.50671871512884 25.465948402004344 73.73082619022483 93.0 104.0 27.0
11.936372040921 22.45647102178493 73.73823378177002 78.0 82.0 36.0
11.936249913642225 22.886378915062163 73.74161127780104 148.0 153.0 71.0
11.93612778636345 23.3162868083394 73.74498877383209 142.0 147.0 60.0
11.936005659084673 23.746194701616634 73.74836626986311 121.0 123.0 39.0
11.935883531805898 24.176102594893866 73.75174376589413 96.0 102.0 25.0
11.93576140452712 24.606010488171098 73.75512126192518 88.0 97.0 24.0
12.365048348482953 22.88625678778339 73.77266134156346 94.0 97.0 52.0
12.364926221204177 23.316164681060624 73.77603883759448 82.0 85.0 42.0
9.761329802954943 22.453704162147783 74.01176861330427 85.0 94.0 38.0
10.190250365074451 22.023674141591776 74.03944118103567 121.0 127.0 61.0
10.190128237795674 22.453582034869008 74.04281867706669 130.0 139.0 51.0
10.190006110516899 22.88348992814624 74.04619617309771 128.0 140.0 43.0
10.189883983238124 23.313397821423475 74.04957366912876 129.0 141.0 45.0
10.189761855959347 23.743305714700707 74.05295116515975 134.0 145.0 54.0
10.189639728680572 24.17321360797794 74.0563286611908 137.0 145.0 61.0
10.189517601401795 24.603121501255178 74.05970615722183 139.0 148.0 66.0
10.18939547412302 25.03302939453241 74.06308365325285 129.0 136.0 65.0
10.189273346844244 25.46293728780964 74.0664611492839 84.0 91.0 44.0
10.619170927193956 21.593644121035766 74.06711374876704 100.0 105.0 56.0
10.619048799915182 22.023552014312997 74.07049124479806 132.0 139.0 64.0
10.618926672636404 22.45345990759023 74.07386874082908 137.0 145.0 56.0
10.61880454535763 22.883367800867468 74.07724623686013 139.0 148.0 49.0
10.618682418078855 23.3132756941447 74.08062373289115 140.0 149.0 50.0
10.618560290800076 23.74318358742193 74.08400122892218 144.0 153.0 52.0
10.618438163521303 24.173091480699167 74.08737872495323 148.0 158.0 57.0
10.618316036242524 24.6029993739764 74.09075622098425 149.0 157.0 66.0
10.61819390896375 25.03290726725363 74.09413371701527 140.0 148.0 66.0
10.618071781684975 25.462815160530866 74.09751121304629 107.0 112.0 55.0
11.04784723475591 22.023429887034222 74.10154130856046 138.0 143.0 71.0
11.047725107477131 22.453337780311454 74.1049188045915 146.0 152.0 65.0
11.047602980198356 22.88324567358869 74.10829630062253 147.0 154.0 56.0
11.047480852919582 23.31315356686592 74.11167379665355 145.0 152.0 52.0
11.047358725640803 23.743061460143156 74.1150512926846 135.0 145.0 44.0
11.04723659836203 24.17296935342039 74.11842878871562 136.0 146.0 44.0
11.047114471083251 24.602877246697624 74.12180628474664 142.0 151.0 53.0
11.046992343804478 25.032785139974855 74.12518378077769 137.0 146.0 55.0
11.046870216525702 25.46269303325209 74.12856127680871 102.0 108.0 45.0
11.476645669596639 22.023307759755443 74.13259137232288 102.0 103.0 55.0
11.476523542317862 22.453215653032682 74.1359688683539 145.0 148.0 68.0
11.476401415039087 22.883123546309914 74.13934636438495 152.0 156.0 65.0
11.476279287760311 23.313031439587146 74.14272386041597 149.0 155.0 58.0
11.476157160481534 23.74293933286438 74.14610135644699 129.0 135.0 39.0
11.47603503320276 24.172847226141613 74.14947885247804 120.0 124.0 32.0
11.475912905923982 24.602755119418845 74.15285634850906 122.0 128.0 35.0
11.475790778645207 25.03266301269608 74.15623384454008 120.0 130.0 39.0
11.475668651366433 25.462570905973315 74.15961134057113 81.0 88.0 29.0
11.905321977158591 22.453093525753903 74.16701893211632 94.0 96.0 49.0
11.905199849879818 22.883001419031135 74.17039642814734 155.0 159.0 80.0
11.905077722601042 23.31290931230837 74.17377392417836 132.0 136.0 61.0
11.904955595322265 23.742817205585606 74.17715142020941 82.0 89.0 30.0
11.90483346804349 24.172725098862838 74.18052891624043 86.0 94.0 26.0
11.904711340764711 24.602632992140073 74.18390641227145 85.0 92.0 26.0
10.159200301312042 22.020296645560745 74.46822633138194 104.0 109.0 55.0
10.159078174033263 22.450204538837976 74.47160382741296 128.0 135.0 52.0
10.15895604675449 22.88011243211521 74.47498132344401 136.0 144.0 49.0
10.158833919475715 23.310020325392443 74.47835881947503 139.0 147.0 56.0
10.158711792196938 23.739928218669675 74.48173631550605 119.0 128.0 52.0
10.158589664918162 24.16983611194691 74.4851138115371 101.0 106.0 50.0
10.158467537639385 24.599744005224146 74.48849130756813 120.0 128.0 63.0
10.15834541036061 25.029651898501378 74.49186880359915 91.0 97.0 50.0
10.587998736152771 22.020174518281966 74.49927639514436 122.0 129.0 62.0
10.587876608873994 22.4500824115592 74.50265389117538 138.0 146.0 59.0
10.58775448159522 22.879990304836436 74.5060313872064 139.0 147.0 49.0
10.587632354316446 23.309898198113668 74.50940888323746 146.0 153.0 57.0
10.587510227037667 23.739806091390903 74.51278637926848 146.0 153.0 59.0
10.587388099758893 24.169713984668135 74.5161638752995 154.0 162.0 71.0
10.587265972480115 24.599621877945367 74.51954137133055 147.0 154.0 71.0
10.58714384520134 25.029529771222602 74.52291886736157 116.0 122.0 57.0
11.016797170993499 22.02005239100319 74.53032645890676 121.0 124.0 66.0
11.016675043714722 22.449960284280426 74.53370395493778 145.0 151.0 68.0
11.016552916435947 22.879868177557658 74.53708145096883 146.0 152.0 58.0
11.016430789157173 23.309776070834893 74.54045894699985 153.0 160.0 63.0
11.016308661878394 23.739683964112125 74.54383644303087 145.0 153.0 56.0
11.016186534599619 24.16959185738936 74.54721393906192 141.0 150.0 53.0
11.016064407320842 24.599499750666592 74.55059143509294 140.0 147.0 58.0
11.015942280042067 25.029407643943827 74.55396893112396 123.0 131.0 53.0
11.015820152763293 25.45931553722106 74.55734642715501 107.0 110.0 59.0
11.44559560583423 22.019930263724415 74.56137652266918 106.0 106.0 61.0
11.445473478555451 22.44983815700165 74.5647540187002 154.0 157.0 77.0
11.445351351276678 22.879746050278882 74.56813151473122 160.0 164.0 74.0
11.445229223997902 23.309653943556118 74.57150901076227 154.0 160.0 65.0
11.445107096719125 23.73956183683335 74.57488650679329 131.0 139.0 45.0
11.44498496944035 24.16946973011058 74.57826400282431 117.0 122.0 35.0
11.444862842161573 24.599377623387817 74.58164149885536 121.0 127.0 41.0
11.874271913396182 22.44971602972287 74.59580408246262 124.0 123.0 74.0
11.874149786117407 22.879623923000107 74.59918157849364 152.0 151.0 84.0
11.874027658838633 23.309531816277342 74.60255907452466 101.0 104.0 49.0
11.873905531559855 23.739439709554574 74.60593657055568 83.0 91.0 30.0
11.873783404281081 24.16934760283181 74.60931406658673 78.0 87.0 27.0
11.873661277002302 24.59925549610904 74.61269156261775 79.0 83.0 31.0
10.128028110270854 22.44682704280695 74.90038897775926 129.0 137.0 58.0
10.127905982992079 22.876734936084183 74.90376647379028 140.0 148.0 54.0
10.127783855713306 23.306642829361415 74.90714396982133 79.0 80.0 39.0
10.127661728434527 23.73655072263865 74.91052146585236 90.0 92.0 50.0
10.556948672390362 22.016797022250937 74.92806154549064 92.0 94.0 55.0
10.556826545111585 22.446704915528173 74.93143904152168 142.0 148.0 68.0
10.55670441783281 22.876612808805408 74.9348165375527 149.0 154.0 61.0
10.556582290554035 23.30652070208264 74.93819403358373 165.0 167.0 80.0
10.556460163275258 23.736428595359875 74.94157152961478 168.0 171.0 86.0
10.556338035996482 24.166336488637107 74.9449490256458 170.0 174.0 91.0
10.556215908717705 24.59624438191434 74.94832652167682 156.0 160.0 93.0
10.55609378143893 25.026152275191574 74.95170401770787 133.0 137.0 82.0
10.98574710723109 22.016674894972166 74.95911160925306 107.0 107.0 63.0
10.985624979952313 22.446582788249398 74.96248910528408 148.0 151.0 73.0
10.985502852673537 22.87649068152663 74.9658666013151 155.0 159.0 70.0
10.985380725394762 23.306398574803865 74.96924409734615 169.0 173.0 83.0
10.985258598115985 23.736306468081096 74.97262159337717 159.0 162.0 76.0
10.98513647083721 24.166214361358332 74.97599908940819 156.0 160.0 75.0
10.985014343558433 24.596122254635567 74.97937658543924 142.0 147.0 72.0
10.984892216279658 25.0260301479128 74.98275408147026 128.0 132.0 73.0
11.41454554207182 22.016552767693387 74.99016167301548 86.0 85.0 52.0
11.414423414793042 22.446460660970622 74.9935391690465 148.0 148.0 79.0
11.414301287514268 22.876368554247858 74.99691666507752 168.0 171.0 85.0
11.414179160235493 23.30627644752509 75.00029416110857 166.0 169.0 83.0
11.414057032956714 23.73618434080232 75.00367165713956 149.0 151.0 66.0
11.413934905677941 24.166092234079557 75.00704915317061 136.0 139.0 53.0
11.413812778399162 24.59600012735679 75.01042664920163 125.0 128.0 50.0
11.842977595076222 23.306154320246314 75.03134422487096 84.0 84.0 48.0
11.842855467797445 23.736062213523546 75.03472172090198 83.0 87.0 38.0
11.84273334051867 24.16597010680078 75.03809921693303 75.0 80.0 33.0
10.096855919229672 22.87335744005315 75.33255162413658 125.0 128.0 58.0
10.096733791950896 23.303265333330387 75.3359291201676 157.0 163.0 77.0
10.09661166467212 23.73317322660762 75.33930661619866 100.0 100.0 61.0
10.525776481349176 22.44332741949714 75.36022419186799 131.0 136.0 68.0
10.525654354070403 22.873235312774376 75.36360168789898 150.0 153.0 67.0
10.525532226791627 23.30314320605161 75.36697918393003 163.0 165.0 82.0
10.52541009951285 23.733051099328843 75.37035667996105 164.0 169.0 89.0
10.525287972234075 24.162958992606075 75.37373417599207 160.0 165.0 92.0
10.525165844955298 24.59286688588331 75.37711167202312 134.0 139.0 84.0
10.954574916189904 22.443205292218366 75.39127425563038 139.0 140.0 79.0
10.95445278891113 22.8731131854956 75.3946517516614 159.0 160.0 81.0
10.954330661632355 23.303021078772833 75.39802924769245 168.0 169.0 86.0
10.954208534353576 23.732928972050065 75.40140674372347 154.0 157.0 76.0
10.954086407074803 24.162836865327304 75.40478423975449 149.0 156.0 74.0
10.953964279796024 24.592744758604535 75.40816173578551 138.0 142.0 77.0
11.383373351030635 22.443083164939594 75.42232431939277 86.0 85.0 53.0
11.38325122375186 22.872991058216826 75.42570181542382 92.0 90.0 54.0
11.383129096473084 23.302898951494058 75.42907931145484 132.0 133.0 73.0
11.383006969194307 23.732806844771293 75.43245680748586 141.0 144.0 66.0
11.382884841915532 24.162714738048525 75.43583430351691 142.0 146.0 64.0
11.382762714636755 24.592622631325757 75.43921179954793 117.0 119.0 59.0
10.065805855467262 22.869979944022123 75.76133677448288 137.0 141.0 71.0
10.065683728188487 23.299887837299355 75.7647142705139 174.0 176.0 109.0
10.494726417586767 22.439949923466113 75.78900934221426 110.0 111.0 68.0
10.494604290307992 22.869857816743348 75.79238683824528 181.0 184.0 103.0
10.494482163029218 23.29976571002058 75.79576433427633 186.0 187.0 117.0
10.923524852427494 22.439827796187338 75.82005940597668 97.0 96.0 62.0
10.92340272514872 22.86973568946457 75.8234369020077 179.0 179.0 105.0
10.923280597869946 23.2996435827418 75.82681439803872 174.0 175.0 108.0
10.463554226545584 22.86648032071232 76.22117198859158 116.0 116.0 75.0
