21.58923229340821 26.39406418095342 96.92139012089639 73.0 90.0 29.0
21.14092127798585 25.968743126459856 97.33045352422216 99.0 114.0 34.0
21.14098485410986 26.39660342211168 97.32785070693987 87.0 104.0 32.0
21.56827925143383 25.968806702583866 97.35134299007251 90.0 108.0 31.0
21.568342827557835 26.396666998235695 97.34874017279024 75.0 93.0 27.0
22.423058774453793 26.396794150483718 97.39051910449099 75.0 88.0 31.0
22.423122350577803 26.824654446135547 97.38791628720872 89.0 104.0 40.0
20.6926738386875 25.971282367618112 97.73691411026563 114.0 127.0 40.0
20.692737414811507 26.399142663269945 97.73431129298336 104.0 117.0 40.0
20.69280099093552 26.82700295892177 97.73170847570108 77.0 91.0 31.0
21.119968236011466 25.543485648090293 97.76040639339828 88.0 97.0 29.0
21.120031812135476 25.971345943742126 97.75780357611599 109.0 122.0 35.0
21.120095388259486 26.39920623939395 97.75520075883372 91.0 107.0 31.0
21.1201589643835 26.827066535045784 97.75259794155146 77.0 93.0 30.0
21.547262633335432 25.115688928562474 97.78389867653092 84.0 92.0 31.0
21.54732620945944 25.543549224214306 97.78129585924864 124.0 136.0 45.0
21.547389785583455 25.971409519866135 97.77869304196638 106.0 120.0 38.0
21.547453361707465 26.399269815517965 97.77609022468411 78.0 95.0 28.0
21.974620606783407 25.115752504686487 97.80478814238128 80.0 90.0 26.0
21.974684182907417 25.543612800338316 97.80218532509902 105.0 120.0 37.0
21.97474775903143 25.971473095990145 97.79958250781675 87.0 105.0 29.0
21.97481133515544 26.399333391641974 97.79697969053449 75.0 92.0 27.0
22.402105732479406 25.971536672114155 97.82047197366711 64.0 81.0 21.0
22.40216930860342 26.399396967765988 97.81786915638484 82.0 96.0 36.0
20.24442639938915 25.973821608776372 98.14337469630911 133.0 145.0 54.0
20.244489975513154 26.401681904428205 98.14077187902684 135.0 145.0 65.0
20.6716572205891 25.118164593596727 98.16946979672403 74.0 80.0 31.0
20.671720796713114 25.546024889248553 98.16686697944176 124.0 132.0 43.0
20.671784372837124 25.973885184900386 98.16426416215948 123.0 135.0 41.0
20.671847948961133 26.401745480552215 98.16166134487722 122.0 134.0 43.0
20.671911525085147 26.829605776204044 98.15905852759494 81.0 92.0 34.0
21.09901519403708 25.118228169720737 98.1903592625744 78.0 83.0 29.0
21.09907877016109 25.546088465372566 98.18775644529214 105.0 115.0 38.0
21.099142346285102 25.973948761024396 98.18515362800984 117.0 130.0 37.0
21.099205922409112 26.401809056676225 98.18255081072758 99.0 112.0 31.0
21.099269498533122 26.829669352328057 98.17994799344531 82.0 94.0 32.0
21.526436743609068 25.546152041496576 98.2086459111425 105.0 120.0 33.0
21.52650031973308 25.97401233714841 98.20604309386023 111.0 126.0 36.0
21.526563895857088 26.401872632800238 98.20344027657796 92.0 106.0 31.0
21.5266274719811 26.829732928452067 98.2008374592957 92.0 106.0 39.0
21.95373114093303 25.118355321968757 98.23213819427514 138.0 150.0 59.0
21.953794717057043 25.54621561762059 98.22953537699287 150.0 164.0 64.0
21.953858293181053 25.97407591327242 98.2269325597106 125.0 141.0 43.0
21.953921869305066 26.401936208924248 98.22432974242834 89.0 105.0 31.0
22.38115269050502 25.5462791937446 98.25042484284326 102.0 114.0 39.0
22.381216266629032 25.97413948939643 98.24782202556096 80.0 96.0 32.0
22.38127984275304 26.40199978504826 98.2452192082787 75.0 90.0 32.0
19.796178960090796 25.976360849934636 98.54983528235259 109.0 114.0 58.0
19.796242536214805 26.404221145586465 98.54723246507032 89.0 96.0 43.0
20.22340978129075 25.120703834754988 98.5759303827675 123.0 127.0 58.0
20.223473357414765 25.548564130406817 98.57332756548523 158.0 168.0 67.0
20.223536933538774 25.976424426058646 98.57072474820296 165.0 177.0 73.0
20.223600509662784 26.40428472171048 98.5681219309207 154.0 165.0 70.0
20.223664085786794 26.832145017362304 98.56551911363843 76.0 85.0 30.0
20.650704178614717 24.692907115227168 98.59942266590015 76.0 80.0 44.0
20.65076775473873 25.120767410879 98.59681984861788 153.0 164.0 59.0
20.65083133086274 25.548627706530826 98.59421703133562 152.0 165.0 52.0
20.650894906986753 25.97648800218266 98.59161421405335 149.0 163.0 50.0
20.65095848311076 26.40434829783449 98.58901139677106 135.0 147.0 45.0
20.651022059234773 26.832208593486317 98.58640857948879 115.0 128.0 45.0
21.078062152062696 24.69297069135118 98.62031213175052 111.0 116.0 62.0
21.078125728186706 25.12083098700301 98.61770931446826 154.0 167.0 61.0
21.07818930431072 25.54869128265484 98.61510649718599 149.0 162.0 50.0
21.07825288043473 25.97655157830667 98.61250367990371 139.0 151.0 44.0
21.07831645655874 26.404411873958498 98.60990086262144 119.0 131.0 35.0
21.078380032682748 26.832272169610327 98.60729804533918 84.0 98.0 26.0
21.505483701634684 25.12089456312702 98.63859878031862 139.0 152.0 52.0
21.505547277758694 25.54875485877885 98.63599596303635 135.0 150.0 46.0
21.505610853882708 25.976615154430682 98.63339314575408 128.0 141.0 42.0
21.505674430006717 26.404475450082508 98.63079032847182 102.0 112.0 35.0
21.93284167508266 25.12095813925103 98.659488246169 139.0 149.0 53.0
21.93290525120667 25.548818434902863 98.65688542888674 145.0 157.0 57.0
21.932968827330683 25.97667873055469 98.65428261160447 141.0 149.0 51.0
21.933032403454693 26.40453902620652 98.65167979432218 138.0 144.0 45.0
22.360199648530635 25.121021715375043 98.68037771201938 163.0 172.0 77.0
22.36026322465465 25.548882011026873 98.67777489473711 141.0 153.0 58.0
22.360326800778658 25.9767423066787 98.67517207745483 110.0 124.0 39.0
22.36039037690267 26.40460260233053 98.67256926017255 72.0 85.0 28.0
22.787621198102624 25.548945587150882 98.69866436058747 73.0 89.0 23.0
22.787684774226637 25.97680588280271 98.6960615433052 70.0 85.0 29.0
19.775225918116412 25.551103371565077 98.97978815152874 143.0 151.0 71.0
19.775289494240425 25.978963667216906 98.97718533424644 158.0 166.0 79.0
19.775353070364435 26.406823962868735 98.97458251696418 143.0 156.0 64.0
20.202520315440378 25.123306652037257 99.00328043466135 169.0 176.0 78.0
20.20258389156439 25.551166947689087 99.00067761737908 184.0 192.0 82.0
20.2026474676884 25.979027243340916 98.99807480009682 172.0 183.0 72.0
20.20271104381241 26.40688753899275 98.99547198281455 147.0 160.0 60.0
20.629751136640333 24.26764963685761 99.02937553507627 100.0 103.0 60.0
20.629814712764347 24.695509932509438 99.026772717794 157.0 163.0 78.0
20.629878288888357 25.123370228161267 99.02416990051174 172.0 180.0 69.0
20.62994186501237 25.551230523813096 99.02156708322947 169.0 180.0 63.0
20.63000544113638 25.97909081946493 99.0189642659472 159.0 172.0 54.0
20.63006901726039 26.406951115116758 99.01636144866491 131.0 146.0 39.0
20.6301325933844 26.834811410768587 99.01375863138264 72.0 88.0 17.0
21.057109110088312 24.26771321298162 99.05026500092666 80.0 83.0 50.0
21.057172686212322 24.695573508633448 99.04766218364439 191.0 197.0 105.0
21.057236262336335 25.12343380428528 99.04505936636212 176.0 185.0 74.0
21.057299838460345 25.55129409993711 99.04245654907983 161.0 173.0 56.0
21.05736341458436 25.97915439558894 99.03985373179756 143.0 156.0 43.0
21.057426990708365 26.407014691240768 99.0372509145153 131.0 145.0 40.0
21.057490566832378 26.834874986892597 99.03464809723303 86.0 100.0 23.0
21.4845306596603 24.69563708475746 99.06855164949476 181.0 186.0 103.0
21.48459423578431 25.12349738040929 99.06594883221247 158.0 169.0 61.0
21.484657811908324 25.55135767606112 99.0633460149302 153.0 164.0 55.0
21.484721388032334 25.979217971712952 99.06074319764794 152.0 161.0 53.0
21.484784964156344 26.407078267364778 99.05814038036567 136.0 139.0 50.0
21.484848540280353 26.83493856301661 99.0555375630834 75.0 85.0 28.0
21.91188863310828 24.69570066088147 99.08944111534512 85.0 88.0 37.0
21.911952209232286 25.1235609565333 99.08683829806286 152.0 159.0 58.0
21.912015785356296 25.551421252185133 99.08423548078059 152.0 162.0 57.0
21.91207936148031 25.97928154783696 99.08163266349833 139.0 151.0 51.0
21.912142937604322 26.40714184348879 99.07902984621603 93.0 95.0 34.0
22.33924660655626 24.69576423700548 99.1103305811955 87.0 90.0 49.0
22.339310182680265 25.123624532657313 99.10772776391323 172.0 180.0 80.0
22.339373758804275 25.551484828309142 99.10512494663095 150.0 162.0 59.0
22.339437334928288 25.97934512396097 99.10252212934869 122.0 134.0 44.0
22.76666815612824 25.123688108781323 99.12861722976359 151.0 159.0 70.0
22.766731732252254 25.551548404433152 99.12601441248133 124.0 138.0 46.0
22.766795308376263 25.97940870008498 99.12341159519906 84.0 98.0 30.0
19.326978478818063 25.553642612723337 99.3862487375722 86.0 90.0 49.0
19.75427287614203 25.125845893195518 99.40974102070486 148.0 155.0 75.0
19.754336452266042 25.55370618884735 99.40713820342256 173.0 182.0 82.0
19.75440002839005 25.981566484499176 99.4045353861403 177.0 185.0 84.0
19.75446360451406 26.40942678015101 99.40193256885803 154.0 165.0 73.0
20.181567273465994 24.698049173667698 99.4332333038375 117.0 122.0 55.0
20.181630849590007 25.12590946931953 99.43063048655522 186.0 193.0 86.0
20.181694425714017 25.55376976497136 99.42802766927295 182.0 190.0 79.0
20.18175800183803 25.98163006062319 99.42542485199068 171.0 180.0 70.0
20.181821577962037 26.40949035627502 99.42282203470842 142.0 157.0 53.0
20.60886167078996 24.270252454139882 99.45672558697012 116.0 119.0 68.0
20.608925246913973 24.69811274979171 99.45412276968786 171.0 177.0 79.0
20.608988823037983 25.12597304544354 99.45151995240559 174.0 182.0 70.0
20.609052399161996 25.55383334109537 99.44891713512332 175.0 183.0 66.0
20.609115975286006 25.9816936367472 99.44631431784106 168.0 180.0 60.0
20.609179551410016 26.40955393239903 99.44371150055876 129.0 145.0 36.0
20.60924312753403 26.83741422805086 99.4411086832765 101.0 115.0 29.0
21.03621964423794 24.270316030263892 99.47761505282051 166.0 170.0 102.0
21.03628322036195 24.69817632591572 99.47501223553824 197.0 203.0 107.0
21.03634679648596 25.126036621567554 99.47240941825598 176.0 185.0 71.0
21.036410372609975 25.55389691721938 99.46980660097368 163.0 173.0 56.0
21.036473948733985 25.981757212871212 99.46720378369142 154.0 168.0 51.0
21.036537524857994 26.40961750852304 99.46460096640915 129.0 144.0 37.0
21.036601100982004 26.83747780417487 99.46199814912688 117.0 130.0 40.0
21.463577617685917 24.270379606387902 99.49850451867088 143.0 142.0 87.0
21.463641193809927 24.698239902039735 99.4959017013886 188.0 194.0 99.0
21.46370476993394 25.12610019769156 99.49329888410634 161.0 170.0 59.0
21.46376834605795 25.553960493343393 99.49069606682407 159.0 172.0 56.0
21.463831922181964 25.981820788995222 99.4880932495418 159.0 173.0 59.0
21.46389549830597 26.40968108464705 99.48549043225954 137.0 143.0 47.0
21.463959074429983 26.837541380298884 99.48288761497724 76.0 91.0 24.0
21.89099916725791 24.698303478163744 99.51679116723898 132.0 141.0 56.0
21.891062743381912 25.126163773815573 99.51418834995671 152.0 161.0 55.0
21.891126319505926 25.554024069467403 99.51158553267445 154.0 165.0 55.0
21.891189895629935 25.98188436511923 99.50898271539218 133.0 145.0 45.0
22.318357140705885 24.698367054287754 99.53768063308937 162.0 169.0 91.0
22.31842071682989 25.126227349939583 99.5350778158071 166.0 175.0 72.0
22.3184842929539 25.554087645591416 99.5324749985248 155.0 168.0 60.0
22.318547869077914 25.981947941243245 99.52987218124254 121.0 134.0 40.0
22.745715114153864 24.698430630411764 99.55857009893973 173.0 174.0 109.0
22.74577869027787 25.126290926063596 99.55596728165746 173.0 184.0 82.0
22.74584226640188 25.554151221715426 99.55336446437519 141.0 156.0 51.0
22.745905842525893 25.982011517367255 99.55076164709293 90.0 104.0 26.0
23.173136663725845 25.126354502187606 99.57685674750783 126.0 137.0 55.0
23.17320023984986 25.554214797839435 99.57425393022557 80.0 96.0 24.0
19.30608901296769 25.55624543000561 99.81359878946606 118.0 123.0 67.0
19.3061525890917 25.98410572565744 99.81099597218379 134.0 145.0 68.0
19.733383410291655 25.12844871047779 99.83709107259871 177.0 185.0 91.0
19.733446986415665 25.55630900612962 99.83448825531642 184.0 193.0 91.0
19.733510562539678 25.98416930178145 99.83188543803415 179.0 188.0 90.0
19.733574138663684 26.412029597433282 99.82928262075188 160.0 169.0 87.0
19.733637714787697 26.83988989308511 99.82667980346962 81.0 93.0 36.0
20.16067780761562 24.70065199094997 99.86058335573134 152.0 157.0 76.0
20.16074138373963 25.1285122866018 99.85798053844907 189.0 196.0 92.0
20.160804959863643 25.556372582253633 99.8553777211668 189.0 196.0 87.0
20.160868535987653 25.984232877905463 99.85277490388454 170.0 180.0 73.0
20.160932112111663 26.41209317355729 99.85017208660227 129.0 142.0 48.0
20.160995688235676 26.83995346920912 99.84756926931998 92.0 105.0 33.0
20.161059264359686 27.26781376486095 99.84496645203771 72.0 86.0 31.0
20.587972204939586 24.272855271422156 99.88407563886398 155.0 159.0 90.0
20.588035781063596 24.70071556707398 99.88147282158171 180.0 186.0 85.0
20.58809935718761 25.128575862725814 99.87887000429944 184.0 191.0 80.0
20.58816293331162 25.556436158377643 99.87626718701718 180.0 189.0 73.0
20.588226509435632 25.984296454029472 99.87366436973491 163.0 175.0 59.0
20.588290085559642 26.412156749681305 99.87106155245263 130.0 143.0 40.0
20.58835366168365 26.84001704533313 99.86845873517036 120.0 133.0 41.0
20.588417237807665 27.267877340984963 99.8658559178881 81.0 99.0 27.0
21.01533017838756 24.272918847546162 99.90496510471436 198.0 202.0 120.0
21.015393754511575 24.700779143197995 99.9023622874321 196.0 203.0 100.0
21.015457330635588 25.128639438849824 99.89975947014983 178.0 186.0 73.0
21.015520906759598 25.556499734501653 99.89715665286754 173.0 184.0 65.0
21.01558448288361 25.984360030153486 99.89455383558527 160.0 174.0 56.0
21.015648059007617 26.41222032580531 99.891951018303 126.0 140.0 38.0
21.01571163513163 26.840080621457144 99.88934820102074 121.0 135.0 42.0
21.44262457571153 23.845122128018346 99.92845738784702 100.0 103.0 62.0
21.44268815183554 24.272982423670175 99.92585457056475 200.0 197.0 123.0
21.442751727959553 24.700842719322008 99.92325175328246 203.0 208.0 107.0
21.442815304083563 25.128703014973834 99.92064893600019 177.0 186.0 71.0
21.442878880207576 25.556563310625666 99.91804611871792 169.0 182.0 64.0
21.442942456331586 25.984423606277495 99.91544330143566 162.0 176.0 63.0
21.443006032455596 26.412283901929325 99.91284048415339 118.0 127.0 41.0
21.443069608579606 26.840144197581154 99.9102376668711 75.0 89.0 27.0
21.870046125283523 24.27304599979419 99.9467440364151 104.0 109.0 57.0
21.870109701407532 24.700906295446018 99.94414121913283 165.0 177.0 78.0
21.87017327753154 25.128766591097847 99.94153840185056 163.0 176.0 62.0
21.87023685365555 25.556626886749676 99.9389355845683 153.0 165.0 54.0
21.87030042977956 25.984487182401505 99.93633276728602 127.0 141.0 43.0
21.87036400590357 26.412347478053334 99.93372995000375 86.0 88.0 33.0
22.29746767485551 24.700969871570027 99.96503068498322 172.0 183.0 86.0
22.297531250979514 25.128830167221857 99.96242786770095 168.0 179.0 69.0
22.297594827103527 25.55669046287369 99.95982505041866 154.0 168.0 56.0
22.297658403227537 25.984550758525515 99.95722223313639 128.0 138.0 41.0
22.724825648303487 24.701033447694037 99.98592015083358 196.0 202.0 114.0
22.724889224427493 25.12889374334587 99.98331733355131 173.0 185.0 75.0
22.724952800551506 25.556754038997695 99.98071451626905 151.0 166.0 56.0
22.725016376675516 25.984614334649528 99.97811169898678 110.0 124.0 32.0
23.152183621751465 24.70109702381805 100.00680961668395 124.0 125.0 79.0
23.15224719787547 25.12895731946988 100.00420679940169 146.0 158.0 63.0
23.15231077399948 25.55681761512171 100.00160398211942 114.0 129.0 37.0
19.285199547117315 25.55884824728788 100.24094884135992 109.0 115.0 60.0
19.28526312324133 25.98670854293971 100.23834602407763 135.0 147.0 65.0
19.71243036831727 24.70319123210823 100.26704394177483 134.0 138.0 81.0
19.71249394444128 25.13105152776006 100.26444112449256 190.0 198.0 99.0
19.712557520565294 25.55891182341189 100.26183830721028 183.0 192.0 91.0
19.712621096689304 25.98677211906372 100.25923548992802 173.0 183.0 87.0
19.712684672813314 26.414632414715552 100.25663267264575 133.0 142.0 66.0
19.712748248937324 26.84249271036738 100.25402985536348 96.0 107.0 42.0
19.712811825061337 27.27035300601921 100.2514270380812 67.0 83.0 25.0
20.139788341765247 24.70325480823224 100.28793340762519 182.0 187.0 99.0
20.13985191788926 25.13111510388407 100.28533059034292 193.0 200.0 97.0
20.13991549401327 25.558975399535903 100.28272777306066 188.0 196.0 89.0
20.139979070137283 25.986835695187732 100.28012495577839 173.0 182.0 78.0
20.14004264626129 26.41469599083956 100.27752213849612 138.0 149.0 60.0
20.140106222385302 26.84255628649139 100.27491932121383 93.0 106.0 33.0
20.567082739089212 24.275458088704426 100.31142569075784 182.0 186.0 102.0
20.567146315213225 24.70331838435625 100.30882287347558 187.0 193.0 92.0
20.567209891337235 25.131178680008084 100.30622005619331 187.0 194.0 83.0
20.56727346746125 25.559038975659913 100.30361723891104 183.0 191.0 78.0
20.56733704358526 25.986899271311742 100.30101442162875 164.0 174.0 63.0
20.567400619709268 26.414759566963575 100.29841160434648 141.0 151.0 52.0
20.567464195833278 26.8426198626154 100.29580878706422 119.0 132.0 41.0
20.56752777195729 27.270480158267233 100.29320596978195 85.0 102.0 27.0
20.99437713641318 23.847661369176606 100.33491797389048 88.0 89.0 57.0
20.99444071253719 24.27552166482843 100.33231515660822 205.0 209.0 121.0
20.9945042886612 24.703381960480264 100.32971233932595 198.0 206.0 101.0
20.994567864785214 25.131242256132094 100.32710952204368 186.0 195.0 80.0
20.994631440909224 25.559102551783923 100.32450670476139 182.0 192.0 76.0
20.994695017033237 25.986962847435755 100.32190388747912 165.0 177.0 64.0
20.994758593157247 26.41482314308758 100.31930107019686 131.0 143.0 44.0
20.994822169281257 26.842683438739414 100.31669825291459 115.0 128.0 41.0
20.99488574540527 27.270543734391243 100.31409543563231 71.0 87.0 22.0
21.42173510986116 23.847724945300616 100.35580743974087 127.0 123.0 80.0
21.421798685985166 24.275585240952445 100.3532046224586 223.0 218.0 138.0
21.42186226210918 24.703445536604274 100.35060180517631 219.0 217.0 122.0
21.42192583823319 25.131305832256103 100.34799898789404 195.0 201.0 87.0
21.421989414357203 25.559166127907936 100.34539617061178 174.0 184.0 70.0
21.422052990481216 25.987026423559765 100.34279335332951 162.0 175.0 64.0
21.422116566605222 26.414886719211594 100.34019053604725 118.0 129.0 48.0
21.84915665943315 24.275648817076455 100.37409408830896 155.0 158.0 83.0
21.84922023555716 24.703509112728288 100.3714912710267 181.0 186.0 84.0
21.849283811681165 25.131369408380117 100.36888845374443 178.0 188.0 70.0
21.849347387805178 25.559229704031946 100.36628563646217 170.0 180.0 63.0
21.849410963929188 25.987089999683775 100.36368281917987 144.0 157.0 52.0
21.8494745400532 26.414950295335604 100.3610800018976 97.0 110.0 33.0
22.276578209005137 24.703572688852297 100.39238073687707 159.0 169.0 76.0
22.276641785129144 25.131432984504126 100.38977791959478 183.0 191.0 74.0
22.276705361253153 25.55929328015596 100.38717510231251 170.0 180.0 64.0
22.276768937377167 25.987153575807785 100.38457228503025 133.0 148.0 44.0
22.703872606329103 24.275775969324478 100.41587302000973 103.0 105.0 62.0
22.703936182453116 24.703636264976307 100.41327020272743 201.0 206.0 115.0
22.70399975857712 25.13149656062814 100.41066738544517 178.0 189.0 76.0
22.704063334701132 25.559356856279965 100.4080645681629 160.0 175.0 57.0
22.704126910825142 25.987217151931798 100.40546175088063 119.0 131.0 33.0
23.13129415590109 24.70369984110032 100.43415966857782 169.0 170.0 108.0
23.131357732025098 25.13156013675215 100.43155685129555 160.0 171.0 70.0
23.13142130814911 25.55942043240398 100.42895403401329 135.0 149.0 47.0
23.13148488427312 25.987280728055808 100.42635121673099 89.0 96.0 25.0
23.558715705473077 25.13162371287616 100.4524463171459 85.0 91.0 27.0
23.558779281597086 25.55948400852799 100.44984349986363 71.0 85.0 18.0
19.26431008126694 25.561451064570154 100.66829889325378 124.0 133.0 59.0
19.264373657390955 25.989311360221983 100.66569607597148 102.0 114.0 38.0
19.264437233514965 26.417171655873812 100.66309325868922 74.0 89.0 29.0
19.691540902466897 24.705794049390505 100.6943939936687 158.0 159.0 93.0
19.691604478590907 25.133654345042334 100.6917911763864 199.0 206.0 109.0
19.69166805471492 25.561514640694163 100.68918835910414 194.0 201.0 105.0
19.69173163083893 25.989374936345992 100.68658554182187 187.0 194.0 100.0
19.69179520696294 26.41723523199782 100.6839827245396 144.0 154.0 68.0
19.691858783086953 26.845095527649654 100.68137990725734 117.0 128.0 50.0
20.118898875914876 24.705857625514515 100.71528345951904 192.0 198.0 105.0
20.118962452038886 25.133717921166344 100.71268064223678 200.0 205.0 102.0
20.1190260281629 25.561578216818177 100.71007782495451 196.0 202.0 98.0
20.11908960428691 25.989438512470002 100.70747500767224 175.0 183.0 82.0
20.11915318041092 26.417298808121835 100.70487219038998 129.0 140.0 51.0
20.11921675653493 26.84515910377366 100.7022693731077 119.0 132.0 46.0
20.119280332658942 27.273019399425493 100.69966655582543 81.0 94.0 32.0
20.546193273238842 24.2780609059867 100.7387757426517 176.0 182.0 96.0
20.54625684936285 24.705921201638525 100.73617292536943 189.0 195.0 92.0
20.546320425486865 25.133781497290357 100.73357010808716 189.0 196.0 84.0
20.546384001610875 25.561641792942183 100.7309672908049 186.0 194.0 81.0
20.546447577734888 25.989502088594016 100.7283644735226 168.0 178.0 68.0
20.546511153858894 26.417362384245845 100.72576165624034 134.0 146.0 47.0
20.546574729982908 26.845222679897674 100.72315883895807 115.0 130.0 39.0
20.546638306106917 27.273082975549503 100.7205560216758 80.0 97.0 28.0
20.97348767056281 23.85026418645888 100.76226802578435 140.0 142.0 88.0
20.973551246686817 24.278124482110705 100.75966520850207 205.0 211.0 116.0
20.97361482281083 24.705984777762538 100.7570623912198 193.0 202.0 95.0
20.97367839893484 25.133845073414367 100.75445957393752 183.0 193.0 76.0
20.973741975058854 25.561705369066196 100.75185675665526 173.0 183.0 67.0
20.973805551182863 25.989565664718025 100.74925393937299 164.0 177.0 61.0
20.973869127306873 26.417425960369854 100.74665112209073 129.0 143.0 42.0
20.973932703430883 26.845286256021687 100.74404830480846 98.0 113.0 32.0
20.973996279554896 27.273146551673516 100.74144548752616 63.0 80.0 20.0
21.400845644010786 23.85032776258289 100.78315749163473 189.0 185.0 119.0
21.400909220134796 24.27818805823472 100.78055467435246 224.0 221.0 135.0
21.400972796258806 24.706048353886548 100.77795185707016 219.0 220.0 123.0
21.40103637238282 25.133908649538377 100.7753490397879 176.0 186.0 68.0
21.40109994850683 25.561768945190206 100.77274622250563 148.0 161.0 46.0
21.401163524630842 25.98962924084204 100.77014340522337 138.0 153.0 42.0
21.401227100754852 26.417489536493868 100.7675405879411 126.0 141.0 42.0
21.40129067687886 26.845349832145697 100.76493777065882 82.0 98.0 34.0
21.828203617458765 23.8503913387069 100.80404695748508 100.0 101.0 60.0
21.828267193582775 24.27825163435873 100.80144414020282 192.0 194.0 106.0
21.82833076970679 24.70611193001056 100.79884132292055 188.0 195.0 88.0
21.828394345830795 25.133972225662387 100.79623850563829 170.0 182.0 61.0
21.828457921954804 25.56183252131422 100.79363568835602 167.0 180.0 60.0
21.828521498078818 25.98969281696605 100.79103287107372 155.0 170.0 57.0
21.828585074202827 26.417553112617878 100.78843005379146 127.0 143.0 46.0
21.82864865032684 26.84541340826971 100.78582723650919 67.0 82.0 28.0
22.255625167030754 24.27831521048274 100.82233360605319 117.0 120.0 67.0
22.255688743154764 24.706175506134567 100.81973078877093 173.0 182.0 84.0
22.25575231927877 25.1340358017864 100.81712797148865 177.0 184.0 71.0
22.255815895402783 25.56189609743823 100.81452515420638 167.0 179.0 63.0
22.255879471526793 25.989756393090058 100.81192233692411 148.0 163.0 51.0
22.68298314047873 24.27837878660675 100.84322307190355 94.0 95.0 59.0
22.683046716602743 24.70623908225858 100.84062025462129 201.0 205.0 117.0
22.68311029272675 25.13409937791041 100.83801743733902 186.0 194.0 84.0
22.68317386885076 25.56195967356224 100.83541462005675 164.0 176.0 60.0
22.683237444974772 25.98981996921407 100.83281180277449 123.0 138.0 37.0
23.11040469005072 24.70630265838259 100.86150972047167 180.0 180.0 120.0
23.110468266174724 25.134162954034423 100.8589069031894 167.0 174.0 79.0
23.110531842298737 25.562023249686252 100.85630408590714 138.0 148.0 52.0
23.537826239622703 25.134226530158433 100.87979636903977 122.0 134.0 45.0
23.537889815746716 25.562086825810262 100.8771935517575 103.0 117.0 32.0
19.24342061541657 25.564053881852423 101.09564894514763 85.0 91.0 40.0
19.24348419154058 25.991914177504256 101.09304612786534 80.0 91.0 26.0
19.670651436616524 24.70839686667278 101.12174404556255 138.0 139.0 90.0
19.670715012740537 25.136257162324604 101.11914122828026 205.0 209.0 115.0
19.670778588864547 25.564117457976437 101.11653841099799 190.0 197.0 98.0
19.67084216498856 25.991977753628266 101.11393559371572 178.0 188.0 87.0
19.67090574111257 26.419838049280095 101.11133277643346 137.0 148.0 60.0
19.67096931723658 26.847698344931928 101.10872995915119 108.0 122.0 44.0
20.09794583394049 24.28060014714496 101.14523632869519 121.0 124.0 65.0
20.098009410064503 24.708460442796785 101.14263351141291 201.0 204.0 114.0
20.098072986188512 25.136320738448617 101.14003069413064 210.0 214.0 113.0
20.098136562312526 25.564181034100447 101.13742787684838 196.0 203.0 97.0
20.098200138436535 25.992041329752276 101.13482505956611 168.0 178.0 70.0
20.098263714560545 26.41990162540411 101.13222224228382 120.0 134.0 38.0
20.09832729068456 26.847761921055934 101.12961942500155 93.0 109.0 34.0
20.525303807388468 24.28066372326897 101.16612579454555 175.0 181.0 86.0
20.525367383512478 24.708524018920798 101.16352297726328 189.0 195.0 93.0
20.52543095963649 25.136384314572627 101.16092015998102 195.0 201.0 93.0
20.525494535760505 25.564244610224456 101.15831734269875 188.0 195.0 85.0
20.525558111884514 25.99210490587629 101.15571452541646 168.0 179.0 66.0
20.525621688008524 26.419965201528118 101.15311170813419 124.0 140.0 37.0
20.525685264132534 26.847825497179947 101.15050889085192 99.0 115.0 31.0
20.952598204712437 23.85286700374115 101.1896180776782 117.0 120.0 71.0
20.952661780836447 24.28072729939298 101.18701526039594 198.0 204.0 109.0
20.952725356960457 24.708587595044808 101.18441244311367 191.0 198.0 93.0
20.95278893308447 25.13644789069664 101.18180962583138 184.0 191.0 80.0
20.95285250920848 25.56430818634847 101.17920680854911 178.0 187.0 71.0
20.952916085332493 25.9921684820003 101.17660399126684 171.0 183.0 68.0
20.9529796614565 26.420028777652128 101.17400117398458 138.0 145.0 42.0
20.953043237580513 26.847889073303957 101.17139835670231 107.0 123.0 36.0
20.953106813704522 27.27574936895579 101.16879553942002 74.0 91.0 27.0
21.379956178160416 23.852930579865163 101.21050754352858 210.0 209.0 136.0
21.380019754284422 24.28079087551699 101.2079047262463 222.0 224.0 136.0
21.380083330408436 24.70865117116882 101.20530190896403 221.0 224.0 127.0
21.380146906532445 25.13651146682065 101.20269909168177 181.0 191.0 73.0
21.38021048265646 25.56437176247248 101.2000962743995 166.0 180.0 60.0
21.38027405878047 25.992232058124312 101.19749345711722 166.0 180.0 62.0
21.38033763490448 26.420092353776138 101.19489063983494 115.0 131.0 35.0
21.380401211028488 26.84795264942797 101.19228782255267 102.0 118.0 41.0
21.80731415160839 23.85299415598917 101.23139700937894 153.0 154.0 98.0
21.807377727732405 24.280854451641 101.22879419209667 215.0 216.0 132.0
21.807441303856415 24.70871474729283 101.2261913748144 192.0 200.0 92.0
21.80750487998042 25.13657504294466 101.22358855753214 174.0 185.0 67.0
21.80756845610443 25.564435338596493 101.22098574024987 166.0 180.0 60.0
21.807632032228444 25.99229563424832 101.21838292296758 152.0 167.0 51.0
21.807695608352457 26.42015592990015 101.21578010568531 129.0 146.0 41.0
21.807759184476467 26.84801622555198 101.21317728840305 88.0 104.0 38.0
22.23473570118038 24.280918027765015 101.24968365794706 148.0 152.0 86.0
22.234799277304393 24.70877832341684 101.2470808406648 170.0 179.0 84.0
22.2348628534284 25.136638619068673 101.2444780233825 186.0 190.0 82.0
22.23492642955241 25.564498914720502 101.24187520610023 170.0 180.0 65.0
22.234990005676423 25.99235921037233 101.23927238881797 156.0 170.0 56.0
22.235053581800432 26.42021950602416 101.2366695715357 135.0 152.0 46.0
22.66209367462836 24.280981603889025 101.2705731237974 126.0 131.0 74.0
22.66215725075237 24.708841899540854 101.26797030651514 180.0 183.0 97.0
22.662220826876375 25.136702195192683 101.26536748923287 187.0 193.0 85.0
22.66228440300039 25.564562490844512 101.2627646719506 161.0 171.0 63.0
22.662347979124398 25.99242278649634 101.26016185466834 152.0 163.0 53.0
22.66241155524841 26.420283082148174 101.25755903738606 113.0 112.0 38.0
23.089451648076334 24.281045180013034 101.2914625896478 134.0 137.0 88.0
23.089515224200348 24.708905475664864 101.28885977236553 187.0 189.0 118.0
23.089578800324354 25.136765771316696 101.28625695508326 173.0 181.0 86.0
23.089642376448364 25.564626066968522 101.28365413780097 151.0 162.0 63.0
23.089705952572377 25.992486362620355 101.2810513205187 120.0 128.0 43.0
23.516873197648327 24.708969051788877 101.30974923821591 121.0 119.0 78.0
23.51693677377233 25.136829347440703 101.30714642093362 140.0 150.0 64.0
23.517000349896342 25.564689643092535 101.30454360365135 104.0 116.0 33.0
19.222531149566194 25.566656699134693 101.52299899704148 99.0 109.0 35.0
19.222594725690207 25.994516994786526 101.5203961797592 65.0 80.0 14.0
19.64976197076615 24.71099968395505 101.5490940974564 114.0 114.0 73.0
19.64982554689016 25.138859979606874 101.54649128017411 205.0 209.0 117.0
19.649889123014173 25.566720275258707 101.54388846289184 196.0 203.0 106.0
19.649952699138183 25.994580570910532 101.54128564560958 162.0 174.0 74.0
19.650016275262193 26.422440866562365 101.53868282832731 118.0 132.0 45.0
19.650079851386206 26.850301162214194 101.53608001104504 100.0 112.0 38.0
19.650143427510216 27.278161457866023 101.53347719376275 92.0 101.0 38.0
20.077056368090116 24.28320296442723 101.57258638058903 145.0 147.0 86.0
20.077119944214125 24.711063260079055 101.56998356330676 212.0 214.0 122.0
20.07718352033814 25.138923555730887 101.5673807460245 211.0 215.0 117.0
20.07724709646215 25.566783851382716 101.56477792874223 196.0 203.0 98.0
20.07731067258616 25.994644147034546 101.56217511145996 171.0 182.0 71.0
20.07737424871017 26.422504442686378 101.55957229417767 117.0 132.0 39.0
20.07743782483418 26.850364738338204 101.5569694768954 91.0 106.0 33.0
20.077501400958194 27.278225033990037 101.55436665961314 71.0 86.0 24.0
20.50441434153809 24.28326654055124 101.5934758464394 186.0 192.0 97.0
20.504477917662104 24.711126836203068 101.59087302915714 192.0 198.0 95.0
20.504541493786117 25.138987131854897 101.58827021187487 205.0 210.0 104.0
20.504605069910127 25.566847427506726 101.58566739459259 193.0 200.0 87.0
20.50466864603414 25.99470772315856 101.58306457731032 167.0 179.0 62.0
20.504732222158147 26.422568018810388 101.58046176002806 132.0 148.0 41.0
20.50479579828216 26.850428314462217 101.57785894274579 95.0 112.0 31.0
20.50485937440617 27.278288610114046 101.57525612546353 64.0 81.0 21.0
20.93170873886206 23.85546982102342 101.61696812957206 135.0 138.0 80.0
20.93177231498607 24.28333011667525 101.61436531228979 204.0 210.0 113.0
20.931835891110083 24.711190412327078 101.61176249500753 191.0 198.0 92.0
20.931899467234093 25.13905070797891 101.60915967772523 197.0 204.0 93.0
20.931963043358106 25.56691100363074 101.60655686044296 192.0 201.0 84.0
20.932026619482116 25.99477129928257 101.6039540431607 166.0 181.0 61.0
20.932090195606126 26.422631594934398 101.60135122587843 141.0 158.0 46.0
20.932153771730135 26.850491890586227 101.59874840859617 83.0 102.0 26.0
21.35906671231004 23.855533397147433 101.63785759542245 218.0 215.0 141.0
21.35913028843405 24.283393692799258 101.63525477814015 233.0 228.0 147.0
21.35919386455806 24.71125398845109 101.63265196085788 206.0 212.0 107.0
21.35925744068207 25.13911428410292 101.63004914357562 183.0 191.0 75.0
21.35932101680608 25.56697457975475 101.62744632629335 178.0 190.0 69.0
21.359384592930095 25.994834875406582 101.62484350901109 162.0 178.0 57.0
21.3594481690541 26.422695171058407 101.62224069172879 122.0 141.0 37.0
21.359511745178114 26.85055546671024 101.61963787444652 81.0 100.0 28.0
21.786424685758018 23.85559697327144 101.65874706127279 201.0 203.0 126.0
21.786488261882027 24.28345726892327 101.65614424399052 213.0 216.0 124.0
21.78655183800604 24.7113175645751 101.65354142670826 198.0 205.0 96.0
21.786615414130043 25.13917786022693 101.65093860942599 176.0 188.0 66.0
21.786678990254057 25.567038155878762 101.64833579214371 168.0 181.0 61.0
21.78674256637807 25.994898451530588 101.64573297486145 162.0 177.0 59.0
21.78680614250208 26.42275874718242 101.64313015757918 140.0 156.0 47.0
21.786869718626093 26.85061904283425 101.64052734029691 97.0 111.0 41.0
22.213782659205993 23.855660549395452 101.67963652712318 79.0 81.0 46.0
22.213846235330006 24.28352084504728 101.67703370984091 173.0 179.0 97.0
22.213909811454016 24.71138114069911 101.67443089255865 186.0 195.0 92.0
22.213973387578022 25.139241436350943 101.67182807527635 184.0 193.0 80.0
22.214036963702036 25.567101732002772 101.66922525799409 170.0 181.0 64.0
22.214100539826045 25.9949620276546 101.66662244071182 147.0 163.0 45.0
22.21416411595006 26.42282232330643 101.66401962342955 131.0 146.0 41.0
22.21422769207407 26.85068261895826 101.66141680614729 87.0 99.0 34.0
22.64120420877798 24.283584421171295 101.69792317569127 125.0 130.0 73.0
22.641267784901995 24.711444716823124 101.695320358409 169.0 175.0 91.0
22.641331361026 25.139305012474953 101.69271754112674 189.0 197.0 89.0
22.64139493715001 25.567165308126782 101.69011472384447 174.0 184.0 69.0
22.641458513274024 25.99502560377861 101.68751190656221 152.0 164.0 49.0
22.641522089398034 26.422885899430444 101.68490908927991 131.0 142.0 40.0
23.06856218222596 24.283647997295304 101.71881264154165 110.0 111.0 74.0
23.06862575834997 24.711508292947133 101.71620982425938 174.0 175.0 115.0
23.068689334473977 25.139368588598966 101.71360700697711 179.0 186.0 90.0
23.06875291059799 25.56722888425079 101.71100418969483 159.0 167.0 67.0
23.068816486722 25.995089179902624 101.70840137241257 132.0 139.0 47.0
23.49598373179795 24.711571869071147 101.73709929010974 114.0 112.0 72.0
23.496047307921955 25.139432164722972 101.73449647282747 152.0 161.0 73.0
23.496110884045965 25.567292460374805 101.7318936555452 129.0 140.0 47.0
23.92340528136993 25.139495740846986 101.75538593867786 79.0 88.0 29.0
23.923468857493944 25.567356036498815 101.7527831213956 75.0 84.0 22.0
19.201641683715824 25.569259516416967 101.95034904893532 70.0 81.0 20.0
19.201705259839834 25.9971198120688 101.94774623165306 65.0 80.0 18.0
19.628872504915776 24.713602501237318 101.97644414935026 179.0 179.0 116.0
19.62893608103979 25.141462796889147 101.97384133206796 208.0 211.0 125.0
19.6289996571638 25.56932309254098 101.9712385147857 196.0 203.0 109.0
19.629063233287813 25.997183388192806 101.96863569750343 152.0 166.0 69.0
19.62912680941182 26.42504368384464 101.96603288022116 114.0 127.0 47.0
20.05616690223974 24.2858057817095 101.99993643248288 147.0 148.0 90.0
20.056230478363755 24.713666077361328 101.99733361520062 210.0 212.0 124.0
20.056294054487765 25.14152637301316 101.99473079791835 215.0 218.0 128.0
20.056357630611778 25.56938666866499 101.99212798063608 206.0 211.0 115.0
20.056421206735788 25.99724696431682 101.98952516335382 175.0 186.0 81.0
20.056484782859798 26.425107259968648 101.98692234607152 117.0 131.0 42.0
20.48352487568772 24.285869357833512 102.02082589833327 193.0 197.0 104.0
20.48358845181173 24.71372965348534 102.018223081051 198.0 203.0 105.0
20.483652027935744 25.14158994913717 102.01562026376874 205.0 209.0 109.0
20.483715604059753 25.569450244789 102.01301744648644 199.0 206.0 99.0
20.483779180183767 25.99731054044083 102.01041462920418 184.0 194.0 80.0
20.483842756307777 26.42517083609266 102.00781181192191 150.0 164.0 56.0
20.483906332431786 26.853031131744487 102.00520899463964 93.0 102.0 33.0
20.91081927301169 23.858072638305693 102.04431818146591 134.0 136.0 83.0
20.910882849135696 24.285932933957522 102.04171536418364 207.0 212.0 115.0
20.91094642525971 24.71379322960935 102.03911254690138 203.0 208.0 107.0
20.91101000138372 25.141653525261184 102.03650972961908 195.0 201.0 95.0
20.911073577507732 25.56951382091301 102.03390691233682 191.0 200.0 87.0
20.911137153631746 25.997374116564842 102.03130409505455 182.0 194.0 75.0
20.911200729755752 26.425234412216668 102.02870127777229 142.0 158.0 47.0
20.911264305879765 26.8530947078685 102.02609846049 105.0 117.0 37.0
20.911327882003775 27.28095500352033 102.02349564320774 73.0 86.0 28.0
21.338177246459665 23.858136214429706 102.0652076473163 223.0 221.0 150.0
21.338240822583675 24.28599651008153 102.062604830034 230.0 227.0 140.0
21.338304398707688 24.713856805733364 102.06000201275174 216.0 219.0 121.0
21.338367974831698 25.14171710138519 102.05739919546947 198.0 206.0 93.0
21.33843155095571 25.569577397037023 102.0547963781872 183.0 194.0 77.0
21.33849512707972 25.99743769268885 102.05219356090494 162.0 178.0 58.0
21.33855870320373 26.42529798834068 102.04959074362264 130.0 147.0 42.0
21.33862227932774 26.85315828399251 102.04698792634038 102.0 118.0 38.0
21.338685855451754 27.28101857964434 102.04438510905811 72.0 88.0 31.0
21.765535219907644 23.858199790553712 102.08609711316666 218.0 218.0 149.0
21.765598796031657 24.286060086205545 102.08349429588439 217.0 220.0 129.0
21.765662372155667 24.713920381857374 102.08089147860213 200.0 208.0 100.0
21.765725948279673 25.141780677509203 102.07828866131986 186.0 190.0 75.0
21.765789524403683 25.569640973161032 102.07568584403757 172.0 186.0 66.0
21.765853100527696 25.99750126881286 102.0730830267553 156.0 171.0 54.0
21.765916676651706 26.425361564464694 102.07048020947303 132.0 148.0 45.0
21.76598025277572 26.853221860116523 102.06787739219077 91.0 108.0 36.0
22.192893193355623 23.858263366677726 102.10698657901703 118.0 119.0 74.0
22.192956769479633 24.286123662329555 102.10438376173477 164.0 168.0 95.0
22.193020345603646 24.713983957981384 102.10178094445247 186.0 195.0 95.0
22.19308392172765 25.141844253633213 102.0991781271702 193.0 196.0 88.0
22.193147497851662 25.569704549285046 102.09657530988794 173.0 185.0 70.0
22.19321107397567 25.997564844936875 102.09397249260567 149.0 164.0 50.0
22.193274650099685 26.425425140588704 102.0913696753234 131.0 146.0 45.0
22.1933382262237 26.853285436240533 102.08876685804113 66.0 83.0 20.0
22.62037831905162 24.714047534105394 102.12267041030286 181.0 185.0 105.0
22.620441895175627 25.141907829757226 102.1200675930206 199.0 205.0 99.0
22.62050547129964 25.569768125409055 102.11746477573833 177.0 185.0 71.0
22.62056904742365 25.997628421060885 102.11486195845606 152.0 165.0 51.0
22.620632623547664 26.425488716712717 102.11225914117377 122.0 130.0 39.0
23.0477362924996 24.714111110229407 102.14355987615323 155.0 155.0 107.0
23.047799868623606 25.141971405881236 102.14095705887097 187.0 194.0 97.0
23.047863444747616 25.569831701533065 102.13835424158869 159.0 169.0 67.0
23.04792702087163 25.997691997184898 102.13575142430642 124.0 132.0 46.0
23.475094265947575 24.714174686353417 102.16444934200359 133.0 132.0 86.0
23.47515784207158 25.142034982005246 102.16184652472133 169.0 179.0 85.0
23.475221418195595 25.56989527765708 102.15924370743906 135.0 147.0 51.0
23.475284994319605 25.997755573308908 102.1566408901568 89.0 92.0 30.0
23.90251581551956 25.14209855812926 102.18273599057171 92.0 101.0 37.0
23.90257939164357 25.56995885378109 102.18013317328945 90.0 101.0 28.0
19.607983039065406 24.71620531851959 102.4037942012441 172.0 172.0 109.0
19.608046615189416 25.14406561417142 102.40119138396183 199.0 204.0 121.0
19.60811019131343 25.57192590982325 102.39858856667956 173.0 183.0 96.0
19.60817376743744 25.99978620547508 102.3959857493973 147.0 159.0 71.0
19.60823734356145 26.42764650112691 102.39338293211503 114.0 126.0 57.0
20.03527743638937 24.288408598991772 102.42728648437674 163.0 164.0 105.0
20.03534101251338 24.7162688946436 102.42468366709447 216.0 218.0 134.0
20.035404588637395 25.14412919029543 102.4220808498122 215.0 217.0 134.0
20.035468164761404 25.571989485947263 102.41947803252994 203.0 209.0 116.0
20.035531740885418 25.999849781599092 102.41687521524767 182.0 192.0 94.0
20.035595317009424 26.42771007725092 102.41427239796539 144.0 156.0 66.0
20.462635409837347 24.288472175115785 102.44817595022712 196.0 197.0 113.0
20.46269898596136 24.71633247076761 102.44557313294486 208.0 212.0 116.0
20.46276256208537 25.144192766419444 102.44297031566259 213.0 216.0 125.0
20.462826138209383 25.572053062071273 102.4403674983803 204.0 210.0 109.0
20.462889714333393 25.999913357723102 102.43776468109803 196.0 203.0 93.0
20.462953290457403 26.427773653374935 102.43516186381576 147.0 153.0 59.0
20.463016866581413 26.85563394902676 102.4325590465335 100.0 108.0 38.0
20.889929807161316 23.860675455587966 102.47166823335976 129.0 130.0 78.0
20.889993383285326 24.28853575123979 102.4690654160775 195.0 198.0 107.0
20.890056959409335 24.716396046891624 102.46646259879522 205.0 209.0 112.0
20.89012053553335 25.144256342543454 102.46385978151295 203.0 208.0 110.0
20.89018411165736 25.572116638195283 102.46125696423069 193.0 200.0 95.0
20.890247687781372 25.999976933847115 102.45865414694842 194.0 202.0 88.0
20.89031126390538 26.42783722949894 102.45605132966615 144.0 144.0 62.0
20.89037484002939 26.855697525150774 102.45344851238386 116.0 126.0 42.0
20.890438416153405 27.283557820802603 102.45084569510159 101.0 110.0 42.0
21.31722420448528 23.432878736060147 102.49516051649242 122.0 121.0 83.0
21.317287780609295 23.860739031711976 102.49255769921015 219.0 219.0 144.0
21.3173513567333 24.288599327363805 102.48995488192786 226.0 226.0 136.0
21.317414932857314 24.716459623015634 102.48735206464559 215.0 219.0 122.0
21.317478508981324 25.144319918667463 102.48474924736333 196.0 204.0 96.0
21.317542085105337 25.572180214319296 102.48214643008106 183.0 193.0 82.0
21.317605661229347 26.000040509971125 102.47954361279876 171.0 185.0 68.0
21.317669237353357 26.427900805622954 102.4769407955165 139.0 154.0 48.0
21.31773281347737 26.855761101274783 102.47433797823423 121.0 134.0 46.0
21.31779638960138 27.283621396926613 102.47173516095197 93.0 105.0 39.0
21.74464575405727 23.860802607835986 102.51344716506051 226.0 224.0 158.0
21.744709330181283 24.288662903487815 102.51084434777825 224.0 226.0 135.0
21.744772906305293 24.716523199139647 102.50824153049598 212.0 217.0 114.0
21.7448364824293 25.144383494791477 102.50563871321371 190.0 196.0 82.0
21.744900058553313 25.572243790443306 102.50303589593142 177.0 190.0 74.0
21.744963634677323 26.000104086095135 102.50043307864915 154.0 169.0 57.0
21.745027210801336 26.427964381746964 102.49783026136689 127.0 141.0 47.0
21.745090786925346 26.855824677398797 102.49522744408462 100.0 115.0 38.0
22.17200372750525 23.860866183959995 102.53433663091089 139.0 139.0 95.0
22.17206730362926 24.288726479611828 102.53173381362862 187.0 188.0 115.0
22.172130879753272 24.716586775263657 102.52913099634634 190.0 197.0 101.0
22.17219445587728 25.144447070915486 102.52652817906407 193.0 197.0 87.0
22.172258032001288 25.57230736656732 102.5239253617818 176.0 184.0 71.0
22.1723216081253 26.000167662219145 102.52132254449954 151.0 165.0 55.0
22.17238518424931 26.428027957870977 102.51871972721727 134.0 148.0 50.0
22.172448760373324 26.855888253522803 102.51611690993498 93.0 107.0 36.0
22.59948885320125 24.716650351387667 102.55002046219671 156.0 159.0 88.0
22.599552429325254 25.1445106470395 102.54741764491445 193.0 202.0 95.0
22.599616005449267 25.572370942691325 102.54481482763218 174.0 185.0 74.0
22.599679581573277 26.000231238343158 102.54221201034989 150.0 158.0 51.0
22.59974315769729 26.428091533994987 102.53960919306762 151.0 149.0 51.0
23.026846826649226 24.71671392751168 102.5709099280471 139.0 138.0 92.0
23.026910402773233 25.14457422316351 102.56830711076483 185.0 192.0 97.0
23.026973978897246 25.57243451881534 102.56570429348254 161.0 170.0 68.0
23.027037555021256 26.000294814467168 102.56310147620027 143.0 143.0 49.0
23.454204800097205 24.71677750363569 102.59179939389746 130.0 130.0 88.0
23.45426837622121 25.14463779928752 102.5891965766152 168.0 175.0 85.0
23.45433195234522 25.57249809493935 102.58659375933293 145.0 155.0 56.0
23.454395528469234 26.00035839059118 102.58399094205066 118.0 117.0 40.0
23.881626349669187 25.14470137541153 102.61008604246557 100.0 108.0 41.0
23.8816899257932 25.57256167106336 102.6074832251833 104.0 115.0 34.0
23.88175350191721 26.00042196671519 102.604880407901 85.0 85.0 24.0
19.587093573215032 24.71880813580186 102.83114425313795 99.0 100.0 62.0
19.587157149339042 25.14666843145369 102.82854143585568 170.0 175.0 102.0
19.587220725463055 25.57452872710552 102.82593861857342 176.0 185.0 103.0
19.587284301587065 26.00238902275735 102.82333580129115 144.0 156.0 75.0
20.014387970538998 24.291011416274042 102.8546365362706 151.0 146.0 99.0
20.01445154666301 24.71887171192587 102.85203371898834 219.0 218.0 136.0
20.01451512278702 25.1467320075777 102.84943090170607 210.0 213.0 126.0
20.014578698911034 25.574592303229533 102.84682808442379 191.0 198.0 105.0
20.014642275035044 26.00245259888136 102.84422526714151 172.0 184.0 84.0
20.014705851159054 26.43031289453319 102.84162244985924 134.0 147.0 59.0
20.441745943986977 24.291074992398055 102.87552600212098 189.0 190.0 117.0
20.441809520110986 24.71893528804988 102.87292318483871 217.0 219.0 129.0
20.441873096235 25.146795583701714 102.87032036755645 219.0 222.0 131.0
20.44193667235901 25.57465587935354 102.86771755027415 209.0 214.0 110.0
20.442000248483023 26.002516175005372 102.86511473299188 181.0 192.0 77.0
20.44206382460703 26.4303764706572 102.86251191570962 172.0 181.0 67.0
20.442127400731042 26.85823676630903 102.85990909842735 110.0 121.0 41.0
20.442190976855052 27.286097061960863 102.85730628114509 83.0 93.0 40.0
20.869103917434952 24.29113856852206 102.89641546797137 172.0 174.0 97.0
20.869167493558965 24.718998864173894 102.89381265068907 208.0 212.0 115.0
20.869231069682975 25.146859159825723 102.8912098334068 212.0 216.0 120.0
20.86929464580699 25.574719455477553 102.88860701612454 203.0 207.0 100.0
20.869358221930998 26.002579751129385 102.88600419884227 183.0 194.0 76.0
20.869421798055008 26.43044004678121 102.88340138156 175.0 173.0 67.0
20.869485374179018 26.858300342433044 102.88079856427771 131.0 141.0 51.0
20.86954895030303 27.286160638084873 102.87819574699544 74.0 84.0 31.0
21.29639831475892 23.863341848994246 102.91990775110398 191.0 192.0 120.0
21.29646189088293 24.291202144646075 102.91730493382171 217.0 218.0 132.0
21.29652546700694 24.719062440297904 102.91470211653944 211.0 215.0 120.0
21.296589043130954 25.146922735949733 102.91209929925718 197.0 204.0 97.0
21.296652619254964 25.574783031601566 102.90949648197491 191.0 201.0 88.0
21.296716195378977 26.002643327253395 102.90689366469263 185.0 189.0 77.0
21.296779771502987 26.430503622905224 102.90429084741037 145.0 159.0 52.0
21.296843347626996 26.858363918557053 102.9016880301281 125.0 136.0 50.0
21.29690692375101 27.286224214208882 102.89908521284583 94.0 104.0 40.0
21.7237562882069 23.863405425118255 102.94079721695437 221.0 220.0 147.0
21.72381986433091 24.291265720770085 102.9381943996721 227.0 228.0 140.0
21.723883440454923 24.719126016421917 102.93559158238983 221.0 223.0 127.0
21.72394701657893 25.146986312073746 102.93298876510754 198.0 201.0 88.0
21.72401059270294 25.574846607725576 102.93038594782527 175.0 185.0 71.0
21.724074168826952 26.002706903377405 102.927783130543 175.0 182.0 72.0
21.724137744950962 26.430567199029234 102.92518031326074 125.0 140.0 46.0
21.724201321074975 26.858427494681067 102.92257749597847 110.0 124.0 43.0
21.724264897198985 27.286287790332892 102.91997467869618 71.0 86.0 30.0
22.151114261654875 23.863469001242265 102.96168668280475 131.0 131.0 87.0
22.15117783777889 24.291329296894098 102.95908386552249 218.0 219.0 136.0
22.1512414139029 24.719189592545927 102.95648104824019 206.0 212.0 113.0
22.151304990026905 25.147049888197756 102.95387823095793 191.0 198.0 85.0
22.151368566150918 25.57491018384959 102.95127541367566 176.0 186.0 72.0
22.151432142274928 26.002770479501415 102.9486725963934 140.0 155.0 48.0
22.15149571839894 26.430630775153247 102.94606977911113 138.0 150.0 53.0
22.15155929452295 26.858491070805073 102.94346696182883 105.0 119.0 39.0
22.578535811226864 24.291392873018108 102.97997333137283 88.0 87.0 55.0
22.578599387350877 24.719253168669937 102.97737051409057 197.0 202.0 110.0
22.578662963474883 25.14711346432177 102.9747676968083 190.0 198.0 88.0
22.578726539598893 25.574973759973595 102.97216487952603 176.0 186.0 74.0
22.578790115722907 26.002834055625428 102.96956206224375 154.0 163.0 54.0
22.578853691846916 26.430694351277257 102.96695924496149 156.0 157.0 53.0
22.57891726797093 26.858554646929086 102.96435642767922 83.0 89.0 28.0
23.005957360798856 24.71931674479395 102.99825997994095 158.0 158.0 104.0
23.00602093692286 25.14717704044578 102.99565716265866 188.0 195.0 98.0
23.006084513046872 25.57503733609761 102.9930543453764 169.0 178.0 76.0
23.006148089170882 26.002897631749438 102.99045152809413 142.0 149.0 52.0
23.43331533424683 24.71938032091796 103.01914944579131 109.0 108.0 77.0
23.433378910370838 25.14724061656979 103.01654662850905 169.0 175.0 89.0
23.43344248649485 25.575100912221618 103.01394381122678 142.0 153.0 57.0
23.43350606261886 26.00296120787345 103.01134099394451 120.0 126.0 42.0
23.860800459942826 25.57516448834563 103.03483327707715 91.0 100.0 34.0
23.86086403606684 26.003024783997457 103.03223045979487 84.0 87.0 26.0
19.56626768348867 25.149271248735964 103.25589148774954 141.0 146.0 84.0
19.56633125961268 25.577131544387793 103.25328867046727 140.0 149.0 76.0
19.566394835736695 26.004991840039622 103.250685853185 108.0 118.0 52.0
19.993562080812637 24.721474529208145 103.27938377088219 209.0 207.0 140.0
19.993625656936647 25.149334824859974 103.27678095359992 212.0 213.0 126.0
19.99368923306066 25.577195120511806 103.27417813631766 187.0 196.0 103.0
19.99375280918467 26.005055416163632 103.27157531903536 138.0 150.0 58.0
19.99381638530868 26.432915711815465 103.2689725017531 80.0 89.0 29.0
20.420856478136603 24.293677809680325 103.30287605401483 167.0 166.0 110.0
20.420920054260613 24.721538105332154 103.30027323673256 222.0 223.0 137.0
20.420983630384626 25.149398400983987 103.29767041945028 224.0 224.0 137.0
20.42104720650864 25.577258696635813 103.29506760216802 207.0 210.0 107.0
20.42111078263265 26.005118992287645 103.29246478488575 164.0 177.0 63.0
20.42117435875666 26.432979287939474 103.28986196760349 122.0 137.0 37.0
20.84821445158458 24.293741385804335 103.32376551986522 154.0 156.0 95.0
20.84827802770859 24.721601681456168 103.32116270258292 214.0 217.0 126.0
20.848341603832605 25.149461977107997 103.31855988530066 220.0 223.0 128.0
20.848405179956615 25.577322272759826 103.31595706801839 212.0 214.0 103.0
20.848468756080628 26.005182568411655 103.31335425073613 188.0 194.0 75.0
20.848532332204634 26.433042864063484 103.31075143345386 159.0 160.0 50.0
20.848595908328647 26.860903159715313 103.30814861617156 92.0 92.0 28.0
21.275508848908547 23.86594466627652 103.34725780299785 94.0 94.0 60.0
21.275572425032557 24.29380496192835 103.34465498571558 177.0 179.0 109.0
21.27563600115657 24.721665257580177 103.34205216843331 186.0 188.0 104.0
21.27569957728058 25.149525553232007 103.33944935115105 203.0 209.0 107.0
21.275763153404593 25.577385848883836 103.33684653386878 202.0 200.0 94.0
21.275826729528603 26.00524614453567 103.33424371658649 195.0 192.0 81.0
21.275890305652613 26.433106440187494 103.33164089930422 144.0 144.0 43.0
21.275953881776623 26.860966735839327 103.32903808202195 118.0 129.0 40.0
21.276017457900636 27.288827031491156 103.32643526473969 88.0 102.0 39.0
21.702866822356526 23.86600824240053 103.36814726884822 198.0 199.0 125.0
21.70293039848054 24.293868538052358 103.36554445156595 228.0 229.0 141.0
21.70299397460455 24.72172883370419 103.36294163428369 222.0 224.0 131.0
21.703057550728555 25.149589129356016 103.3603388170014 210.0 211.0 102.0
21.703121126852565 25.57744942500785 103.35773599971913 190.0 194.0 80.0
21.70318470297658 26.005309720659675 103.35513318243686 169.0 179.0 63.0
21.70324827910059 26.433170016311507 103.35253036515459 132.0 146.0 45.0
21.7033118552246 26.861030311963336 103.34992754787233 109.0 124.0 41.0
21.703375431348615 27.288890607615166 103.34732473059005 75.0 89.0 34.0
22.130224795804505 23.86607181852454 103.3890367346986 131.0 131.0 82.0
22.130288371928515 24.29393211417637 103.38643391741634 227.0 228.0 146.0
22.130351948052528 24.721792409828197 103.38383110013405 214.0 218.0 122.0
22.130415524176534 25.14965270548003 103.38122828285178 200.0 208.0 96.0
22.130479100300544 25.57751300113186 103.37862546556951 181.0 193.0 74.0
22.130542676424557 26.005373296783688 103.37602264828725 150.0 165.0 50.0
22.130606252548567 26.433233592435517 103.37341983100495 137.0 146.0 47.0
22.13066982867258 26.861093888087346 103.37081701372269 106.0 120.0 42.0
22.557646345376494 24.29399569030038 103.4073233832667 167.0 169.0 103.0
22.557709921500503 24.72185598595221 103.40472056598443 204.0 208.0 117.0
22.55777349762451 25.14971628160404 103.40211774870217 193.0 200.0 89.0
22.557837073748523 25.57757657725587 103.3995149314199 168.0 177.0 65.0
22.557900649872533 26.0054368729077 103.3969121141376 142.0 156.0 46.0
22.557964225996546 26.43329716855953 103.39430929685534 132.0 139.0 45.0
22.985067894948482 24.72191956207622 103.42561003183481 164.0 164.0 107.0
22.98513147107249 25.149779857728053 103.42300721455251 186.0 193.0 94.0
22.9851950471965 25.577640153379882 103.42040439727025 170.0 179.0 77.0
22.98525862332051 26.00550044903171 103.41780157998798 137.0 148.0 52.0
22.98532219944452 26.43336074468354 103.41519876270571 107.0 109.0 42.0
23.41242586839646 24.721983138200233 103.44649949768517 90.0 89.0 64.0
23.412489444520464 25.149843433852062 103.4438966804029 180.0 187.0 100.0
23.412553020644477 25.57770372950389 103.44129386312063 149.0 160.0 67.0
23.412616596768487 26.005564025155724 103.43869104583837 102.0 112.0 39.0
23.839910994092453 25.577767305627905 103.46218332897102 74.0 81.0 31.0
19.545378217638294 25.15187406601823 103.68324153964339 91.0 95.0 52.0
19.97267261496226 24.724077346490414 103.70673382277604 184.0 182.0 116.0
19.972736191086273 25.151937642142244 103.70413100549378 201.0 206.0 117.0
19.972799767210283 25.579797937794076 103.70152818821151 183.0 193.0 99.0
19.972863343334296 26.007658233445902 103.69892537092922 152.0 163.0 72.0
20.399967012286226 24.296280626962595 103.7302261059087 133.0 132.0 94.0
20.40003058841024 24.724140922614424 103.72762328862643 227.0 226.0 149.0
20.400094164534252 25.152001218266257 103.72502047134414 221.0 224.0 132.0
20.400157740658262 25.579861513918082 103.72241765406187 215.0 214.0 113.0
20.400221316782275 26.007721809569915 103.7198148367796 200.0 196.0 86.0
20.40028489290628 26.435582105221744 103.71721201949734 89.0 88.0 18.0
20.827324985734204 24.296344203086605 103.75111557175904 184.0 183.0 121.0
20.827388561858218 24.724204498738438 103.74851275447678 232.0 230.0 154.0
20.827452137982227 25.152064794390267 103.74590993719451 231.0 228.0 140.0
20.82751571410624 25.579925090042096 103.74330711991225 225.0 221.0 118.0
20.82757929023025 26.007785385693925 103.74070430262998 201.0 198.0 78.0
21.254682959182183 24.296407779210618 103.77200503760943 189.0 190.0 117.0
21.254746535306193 24.724268074862447 103.76940222032717 214.0 218.0 125.0
21.254810111430206 25.152128370514276 103.7667994030449 214.0 220.0 115.0
21.254873687554216 25.579988666166106 103.76419658576263 194.0 202.0 89.0
21.25493726367823 26.00784896181794 103.76159376848034 121.0 135.0 31.0
21.255000839802236 26.435709257469764 103.75899095119807 108.0 108.0 26.0
21.682040932630162 24.296471355334628 103.7928945034598 230.0 231.0 145.0
21.682104508754175 24.72433165098646 103.79029168617754 224.0 227.0 132.0
21.682168084878178 25.152191946638286 103.78768886889526 204.0 211.0 97.0
21.68223166100219 25.58005224229012 103.78508605161299 179.0 192.0 70.0
21.6822952371262 26.007912537941944 103.78248323433073 151.0 162.0 45.0
21.682358813250215 26.435772833593777 103.77988041704846 130.0 141.0 42.0
21.682485965498238 27.291493424897435 103.7746747824839 82.0 94.0 36.0
22.10939890607814 24.29653493145864 103.81378396931017 233.0 233.0 155.0
22.10946248220215 24.724395227110467 103.8111811520279 222.0 225.0 131.0
22.109526058326157 25.1522555227623 103.80857833474563 205.0 212.0 101.0
22.10958963445017 25.58011581841413 103.80597551746337 161.0 174.0 58.0
22.10965321057418 26.007976114065958 103.8033727001811 135.0 150.0 40.0
22.109716786698193 26.435836409717787 103.80076988289882 132.0 143.0 45.0
22.536756879526116 24.29659850758265 103.83467343516055 180.0 180.0 115.0
22.53682045565013 24.72445880323448 103.83207061787829 223.0 225.0 134.0
22.536884031774136 25.15231909888631 103.82946780059602 205.0 211.0 103.0
22.536947607898146 25.58017939453814 103.82686498331373 175.0 182.0 70.0
22.53701118402216 26.008039690189968 103.82426216603146 138.0 151.0 45.0
22.53707476014617 26.4358999858418 103.8216593487492 133.0 140.0 47.0
22.964178429098105 24.72452237935849 103.85296008372866 207.0 208.0 134.0
22.96424200522211 25.152382675010323 103.85035726644638 201.0 207.0 106.0
22.964305581346125 25.580242970662148 103.84775444916411 164.0 172.0 70.0
22.964369157470134 26.00810326631398 103.84515163188185 140.0 151.0 55.0
22.964432733594148 26.43596356196581 103.84254881459958 97.0 101.0 38.0
23.391536402546084 24.724585955482503 103.87384954957902 137.0 135.0 95.0
23.39159997867009 25.15244625113433 103.87124673229675 185.0 192.0 107.0
23.3916635547941 25.58030654678616 103.86864391501449 155.0 163.0 78.0
23.391727130918113 26.00816684243799 103.86604109773222 137.0 146.0 65.0
23.818957952118065 25.152509827258342 103.89213619814714 83.0 85.0 55.0
23.81902152824208 25.58037012291017 103.88953338086485 90.0 96.0 48.0
23.819085104366092 26.008230418562 103.88693056358258 83.0 90.0 39.0
19.95178314911189 24.726680163772684 104.1340838746699 110.0 111.0 71.0
19.9518467252359 25.154540459424517 104.13148105738763 152.0 157.0 91.0
19.951910301359913 25.582400755076346 104.12887824010534 156.0 166.0 85.0
19.951973877483923 26.010261050728175 104.12627542282307 122.0 133.0 54.0
19.952037453607932 26.438121346380004 104.1236726055408 75.0 87.0 32.0
20.379141122559865 24.726743739896698 104.15497334052029 212.0 213.0 137.0
20.37920469868388 25.154604035548527 104.15237052323799 215.0 217.0 130.0
20.379268274807888 25.582464331200356 104.14976770595572 207.0 206.0 112.0
20.3793318509319 26.010324626852185 104.14716488867346 186.0 185.0 81.0
20.37939542705591 26.438184922504018 104.14456207139119 114.0 117.0 35.0
20.80643551988383 24.298947020368878 104.17846562365291 169.0 168.0 116.0
20.806499096007844 24.726807316020707 104.17586280637065 230.0 228.0 151.0
20.806562672131854 25.15466761167254 104.17325998908838 230.0 226.0 143.0
20.806626248255867 25.582527907324366 104.17065717180611 223.0 217.0 122.0
20.80668982437988 26.0103882029762 104.16805435452385 204.0 197.0 88.0
20.806753400503887 26.438248498628028 104.16545153724155 136.0 135.0 39.0
20.8068169766279 26.866108794279857 104.16284871995929 95.0 103.0 31.0
21.23379349333181 24.299010596492888 104.19935508950329 198.0 197.0 128.0
21.233857069455823 24.72687089214472 104.19675227222102 221.0 221.0 141.0
21.233920645579833 25.154731187796546 104.19414945493875 221.0 223.0 132.0
21.233984221703846 25.58259148344838 104.19154663765646 208.0 213.0 109.0
21.234047797827856 26.010451779100208 104.18894382037419 178.0 189.0 74.0
21.234111373951865 26.438312074752037 104.18634100309193 127.0 142.0 39.0
21.234174950075875 26.86617237040387 104.18373818580966 88.0 104.0 30.0
21.66115146677979 24.2990741726169 104.22024455535367 209.0 210.0 130.0
21.6612150429038 24.72693446826873 104.2176417380714 225.0 227.0 139.0
21.661278619027808 25.15479476392056 104.21503892078911 216.0 220.0 120.0
21.661342195151818 25.582655059572392 104.21243610350685 201.0 207.0 97.0
21.66140577127583 26.010515355224218 104.20983328622458 176.0 187.0 72.0
21.66146934739984 26.43837565087605 104.20723046894231 137.0 151.0 47.0
21.661532923523854 26.86623594652788 104.20462765166005 99.0 115.0 37.0
22.088509440227767 24.29913774874091 104.24113402120403 222.0 222.0 149.0
22.08857301635178 24.72699804439274 104.23853120392177 232.0 233.0 151.0
22.088636592475783 25.154858340044573 104.2359283866395 214.0 218.0 115.0
22.088700168599797 25.582718635696402 104.23332556935723 186.0 194.0 85.0
22.088763744723806 26.01057893134823 104.23072275207495 163.0 176.0 63.0
22.08882732084782 26.43843922700006 104.22811993479267 143.0 150.0 52.0
22.088890896971833 26.86629952265189 104.2255171175104 100.0 114.0 40.0
22.515867413675746 24.299201324864924 104.2620234870544 182.0 182.0 123.0
22.515930989799756 24.727061620516753 104.25942066977214 229.0 230.0 144.0
22.515994565923762 25.154921916168583 104.25681785248987 213.0 217.0 113.0
22.516058142047775 25.582782211820412 104.25421503520758 180.0 188.0 78.0
22.516121718171785 26.01064250747224 104.25161221792531 151.0 165.0 56.0
22.5161852942958 26.438502803124074 104.24900940064305 128.0 130.0 47.0
22.943288963247735 24.727125196640763 104.2803101356225 207.0 207.0 137.0
22.94335253937174 25.154985492292596 104.27770731834023 209.0 214.0 116.0
22.94341611549575 25.58284578794442 104.27510450105797 173.0 181.0 81.0
22.943479691619764 26.010706083596254 104.2725016837757 136.0 147.0 57.0
23.37064693669571 24.727188772764777 104.30119960147287 189.0 187.0 137.0
23.370710512819716 25.155049068416602 104.29859678419061 204.0 207.0 128.0
23.37077408894373 25.582909364068435 104.29599396690834 159.0 168.0 82.0
23.37083766506774 26.010769659720264 104.29339114962607 120.0 129.0 56.0
23.798068486267695 25.155112644540615 104.319486250041 94.0 94.0 66.0
23.798132062391705 25.582972940192445 104.3168834327587 137.0 145.0 80.0
23.79819563851572 26.010833235844274 104.31428061547643 90.0 97.0 43.0
19.931084411633552 26.01286386801045 104.55362547471694 82.0 95.0 33.0
19.93114798775756 26.440724163662278 104.55102265743467 78.0 86.0 32.0
20.358251656709495 24.72934655717897 104.58232339241414 118.0 119.0 76.0
20.358315232833505 25.1572068528308 104.57972057513184 193.0 196.0 117.0
20.358378808957518 25.58506714848263 104.57711775784958 183.0 193.0 98.0
20.358442385081528 26.01292744413446 104.57451494056731 141.0 153.0 54.0
20.358505961205537 26.44078773978629 104.57191212328505 105.0 108.0 32.0
20.78560963015747 24.72941013330298 104.6032128582645 214.0 214.0 135.0
20.785673206281484 25.157270428954813 104.60061004098223 220.0 219.0 133.0
20.785736782405493 25.58513072460664 104.59800722369997 212.0 211.0 119.0
20.785800358529507 26.01299102025847 104.5954044064177 186.0 188.0 84.0
20.785863934653516 26.440851315910297 104.5928015891354 136.0 143.0 45.0
21.21296760360545 24.729473709426994 104.62410232411487 218.0 219.0 139.0
21.21303117972946 25.15733400507882 104.6214995068326 218.0 221.0 130.0
21.213094755853472 25.585194300730652 104.61889668955033 216.0 217.0 120.0
21.213158331977482 26.01305459638248 104.61629387226806 190.0 193.0 86.0
21.21322190810149 26.44091489203431 104.6136910549858 132.0 147.0 47.0
21.640262000929418 24.301676989899175 104.64759460724753 145.0 145.0 96.0
21.640325577053428 24.729537285551004 104.64499178996523 230.0 231.0 151.0
21.640389153177434 25.157397581202833 104.64238897268297 222.0 224.0 134.0
21.640452729301447 25.585257876854662 104.6397861554007 205.0 210.0 106.0
21.640516305425457 26.01311817250649 104.63718333811843 177.0 188.0 76.0
21.64057988154947 26.44097846815832 104.63458052083617 140.0 154.0 49.0
22.067619974377394 24.301740566023184 104.66848407309789 172.0 171.0 115.0
22.067683550501407 24.729600861675014 104.66588125581562 235.0 235.0 159.0
22.067747126625413 25.157461157326843 104.66327843853335 219.0 222.0 128.0
22.067810702749423 25.585321452978675 104.66067562125109 188.0 195.0 89.0
22.067874278873436 26.0131817486305 104.65807280396882 162.0 173.0 65.0
22.067937854997446 26.441042044282334 104.65546998668653 132.0 145.0 49.0
22.494977947825372 24.301804142147198 104.68937353894826 138.0 137.0 92.0
22.495041523949386 24.729664437799023 104.686770721666 228.0 229.0 148.0
22.49510510007339 25.157524733450856 104.68416790438373 211.0 216.0 114.0
22.4951686761974 25.58538502910268 104.68156508710145 180.0 188.0 79.0
22.49523225232141 26.013245324754514 104.67896226981918 149.0 161.0 56.0
22.495295828445425 26.441105620406343 104.67635945253691 127.0 136.0 51.0
22.92239949739736 24.729728013923037 104.70766018751635 214.0 214.0 145.0
22.922463073521367 25.157588309574866 104.70505737023409 207.0 212.0 114.0
22.92252664964538 25.585448605226695 104.70245455295182 173.0 183.0 81.0
22.92259022576939 26.013308900878524 104.69985173566955 129.0 140.0 53.0
23.349821046969346 25.157651885698876 104.72594683608447 154.0 155.0 99.0
23.349884623093356 25.58551218135071 104.72334401880221 144.0 152.0 73.0
23.34994819921737 26.013372477002537 104.72074120151991 106.0 115.0 46.0
20.33736219085912 24.731949374461237 105.00967344430798 95.0 95.0 62.0
20.337425766983134 25.15980967011307 105.0070706270257 80.0 83.0 47.0
20.337552919231157 26.01553026141673 105.00186499246117 68.0 85.0 16.0
20.7647201643071 24.73201295058525 105.03056291015835 130.0 130.0 87.0
20.76478374043111 25.159873246237083 105.02796009287609 181.0 185.0 110.0
20.764847316555123 25.58773354188891 105.02535727559382 164.0 175.0 84.0
20.764910892679133 26.01559383754074 105.02275445831152 120.0 134.0 41.0
21.192078137755075 24.732076526709264 105.05145237600874 196.0 196.0 130.0
21.19214171387909 25.15993682236109 105.04884955872647 212.0 214.0 131.0
21.1922052900031 25.587797118012922 105.04624674144418 201.0 206.0 112.0
21.19226886612711 26.01565741366475 105.04364392416191 157.0 170.0 63.0
21.619436111203058 24.732140102833274 105.07234184185909 216.0 218.0 134.0
21.619499687327064 25.160000398485103 105.06973902457682 214.0 216.0 130.0
21.619563263451074 25.587860694136932 105.06713620729455 204.0 209.0 111.0
21.619626839575087 26.01572098978876 105.06453339001229 168.0 179.0 71.0
22.046794084651033 24.732203678957283 105.09323130770947 224.0 225.0 144.0
22.04685766077504 25.160063974609113 105.0906284904272 219.0 221.0 135.0
22.046921236899053 25.587924270260945 105.08802567314494 200.0 207.0 105.0
22.046984813023062 26.01578456591277 105.08542285586265 166.0 177.0 68.0
22.474152058099012 24.732267255081293 105.11412077355986 212.0 213.0 134.0
22.474215634223018 25.160127550733126 105.1115179562776 209.0 214.0 120.0
22.474279210347028 25.58798784638495 105.1089151389953 191.0 199.0 95.0
22.47434278647104 26.015848142036784 105.10631232171303 141.0 154.0 52.0
22.90151003154699 24.732330831205307 105.1350102394102 137.0 138.0 89.0
22.901573607670993 25.160191126857136 105.13240742212794 186.0 193.0 97.0
22.901637183795007 25.588051422508965 105.12980460484567 148.0 156.0 66.0
23.329058733366995 26.015975294284807 105.14809125341377 75.0 82.0 32.0
20.316472725008747 24.73455219174351 105.43702349620183 100.0 100.0 69.0
20.743830698456723 24.734615767867524 105.4579129620522 86.0 86.0 60.0
21.17125224802871 25.162539639643363 105.47619961062033 91.0 94.0 54.0
21.171315824152725 25.590399935295192 105.47359679333803 126.0 131.0 60.0
21.59854664535268 24.734742920115547 105.49969189375295 87.0 87.0 58.0
21.598610221476687 25.162603215767373 105.49708907647069 150.0 154.0 90.0
21.5986737976007 25.590463511419205 105.49448625918842 157.0 165.0 76.0
22.02590461880066 24.734806496239553 105.52058135960333 145.0 145.0 99.0
22.025968194924666 25.162666791891386 105.51797854232106 204.0 207.0 129.0
22.026031771048675 25.590527087543215 105.5153757250388 189.0 196.0 99.0
22.453262592248635 24.734870072363567 105.54147082545371 124.0 123.0 86.0
22.45332616837264 25.1627303680154 105.53886800817142 227.0 227.0 154.0
22.453389744496654 25.590590663667225 105.53626519088915 204.0 208.0 111.0
22.88068414182062 25.16279394413941 105.55975747402181 194.0 197.0 119.0
22.88074771794463 25.590654239791238 105.55715465673954 135.0 144.0 68.0
21.577720755626313 25.165206033049646 105.92443912836454 86.0 88.0 56.0
22.00507872907429 25.16526960917366 105.94532859421493 90.0 92.0 58.0
22.43243670252227 25.16533318529767 105.96621806006529 147.0 150.0 93.0
22.859794675970246 25.165396761421682 105.98710752591565 116.0 118.0 75.0
