21.080068609528084 26.297569213137347 81.04676980327262 82.0 90.0 36.0
20.631757594105725 25.872248158643774 81.45583320659838 100.0 103.0 57.0
20.631821170229735 26.300108454295604 81.45323038931612 83.0 87.0 44.0
21.059115567553704 25.872311734767784 81.47672267244876 102.0 109.0 46.0
21.059179143677714 26.300172030419617 81.47411985516648 111.0 122.0 46.0
21.48640996487767 25.444515015239965 81.5002149555814 91.0 93.0 26.0
21.486473541001683 25.872375310891798 81.49761213829913 102.0 109.0 30.0
21.48653711712569 26.300235606543627 81.49500932101685 93.0 108.0 28.0
21.486600693249702 26.728095902195456 81.49240650373459 70.0 80.0 22.0
21.91376793832565 25.444578591363978 81.52110442143179 77.0 95.0 23.0
21.913831514449658 25.872438887015807 81.5185016041495 88.0 102.0 26.0
21.913895090573668 26.300299182667636 81.51589878686724 91.0 108.0 28.0
22.341316640145656 26.72822305444348 81.53418543543533 95.0 106.0 36.0
20.610868128255355 25.874850975926044 81.88318325849224 119.0 116.0 55.0
20.61093170437936 26.302711271577877 81.88058044120997 134.0 141.0 68.0
21.038098949455307 25.0191939607464 81.90927835890716 92.0 85.0 39.0
21.03816252557932 25.44705425639823 81.90667554162488 109.0 109.0 39.0
21.03822610170333 25.874914552050058 81.90407272434261 112.0 115.0 40.0
21.03828967782734 26.302774847701887 81.90146990706035 111.0 121.0 45.0
21.465456922903286 25.01925753687041 81.93016782475753 117.0 118.0 39.0
21.465520499027296 25.44711783252224 81.92756500747525 112.0 117.0 35.0
21.46558407515131 25.874978128174067 81.92496219019299 101.0 108.0 28.0
21.46564765127532 26.3028384238259 81.9223593729107 97.0 108.0 28.0
21.89281489635126 25.019321112994422 81.9510572906079 105.0 117.0 35.0
21.892878472475275 25.447181408646248 81.94845447332564 106.0 117.0 33.0
21.892942048599288 25.87504170429808 81.94585165604336 107.0 114.0 31.0
21.893005624723294 26.30290199994991 81.9432488387611 96.0 110.0 27.0
21.893069200847307 26.73076229560174 81.94064602147881 61.0 80.0 19.0
22.320236445923253 25.44724498477026 81.969343939176 105.0 120.0 33.0
22.320300022047263 25.87510528042209 81.96674112189373 117.0 124.0 34.0
22.320363598171273 26.30296557607392 81.96413830461147 111.0 120.0 34.0
22.320427174295283 26.730825871725752 81.9615354873292 85.0 102.0 32.0
20.162620688957002 25.877390217084308 82.28964384453572 80.0 81.0 36.0
20.16268426508101 26.305250512736134 82.28704102725345 90.0 96.0 52.0
20.589851510156954 25.021733201904656 82.31573894495064 110.0 102.0 51.0
20.589915086280968 25.44959349755649 82.31313612766836 118.0 120.0 46.0
20.589978662404977 25.877453793208314 82.31053331038609 114.0 121.0 45.0
20.590042238528987 26.305314088860147 82.30793049310383 130.0 139.0 61.0
21.01714590748092 24.593936482376836 82.33923122808329 110.0 105.0 56.0
21.017209483604933 25.02179677802867 82.33662841080101 139.0 144.0 61.0
21.017273059728943 25.4496570736805 82.33402559351875 127.0 135.0 49.0
21.017336635852956 25.877517369332327 82.33142277623647 108.0 119.0 34.0
21.017400211976963 26.305377664984157 82.3288199589542 111.0 123.0 42.0
21.4445038809289 24.59400005850085 82.36012069393365 135.0 136.0 57.0
21.44456745705291 25.02186035415268 82.35751787665137 137.0 146.0 55.0
21.444631033176922 25.449720649804508 82.3549150593691 123.0 136.0 42.0
21.44469460930093 25.877580945456337 82.35231224208684 111.0 121.0 30.0
21.44475818542494 26.30544124110817 82.34970942480457 110.0 117.0 30.0
21.871861854376874 24.59406363462486 82.38101015978403 117.0 127.0 46.0
21.871925430500887 25.021923930276692 82.37840734250176 125.0 136.0 47.0
21.871989006624897 25.449784225928518 82.37580452521948 118.0 131.0 40.0
21.87205258274891 25.87764452158035 82.37320170793721 109.0 125.0 32.0
21.87211615887292 26.30550481723218 82.37059889065495 99.0 110.0 26.0
22.299219827824853 24.594127210748873 82.40189962563441 98.0 107.0 35.0
22.299283403948866 25.0219875064007 82.39929680835213 124.0 134.0 47.0
22.299346980072876 25.44984780205253 82.39669399106987 128.0 139.0 49.0
22.29941055619689 25.87770809770436 82.39409117378759 124.0 137.0 43.0
22.299474132320896 26.30556839335619 82.39148835650532 100.0 117.0 31.0
22.29953770844491 26.733428689008022 82.38888553922304 67.0 88.0 21.0
22.726832105768874 26.305631969480203 82.41237782235568 128.0 141.0 50.0
22.726895681892884 26.733492265132032 82.40977500507341 70.0 91.0 24.0
20.141667646982615 25.45213273871475 82.71959671371185 97.0 99.0 39.0
20.14173122310663 25.879993034366578 82.71699389642959 111.0 117.0 51.0
20.141794799230638 26.307853330018407 82.7143910791473 119.0 126.0 64.0
20.56889846818257 24.5964757235351 82.74569181412676 108.0 102.0 56.0
20.568962044306584 25.02433601918693 82.74308899684449 139.0 139.0 61.0
20.569025620430594 25.45219631483876 82.74048617956221 127.0 137.0 54.0
20.569089196554607 25.880056610490588 82.73788336227994 119.0 130.0 47.0
20.569152772678613 26.30791690614242 82.73528054499768 125.0 134.0 54.0
20.569216348802627 26.73577720179425 82.73267772771541 65.0 80.0 22.0
20.99625644163055 24.59653929965911 82.76658127997713 168.0 166.0 87.0
20.99632001775456 25.02439959531094 82.76397846269487 149.0 157.0 66.0
20.996383593878573 25.45225989096277 82.7613756454126 132.0 143.0 52.0
20.996447170002583 25.8801201866146 82.75877282813032 119.0 131.0 42.0
20.996510746126592 26.30798048226643 82.75617001084805 118.0 129.0 45.0
20.996574322250602 26.73584077791826 82.75356719356577 65.0 83.0 23.0
21.423550838954515 24.168742580131294 82.79007356310979 91.0 91.0 45.0
21.423614415078525 24.59660287578312 82.78747074582752 154.0 157.0 67.0
21.42367799120254 25.024463171434952 82.78486792854524 142.0 152.0 54.0
21.423741567326548 25.45232346708678 82.78226511126297 129.0 142.0 44.0
21.42380514345056 25.88018376273861 82.7796622939807 115.0 129.0 36.0
21.423868719574568 26.308044058390443 82.77705947669843 109.0 124.0 36.0
21.42393229569858 26.73590435404227 82.77445665941616 67.0 85.0 26.0
21.850972388526504 24.596666451907133 82.80836021167788 133.0 143.0 52.0
21.851035964650514 25.024526747558962 82.80575739439561 131.0 142.0 47.0
21.851099540774527 25.45238704321079 82.80315457711333 119.0 133.0 39.0
21.851163116898537 25.880247338862624 82.80055175983107 114.0 129.0 36.0
21.851226693022546 26.30810763451445 82.79794894254879 104.0 122.0 34.0
21.85129026914656 26.735967930166282 82.79534612526652 65.0 85.0 22.0
22.27833036197448 24.596730028031146 82.82924967752825 113.0 122.0 43.0
22.278393938098493 25.024590323682972 82.82664686024599 131.0 141.0 50.0
22.278457514222502 25.452450619334805 82.82404404296372 140.0 150.0 57.0
22.278521090346516 25.880310914986634 82.82144122568144 132.0 145.0 50.0
22.278584666470525 26.308171210638463 82.81883840839917 112.0 129.0 40.0
22.278648242594535 26.736031506290292 82.8162355911169 94.0 112.0 36.0
22.27871181871855 27.16389180194212 82.81363277383463 77.0 93.0 34.0
22.70568833542246 24.596793604155156 82.85013914337863 141.0 150.0 66.0
22.705751911546468 25.024653899806985 82.84753632609636 131.0 140.0 57.0
22.705815487670478 25.452514195458814 82.8449335088141 135.0 145.0 59.0
22.70587906379449 25.880374491110643 82.84233069153181 145.0 157.0 64.0
22.7059426399185 26.308234786762473 82.83972787424955 150.0 163.0 63.0
22.706006216042514 26.736095082414305 82.83712505696728 81.0 102.0 25.0
22.706069792166524 27.16395537806613 82.834522239685 62.0 82.0 19.0
23.133427765614503 27.164018954190144 82.85541170553537 103.0 119.0 38.0
19.693547359932285 26.310392571176667 83.12085166519078 76.0 80.0 47.0
20.12071460500823 25.02687526034519 83.14954958288797 104.0 99.0 49.0
20.120778181132245 25.454735555997022 83.1469467656057 121.0 126.0 52.0
20.120841757256255 25.88259585164885 83.14434394832344 122.0 131.0 55.0
20.120905333380264 26.31045614730068 83.14174113104116 131.0 139.0 63.0
20.120968909504278 26.73831644295251 83.13913831375889 89.0 99.0 42.0
20.548009002332197 24.599078540817374 83.17304186602063 142.0 144.0 73.0
20.54807257845621 25.026938836469203 83.17043904873836 152.0 153.0 66.0
20.54813615458022 25.454799132121032 83.16783623145608 147.0 154.0 63.0
20.548199730704233 25.88265942777286 83.16523341417381 137.0 147.0 59.0
20.548263306828243 26.31051972342469 83.16263059689153 127.0 137.0 54.0
20.975303399656163 24.171281821289554 83.19653414915327 148.0 136.0 83.0
20.975366975780176 24.599142116941383 83.19393133187098 171.0 164.0 80.0
20.97543055190419 25.027002412593212 83.19132851458872 162.0 165.0 66.0
20.9754941280282 25.454862708245045 83.18872569730645 138.0 148.0 53.0
20.975557704152212 25.88272300389687 83.18612288002417 130.0 140.0 52.0
20.97562128027622 26.310583299548703 83.1835200627419 126.0 136.0 57.0
20.975684856400232 26.738443595200533 83.18091724545963 81.0 94.0 39.0
21.40266137310414 24.171345397413567 83.21742361500364 137.0 129.0 64.0
21.402724949228155 24.599205693065393 83.21482079772137 155.0 158.0 62.0
21.402788525352165 25.027065988717226 83.21221798043909 145.0 155.0 50.0
21.402852101476178 25.45492628436905 83.20961516315683 123.0 137.0 41.0
21.402915677600188 25.882786580020884 83.20701234587455 116.0 129.0 43.0
21.402979253724197 26.310646875672713 83.20440952859228 116.0 125.0 54.0
21.403042829848207 26.738507171324542 83.20180671131001 78.0 90.0 43.0
21.83001934655212 24.171408973537574 83.238313080854 77.0 81.0 28.0
21.83008292267613 24.599269269189406 83.23571026357173 129.0 140.0 47.0
21.830146498800143 25.027129564841236 83.23310744628947 125.0 140.0 40.0
21.830210074924153 25.454989860493065 83.2305046290072 121.0 135.0 40.0
21.830273651048167 25.882850156144894 83.22790181172493 105.0 120.0 35.0
21.830337227172173 26.310710451796723 83.22529899444265 111.0 124.0 49.0
21.830400803296186 26.738570747448556 83.22269617716039 88.0 101.0 44.0
21.830464379420196 27.166431043100385 83.22009335987812 67.0 80.0 33.0
22.25744089612411 24.599332845313416 83.2565997294221 129.0 141.0 48.0
22.25750447224812 25.027193140965245 83.25399691213984 129.0 142.0 46.0
22.257568048372132 25.455053436617074 83.25139409485756 140.0 154.0 53.0
22.257631624496142 25.882913732268907 83.2487912775753 143.0 156.0 58.0
22.25769520062015 26.310774027920736 83.24618846029303 129.0 143.0 57.0
22.257758776744165 26.738634323572565 83.24358564301075 132.0 145.0 55.0
22.257822352868175 27.166494619224395 83.24098282572848 103.0 118.0 40.0
22.684735293448078 24.171536125785597 83.28009201255476 106.0 112.0 47.0
22.684798869572088 24.59939642143743 83.2774891952725 127.0 139.0 50.0
22.684862445696094 25.027256717089255 83.27488637799021 117.0 131.0 41.0
22.684926021820107 25.455117012741088 83.27228356070795 129.0 145.0 48.0
22.684989597944117 25.882977308392917 83.26968074342567 172.0 179.0 76.0
22.68505317406813 26.310837604044746 83.2670779261434 196.0 199.0 114.0
22.68511675019214 26.73869789969658 83.26447510886113 95.0 114.0 24.0
22.685180326316154 27.166558195348404 83.26187229157885 69.0 93.0 16.0
23.112347571392096 25.883040884516927 83.29057020927604 189.0 192.0 84.0
23.112411147516106 26.31090118016876 83.28796739199377 185.0 186.0 87.0
23.11247472364012 26.738761475820585 83.28536457471151 114.0 130.0 31.0
23.11253829976413 27.166621771472418 83.28276175742923 85.0 108.0 20.0
19.672657894081915 26.312995388458937 83.54820171708465 92.0 99.0 47.0
20.09982513915786 25.02947807762746 83.57689963478182 88.0 83.0 42.0
20.09988871528187 25.457338373279292 83.57429681749956 133.0 139.0 60.0
20.099952291405884 25.88519866893112 83.57169400021728 133.0 142.0 56.0
20.10001586752989 26.31305896458295 83.56909118293501 123.0 133.0 48.0
20.100079443653904 26.74091926023478 83.56648836565275 84.0 93.0 34.0
20.527119536481827 24.601681358099643 83.60039191791448 163.0 159.0 86.0
20.527183112605837 25.029541653751473 83.59778910063221 164.0 166.0 74.0
20.52724668872985 25.4574019494033 83.59518628334993 161.0 168.0 72.0
20.52731026485386 25.88526224505513 83.59258346606767 147.0 157.0 63.0
20.52737384097787 26.31312254070696 83.58998064878539 112.0 123.0 42.0
20.52743741710188 26.740982836358793 83.58737783150312 94.0 106.0 42.0
20.954413933805792 24.173884638571824 83.62388420104712 171.0 155.0 91.0
20.954477509929802 24.601744934223653 83.62128138376484 172.0 163.0 77.0
20.954541086053815 25.029605229875482 83.61867856648257 172.0 173.0 73.0
20.954604662177825 25.457465525527315 83.6160757492003 152.0 163.0 61.0
20.95466823830184 25.88532582117914 83.61347293191804 126.0 137.0 48.0
20.95473181442585 26.313186116830973 83.61087011463577 101.0 112.0 47.0
21.381771907253768 24.173948214695837 83.64477366689749 156.0 145.0 68.0
21.38183548337778 24.601808510347663 83.64217084961523 163.0 164.0 62.0
21.38189905950179 25.029668805999496 83.63956803233295 156.0 167.0 55.0
21.381962635625804 25.45752910165132 83.63696521505068 131.0 145.0 44.0
21.382026211749817 25.885389397303154 83.6343623977684 106.0 118.0 42.0
21.382089787873824 26.313249692954983 83.63175958048613 72.0 82.0 42.0
21.809129880701747 24.174011790819844 83.66566313274787 131.0 133.0 52.0
21.80919345682576 24.601872086471676 83.6630603154656 141.0 150.0 45.0
21.80925703294977 25.029732382123505 83.66045749818332 125.0 140.0 33.0
21.809320609073783 25.457592677775335 83.65785468090105 112.0 129.0 32.0
21.809384185197793 25.885452973427164 83.65525186361879 97.0 113.0 37.0
21.809447761321803 26.313313269078993 83.6526490463365 74.0 86.0 39.0
22.236487854149726 24.174075366943857 83.68655259859824 138.0 147.0 57.0
22.236551430273735 24.601935662595686 83.68394978131596 142.0 155.0 49.0
22.23661500639775 25.029795958247515 83.6813469640337 152.0 166.0 55.0
22.23667858252176 25.457656253899344 83.67874414675141 124.0 140.0 39.0
22.23674215864577 25.885516549551177 83.67614132946915 66.0 89.0 15.0
22.236805734769778 26.313376845203006 83.67353851218688 185.0 191.0 108.0
22.23686931089379 26.741237140854835 83.67093569490461 102.0 111.0 37.0
22.2369328870178 27.169097436506664 83.66833287762235 89.0 105.0 29.0
22.663845827597704 24.174138943067867 83.70744206444861 136.0 139.0 58.0
22.663909403721718 24.6019992387197 83.70483924716633 144.0 156.0 57.0
22.66397297984572 25.029859534371525 83.70223642988407 77.0 99.0 16.0
22.66422728434177 26.74130071697885 83.69182516075497 84.0 93.0 17.0
23.091267377169693 24.602062814843705 83.72572871301672 137.0 150.0 49.0
23.0913309532937 25.029923110495538 83.72312589573444 64.0 86.0 14.0
23.091458105541722 25.885643701799196 83.71792026116991 89.0 110.0 17.0
23.091521681665736 26.31350399745103 83.71531744388763 119.0 137.0 30.0
23.091585257789745 26.741364293102855 83.71271462660536 146.0 151.0 41.0
23.09164883391376 27.169224588754687 83.71011180932308 111.0 114.0 22.0
19.65164127598352 25.459877614437552 83.98075740354304 89.0 82.0 49.0
19.65170485210753 25.88773791008938 83.97815458626077 92.0 94.0 48.0
19.651768428231538 26.31559820574121 83.9755517689785 94.0 100.0 48.0
20.078935673307484 25.032080894909733 84.00424968667568 160.0 158.0 83.0
20.078999249431497 25.459941190561562 84.00164686939341 169.0 169.0 83.0
20.079062825555507 25.887801486213394 83.99904405211115 154.0 160.0 72.0
20.079126401679517 26.315661781865224 83.99644123482888 128.0 138.0 53.0
20.079189977803527 26.743522077517053 83.9938384175466 85.0 99.0 31.0
20.50623007063145 24.604284175381917 84.02774196980833 165.0 160.0 83.0
20.506293646755463 25.032144471033742 84.02513915252605 175.0 174.0 79.0
20.506357222879473 25.460004766685575 84.02253633524379 176.0 181.0 80.0
20.506420799003486 25.887865062337404 84.01993351796152 141.0 153.0 54.0
20.506484375127492 26.315725357989233 84.01733070067924 122.0 133.0 45.0
20.506547951251505 26.743585653641066 84.01472788339697 101.0 115.0 42.0
20.933524467955415 24.176487455854097 84.05123425294099 183.0 168.0 95.0
20.93358804407943 24.604347751505923 84.0486314356587 174.0 169.0 76.0
20.933651620203438 25.032208047157756 84.04602861837644 175.0 174.0 70.0
20.93371519632745 25.460068342809585 84.04342580109416 156.0 167.0 64.0
20.93377877245146 25.887928638461414 84.04082298381189 133.0 144.0 53.0
20.93384234857547 26.315788934113247 84.03822016652961 116.0 126.0 52.0
20.933905924699484 26.743649229765072 84.03561734924735 72.0 85.0 32.0
21.360882441403394 24.176551031978107 84.07212371879135 163.0 155.0 72.0
21.360946017527404 24.604411327629936 84.06952090150907 164.0 166.0 67.0
21.361009593651417 25.032271623281765 84.0669180842268 175.0 177.0 68.0
21.36107316977543 25.460131918933595 84.06431526694453 152.0 165.0 61.0
21.36113674589944 25.887992214585427 84.06171244966225 119.0 131.0 51.0
21.36120032202345 26.315852510237256 84.05910963237999 84.0 94.0 47.0
21.788240414851373 24.176614608102117 84.09301318464172 128.0 135.0 49.0
21.788303990975383 24.604474903753946 84.09041036735945 149.0 160.0 59.0
21.788367567099396 25.03233519940578 84.08780755007717 163.0 170.0 58.0
21.788431143223406 25.460195495057608 84.0852047327949 136.0 151.0 48.0
21.78849471934742 25.888055790709437 84.08260191551264 86.0 105.0 29.0
22.21553481217534 23.7488178885743 84.11650546777437 100.0 103.0 46.0
22.215598388299348 24.176678184226127 84.1139026504921 117.0 127.0 43.0
22.21566196442336 24.60453847987796 84.11129983320983 148.0 157.0 54.0
22.21572554054737 25.03239877552979 84.10869701592756 128.0 139.0 34.0
22.215789116671385 25.460259071181618 84.10609419864528 98.0 118.0 27.0
22.215979845043414 26.74383995813711 84.09828574679847 73.0 90.0 28.0
22.216043421167427 27.171700253788934 84.0956829295162 75.0 91.0 29.0
22.642892785623317 23.748881464698307 84.13739493362473 90.0 93.0 43.0
22.64295636174733 24.17674176035014 84.13479211634247 130.0 139.0 51.0
22.64301993787134 24.60460205600197 84.13218929906019 130.0 143.0 42.0
22.643083513995347 25.0324623516538 84.12958648177792 93.0 112.0 23.0
22.643337818491393 26.74390353426112 84.11917521264884 127.0 144.0 41.0
22.643401394615406 27.171763829912948 84.11657239536657 103.0 122.0 27.0
23.070250759071296 23.74894504082232 84.15828439947512 111.0 113.0 59.0
23.070314335195306 24.176805336474153 84.15568158219284 120.0 128.0 47.0
23.07037791131932 24.60466563212598 84.15307876491057 84.0 101.0 20.0
23.07063221581536 26.3161068147333 84.14266749578148 145.0 161.0 52.0
23.07069579193937 26.743967110385128 84.14006467849921 104.0 123.0 28.0
23.07075936806338 27.171827406036957 84.13746186121693 114.0 132.0 32.0
23.497926613139324 25.88831009520548 84.16615977891414 120.0 138.0 34.0
19.630751810133145 25.462480431719825 84.40810745543689 132.0 126.0 78.0
19.630815386257158 25.890340727371655 84.40550463815462 140.0 138.0 79.0
19.630878962381168 26.318201023023484 84.40290182087234 109.0 116.0 58.0
20.0579826313331 24.606823416540177 84.43420255585181 92.0 90.0 44.0
20.058046207457114 25.034683712192006 84.43159973856955 171.0 168.0 85.0
20.058109783581124 25.462544007843835 84.42899692128728 182.0 183.0 91.0
20.058173359705137 25.890404303495668 84.426394104005 176.0 177.0 85.0
20.058236935829143 26.318264599147493 84.42379128672273 129.0 138.0 56.0
20.058300511953156 26.746124894799326 84.42118846944045 112.0 124.0 46.0
20.485277028657066 24.179026697012358 84.45769483898445 119.0 113.0 68.0
20.48534060478108 24.60688699266419 84.45509202170219 170.0 169.0 82.0
20.48540418090509 25.034747288316016 84.4524892044199 177.0 178.0 79.0
20.485467757029102 25.46260758396785 84.44988638713764 173.0 177.0 77.0
20.485531333153112 25.890467879619674 84.44728356985536 162.0 167.0 69.0
20.485594909277122 26.318328175271507 84.44468075257309 130.0 142.0 51.0
20.48565848540113 26.746188470923336 84.44207793529083 87.0 102.0 31.0
20.912635002105045 24.17909027313637 84.47858430483483 176.0 170.0 86.0
20.912698578229055 24.606950568788196 84.47598148755256 188.0 185.0 90.0
20.912762154353068 25.03481086444003 84.4733786702703 175.0 179.0 74.0
20.912825730477078 25.46267116009186 84.47077585298801 163.0 173.0 69.0
20.91288930660109 25.890531455743687 84.46817303570575 144.0 156.0 60.0
20.912952882725097 26.318391751395517 84.46557021842347 125.0 136.0 52.0
20.91301645884911 26.746252047047346 84.4629674011412 89.0 104.0 42.0
21.339929399429014 23.75129355360855 84.50207658796747 146.0 148.0 77.0
21.33999297555302 24.17915384926038 84.4994737706852 169.0 170.0 79.0
21.340056551677034 24.60701414491221 84.49687095340293 174.0 177.0 78.0
21.340120127801043 25.03487444056404 84.49426813612067 171.0 175.0 70.0
21.340183703925057 25.462734736215868 84.4916653188384 148.0 160.0 60.0
21.340247280049066 25.890595031867697 84.48906250155612 126.0 139.0 52.0
21.340310856173076 26.31845532751953 84.48645968427385 109.0 119.0 56.0
21.34037443229709 26.74631562317136 84.48385686699157 72.0 84.0 41.0
21.76722379675298 23.323496834080732 84.52556887110012 93.0 94.0 55.0
21.76728737287699 23.75135712973256 84.52296605381784 147.0 151.0 68.0
21.767350949001 24.17921742538439 84.52036323653557 147.0 154.0 59.0
21.76741452512501 24.60707772103622 84.5177604192533 169.0 178.0 70.0
21.767478101249022 25.034938016688052 84.51515760197103 161.0 173.0 59.0
21.767541677373032 25.462798312339878 84.51255478468876 122.0 137.0 41.0
21.767605253497045 25.89065860799171 84.50995196740648 93.0 110.0 33.0
21.767668829621055 26.31851890364354 84.50734915012421 85.0 99.0 41.0
22.194581770200955 23.323560410204742 84.5464583369505 83.0 84.0 52.0
22.194645346324968 23.751420705856575 84.54385551966823 141.0 144.0 69.0
22.194708922448978 24.1792810015084 84.54125270238595 145.0 154.0 57.0
22.194772498572988 24.607141297160233 84.53864988510368 144.0 157.0 50.0
22.194836074697 25.03500159281206 84.53604706782141 144.0 154.0 44.0
22.19489965082101 25.46286188846389 84.53344425053913 113.0 131.0 31.0
22.194963226945024 25.89072218411572 84.53084143325687 71.0 93.0 19.0
22.19502680306903 26.31858247976755 84.52823861597459 72.0 92.0 25.0
22.195090379193044 26.746442775419382 84.52563579869232 85.0 100.0 36.0
22.195153955317053 27.174303071071208 84.52303298141005 74.0 88.0 33.0
22.622003319772944 23.75148428198058 84.56474498551859 138.0 141.0 68.0
22.622066895896957 24.179344577632413 84.56214216823632 143.0 153.0 56.0
22.62213047202097 24.607204873284243 84.55953935095405 133.0 147.0 40.0
22.622194048144973 25.03506516893607 84.55693653367179 123.0 137.0 30.0
22.622257624268986 25.4629254645879 84.55433371638951 104.0 122.0 24.0
22.62244835264102 26.746506351543392 84.5465252645427 67.0 88.0 16.0
22.622511928765032 27.17436664719522 84.54392244726043 67.0 89.0 18.0
23.049361293220922 23.751547858104594 84.58563445136896 111.0 115.0 52.0
23.049424869344936 24.179408153756423 84.5830316340867 133.0 143.0 52.0
23.049488445468945 24.607268449408252 84.58042881680443 117.0 132.0 37.0
23.04955202159295 25.03512874506008 84.57782599952215 96.0 113.0 26.0
23.04961559771696 25.462989040711914 84.57522318223988 64.0 87.0 12.0
23.049742749964985 26.318709632015572 84.57001754767533 127.0 143.0 44.0
23.049806326088998 26.7465699276674 84.56741473039307 96.0 117.0 30.0
23.04986990221301 27.17443022331923 84.56481191311079 88.0 108.0 28.0
23.476846418916924 24.607332025532262 84.6013182826548 79.0 94.0 18.0
19.60979876815876 25.037222953350266 84.83806032461302 117.0 109.0 69.0
19.609862344282774 25.465083249002095 84.83545750733074 140.0 138.0 83.0
19.609925920406784 25.892943544653924 84.83285469004848 132.0 134.0 71.0
19.609989496530794 26.320803840305754 84.8302518727662 107.0 113.0 57.0
20.037093165482727 24.609426233822447 84.86155260774567 110.0 115.0 54.0
20.03715674160674 25.037286529474276 84.8589497904634 178.0 180.0 89.0
20.03722031773075 25.465146825126105 84.85634697318112 180.0 182.0 87.0
20.037283893854763 25.893007120777938 84.85374415589885 160.0 164.0 73.0
20.037347469978773 26.320867416429763 84.85114133861659 129.0 140.0 53.0
20.037411046102783 26.748727712081596 84.8485385213343 100.0 114.0 42.0
20.464387562806692 24.181629514294627 84.8850448908783 167.0 170.0 96.0
20.464451138930706 24.609489809946457 84.88244207359604 165.0 170.0 80.0
20.46451471505472 25.037350105598286 84.87983925631377 175.0 181.0 80.0
20.46457829117873 25.46521040125012 84.8772364390315 171.0 179.0 75.0
20.464641867302742 25.893070696901944 84.87463362174923 162.0 172.0 72.0
20.464705443426748 26.320930992553777 84.87203080446696 131.0 143.0 53.0
20.46476901955076 26.748791288205606 84.8694279871847 90.0 105.0 34.0
20.89168196013066 23.753832794766808 84.90853717401096 109.0 107.0 62.0
20.89174553625467 24.181693090418637 84.90593435672868 183.0 185.0 91.0
20.891809112378684 24.609553386070466 84.90333153944641 176.0 181.0 84.0
20.891872688502694 25.0374136817223 84.90072872216413 171.0 179.0 74.0
20.891936264626707 25.465273977374128 84.89812590488187 161.0 173.0 67.0
20.891999840750717 25.893134273025957 84.8955230875996 139.0 152.0 54.0
20.892063416874727 26.320994568677786 84.89292027031732 127.0 138.0 54.0
20.892126992998737 26.748854864329616 84.89031745303505 86.0 101.0 39.0
21.31903993357864 23.753896370890818 84.92942663986133 167.0 172.0 85.0
21.31910350970265 24.18175666654265 84.92682382257907 175.0 182.0 86.0
21.31916708582666 24.60961696219448 84.92422100529679 171.0 179.0 81.0
21.319230661950673 25.03747725784631 84.92161818801452 157.0 168.0 67.0
21.319294238074683 25.465337553498138 84.91901537073224 118.0 132.0 42.0
21.319357814198696 25.893197849149967 84.91641255344997 115.0 127.0 46.0
21.319421390322702 26.3210581448018 84.9138097361677 104.0 115.0 51.0
21.319484966446716 26.748918440453625 84.91120691888543 74.0 86.0 41.0
21.746334330902606 23.326099651363 84.95291892299397 131.0 132.0 75.0
21.74639790702662 23.75395994701483 84.95031610571169 166.0 170.0 79.0
21.746461483150625 24.18182024266666 84.94771328842943 166.0 174.0 76.0
21.74652505927464 24.60968053831849 84.94511047114716 154.0 165.0 62.0
21.74658863539865 25.037540833970322 84.9425076538649 133.0 147.0 45.0
21.74665221152266 25.465401129622148 84.93990483658261 117.0 132.0 39.0
21.74671578764667 25.89326142527398 84.93730201930035 102.0 117.0 39.0
21.74677936377068 26.321121720925806 84.93469920201808 82.0 97.0 37.0
22.173692304350585 23.32616322748701 84.97380838884435 131.0 131.0 75.0
22.173755880474594 23.754023523138844 84.97120557156208 167.0 172.0 82.0
22.173819456598604 24.18188381879067 84.9686027542798 162.0 169.0 74.0
22.173883032722614 24.609744114442503 84.96599993699753 160.0 171.0 61.0
22.173946608846627 25.03760441009433 84.96339711971525 142.0 152.0 44.0
22.174010184970637 25.46546470574616 84.96079430243299 117.0 129.0 33.0
22.17407376109465 25.89332500139799 84.95819148515072 82.0 100.0 24.0
22.17413733721866 26.32118529704982 84.95558866786844 68.0 88.0 25.0
22.17420091334267 26.74904559270165 84.95298585058617 68.0 83.0 30.0
22.174264489466683 27.176905888353478 84.9503830333039 72.0 83.0 40.0
22.601113853922573 23.75408709926285 84.99209503741245 153.0 157.0 77.0
22.601177430046583 24.181947394914683 84.98949222013019 138.0 149.0 54.0
22.601241006170596 24.609807690566512 84.98688940284791 137.0 148.0 42.0
22.601304582294603 25.03766798621834 84.98428658556564 140.0 141.0 34.0
22.601368158418612 25.46552828187017 84.98168376828336 112.0 124.0 27.0
22.601431734542626 25.893388577522 84.9790809510011 63.0 84.0 11.0
23.02847182737055 23.754150675386864 85.01298450326281 110.0 115.0 54.0
23.028535403494562 24.182010971038693 85.01038168598055 129.0 140.0 53.0
23.02859897961857 24.609871266690522 85.00777886869827 125.0 139.0 42.0
23.028662555742578 25.03773156234235 85.005176051416 111.0 126.0 30.0
23.02872613186659 25.465591857994184 85.00257323413373 71.0 91.0 12.0
23.028853284114614 26.321312449297842 84.9973675995692 125.0 142.0 47.0
23.028916860238624 26.74917274494967 84.99476478228692 97.0 114.0 39.0
23.45589337694254 24.182074547162706 85.03127115183092 111.0 118.0 45.0
23.45595695306655 24.609934842814532 85.02866833454866 119.0 130.0 46.0
19.58890930230839 25.03982577063254 85.26541037650688 149.0 141.0 86.0
19.5889728784324 25.467686066284365 85.26280755922461 155.0 150.0 85.0
19.589036454556414 25.895546361936198 85.26020474194235 131.0 134.0 63.0
19.58910003068042 26.323406657588023 85.25760192466007 109.0 117.0 53.0
20.016140123508343 24.184168755452887 85.2915054769218 104.0 107.0 55.0
20.016203699632356 24.61202905110472 85.28890265963952 171.0 175.0 93.0
20.016267275756366 25.039889346756546 85.28629984235725 184.0 189.0 94.0
20.01633085188038 25.46774964240838 85.28369702507497 171.0 178.0 79.0
20.01639442800439 25.895609938060208 85.2810942077927 146.0 157.0 58.0
20.0164580041284 26.323470233712037 85.27849139051044 120.0 133.0 44.0
20.016521580252412 26.75133052936387 85.27588857322816 90.0 104.0 36.0
20.443434520832312 23.756372035925068 85.31499776005444 98.0 95.0 62.0
20.443498096956322 24.1842323315769 85.31239494277217 180.0 185.0 94.0
20.443561673080332 24.61209262722873 85.30979212548989 167.0 173.0 76.0
20.443625249204345 25.03995292288056 85.30718930820763 177.0 183.0 81.0
20.443688825328355 25.467813218532388 85.30458649092536 166.0 176.0 69.0
20.443752401452368 25.895673514184217 85.30198367364308 138.0 152.0 49.0
20.443815977576378 26.32353380983605 85.29938085636081 128.0 136.0 46.0
20.443879553700388 26.75139410548788 85.29677803907853 86.0 102.0 34.0
20.87079249428029 23.75643561204908 85.33588722590481 176.0 180.0 99.0
20.870856070404297 24.18429590770091 85.33328440862253 188.0 195.0 95.0
20.87091964652831 24.61215620335274 85.33068159134027 182.0 187.0 81.0
20.87098322265232 25.04001649900457 85.32807877405799 170.0 177.0 64.0
20.871046798776334 25.4678767946564 85.32547595677572 149.0 162.0 50.0
20.871110374900347 25.89573709030823 85.32287313949345 127.0 141.0 42.0
20.871173951024353 26.32359738596006 85.32027032221119 119.0 131.0 47.0
20.871237527148367 26.75145768161189 85.31766750492892 76.0 91.0 35.0
21.298150467728266 23.75649918817309 85.35677669175519 175.0 179.0 90.0
21.298214043852276 24.184359483824924 85.35417387447292 177.0 184.0 85.0
21.29827761997629 24.61221977947675 85.35157105719064 177.0 186.0 77.0
21.2983411961003 25.040080075128582 85.34896823990837 164.0 170.0 57.0
21.298404772224313 25.46794037078041 85.34636542262609 131.0 141.0 39.0
21.298468348348322 25.89580066643224 85.34376260534383 106.0 120.0 35.0
21.298531924472332 26.323660962084073 85.34115978806155 104.0 117.0 46.0
21.298595500596342 26.7515212577359 85.33855697077928 68.0 80.0 37.0
21.725444865052232 23.32870246864527 85.38026897488784 117.0 120.0 60.0
21.725508441176245 23.756562764297104 85.37766615760556 162.0 166.0 78.0
21.725572017300255 24.18442305994893 85.3750633403233 166.0 174.0 74.0
21.725635593424265 24.612283355600763 85.37246052304101 153.0 166.0 56.0
21.725699169548278 25.040143651252592 85.36985770575875 133.0 144.0 36.0
21.725762745672288 25.46800394690442 85.36725488847648 97.0 114.0 21.0
21.7258263217963 25.895864242556254 85.3646520711942 79.0 97.0 20.0
21.725889897920307 26.32372453820808 85.36204925391193 86.0 100.0 39.0
22.15280283850021 23.328766044769285 85.4011584407382 129.0 130.0 71.0
22.152866414624224 23.756626340421114 85.39855562345593 172.0 177.0 89.0
22.15292999074823 24.184486636072943 85.39595280617365 173.0 180.0 83.0
22.152993566872244 24.612346931724773 85.39334998889139 157.0 168.0 61.0
22.153057142996254 25.0402072273766 85.3907471716091 133.0 144.0 38.0
22.153120719120267 25.468067523028434 85.38814435432684 116.0 129.0 32.0
22.153184295244277 25.895927818680263 85.38554153704457 93.0 109.0 29.0
22.58016081194819 23.328829620893295 85.42204790658857 96.0 96.0 65.0
22.5802243880722 23.756689916545124 85.41944508930631 165.0 169.0 88.0
22.580287964196213 24.184550212196953 85.41684227202403 155.0 165.0 69.0
22.580351540320223 24.612410507848786 85.41423945474176 144.0 154.0 49.0
22.58041511644423 25.040270803500615 85.4116366374595 136.0 138.0 35.0
22.580478692568242 25.468131099152444 85.40903382017721 113.0 119.0 28.0
22.580542268692252 25.895991394804273 85.40643100289495 73.0 92.0 19.0
23.00758236152018 23.756753492669134 85.44033455515668 141.0 145.0 81.0
23.007645937644188 24.184613788320966 85.43773173787442 133.0 143.0 56.0
23.0077095137682 24.612474083972796 85.43512892059213 124.0 138.0 42.0
23.007773089892208 25.040334379624625 85.43252610330987 117.0 125.0 35.0
23.007836666016217 25.468194675276457 85.4299232860276 67.0 83.0 13.0
23.00796381826424 26.323915266580116 85.42471765146306 81.0 98.0 30.0
23.008027394388254 26.75177556223194 85.42211483418077 95.0 110.0 43.0
23.435003911092167 24.184677364444976 85.45862120372477 74.0 80.0 30.0
23.435067487216177 24.612537660096805 85.45601838644251 92.0 104.0 32.0
19.567956260334004 24.61456829226298 85.69536324568301 151.0 147.0 95.0
19.568019836458014 25.04242858791481 85.69276042840073 182.0 181.0 105.0
19.568083412582027 25.47028888356664 85.69015761111847 168.0 169.0 88.0
19.568146988706037 25.89814917921847 85.6875547938362 139.0 141.0 61.0
19.568210564830046 26.326009474870297 85.68495197655392 115.0 120.0 47.0
19.99525065765797 24.18677157273516 85.71885552881564 147.0 149.0 80.0
19.99531423378198 24.61463186838699 85.71625271153337 180.0 185.0 94.0
19.995377809905992 25.04249216403882 85.7136498942511 186.0 192.0 94.0
19.995441386030002 25.470352459690652 85.71104707696882 172.0 179.0 80.0
19.995504962154016 25.89821275534248 85.70844425968656 134.0 146.0 49.0
19.995568538278025 26.32607305099431 85.70584144240429 125.0 134.0 44.0
19.995632114402035 26.75393334664614 85.70323862512203 79.0 93.0 29.0
20.42254505498194 23.75897485320734 85.74234781194829 169.0 172.0 99.0
20.422608631105945 24.18683514885917 85.73974499466603 186.0 192.0 100.0
20.422672207229958 24.614695444511003 85.73714217738375 173.0 179.0 80.0
20.422735783353968 25.042555740162832 85.73453936010148 182.0 188.0 84.0
20.42279935947798 25.47041603581466 85.73193654281921 158.0 169.0 61.0
20.42286293560199 25.89827633146649 85.72933372553693 132.0 144.0 45.0
20.422926511726 26.32613662711832 85.72673090825467 118.0 128.0 41.0
20.422990087850014 26.753996922770153 85.72412809097239 73.0 89.0 26.0
20.849903028429914 23.759038429331355 85.76323727779867 195.0 200.0 108.0
20.849966604553924 24.186898724983184 85.7606344605164 197.0 203.0 101.0
20.850030180677933 24.614759020635013 85.75803164323413 192.0 198.0 84.0
20.850093756801947 25.042619316286842 85.75542882595185 179.0 181.0 62.0
20.85015733292596 25.470479611938675 85.75282600866959 150.0 157.0 44.0
20.85022090904997 25.8983399075905 85.7502231913873 124.0 136.0 37.0
20.85028448517398 26.326200203242333 85.74762037410504 106.0 120.0 36.0
21.27719742575388 23.331241709803535 85.7867295609313 127.0 129.0 71.0
21.277261001877893 23.759102005455365 85.78412674364904 181.0 186.0 95.0
21.277324578001902 24.186962301107197 85.78152392636676 185.0 192.0 88.0
21.277388154125912 24.614822596759023 85.7789211090845 188.0 191.0 76.0
21.277451730249926 25.042682892410856 85.77631829180223 176.0 172.0 49.0
21.277515306373935 25.47054318806268 85.77371547451995 129.0 131.0 29.0
21.27757888249795 25.898403483714514 85.77111265723768 108.0 118.0 28.0
21.277642458621955 26.326263779366343 85.76850983995541 97.0 111.0 38.0
21.70455539920186 23.331305285927545 85.8076190267817 123.0 126.0 58.0
21.70461897532587 23.759165581579378 85.80501620949941 161.0 166.0 74.0
21.704682551449878 24.187025877231203 85.80241339221715 170.0 177.0 74.0
21.70474612757389 24.614886172883036 85.79981057493487 158.0 171.0 55.0
21.7048097036979 25.042746468534865 85.7972077576526 148.0 148.0 34.0
21.704873279821914 25.470606764186694 85.79460494037032 115.0 123.0 24.0
21.704936855945924 25.898467059838524 85.79200212308805 120.0 130.0 37.0
21.705000432069934 26.326327355490353 85.78939930580579 99.0 112.0 44.0
21.705064008193943 26.754187651142185 85.7867964885235 73.0 84.0 43.0
22.131913372649837 23.33136886205156 85.82850849263205 142.0 142.0 84.0
22.131976948773847 23.759229157703388 85.82590567534979 170.0 174.0 88.0
22.132040524897857 24.187089453355217 85.82330285806752 173.0 179.0 80.0
22.132104101021866 24.614949749007046 85.82070004078525 149.0 160.0 52.0
22.13216767714588 25.042810044658875 85.81809722350297 132.0 141.0 34.0
22.13223125326989 25.470670340310704 85.81549440622071 122.0 132.0 33.0
22.132294829393903 25.898530635962537 85.81289158893843 108.0 122.0 36.0
22.559334922221826 23.759292733827397 85.84679514120016 175.0 180.0 96.0
22.559398498345836 24.187153029479227 85.84419232391788 158.0 165.0 73.0
22.55946207446985 24.61501332513106 85.84158950663561 143.0 154.0 51.0
22.559525650593855 25.042873620782885 85.83898668935335 131.0 135.0 36.0
22.559589226717865 25.470733916434718 85.83638387207107 112.0 117.0 31.0
22.559652802841878 25.898594212086547 85.8337810547888 81.0 94.0 27.0
22.9866928956698 23.759356309951407 85.86768460705053 151.0 154.0 91.0
22.986756471793814 24.18721660560324 85.86508178976827 140.0 149.0 60.0
22.986820047917824 24.615076901255065 85.86247897248599 135.0 141.0 46.0
22.98688362404183 25.042937196906898 85.85987615520372 119.0 118.0 34.0
23.41411444524179 24.18728018172725 85.88597125561863 75.0 81.0 35.0
23.414178021365803 24.61514047737908 85.88336843833636 97.0 101.0 35.0
19.54706679448363 24.61717110954525 86.12271329757687 165.0 162.0 101.0
19.547130370607643 25.04503140519708 86.12011048029458 189.0 192.0 110.0
19.547193946731653 25.47289170084891 86.11750766301232 177.0 179.0 95.0
19.974361191807596 24.18937439001743 86.1462055807095 165.0 169.0 90.0
19.97442476793161 24.61723468566926 86.14360276342724 188.0 193.0 100.0
19.97448834405562 25.04509498132109 86.14099994614497 199.0 204.0 103.0
19.974551920179632 25.47295527697292 86.13839712886269 174.0 181.0 81.0
19.97461549630364 25.90081557262475 86.13579431158043 130.0 142.0 48.0
19.97467907242765 26.32867586827658 86.13319149429815 110.0 122.0 41.0
20.401655589131565 23.76157767048961 86.16969786384215 140.0 140.0 79.0
20.401719165255574 24.18943796614144 86.16709504655988 190.0 195.0 103.0
20.401782741379584 24.617298261793273 86.1644922292776 186.0 191.0 90.0
20.401846317503598 25.045158557445102 86.16188941199533 187.0 194.0 81.0
20.401909893627607 25.47301885309693 86.15928659471305 167.0 176.0 65.0
20.40197346975162 25.90087914874876 86.15668377743079 130.0 143.0 45.0
20.402037045875627 26.32873944440059 86.15408096014852 114.0 127.0 40.0
20.829013562579544 23.76164124661362 86.19058732969252 200.0 204.0 111.0
20.82907713870355 24.189501542265454 86.18798451241025 202.0 208.0 102.0
20.829140714827563 24.617361837917283 86.18538169512799 192.0 200.0 80.0
20.829204290951573 25.045222133569112 86.1827788778457 186.0 190.0 62.0
20.829267867075586 25.473082429220945 86.18017606056344 161.0 167.0 47.0
20.829331443199596 25.90094272487277 86.17757324328116 126.0 139.0 37.0
20.829395019323606 26.328803020524603 86.1749704259989 99.0 113.0 33.0
20.82945859544762 26.75666331617643 86.17236760871663 74.0 88.0 35.0
21.25630795990351 23.3338445270858 86.21407961282516 116.0 118.0 64.0
21.25637153602752 23.761704822737634 86.2114767955429 193.0 198.0 101.0
21.25643511215153 24.189565118389464 86.20887397826063 197.0 204.0 93.0
21.25649868827554 24.617425414041293 86.20627116097836 198.0 199.0 77.0
21.25656226439955 25.045285709693125 86.20366834369608 184.0 174.0 46.0
21.25662584052356 25.47314600534495 86.20106552641381 159.0 154.0 37.0
21.256689416647575 25.901006300996784 86.19846270913155 126.0 133.0 37.0
21.256752992771585 26.328866596648613 86.19585989184927 95.0 108.0 38.0
21.683665933351485 23.333908103209815 86.23496907867553 120.0 121.0 64.0
21.683729509475498 23.761768398861644 86.23236626139327 178.0 182.0 89.0
21.683793085599508 24.189628694513473 86.229763444111 179.0 186.0 78.0
21.683856661723517 24.617488990165306 86.22716062682872 182.0 182.0 66.0
21.68392023784753 25.045349285817135 86.22455780954645 156.0 150.0 34.0
21.68398381397154 25.473209581468964 86.22195499226417 126.0 127.0 28.0
21.684047390095554 25.901069877120793 86.2193521749819 124.0 128.0 39.0
21.68411096621956 26.328930172772623 86.21674935769964 81.0 92.0 37.0
22.111023906799463 23.333971679333825 86.25585854452592 158.0 160.0 97.0
22.111087482923473 23.761831974985657 86.25325572724364 186.0 190.0 98.0
22.111151059047483 24.189692270637487 86.25065290996137 183.0 190.0 85.0
22.111214635171496 24.617552566289316 86.24805009267911 152.0 164.0 54.0
22.111278211295506 25.045412861941145 86.24544727539683 139.0 147.0 35.0
22.11134178741952 25.473273157592974 86.24284445811456 124.0 135.0 34.0
22.11140536354353 25.901133453244807 86.24024164083228 114.0 124.0 40.0
22.11146893966754 26.328993748896632 86.23763882355001 85.0 99.0 42.0
22.11153251579155 26.756854044548465 86.23503600626773 71.0 83.0 37.0
22.538381880247442 23.334035255457838 86.27674801037628 84.0 84.0 56.0
22.538445456371452 23.761895551109667 86.27414519309401 169.0 172.0 93.0
22.538509032495465 24.189755846761496 86.27154237581173 158.0 166.0 70.0
22.538572608619475 24.61761614241333 86.26893955852947 142.0 154.0 52.0
22.53863618474348 25.045476438065155 86.2663367412472 135.0 137.0 38.0
22.53869976086749 25.473336733716987 86.26373392396494 110.0 113.0 31.0
22.538890489239527 26.756917620672475 86.25592547211812 70.0 82.0 36.0
22.96580342981943 23.761959127233677 86.29503465894439 138.0 140.0 90.0
22.96586700594344 24.18981942288551 86.29243184166212 132.0 140.0 62.0
22.965930582067454 24.617679718537335 86.28982902437984 124.0 134.0 44.0
22.96599415819146 25.045540014189168 86.28722620709758 103.0 101.0 29.0
19.526177328633256 24.619773926827524 86.55006334947072 169.0 171.0 106.0
19.52624090475727 25.047634222479353 86.54746053218844 193.0 196.0 110.0
19.953471725957222 24.191977207299704 86.57355563260336 164.0 166.0 95.0
19.953535302081235 24.619837502951533 86.57095281532109 200.0 204.0 112.0
19.95359887820525 25.047697798603362 86.56834999803881 199.0 205.0 103.0
19.95366245432926 25.47555809425519 86.56574718075655 177.0 184.0 82.0
19.95372603045327 25.903418389907024 86.56314436347428 129.0 141.0 50.0
19.953789606577278 26.33127868555885 86.560541546192 77.0 91.0 29.0
20.3808296994052 24.192040783423714 86.59444509845373 125.0 126.0 67.0
20.380893275529214 24.619901079075547 86.59184228117147 203.0 209.0 105.0
20.380956851653224 25.047761374727372 86.58923946388919 193.0 199.0 84.0
20.381020427777237 25.475621670379205 86.58663664660692 161.0 168.0 59.0
20.381084003901247 25.90348196603103 86.58403382932465 129.0 142.0 45.0
20.381147580025257 26.331342261682863 86.58143101204239 91.0 107.0 33.0
20.381211156149266 26.759202557334696 86.5788281947601 79.0 90.0 36.0
20.80806052060516 23.33638376824407 86.62054019886865 81.0 81.0 49.0
20.80812409672917 23.764244063895894 86.61793738158637 196.0 198.0 118.0
20.80818767285318 24.192104359547727 86.6153345643041 203.0 207.0 111.0
20.80825124897719 24.619964655199553 86.61273174702183 198.0 206.0 87.0
20.808314825101203 25.047824950851385 86.61012892973956 202.0 203.0 74.0
20.808378401225212 25.475685246503215 86.6075261124573 175.0 182.0 59.0
20.808441977349226 25.903545542155044 86.60492329517501 135.0 148.0 45.0
20.808505553473232 26.331405837806876 86.60232047789275 114.0 125.0 44.0
20.808569129597245 26.759266133458702 86.59971766061047 97.0 109.0 49.0
21.235418494053135 23.336447344368075 86.64142966471903 176.0 178.0 107.0
21.23548207017715 23.764307640019908 86.63882684743676 204.0 209.0 113.0
21.235545646301155 24.192167935671737 86.63622403015448 205.0 211.0 106.0
21.23560922242517 24.620028231323566 86.63362121287221 200.0 202.0 79.0
21.235672798549178 25.047888526975395 86.63101839558993 204.0 195.0 61.0
21.23573637467319 25.475748822627224 86.62841557830767 183.0 176.0 55.0
21.2357999507972 25.903609118279057 86.6258127610254 139.0 149.0 49.0
21.23586352692121 26.331469413930886 86.62320994374312 112.0 122.0 53.0
21.235927103045224 26.759329709582715 86.62060712646085 81.0 92.0 45.0
21.662776467501114 23.33651092049209 86.66231913056939 180.0 183.0 103.0
21.662840043625124 23.764371216143918 86.65971631328712 189.0 195.0 101.0
21.662903619749134 24.192231511795747 86.65711349600484 194.0 201.0 93.0
21.662967195873144 24.620091807447576 86.65451067872257 189.0 195.0 72.0
21.663030771997157 25.04795210309941 86.6519078614403 188.0 185.0 58.0
21.663094348121167 25.475812398751238 86.64930504415804 158.0 153.0 45.0
21.66315792424518 25.903672694403067 86.64670222687577 133.0 139.0 49.0
21.66322150036919 26.331532990054896 86.6440994095935 108.0 118.0 53.0
22.09013444094909 23.336574496616098 86.68320859641977 133.0 135.0 78.0
22.090198017073103 23.76443479226793 86.6806057791375 187.0 192.0 102.0
22.090261593197113 24.192295087919756 86.67800296185523 196.0 202.0 97.0
22.090325169321122 24.62015538357159 86.67540014457295 163.0 174.0 60.0
22.090388745445136 25.04801567922342 86.67279732729068 157.0 153.0 41.0
22.090452321569146 25.475875974875247 86.67019451000841 140.0 129.0 35.0
22.09051589769316 25.90373627052708 86.66759169272613 129.0 125.0 45.0
22.090579473817165 26.331596566178906 86.66498887544387 104.0 116.0 50.0
22.09064304994118 26.75945686183074 86.66238605816159 78.0 88.0 42.0
22.51755599052108 23.764498368391937 86.70149524498788 177.0 181.0 106.0
22.51761956664509 24.19235866404377 86.6988924277056 166.0 172.0 80.0
22.5176831427691 24.6202189596956 86.69628961042334 150.0 162.0 59.0
22.517746718893108 25.048079255347428 86.69368679314105 136.0 138.0 39.0
22.51781029501712 25.47593955099926 86.69108397585879 122.0 121.0 35.0
22.51787387114113 25.903799846651086 86.68848115857651 100.0 104.0 38.0
22.944913963969057 23.76456194451595 86.72238471083824 101.0 104.0 67.0
22.94497754009307 24.19242224016778 86.71978189355596 134.0 144.0 65.0
22.94504111621708 24.62028253581961 86.7171790762737 117.0 130.0 44.0
22.945104692341086 25.04814283147144 86.71457625899143 95.0 100.0 22.0
19.505287862782886 24.622376744109793 86.97741340136456 158.0 158.0 97.0
19.505351438906896 25.050237039761626 86.97481058408229 187.0 191.0 104.0
19.50541501503091 25.478097335413455 86.97220776680003 170.0 176.0 86.0
19.93258226010685 24.194580024581974 87.00090568449721 135.0 137.0 85.0
19.93264583623086 24.622440320233807 86.99830286721495 207.0 209.0 121.0
19.932709412354875 25.050300615885636 86.99570004993267 198.0 202.0 103.0
19.932772988478884 25.478160911537465 86.9930972326504 172.0 179.0 78.0
19.932836564602898 25.906021207189298 86.99049441536812 130.0 141.0 50.0
19.932900140726908 26.333881502841123 86.98789159808585 84.0 96.0 36.0
20.359940233554827 24.194643600705987 87.02179515034759 166.0 170.0 84.0
20.36000380967884 24.622503896357816 87.01919233306532 202.0 206.0 104.0
20.360067385802854 25.050364192009646 87.01658951578305 196.0 202.0 87.0
20.360130961926863 25.47822448766148 87.01398669850077 158.0 167.0 57.0
20.360194538050877 25.906084783313304 87.0113838812185 122.0 135.0 41.0
20.360258114174883 26.333945078965137 87.00878106393623 79.0 91.0 33.0
20.787171054754786 23.33898658552634 87.0478902507625 92.0 92.0 53.0
20.787234630878796 23.766846881178168 87.04528743348023 199.0 200.0 120.0
20.787298207002806 24.194707176829997 87.04268461619796 201.0 204.0 104.0
20.78736178312682 24.622567472481826 87.04008179891568 190.0 198.0 77.0
20.78742535925083 25.05042776813366 87.03747898163341 183.0 188.0 56.0
20.787488935374842 25.478288063785488 87.03487616435115 162.0 171.0 50.0
20.787552511498852 25.906148359437317 87.03227334706888 133.0 145.0 46.0
20.78761608762286 26.334008655089146 87.02967052978661 104.0 113.0 45.0
21.21452902820276 23.33905016165035 87.06877971661288 162.0 163.0 99.0
21.214592604326775 23.766910457302178 87.0661768993306 209.0 213.0 115.0
21.214656180450785 24.19477075295401 87.06357408204833 208.0 213.0 104.0
21.214719756574794 24.62263104860584 87.06097126476607 191.0 196.0 70.0
21.214783332698808 25.05049134425767 87.05836844748379 187.0 179.0 45.0
21.214846908822818 25.478351639909498 87.05576563020152 155.0 154.0 39.0
21.21491048494683 25.906211935561327 87.05316281291924 138.0 149.0 52.0
21.214974061070837 26.33407223121316 87.05055999563697 126.0 132.0 67.0
21.64188700165074 23.339113737774362 87.08966918246325 177.0 180.0 100.0
21.641950577774754 23.76697403342619 87.08706636518099 196.0 201.0 105.0
21.64201415389876 24.19483432907802 87.08446354789871 191.0 199.0 88.0
21.642077730022773 24.62269462472985 87.08186073061644 186.0 188.0 66.0
21.642141306146783 25.050554920381682 87.07925791333417 177.0 169.0 42.0
21.642204882270796 25.478415216033508 87.0766550960519 147.0 147.0 39.0
21.642268458394806 25.90627551168534 87.07405227876963 124.0 133.0 50.0
21.642332034518816 26.334135807337166 87.07144946148735 127.0 132.0 82.0
22.06924497509872 23.33917731389837 87.11055864831363 165.0 168.0 101.0
22.06930855122273 23.767037609550204 87.10795583103135 189.0 194.0 109.0
22.06937212734674 24.19489790520203 87.10535301374908 187.0 194.0 91.0
22.06943570347075 24.622758200853863 87.1027501964668 167.0 176.0 64.0
22.069499279594762 25.050618496505688 87.10014737918453 167.0 164.0 48.0
22.06956285571877 25.47847879215752 87.09754456190225 151.0 148.0 50.0
22.069626431842785 25.90633908780935 87.09494174461999 107.0 106.0 50.0
22.069690007966795 26.33419938346118 87.09233892733772 140.0 148.0 86.0
22.496602948546695 23.339240890022385 87.131448114164 79.0 80.0 52.0
22.496666524670708 23.76710118567421 87.12884529688172 174.0 178.0 108.0
22.496730100794718 24.194961481326043 87.12624247959945 176.0 184.0 91.0
22.49679367691873 24.622821776977872 87.12363966231719 150.0 162.0 58.0
22.496857253042737 25.0506820726297 87.12103684503491 132.0 140.0 39.0
22.496920829166747 25.47854236828153 87.11843402775264 120.0 126.0 39.0
22.49698440529076 25.90640266393336 87.11583121047036 81.0 87.0 34.0
22.924024498118683 23.767164761798224 87.14973476273211 125.0 121.0 87.0
22.924088074242697 24.195025057450053 87.14713194544983 171.0 176.0 106.0
22.924151650366706 24.622885353101882 87.14452912816756 117.0 129.0 49.0
22.924215226490713 25.05074564875371 87.14192631088528 102.0 111.0 30.0
23.351446047690676 24.195088633574066 87.1680214113002 90.0 94.0 56.0
19.48439839693251 24.624979561392063 87.40476345325843 139.0 138.0 96.0
19.484461973056522 25.052839857043896 87.40216063597616 187.0 188.0 117.0
19.484525549180532 25.480700152695725 87.39955781869389 166.0 171.0 88.0
19.911692794256474 24.197182841864244 87.42825573639107 139.0 140.0 88.0
19.911756370380488 24.625043137516077 87.4256529191088 207.0 209.0 128.0
19.911819946504497 25.052903433167906 87.42305010182653 200.0 202.0 115.0
19.91188352262851 25.480763728819735 87.42044728454425 163.0 169.0 78.0
19.91194709875252 25.908624024471568 87.41784446726199 118.0 129.0 45.0
20.339050767704453 24.197246417988257 87.44914520224145 172.0 175.0 87.0
20.339114343828463 24.625106713640086 87.44654238495916 206.0 208.0 116.0
20.339177919952476 25.052967009291915 87.44393956767689 200.0 204.0 100.0
20.33924149607649 25.480827304943748 87.44133675039463 164.0 173.0 68.0
20.3393050722005 25.908687600595574 87.43873393311236 122.0 134.0 46.0
20.766345165028422 23.769449698460438 87.4726374853741 199.0 199.0 116.0
20.766408741152432 24.197309994112267 87.47003466809181 193.0 199.0 92.0
20.766472317276442 24.625170289764096 87.46743185080955 196.0 202.0 91.0
20.766535893400455 25.05303058541593 87.46482903352728 180.0 188.0 68.0
20.766599469524465 25.480890881067758 87.46222621624501 154.0 165.0 56.0
20.766663045648478 25.908751176719587 87.45962339896272 123.0 135.0 49.0
21.193639562352388 23.34165297893262 87.49612976850672 88.0 88.0 50.0
21.1937031384764 23.769513274584448 87.49352695122445 207.0 211.0 114.0
21.193766714600407 24.19737357023628 87.49092413394219 203.0 210.0 97.0
21.19383029072442 24.62523386588811 87.48832131665992 194.0 201.0 83.0
21.19389386684843 25.05309416153994 87.48571849937765 178.0 186.0 60.0
21.193957442972444 25.480954457191768 87.48311568209536 164.0 176.0 64.0
21.194021019096454 25.908814752843597 87.4805128648131 154.0 163.0 80.0
21.620997535800367 23.341716555056628 87.51701923435711 99.0 101.0 47.0
21.621061111924377 23.76957685070846 87.51441641707484 202.0 207.0 112.0
21.621124688048386 24.19743714636029 87.51181359979257 204.0 210.0 102.0
21.621188264172396 24.62529744201212 87.50921078251028 193.0 196.0 84.0
21.62125184029641 25.053157737663952 87.50660796522801 176.0 182.0 62.0
21.62131541642042 25.481018033315777 87.50400514794575 164.0 171.0 68.0
21.621378992544432 25.90887832896761 87.50140233066348 141.0 150.0 77.0
22.048355509248342 23.34178013118064 87.53790870020748 90.0 90.0 59.0
22.048419085372355 23.76964042683247 87.5353058829252 196.0 200.0 115.0
22.04848266149636 24.1975007224843 87.53270306564293 190.0 197.0 97.0
22.048546237620375 24.625361018136132 87.53010024836067 172.0 185.0 73.0
22.048609813744385 25.053221313787958 87.5274974310784 162.0 172.0 63.0
22.048673389868398 25.48108160943979 87.52489461379614 142.0 154.0 64.0
22.048736965992408 25.90894190509162 87.52229179651384 110.0 116.0 56.0
22.47577705882033 23.76970400295648 87.55619534877557 177.0 179.0 112.0
22.475840634944344 24.197564298608313 87.55359253149331 166.0 177.0 83.0
22.475904211068354 24.625424594260142 87.55098971421104 142.0 153.0 60.0
22.47596778719236 25.05328488991197 87.54838689692878 129.0 142.0 50.0
22.476031363316373 25.4811451855638 87.54578407964648 111.0 122.0 47.0
22.90313503226831 23.769767579080494 87.57708481462596 130.0 129.0 93.0
22.90319860839232 24.197627874732323 87.5744819973437 137.0 145.0 83.0
22.903262184516333 24.625488170384152 87.5718791800614 118.0 129.0 56.0
22.90332576064034 25.05334846603598 87.56927636277914 86.0 99.0 34.0
19.46350893108214 24.627582378674337 87.83211350515228 102.0 99.0 72.0
19.46357250720615 25.05544267432617 87.82951068787001 153.0 154.0 96.0
19.46363608333016 25.483302969977995 87.82690787058775 137.0 141.0 77.0
19.890866904530114 24.62764595479835 87.85300297100267 188.0 190.0 120.0
19.890930480654127 25.055506250450176 87.85040015372039 179.0 182.0 100.0
19.890994056778137 25.48336654610201 87.8477973364381 159.0 164.0 82.0
19.89105763290215 25.911226841753837 87.84519451915584 96.0 103.0 38.0
20.31816130185408 24.19984923527053 87.8764952541353 175.0 176.0 95.0
20.318224877978093 24.62770953092236 87.87389243685301 183.0 186.0 97.0
20.318288454102102 25.05556982657419 87.87128961957075 170.0 173.0 80.0
20.318352030226116 25.483430122226018 87.86868680228848 155.0 162.0 72.0
20.318415606350126 25.911290417877847 87.86608398500621 106.0 116.0 43.0
20.74545569917805 23.77205251574271 87.89998753726793 165.0 166.0 83.0
20.74551927530206 24.19991281139454 87.89738471998567 195.0 199.0 96.0
20.745582851426068 24.62777310704637 87.8947819027034 190.0 195.0 91.0
20.74564642755008 25.0556334026982 87.89217908542113 178.0 183.0 78.0
20.745710003674095 25.48349369835003 87.88957626813887 150.0 160.0 66.0
20.745773579798104 25.911353994001857 87.88697345085657 118.0 129.0 54.0
21.172813672626027 23.77211609186672 87.9208770031183 212.0 214.0 115.0
21.172877248750037 24.199976387518554 87.91827418583604 208.0 212.0 105.0
21.172940824874047 24.62783668317038 87.91567136855377 200.0 205.0 96.0
21.17300440099806 25.055696978822212 87.91306855127151 188.0 194.0 84.0
21.17306797712207 25.483557274474038 87.91046573398923 168.0 177.0 84.0
21.173131553246083 25.91141757012587 87.90786291670696 122.0 132.0 67.0
21.600171646074003 23.772179667990734 87.9417664689687 206.0 211.0 114.0
21.600235222198013 24.20003996364256 87.93916365168643 205.0 210.0 106.0
21.600298798322026 24.627900259294393 87.93656083440413 197.0 204.0 98.0
21.600362374446036 25.05576055494622 87.93395801712187 182.0 190.0 86.0
21.60042595057005 25.48362085059805 87.9313551998396 169.0 180.0 90.0
21.60048952669406 25.911481146249884 87.92875238255733 114.0 125.0 67.0
22.02752961952198 23.772243244114744 87.96265593481905 199.0 203.0 120.0
22.02759319564599 24.200103539766573 87.96005311753679 197.0 203.0 107.0
22.02765677177 24.627963835418402 87.95745030025452 178.0 187.0 87.0
22.027720347894014 25.05582413107023 87.95484748297226 164.0 176.0 78.0
22.027783924018024 25.483684426722064 87.95224466568999 141.0 153.0 71.0
22.45488759296996 23.772306820238754 87.98354540066943 137.0 138.0 86.0
22.45495116909397 24.200167115890583 87.98094258338716 174.0 182.0 98.0
22.455014745217984 24.628027411542416 87.9783397661049 148.0 159.0 72.0
22.45507832134199 25.055887707194245 87.97573694882261 124.0 136.0 59.0
22.88237271866596 24.628090987666425 87.99922923195525 92.0 101.0 46.0
19.442683041355778 25.05804549160844 88.25686073976387 88.0 89.0 59.0
19.869977438679744 24.63024877208062 88.28035302289652 145.0 146.0 98.0
19.870041014803753 25.058109067732445 88.27775020561423 169.0 172.0 99.0
19.870104590927767 25.485969363384278 88.27514738833196 127.0 130.0 68.0
20.29727183600371 24.2024520525528 88.30384530602916 114.0 114.0 65.0
20.29733541212772 24.63031234820463 88.30124248874688 179.0 183.0 99.0
20.297398988251732 25.05817264385646 88.29863967146461 162.0 165.0 81.0
20.297462564375742 25.486032939508288 88.29603685418235 138.0 146.0 64.0
20.297526140499755 25.913893235160117 88.29343403690008 81.0 91.0 31.0
20.72456623332768 23.77465533302498 88.32733758916179 109.0 108.0 57.0
20.724629809451685 24.20251562867681 88.32473477187952 202.0 204.0 110.0
20.724693385575698 24.63037592432864 88.32213195459725 198.0 202.0 106.0
20.724756961699708 25.05823621998047 88.31952913731499 186.0 190.0 97.0
20.72482053782372 25.4860965156323 88.31692632003272 162.0 171.0 82.0
20.72488411394773 25.913956811284127 88.31432350275043 104.0 116.0 49.0
21.151924206775654 23.77471890914899 88.34822705501217 194.0 195.0 107.0
21.151987782899663 24.202579204800823 88.34562423772991 210.0 213.0 113.0
21.152051359023673 24.63043950045265 88.34302142044764 204.0 208.0 112.0
21.152114935147686 25.05829979610448 88.34041860316535 202.0 206.0 112.0
21.152178511271696 25.486160091756307 88.33781578588308 160.0 168.0 84.0
21.15224208739571 25.91402038740814 88.33521296860081 94.0 107.0 51.0
21.579282180223633 23.774782485273004 88.36911652086255 201.0 202.0 118.0
21.579345756347642 24.20264278092483 88.36651370358028 207.0 211.0 113.0
21.579409332471652 24.630503076576662 88.363910886298 199.0 204.0 110.0
21.579472908595665 25.05836337222849 88.36130806901572 185.0 192.0 103.0
21.579536484719675 25.48622366788032 88.35870525173345 154.0 164.0 85.0
22.006640153671608 23.774846061397014 88.39000598671291 202.0 206.0 123.0
22.006703729795618 24.202706357048843 88.38740316943064 203.0 208.0 120.0
22.00676730591963 24.630566652700672 88.38480035214837 177.0 185.0 99.0
22.00683088204364 25.0584269483525 88.38219753486611 161.0 171.0 85.0
22.4340617032436 24.202769933172853 88.40829263528103 169.0 173.0 105.0
22.43412527936761 24.630630228824685 88.40568981799876 129.0 140.0 66.0
20.27644594627735 24.632915165486903 88.72859254064073 144.0 145.0 92.0
20.27650952240136 25.060775461138732 88.72598972335847 116.0 118.0 69.0
20.276573098525372 25.48863575679056 88.7233869060762 112.0 119.0 58.0
20.703740343601314 24.205118445959084 88.75208482377337 209.0 210.0 130.0
20.703803919725324 24.632978741610913 88.7494820064911 221.0 221.0 146.0
20.703867495849337 25.060839037262742 88.74687918920884 174.0 178.0 103.0
20.703931071973347 25.488699332914575 88.74427637192657 128.0 135.0 64.0
20.70399464809736 25.9165596285664 88.7416735546443 70.0 81.0 24.0
21.131034740925283 23.777321726431264 88.77557710690603 133.0 133.0 82.0
21.13109831704929 24.205182022083093 88.77297428962376 212.0 216.0 124.0
21.131161893173303 24.633042317734922 88.7703714723415 224.0 221.0 142.0
21.131225469297313 25.060902613386755 88.7677686550592 192.0 199.0 110.0
21.131289045421326 25.48876290903858 88.76516583777693 126.0 137.0 52.0
21.131352621545336 25.916623204690413 88.76256302049467 77.0 94.0 27.0
21.55839271437326 23.777385302555274 88.7964665727564 116.0 115.0 73.0
21.55845629049727 24.205245598207103 88.79386375547412 205.0 209.0 124.0
21.55851986662128 24.633105893858936 88.79126093819185 206.0 208.0 131.0
21.55858344274529 25.060966189510765 88.78865812090959 180.0 190.0 105.0
21.5586470188693 25.488826485162594 88.78605530362732 117.0 129.0 54.0
21.985750687821238 23.777448878679287 88.81735603860676 88.0 88.0 58.0
21.985814263945244 24.205309174331116 88.8147532213245 180.0 183.0 116.0
21.985877840069257 24.633169469982946 88.81215040404223 176.0 185.0 105.0
21.98594141619327 25.061029765634775 88.80954758675996 75.0 82.0 32.0
21.11020885119892 24.207784839365367 89.20032434151761 218.0 218.0 143.0
21.11027242732293 24.635645135017196 89.19772152423535 133.0 133.0 88.0
21.537566824646895 24.207848415489376 89.22121380736797 213.0 214.0 139.0
21.537630400770908 24.635708711141206 89.21861099008571 200.0 204.0 125.0
21.964924798094874 24.207911991613386 89.24210327321836 192.0 192.0 131.0
21.964988374218883 24.63577228726522 89.2395004559361 160.0 169.0 91.0
21.51667735879652 24.210451232771646 89.64856385926183 140.0 142.0 90.0
21.944035332244496 24.210514808895656 89.66945332511222 97.0 97.0 66.0
19.119772397159664 25.04496782907307 86.09922101444421 89.0 84.0 56.0
19.547257522855666 25.90075199650074 86.11490484573004 135.0 140.0 58.0
19.547321098979673 26.328612292152567 86.11230202844777 95.0 102.0 41.0
19.09888293130929 25.047570646355343 86.52657106633808 125.0 126.0 79.0
19.098946507433304 25.47543094200717 86.5239682490558 107.0 109.0 62.0
19.52630448088128 25.475494518131182 86.54485771490617 177.0 181.0 91.0
19.526368057005293 25.90335481378301 86.54225489762389 123.0 133.0 52.0
19.07799346545892 25.050173463637613 86.95392111823193 109.0 109.0 67.0
19.07805704158293 25.478033759289442 86.95131830094965 82.0 84.0 49.0
19.50547859115492 25.905957631065284 86.96960494951776 116.0 126.0 48.0
19.50554216727893 26.333817926717114 86.96700213223549 74.0 80.0 37.0
19.484589125304545 25.908560448347554 87.39695500141163 123.0 132.0 56.0
19.484652701428555 26.336420743999383 87.39435218412933 77.0 84.0 36.0
19.46369965945417 25.911163265629828 87.82430505330545 79.0 82.0 40.0
