34.13210547831783 26.121745331213404 129.08189604670676 71.0 80.0 40.0
33.674685634040124 25.66079033285756 129.5344399527648 96.0 104.0 46.0
34.13166944985759 26.117756951918466 129.53886436052 75.0 83.0 40.0
33.67424960557989 25.65680195356262 129.99140826657802 84.0 93.0 32.0
34.131233421397354 26.113768572623528 129.99583267433323 111.0 120.0 54.0
34.58821913998721 26.11376666985115 129.99626870279346 77.0 87.0 42.0
33.673813577119645 25.652813574267682 130.44837658039125 118.0 126.0 52.0
34.13079739293711 26.10978019332859 130.45280098814644 86.0 97.0 34.0
34.130795490164736 26.56674871516187 130.4567893674414 135.0 146.0 71.0
34.58777930598222 27.02371533422278 130.46121377519657 113.0 120.0 70.0
33.6733775486594 25.64882519497274 130.9053448942045 118.0 125.0 57.0
34.13036136447687 26.10579181403365 130.90976930195967 91.0 99.0 40.0
34.130359461704494 26.562760335866933 130.91375768125462 116.0 126.0 51.0
34.587343277521974 27.01972695492784 130.9181820890098 109.0 115.0 61.0
33.67294152019917 25.644836815677802 131.3623132080177 107.0 114.0 55.0
34.129927238789016 25.644834912905424 131.36274923647795 85.0 91.0 45.0
34.12992533601663 26.10180343473871 131.36673761577288 111.0 120.0 52.0
34.12992343324426 26.55877195657199 131.37072599506783 149.0 159.0 71.0
34.586909151834114 26.558770053799616 131.3711620235281 78.0 90.0 34.0
34.58690724906174 27.0157385756329 131.375150402823 124.0 129.0 66.0
34.586905346289356 27.472707097466184 131.37913878211793 165.0 168.0 97.0
33.672505491738924 25.64084843638286 131.81928152183093 101.0 107.0 49.0
33.67250358896654 26.097816958216146 131.82326990112588 133.0 140.0 58.0
34.12949121032877 25.640846533610482 131.81971755029116 89.0 97.0 46.0
34.12948930755639 26.097815055443768 131.8237059295861 110.0 119.0 51.0
34.129487404784015 26.55478357727705 131.82769430888106 160.0 169.0 74.0
31.84978925058529 27.059622164511495 126.34588278011611 76.0 84.0 33.0
32.306773066402755 27.516588783572402 126.35030718787132 75.0 82.0 32.0
31.849355124897425 26.598665263383275 126.7988627146344 115.0 125.0 57.0
31.84935322212505 27.055633785216557 126.80285109392935 116.0 126.0 51.0
31.849351319352667 27.512602307049843 126.8068394732243 74.0 80.0 30.0
32.306342746259645 26.141694838777614 126.79531036379973 76.0 92.0 31.0
32.30634084348727 26.598663360610896 126.79929874309465 101.0 112.0 46.0
32.306338940714895 27.05563188244418 126.80328712238958 113.0 125.0 46.0
32.30633703794251 27.512600404277464 126.80727550168453 125.0 134.0 56.0
32.76332465930474 27.055629979671803 126.80372315084983 98.0 106.0 41.0
32.76332275653236 27.512598501505085 126.80771153014479 135.0 143.0 66.0
32.763320853759986 27.96956702333837 126.81169990943971 118.0 124.0 63.0
33.220310377894585 27.055628076899424 126.80415917931006 80.0 87.0 31.0
33.2203084751222 27.51259659873271 126.80814755860501 140.0 147.0 69.0
33.22030657234983 27.969565120565992 126.81213593789997 158.0 163.0 85.0
31.84891909643719 26.594676884088337 127.25583102844763 126.0 134.0 61.0
31.848917193664814 27.05164540592162 127.25981940774258 134.0 145.0 61.0
31.848915290892432 27.508613927754904 127.2638077870375 125.0 133.0 60.0
32.30590671779941 26.137706459482676 127.25227867761294 94.0 108.0 37.0
32.305904815027034 26.594674981315958 127.25626705690786 131.0 141.0 61.0
32.30590291225466 27.051643503149243 127.26025543620281 142.0 154.0 62.0
32.30590100948228 27.508612024982526 127.26424381549776 165.0 172.0 78.0
32.3058991067099 27.96558054681581 127.26823219479269 139.0 145.0 72.0
32.76289243638926 26.137704556710297 127.25271470607316 87.0 100.0 34.0
32.76289053361688 26.59467307854358 127.25670308536812 110.0 119.0 49.0
32.76288863084451 27.051641600376865 127.26069146466304 123.0 132.0 51.0
32.762886728072125 27.508610122210147 127.26467984395799 156.0 164.0 73.0
32.76288482529975 27.965578644043433 127.26866822325294 168.0 173.0 88.0
32.762882922527375 28.422547165876715 127.27265660254787 124.0 127.0 72.0
33.2198781549791 26.137702653937918 127.25315073453339 70.0 82.0 28.0
33.21987434943435 27.051639697604486 127.2611274931233 85.0 92.0 32.0
33.21987244666197 27.50860821943777 127.26511587241825 157.0 165.0 76.0
33.21987054388959 27.965576741271054 127.26910425171317 176.0 181.0 93.0
33.219868641117216 28.42254526310434 127.2730926310081 179.0 183.0 101.0
33.67686387356895 26.137700751165543 127.25358676299365 109.0 113.0 62.0
33.67686197079657 26.594669272998825 127.25757514228857 80.0 86.0 41.0
33.67685626247944 27.96557483849868 127.26954028017343 152.0 156.0 85.0
33.676854359707065 28.422543360331964 127.27352865946835 181.0 184.0 105.0
31.391495446614723 27.04765892939906 127.71635169309556 97.0 104.0 44.0
31.848483067976947 26.5906885047934 127.71279934226084 136.0 145.0 64.0
31.84848116520457 27.04765702662668 127.71678772155579 143.0 153.0 64.0
31.84847926243219 27.504625548459966 127.72077610085074 154.0 161.0 77.0
31.848477359659814 27.96159407029325 127.72476448014567 121.0 125.0 66.0
32.30547068933917 26.133718080187737 127.70924699142614 110.0 125.0 38.0
32.30546878656679 26.59068660202102 127.7132353707211 145.0 155.0 65.0
32.305466883794416 27.047655123854305 127.71722375001605 158.0 167.0 70.0
32.305464981022034 27.504623645687587 127.72121212931097 173.0 179.0 79.0
32.30546307824966 27.961592167520873 127.72520050860592 175.0 179.0 88.0
32.305461175477284 28.41856068935416 127.72918888790085 114.0 116.0 63.0
32.7624583107014 25.676747655582073 127.70569464059147 91.0 102.0 42.0
32.762456407929015 26.13371617741536 127.70968301988637 88.0 101.0 32.0
32.76245450515664 26.59068469924864 127.71367139918132 138.0 149.0 64.0
32.762452602384265 27.047653221081926 127.71765977847627 151.0 161.0 68.0
32.76245069961188 27.50462174291521 127.72164815777123 180.0 188.0 83.0
32.76244879683951 27.961590264748494 127.72563653706615 180.0 185.0 91.0
32.76244689406713 28.418558786581777 127.72962491636108 175.0 179.0 95.0
32.76244499129475 28.875527308415066 127.73361329565603 103.0 106.0 59.0
33.21944402929124 25.676745752809698 127.7061306690517 96.0 107.0 48.0
33.21944212651886 26.13371427464298 127.71011904834663 73.0 81.0 35.0
33.21944022374648 26.590682796476266 127.71410742764158 92.0 103.0 42.0
33.219438320974106 27.047651318309548 127.7180958069365 139.0 151.0 61.0
33.219436418201724 27.504619840142833 127.72208418623146 185.0 192.0 89.0
33.21943451542935 27.961588361976116 127.72607256552638 197.0 202.0 103.0
33.21943261265697 28.4185568838094 127.73006094482133 194.0 199.0 103.0
33.2194307098846 28.875525405642684 127.73404932411626 176.0 180.0 101.0
33.676427845108705 26.133712371870605 127.71055507680686 95.0 102.0 51.0
33.67642594233633 26.590680893703887 127.71454345610181 80.0 92.0 37.0
33.676424039563955 27.047649415537173 127.71853183539676 95.0 103.0 45.0
33.67642213679157 27.504617937370455 127.72252021469171 143.0 151.0 72.0
33.6764202340192 27.96158645920374 127.72650859398664 192.0 197.0 105.0
33.67641833124682 28.418554981037026 127.73049697328156 203.0 207.0 116.0
33.67641642847444 28.87552350287031 127.73448535257651 177.0 180.0 107.0
34.13340785538142 27.50461603459808 127.72295624315194 76.0 80.0 47.0
34.133405952609046 27.96158455643136 127.72694462244687 111.0 113.0 70.0
34.13340404983667 28.418553078264644 127.73093300174182 141.0 143.0 91.0
31.39105941815448 27.043670550104117 128.17332000690877 85.0 90.0 38.0
31.848047039516704 26.586700125498457 128.16976765607407 141.0 152.0 65.0
31.84804513674433 27.04366864733174 128.17375603536902 156.0 164.0 74.0
31.848043233971946 27.500637169165024 128.17774441466395 156.0 162.0 76.0
31.84804133119957 27.957605690998307 128.18173279395887 126.0 131.0 65.0
31.848039428427196 28.414574212831592 128.18572117325382 80.0 82.0 43.0
32.305034660878924 26.129729700892796 128.16621530523938 117.0 132.0 40.0
32.30503275810655 26.586698222726078 128.1702036845343 154.0 167.0 66.0
32.305030855334174 27.043666744559363 128.17419206382925 163.0 172.0 71.0
32.30502895256179 27.500635266392646 128.1781804431242 176.0 182.0 76.0
32.305027049789416 27.95760378822593 128.18216882241913 178.0 183.0 84.0
32.30502514701704 28.414572310059217 128.18615720171405 143.0 146.0 72.0
32.762022282241155 25.672759276287135 128.16266295440468 104.0 113.0 50.0
32.76202037946877 26.129727798120417 128.1666513336996 93.0 105.0 36.0
32.7620184766964 26.586696319953703 128.17063971299456 137.0 148.0 56.0
32.76201657392402 27.043664841786985 128.1746280922895 158.0 168.0 74.0
32.76201467115164 27.50063336362027 128.17861647158443 179.0 186.0 81.0
32.762012768379265 27.957601885453553 128.18260485087936 180.0 185.0 87.0
32.76201086560689 28.414570407286835 128.1865932301743 179.0 184.0 93.0
32.76200896283451 28.871538929120124 128.19058160946926 160.0 165.0 86.0
33.219008000830996 25.67275737351476 128.16309898286494 117.0 124.0 63.0
33.219006098058614 26.12972589534804 128.16708736215983 88.0 96.0 48.0
33.21900419528624 26.586694417181327 128.17107574145479 131.0 142.0 73.0
33.21900229251386 27.04366293901461 128.17506412074974 151.0 162.0 73.0
33.21900038974149 27.500631460847895 128.1790525000447 187.0 196.0 88.0
33.21899848696911 27.957599982681177 128.18304087933961 204.0 209.0 106.0
33.21899658419674 28.41456850451446 128.18702925863454 205.0 209.0 108.0
33.218994681424356 28.871537026347745 128.1910176379295 190.0 195.0 101.0
33.21899277865198 29.328505548181024 128.19500601722444 142.0 147.0 86.0
33.675993719420845 25.67275547074238 128.16353501132517 106.0 114.0 59.0
33.67599181664846 26.129723992575666 128.1675233906201 102.0 109.0 60.0
33.67598991387609 26.58669251440895 128.17151176991504 99.0 111.0 53.0
33.67598801110371 27.043661036242234 128.17550014920997 132.0 142.0 76.0
33.67598610833133 27.500629558075516 128.17948852850492 165.0 172.0 86.0
33.675984205558954 27.957598079908802 128.18347690779984 199.0 204.0 112.0
33.67598230278658 28.414566601742084 128.1874652870948 213.0 216.0 127.0
33.6759804000142 28.87153512357537 128.19145366638972 204.0 208.0 120.0
33.67597849724182 29.32850364540865 128.19544204568467 124.0 126.0 76.0
34.13297372969356 27.043659133469856 128.17593617767022 77.0 81.0 55.0
34.13297182692118 27.50062765530314 128.17992455696518 103.0 107.0 64.0
34.1329699241488 27.957596177136423 128.18391293626007 120.0 122.0 78.0
34.13296802137643 28.414564698969706 128.18790131555502 124.0 124.0 86.0
34.132966118604045 28.871533220802995 128.19188969484998 137.0 138.0 93.0
31.390623389694245 27.03968217080918 128.630288320722 138.0 145.0 66.0
31.390621486921866 27.49665069264246 128.63427670001695 121.0 126.0 59.0
31.84761101105647 26.58271174620352 128.6267359698873 147.0 159.0 69.0
31.847609108284093 27.0396802680368 128.63072434918223 166.0 174.0 77.0
31.84760720551171 27.496648789870086 128.63471272847718 166.0 172.0 76.0
31.847605302739336 27.95361731170337 128.6387011077721 121.0 125.0 58.0
31.84760339996696 28.410585833536654 128.64268948706706 90.0 93.0 47.0
32.30459863241869 26.125741321597857 128.62318361905258 125.0 137.0 53.0
32.30459672964631 26.58270984343114 128.62717199834754 156.0 168.0 70.0
32.30459482687394 27.039678365264425 128.6311603776425 173.0 180.0 73.0
32.304592924101556 27.496646887097707 128.6351487569374 180.0 186.0 73.0
32.30459102132918 27.953615408930993 128.63913713623234 189.0 194.0 86.0
32.304589118556805 28.41058393076428 128.6431255155273 138.0 142.0 62.0
32.76158625378092 25.668770896992193 128.61963126821792 103.0 111.0 49.0
32.76158435100854 26.12573941882548 128.62361964751284 112.0 121.0 53.0
32.76158244823616 26.58270794065876 128.62760802680776 143.0 155.0 69.0
32.76158054546379 27.039676462492046 128.63159640610272 160.0 170.0 74.0
32.761578642691404 27.49664498432533 128.63558478539767 172.0 179.0 74.0
32.76157673991903 27.953613506158614 128.6395731646926 176.0 182.0 81.0
32.761574837146654 28.410582027991897 128.64356154398752 179.0 184.0 86.0
32.76157293437427 28.867550549825186 128.64754992328247 178.0 182.0 90.0
32.761571031601896 29.324519071658464 128.65153830257742 108.0 113.0 58.0
33.21857197237076 25.668768994219818 128.62006729667814 126.0 133.0 66.0
33.21857006959838 26.1257375160531 128.62405567597307 114.0 121.0 61.0
33.218568166826 26.582706037886386 128.62804405526802 136.0 145.0 73.0
33.21856626405363 27.039674559719668 128.63203243456297 142.0 153.0 67.0
33.21856436128125 27.496643081552953 128.6360208138579 166.0 176.0 76.0
33.21856245850888 27.953611603386236 128.64000919315282 194.0 201.0 95.0
33.2185605557365 28.41058012521952 128.64399757244777 205.0 210.0 106.0
33.21855865296412 28.867548647052804 128.64798595174273 197.0 201.0 99.0
33.218556750191745 29.324517168886082 128.65197433103765 174.0 180.0 94.0
33.67555769096061 25.66876709144744 128.62050332513837 106.0 114.0 60.0
33.67555578818823 26.125735613280725 128.6244917044333 86.0 93.0 49.0
33.67555388541585 26.582704135114007 128.62848008372825 125.0 135.0 72.0
33.675551982643476 27.039672656947292 128.6324684630232 126.0 135.0 72.0
33.675550079871094 27.496641178780575 128.63645684231815 147.0 155.0 79.0
33.67554817709872 27.95360970061386 128.64044522161308 191.0 196.0 106.0
33.675546274326344 28.410578222447146 128.644433600908 210.0 213.0 122.0
33.67554437155396 28.86754674428043 128.64842198020295 206.0 209.0 116.0
33.675542468781586 29.324515266113707 128.6524103594979 182.0 187.0 103.0
34.132537701233325 27.039670754174914 128.63290449148343 77.0 81.0 53.0
34.13253579846094 27.4966392760082 128.63689287077838 84.0 87.0 53.0
34.13253389568857 27.95360779784148 128.6408812500733 91.0 92.0 60.0
34.13253009014381 28.867544841508053 128.64885800866318 124.0 125.0 86.0
34.132528187371435 29.32451336334133 128.65284638795814 125.0 126.0 83.0
30.933199739871775 27.4926642161199 129.09080898536993 102.0 108.0 65.0
31.390187361234005 27.035693791514237 129.0872566345352 146.0 155.0 68.0
31.390185458461623 27.49266231334752 129.09124501383016 141.0 148.0 73.0
31.390183555689248 27.949630835180805 129.09523339312508 78.0 83.0 37.0
31.847174982596226 26.578723366908577 129.0837042837005 143.0 152.0 68.0
31.84717307982385 27.03569188874186 129.08769266299547 163.0 171.0 75.0
31.847171177051468 27.492660410575144 129.09168104229042 160.0 164.0 75.0
31.847169274279093 27.949628932408427 129.0956694215853 100.0 102.0 48.0
32.304162603958446 26.121752942302916 129.08015193286582 130.0 141.0 64.0
32.30416070118607 26.578721464136198 129.08414031216077 152.0 160.0 75.0
32.304158798413695 27.035689985969483 129.0881286914557 172.0 179.0 74.0
32.30415689564131 27.492658507802766 129.09211707075065 177.0 182.0 70.0
32.30415499286894 27.94962702963605 129.09610545004557 138.0 142.0 56.0
32.30415309009656 28.406595551469337 129.10009382934052 122.0 124.0 58.0
32.76115022532068 25.66478251769725 129.07659958203112 104.0 111.0 48.0
32.761148322548294 26.121751039530537 129.08058796132605 126.0 135.0 63.0
32.76114641977592 26.57871956136382 129.084576340621 140.0 152.0 69.0
32.761144517003544 27.035688083197105 129.08856471991595 159.0 168.0 74.0
32.76114261423116 27.492656605030387 129.09255309921087 164.0 171.0 71.0
32.761140711458786 27.949625126863673 129.0965414785058 173.0 179.0 78.0
32.76113880868641 28.406593648696955 129.10052985780075 182.0 186.0 83.0
32.76113690591403 28.863562170530244 129.1045182370957 193.0 197.0 96.0
32.76113500314165 29.320530692363526 129.10850661639066 140.0 144.0 75.0
33.21813594391052 25.664780614924876 129.07703561049135 112.0 120.0 52.0
33.21813404113814 26.121749136758158 129.0810239897863 125.0 132.0 63.0
33.21813213836577 26.578717658591444 129.08501236908123 136.0 146.0 69.0
33.21813023559339 27.035686180424726 129.08900074837618 132.0 143.0 63.0
33.21812833282101 27.49265470225801 129.09298912767113 137.0 147.0 62.0
33.218126430048635 27.949623224091294 129.09697750696606 182.0 190.0 88.0
33.21812452727626 28.40659174592458 129.10096588626098 204.0 209.0 103.0
33.21812262450388 28.86356026775786 129.10495426555593 201.0 206.0 102.0
33.2181207217315 29.320528789591144 129.10894264485088 178.0 184.0 90.0
33.21811881895913 29.777497311424433 129.1129310241458 122.0 129.0 65.0
33.675121662500366 25.664778712152497 129.07747163895158 100.0 107.0 54.0
33.675119759727984 26.121747233985783 129.08146001824653 102.0 113.0 50.0
33.67511785695561 26.578715755819065 129.08544839754148 117.0 125.0 66.0
33.675115954183234 27.03568427765235 129.08943677683644 87.0 96.0 39.0
33.67511405141085 27.492652799485633 129.09342515613136 82.0 88.0 35.0
33.675112148638476 27.94962132131892 129.09741353542628 170.0 176.0 92.0
33.6751102458661 28.406589843152204 129.10140191472124 207.0 211.0 119.0
33.67510834309372 28.863558364985487 129.1053902940162 204.0 208.0 113.0
33.67510644032134 29.32052688681877 129.1093786733111 184.0 189.0 99.0
33.67510453754897 29.77749540865205 129.11336705260604 128.0 135.0 73.0
34.13210357554546 26.578713853046686 129.0858844260017 115.0 123.0 74.0
34.13210167277308 27.035682374879972 129.08987280529666 75.0 82.0 41.0
34.13209215891119 29.320524984046394 129.10981470177137 145.0 147.0 95.0
30.932763711411532 27.48867583682496 129.54777729918314 97.0 100.0 61.0
31.389751332773763 27.0317054122193 129.54422494834844 144.0 151.0 69.0
31.38974943000138 27.48867393405258 129.5482133276434 122.0 125.0 68.0
31.389747527229005 27.945642455885867 129.55220170693832 97.0 101.0 51.0
31.846738954135983 26.57473498761364 129.54067259751375 137.0 146.0 63.0
31.846737051363608 27.03170350944692 129.54466097680867 168.0 173.0 88.0
31.846735148591225 27.488672031280206 129.54864935610362 152.0 153.0 87.0
31.84673324581885 27.94564055311349 129.55263773539855 119.0 122.0 59.0
31.846731343046475 28.402609074946774 129.5566261146935 126.0 130.0 59.0
32.3037265754982 26.117764563007977 129.53712024667902 138.0 148.0 59.0
32.30372467272583 26.57473308484126 129.54110862597398 152.0 160.0 73.0
32.30372276995345 27.031701606674545 129.54509700526893 171.0 175.0 84.0
32.30372086718107 27.488670128507827 129.54908538456388 190.0 192.0 95.0
32.303718964408695 27.945638650341113 129.55307376385878 186.0 189.0 92.0
32.30371706163632 28.4026071721744 129.55706214315373 173.0 177.0 86.0
32.30371515886394 28.85957569400768 129.56105052244868 130.0 133.0 67.0
32.760714196860434 25.660794138402313 129.53356789584433 109.0 120.0 39.0
32.76071229408805 26.1177626602356 129.53755627513928 146.0 157.0 63.0
32.760710391315676 26.57473118206888 129.54154465443423 151.0 162.0 71.0
32.7607084885433 27.031699703902166 129.54553303372916 159.0 165.0 77.0
32.76070658577092 27.48866822573545 129.5495214130241 168.0 172.0 82.0
32.76070468299854 27.945636747568734 129.55350979231903 177.0 182.0 85.0
32.76070278022617 28.402605269402017 129.557498171614 194.0 198.0 97.0
32.760700877453786 28.859573791235306 129.5614865509089 199.0 202.0 103.0
32.76069897468141 29.316542313068588 129.56547493020386 186.0 191.0 97.0
33.21769991545028 25.660792235629938 129.53400392430456 131.0 139.0 61.0
33.2176980126779 26.11776075746322 129.5379923035995 136.0 146.0 58.0
33.217696109905525 26.574729279296506 129.54198068289446 132.0 142.0 55.0
33.21769420713315 27.031697801129788 129.5459690621894 142.0 152.0 68.0
33.21769230436077 27.488666322963073 129.54995744148434 138.0 147.0 60.0
33.21769040158839 27.945634844796356 129.55394582077926 161.0 170.0 70.0
33.21768849881602 28.40260336662964 129.55793420007421 192.0 198.0 93.0
33.217686596043634 28.859571888462924 129.56192257936917 195.0 200.0 96.0
33.21768469327126 29.316540410296206 129.56591095866412 180.0 187.0 86.0
33.217682790498884 29.773508932129495 129.56989933795901 164.0 174.0 83.0
33.67468373126774 26.117758854690845 129.53842833205977 96.0 109.0 38.0
33.674681828495366 26.574727376524127 129.5424167113547 92.0 106.0 34.0
33.67467992572299 27.031695898357412 129.54640509064964 76.0 91.0 23.0
33.67467802295061 27.488664420190695 129.5503934699446 89.0 100.0 30.0
33.67467612017823 27.94563294202398 129.55438184923952 145.0 155.0 66.0
33.67467421740586 28.402601463857266 129.55837022853444 189.0 195.0 99.0
33.674672314633476 28.85956998569055 129.5623586078294 207.0 211.0 118.0
33.6746704118611 29.31653850752383 129.56634698712435 186.0 191.0 100.0
33.674668509088725 29.773507029357113 129.57033536641927 157.0 164.0 88.0
34.131667547085215 26.574725473751748 129.54285273981495 86.0 96.0 46.0
34.13166564431284 27.031693995585034 129.5468411191099 87.0 102.0 37.0
34.13165613045095 29.316536604751455 129.56678301558458 129.0 131.0 87.0
30.932327682951296 27.48468745753002 130.00474561299637 98.0 101.0 62.0
31.389315304313527 27.02771703292436 130.00119326216168 146.0 153.0 74.0
31.389313401541145 27.484685554757643 130.0051816414566 157.0 160.0 87.0
31.38931149876877 27.94165407659093 130.00917002075153 133.0 137.0 70.0
31.389309595996394 28.39862259842421 130.01315840004648 116.0 120.0 61.0
31.846302925675747 26.5707466083187 129.99764091132695 128.0 137.0 59.0
31.846301022903372 27.027715130151982 130.0016292906219 156.0 161.0 85.0
31.84629912013099 27.484683651985268 130.00561766991683 168.0 170.0 93.0
31.846297217358615 27.94165217381855 130.00960604921178 145.0 147.0 80.0
31.84629531458624 28.398620695651836 130.0135944285067 127.0 129.0 66.0
32.30329244981035 25.656807661879753 129.9901001811973 91.0 106.0 26.0
32.30329054703797 26.11377618371304 129.99408856049226 117.0 129.0 38.0
32.30328864426559 26.57074470554632 129.9980769397872 149.0 158.0 71.0
32.30328674149322 27.027713227379607 130.00206531908213 167.0 171.0 87.0
32.303284838720835 27.48468174921289 130.0060536983771 182.0 183.0 101.0
32.30328293594846 27.941650271046175 130.010042077672 178.0 179.0 100.0
32.303281033176084 28.39861879287946 130.01403045696696 129.0 131.0 69.0
32.3032791304037 28.855587314712743 130.01801883626192 86.0 87.0 48.0
32.7602781684002 25.656805759107375 129.99053620965756 89.0 105.0 25.0
32.760276265627816 26.11377428094066 129.9945245889525 118.0 130.0 36.0
32.76027436285544 26.570742802773943 129.99851296824744 154.0 164.0 67.0
32.760272460083065 27.02771132460723 130.0025013475424 154.0 159.0 78.0
32.76027055731068 27.48467984644051 130.00648972683732 162.0 167.0 84.0
32.76026865453831 27.941648368273796 130.01047810613224 169.0 174.0 84.0
32.76026675176593 28.39861689010708 130.0144664854272 185.0 189.0 91.0
32.76026484899355 28.855585411940368 130.01845486472214 191.0 194.0 96.0
32.760262946221175 29.31255393377365 130.0224432440171 190.0 194.0 97.0
33.21726388699004 25.656803856335 129.9909722381178 118.0 127.0 42.0
33.217261984217664 26.11377237816828 129.99496061741274 147.0 156.0 61.0
33.21726008144529 26.570740900001567 129.9989489967077 152.0 162.0 65.0
33.217258178672914 27.02770942183485 130.00293737600262 132.0 140.0 59.0
33.21725627590053 27.484677943668135 130.00692575529754 133.0 142.0 60.0
33.217254373128156 27.941646465501417 130.0109141345925 155.0 162.0 70.0
33.21725247035578 28.398614987334703 130.01490251388745 179.0 184.0 88.0
33.2172505675834 28.855583509167985 130.01889089318237 198.0 202.0 102.0
33.217248664811024 29.312552031001267 130.02287927247733 209.0 215.0 110.0
33.21724676203865 29.769520552834557 130.02686765177225 191.0 197.0 89.0
33.674247702807506 26.113770475395906 129.99539664587297 145.0 154.0 68.0
33.67424580003513 26.57073899722919 129.99938502516792 152.0 161.0 75.0
33.674243897262755 27.027707519062474 130.00337340446288 135.0 145.0 60.0
33.67424199449037 27.484676040895756 130.00736178375777 106.0 120.0 35.0
33.674240091718 27.941644562729042 130.01135016305273 127.0 137.0 48.0
33.67423818894562 28.398613084562328 130.01533854234768 152.0 157.0 76.0
33.67423628617324 28.85558160639561 130.01932692164263 186.0 190.0 97.0
33.674234383400865 29.312550128228892 130.02331530093758 193.0 198.0 103.0
33.67423248062849 29.769518650062174 130.02730368023248 176.0 181.0 99.0
34.13123151862498 26.57073709445681 129.99982105362815 137.0 146.0 77.0
34.131229615852604 27.027705616290095 130.0038094329231 138.0 149.0 70.0
34.13122771308022 27.48467413812338 130.00779781221803 116.0 128.0 48.0
34.131225810307846 27.941642659956663 130.01178619151298 114.0 123.0 61.0
34.13122010199071 29.312548225456517 130.0237513293978 133.0 135.0 88.0
34.13121819921834 29.7695167472898 130.02773970869274 109.0 110.0 76.0
30.931891654491057 27.48069907823508 130.46171392680958 88.0 90.0 54.0
31.388879275853284 27.02372865362942 130.45816157597488 127.0 133.0 64.0
31.388877373080902 27.4806971754627 130.4621499552698 124.0 127.0 66.0
31.388875470308527 27.937665697295987 130.46613833456476 118.0 120.0 63.0
31.845866897215505 26.56675822902376 130.4546092251402 136.0 147.0 64.0
31.84586499444313 27.02372675085704 130.45859760443514 146.0 153.0 78.0
31.845863091670747 27.480695272690326 130.46258598373004 154.0 157.0 87.0
31.845861188898372 27.93766379452361 130.466574363025 160.0 164.0 87.0
31.845859286125997 28.394632316356894 130.47056274231994 160.0 163.0 82.0
31.845857383353618 28.851600838190176 130.4745511216149 83.0 84.0 40.0
32.30285642135011 25.652819282584815 130.44706849501054 93.0 109.0 26.0
32.302854518577725 26.109787804418097 130.4510568743055 120.0 132.0 39.0
32.30285261580535 26.56675632625138 130.45504525360042 144.0 153.0 70.0
32.302850713032974 27.023724848084665 130.45903363289537 157.0 164.0 85.0
32.30284881026059 27.480693369917947 130.4630220121903 174.0 175.0 101.0
32.30284690748822 27.937661891751233 130.46701039148525 179.0 181.0 95.0
32.30284500471584 28.39463041358452 130.47099877078017 176.0 179.0 87.0
32.30284310194346 28.8515989354178 130.47498715007512 183.0 187.0 88.0
32.302841199171084 29.308567457251083 130.47897552937008 147.0 150.0 70.0
32.75984404271233 25.195848857979154 130.44351614417585 75.0 92.0 21.0
32.759842139939956 25.652817379812436 130.44750452347077 95.0 110.0 28.0
32.75984023716757 26.109785901645722 130.45149290276572 139.0 150.0 52.0
32.7598383343952 26.566754423479004 130.45548128206067 151.0 159.0 72.0
32.75983643162282 27.02372294531229 130.4594696613556 152.0 157.0 78.0
32.75983452885044 27.480691467145572 130.46345804065052 156.0 162.0 79.0
32.759832626078065 27.937659988978854 130.46744641994547 169.0 175.0 81.0
32.75983072330569 28.39462851081214 130.47143479924043 178.0 183.0 83.0
32.75982882053331 28.851597032645426 130.47542317853538 188.0 192.0 92.0
32.75982691776093 29.308565554478708 130.4794115578303 200.0 204.0 103.0
32.75982501498856 29.76553407631199 130.48339993712523 141.0 144.0 77.0
33.216827858529804 25.65281547704006 130.44794055193103 130.0 139.0 53.0
33.21682595575742 26.109783998873343 130.45192893122595 146.0 155.0 56.0
33.21682405298505 26.56675252070663 130.4559173105209 148.0 156.0 63.0
33.21682215021267 27.02372104253991 130.45990568981586 145.0 154.0 66.0
33.21682024744029 27.480689564373197 130.46389406911078 135.0 143.0 53.0
33.216818344667914 27.93765808620648 130.4678824484057 133.0 140.0 50.0
33.21681644189554 28.394626608039765 130.47187082770066 174.0 179.0 78.0
33.216814539123156 28.851595129873047 130.4758592069956 191.0 195.0 94.0
33.21681263635078 29.30856365170633 130.47984758629053 202.0 208.0 105.0
33.216810733578406 29.765532173539615 130.48383596558548 187.0 193.0 95.0
33.21680883080602 30.222500695372897 130.4878243448804 113.0 117.0 55.0
33.67381167434726 26.109782096100968 130.4523649596862 147.0 156.0 67.0
33.67380977157489 26.56675061793425 130.45635333898116 145.0 153.0 69.0
33.67380786880251 27.023719139767536 130.46034171827608 132.0 141.0 57.0
33.67380596603013 27.480687661600818 130.464330097571 130.0 140.0 52.0
33.673804063257755 27.937656183434104 130.46831847686596 115.0 125.0 35.0
33.67380216048538 28.39462470526739 130.4723068561609 96.0 102.0 36.0
33.673800257713005 28.851593227100672 130.47629523545584 177.0 181.0 94.0
33.67379835494063 29.308561748933954 130.4802836147508 212.0 216.0 125.0
33.673796452168254 29.765530270767236 130.4842719940457 187.0 191.0 108.0
33.67379454939587 30.222498792600522 130.48826037334067 126.0 131.0 71.0
34.13079358739236 27.023717236995157 130.46077774673634 148.0 155.0 82.0
34.13079168461998 27.480685758828443 130.46476612603124 118.0 126.0 49.0
34.130789781847604 27.937654280661725 130.4687545053262 87.0 96.0 33.0
34.13078407353047 29.30855984616158 130.48071964321102 125.0 127.0 81.0
34.130782170758096 29.76552836799486 130.48470802250594 128.0 128.0 89.0
34.587777403209834 27.480683856056064 130.4652021544915 78.0 83.0 45.0
31.38844324739304 27.01974027433448 130.91512988978812 113.0 119.0 53.0
31.38844134462066 27.476708796167763 130.91911826908304 83.0 84.0 45.0
31.388439441848284 27.93367731800105 130.92310664837797 104.0 105.0 58.0
31.38843753907591 28.39064583983433 130.92709502767292 110.0 111.0 60.0
31.845432771527637 26.105801327895534 130.90758915965847 107.0 120.0 38.0
31.845430868755262 26.56276984972882 130.9115775389534 121.0 130.0 54.0
31.845428965982887 27.019738371562102 130.91556591824835 131.0 139.0 68.0
31.845427063210504 27.476706893395388 130.91955429754327 143.0 147.0 78.0
31.84542516043813 27.93367541522867 130.92354267683822 154.0 158.0 78.0
31.845423257665754 28.390643937061956 130.92753105613318 161.0 164.0 78.0
31.845421354893375 28.847612458895238 130.9315194354281 160.0 163.0 78.0
32.302420392889864 25.648830903289873 130.90403680882375 91.0 108.0 26.0
32.30241849011748 26.10579942512316 130.9080251881187 100.0 117.0 28.0
32.30241658734511 26.56276794695644 130.91201356741365 124.0 132.0 50.0
32.30241468457273 27.019736468789727 130.9160019467086 135.0 142.0 72.0
32.30241278180035 27.47670499062301 130.9199903260035 148.0 152.0 82.0
32.302410879027974 27.933673512456295 130.92397870529845 162.0 166.0 82.0
32.3024089762556 28.39064203428958 130.9279670845934 172.0 176.0 80.0
32.302407073483224 28.847610556122863 130.93195546388836 181.0 184.0 85.0
32.30240517071085 29.304579077956145 130.93594384318328 150.0 152.0 71.0
32.75940801425209 25.191860478684212 130.90048445798908 63.0 80.0 17.0
32.75940611147971 25.648829000517495 130.904472837284 98.0 112.0 31.0
32.75940420870733 26.10579752235078 130.90846121657896 138.0 148.0 57.0
32.759402305934955 26.562766044184063 130.91244959587388 141.0 149.0 62.0
32.75940040316258 27.01973456601735 130.91643797516883 148.0 154.0 69.0
32.7593985003902 27.47670308785063 130.92042635446376 142.0 148.0 68.0
32.75939659761782 27.933671609683916 130.9244147337587 159.0 164.0 73.0
32.75939469484545 28.3906401315172 130.92840311305363 174.0 178.0 79.0
32.759392792073065 28.847608653350488 130.9323914923486 181.0 185.0 86.0
32.75939088930069 29.30457717518377 130.9363798716435 191.0 194.0 96.0
32.759388986528315 29.761545697017052 130.94036825093846 186.0 189.0 103.0
33.21639183006956 25.64882709774512 130.90490886574423 134.0 142.0 66.0
33.21638992729718 26.1057956195784 130.90889724503919 149.0 155.0 74.0
33.216388024524804 26.562764141411687 130.91288562433414 157.0 162.0 74.0
33.21638612175243 27.01973266324497 130.91687400362906 151.0 159.0 61.0
33.216384218980046 27.476701185078255 130.92086238292399 140.0 149.0 45.0
33.21638231620767 27.933669706911537 130.92485076221894 112.0 119.0 33.0
33.216380413435296 28.390638228744823 130.9288391415139 121.0 128.0 40.0
33.21637851066291 28.847606750578105 130.93282752080884 176.0 179.0 83.0
33.21637660789054 29.304575272411387 130.93681590010374 207.0 211.0 112.0
33.21637470511816 29.761543794244677 130.9408042793987 197.0 201.0 107.0
33.21637280234578 30.21851231607796 130.94479265869364 161.0 167.0 88.0
33.67337564588702 26.105793716806026 130.9093332734994 145.0 152.0 70.0
33.673373743114645 26.56276223863931 130.91332165279437 149.0 156.0 67.0
33.67337184034227 27.019730760472594 130.91731003208932 136.0 147.0 53.0
33.67336993756989 27.476699282305876 130.92129841138424 134.0 144.0 44.0
33.67336803479751 27.933667804139162 130.92528679067917 139.0 149.0 49.0
33.67336613202514 28.390636325972448 130.92927516997412 112.0 120.0 34.0
33.67336422925276 28.84760484780573 130.93326354926907 119.0 125.0 51.0
33.67336232648039 29.304573369639012 130.937251928564 198.0 201.0 114.0
33.67336042370801 29.761541891472294 130.94124030785895 196.0 198.0 118.0
33.67335852093563 30.218510413305584 130.94522868715387 156.0 160.0 97.0
34.13035755893212 27.019728857700215 130.91774606054955 150.0 159.0 76.0
34.130355656159736 27.4766973795335 130.92173443984447 125.0 131.0 59.0
34.13035375338736 27.933665901366783 130.92572281913942 116.0 124.0 48.0
34.130351850614986 28.390634423200066 130.92971119843438 93.0 98.0 38.0
34.13034804507023 29.304571466866637 130.93768795702422 91.0 93.0 56.0
34.13034614229785 29.76153998869992 130.94167633631918 114.0 114.0 80.0
34.58734137474959 27.476695476761126 130.9221704683047 131.0 136.0 78.0
34.58733947197722 27.933663998594408 130.92615884759965 81.0 86.0 41.0
31.38800912170518 26.558783373206257 131.3681098243064 94.0 104.0 38.0
31.388007218932806 27.015751895039543 131.37209820360133 120.0 126.0 55.0
31.388005316160424 27.472720416872825 131.37608658289625 124.0 127.0 64.0
31.38800341338805 27.92968893870611 131.3800749621912 115.0 116.0 62.0
31.388001510615673 28.386657460539393 131.38406334148615 123.0 124.0 63.0
31.38799960784329 28.843625982372675 131.38805172078108 136.0 138.0 69.0
31.8449967430674 26.101812948600596 131.36455747347168 91.0 104.0 33.0
31.844994840295026 26.558781470433882 131.36854585276663 94.0 106.0 33.0
31.84499293752265 27.015749992267164 131.37253423206158 118.0 124.0 51.0
31.84499103475027 27.47271851410045 131.3765226113565 129.0 133.0 68.0
31.844989131977893 27.929687035933732 131.38051099065143 152.0 155.0 77.0
31.84498722920552 28.386655557767018 131.38449936994638 164.0 167.0 79.0
31.84498532643314 28.8436240796003 131.38848774924134 169.0 172.0 81.0
31.844983423660764 29.300592601433582 131.39247612853626 118.0 120.0 59.0
32.30198436442963 25.644842523994935 131.36100512263698 71.0 89.0 19.0
32.301982461657246 26.10181104582822 131.36499350193193 87.0 103.0 25.0
32.30198055888487 26.558779567661503 131.36898188122686 97.0 109.0 30.0
32.301978656112496 27.01574808949479 131.3729702605218 124.0 131.0 56.0
32.301976753340114 27.47271661132807 131.37695863981673 129.0 134.0 68.0
32.30197485056774 27.929685133161357 131.3809470191117 152.0 156.0 75.0
32.30197294779536 28.386653654994642 131.38493539840664 169.0 172.0 78.0
32.30197104502299 28.843622176827925 131.38892377770156 179.0 182.0 81.0
32.30196914225061 29.300590698661207 131.3929121569965 181.0 184.0 85.0
32.75897008301948 25.644840621222556 131.3614411510972 88.0 99.0 30.0
32.758968180247095 26.101809143055842 131.36542953039216 140.0 149.0 62.0
32.75896627747472 26.558777664889124 131.36941790968712 141.0 149.0 61.0
32.758964374702344 27.01574618672241 131.37340628898207 142.0 150.0 59.0
32.75896247192996 27.472714708555692 131.37739466827696 129.0 134.0 54.0
32.75896056915759 27.929683230388978 131.38138304757192 143.0 149.0 59.0
32.75895866638521 28.38665175222226 131.38537142686687 151.0 157.0 63.0
32.75895676361283 28.84362027405555 131.38935980616182 170.0 174.0 77.0
32.758954860840454 29.30058879588883 131.39334818545672 188.0 192.0 93.0
32.75895295806808 29.757557317722114 131.39733656475167 204.0 206.0 114.0
32.7589510552957 30.214525839555396 131.40132494404662 117.0 120.0 58.0
33.215955801609326 25.64483871845018 131.36187717955747 121.0 127.0 57.0
33.21595389883694 26.101807240283463 131.36586555885242 149.0 153.0 76.0
33.21595199606457 26.55877576211675 131.36985393814734 160.0 164.0 76.0
33.21595009329219 27.01574428395003 131.3738423174423 146.0 154.0 50.0
33.21594819051981 27.472712805783317 131.37783069673722 125.0 133.0 32.0
33.215946287747435 27.9296813276166 131.38181907603217 108.0 114.0 27.0
33.21594438497506 28.386649849449885 131.3858074553271 105.0 111.0 26.0
33.21594248220268 28.843618371283167 131.38979583462205 155.0 161.0 67.0
33.2159405794303 29.30058689311645 131.39378421391697 208.0 211.0 116.0
33.21593867665793 29.75755541494974 131.39777259321193 208.0 211.0 119.0
33.215936773885545 30.21452393678302 131.40176097250685 186.0 190.0 106.0
33.672939617426785 26.101805337511088 131.36630158731265 136.0 143.0 65.0
33.67293771465441 26.55877385934437 131.3702899666076 151.0 158.0 67.0
33.672935811882034 27.015742381177656 131.37427834590252 151.0 158.0 57.0
33.67293390910965 27.472710903010938 131.37826672519745 157.0 164.0 55.0
33.67293200633728 27.929679424844224 131.3822551044924 144.0 150.0 53.0
33.6729301035649 28.38664794667751 131.38624348378735 130.0 138.0 44.0
33.672928200792526 28.843616468510792 131.3902318630823 113.0 119.0 46.0
33.67292629802015 29.300584990344074 131.3942202423772 171.0 175.0 95.0
33.672924395247776 29.757553512177356 131.39820862167215 196.0 198.0 119.0
33.672922492475394 30.214522034010646 131.4021970009671 176.0 179.0 109.0
34.12992153047188 27.015740478405277 131.37471437436278 167.0 175.0 79.0
34.1299196276995 27.472709000238563 131.3787027536577 172.0 178.0 78.0
34.129917724927125 27.929677522071845 131.38269113295263 157.0 166.0 69.0
34.12991582215475 28.386646043905127 131.38667951224758 143.0 152.0 55.0
34.12991391938237 28.843614565738417 131.39066789154253 114.0 120.0 53.0
34.12991201660999 29.3005830875717 131.39465627083746 89.0 92.0 52.0
34.12991011383762 29.75755160940498 131.3986446501324 117.0 117.0 80.0
34.58690344351698 27.929675619299466 131.3831271614129 153.0 159.0 81.0
34.586901540744606 28.386644141132752 131.38711554070784 115.0 123.0 45.0
31.84456071460716 26.097824569305654 131.8215257872849 86.0 98.0 31.0
32.301548335969386 25.640854144699993 131.8179734364502 74.0 91.0 19.0
32.301546433197004 26.09782266653328 131.82196181574514 107.0 118.0 35.0
32.30154453042463 26.55479118836656 131.8259501950401 106.0 118.0 33.0
32.30154262765225 27.011759710199847 131.82993857433502 123.0 131.0 47.0
32.30154072487987 27.46872823203313 131.83392695362997 129.0 135.0 59.0
32.301538822107496 27.925696753866415 131.8379153329249 145.0 150.0 66.0
32.30153691933512 28.3826652756997 131.84190371221985 155.0 160.0 69.0
32.301535016562745 28.839633797532983 131.8458920915148 170.0 174.0 77.0
32.30153311379037 29.29660231936627 131.84988047080972 183.0 186.0 83.0
32.301531211017995 29.75357084119955 131.85386885010465 176.0 179.0 83.0
32.758534054559235 25.640852241927615 131.81840946491045 124.0 133.0 49.0
32.75853215178685 26.0978207637609 131.8223978442054 143.0 152.0 62.0
32.75853024901448 26.554789285594183 131.82638622350032 143.0 154.0 59.0
32.7585283462421 27.01175780742747 131.83037460279527 144.0 153.0 56.0
32.75852644346972 27.46872632926075 131.8343629820902 143.0 151.0 51.0
32.758524540697344 27.925694851094036 131.83835136138515 136.0 144.0 47.0
32.75852263792497 28.38266337292732 131.8423397406801 128.0 134.0 43.0
32.75852073515259 28.839631894760608 131.84632811997503 153.0 159.0 67.0
32.75851883238021 29.296600416593893 131.85031649926995 188.0 192.0 92.0
32.758516929607836 29.753568938427176 131.8543048785649 206.0 209.0 111.0
32.758515026835454 30.210537460260458 131.85829325785986 166.0 170.0 86.0
33.21551977314908 25.64085033915524 131.81884549337067 134.0 142.0 59.0
33.2155178703767 26.09781886098852 131.82283387266563 144.0 152.0 59.0
33.215515967604325 26.554787382821807 131.82682225196058 151.0 159.0 59.0
33.21551406483195 27.01175590465509 131.8308106312555 153.0 162.0 47.0
33.21551216205957 27.468724426488375 131.83479901055043 157.0 165.0 46.0
33.21551025928719 27.925692948321657 131.83878738984538 143.0 152.0 41.0
33.21550835651482 28.382661470154943 131.84277576914033 116.0 123.0 29.0
33.215506453742435 28.839629991988225 131.84676414843528 114.0 119.0 33.0
33.21550455097006 29.29659851382151 131.85075252773018 184.0 187.0 98.0
33.215502648197685 29.7535670356548 131.85474090702513 214.0 216.0 129.0
33.2155007454253 30.210535557488083 131.85872928632008 198.0 201.0 117.0
33.21549884265293 30.667504079321365 131.86271766561504 89.0 87.0 36.0
33.67250168619417 26.55478548004943 131.8272582804208 160.0 169.0 68.0
33.67249978342179 27.011754001882714 131.83124665971573 168.0 175.0 63.0
33.672497880649416 27.468722523715996 131.83523503901068 173.0 179.0 58.0
33.67249597787704 27.925691045549282 131.83922341830564 160.0 167.0 57.0
33.672494075104666 28.382659567382568 131.84321179760056 138.0 146.0 49.0
33.672492172332284 28.83962808921585 131.8472001768955 106.0 111.0 41.0
33.67249026955991 29.296596611049136 131.85118855619044 115.0 117.0 59.0
33.67248836678753 29.753565132882418 131.8551769354854 188.0 190.0 109.0
33.67248646401515 30.210533654715707 131.8591653147803 161.0 163.0 93.0
34.12948550201164 27.011752099110335 131.831682688176 167.0 173.0 69.0
34.12948359923926 27.46872062094362 131.8356710674709 180.0 186.0 77.0
32.30242229566224 25.19186238145659 130.90004842952882 73.0 91.0 20.0
