2.2344280525566114 25.103021860728514 64.86637937107886 73.0 81.0 27.0
1.7745795539534737 25.09976649197626 65.26411445766274 81.0 90.0 26.0
1.7744574266746975 25.529674385253493 65.26749195369376 99.0 102.0 27.0
2.2033779887942027 25.099644364697483 65.29516452142514 96.0 90.0 31.0
2.203255861515426 25.529552257974718 65.29854201745616 96.0 93.0 26.0
0.8856883659520532 25.956449037057247 65.63755447254627 80.0 87.0 34.0
1.3148531826291106 24.666603229946773 65.65847204821557 76.0 84.0 30.0
1.3147310553503344 25.096511123224005 65.66184954424662 86.0 97.0 28.0
1.3146089280715583 25.526419016501237 65.66522704027764 111.0 117.0 36.0
1.314486800792782 25.956326909778472 65.66860453630866 116.0 122.0 41.0
1.7436516174698407 24.666481102667994 65.689522111978 81.0 90.0 28.0
1.7435294901910645 25.09638899594523 65.69289960800901 89.0 95.0 24.0
1.7434073629122884 25.526296889222465 65.69627710404006 122.0 118.0 28.0
2.172327925031793 25.096266868666454 65.72394967177144 73.0 80.0 17.0
2.172205797753017 25.526174761943686 65.72732716780246 111.0 102.0 23.0
0.4260841219064672 25.09337788175053 66.02853456706808 81.0 87.0 37.0
0.8551268113047491 24.233439967917285 66.05282963876843 82.0 93.0 35.0
0.855004684025973 24.66334786119452 66.05620713479948 88.0 96.0 37.0
0.8548825567471967 25.093255754471752 66.0595846308305 122.0 127.0 53.0
0.8547604294684206 25.523163647748984 66.06296212686152 106.0 112.0 42.0
0.8546383021896443 25.953071541026222 66.06633962289257 98.0 106.0 40.0
1.2840473734242526 23.803409947361274 66.08050220649983 90.0 101.0 37.0
1.2839252461454778 24.233317840638513 66.08387970253085 94.0 104.0 41.0
1.2838031188667016 24.663225733915745 66.08725719856187 107.0 114.0 44.0
1.2836809915879255 25.093133627192977 66.0906346945929 112.0 119.0 39.0
1.2835588643091491 25.523041520470212 66.09401219062394 124.0 130.0 40.0
1.283436737030373 25.952949413747444 66.09738968665496 126.0 132.0 46.0
1.7128458082649827 23.803287820082502 66.11155227026222 77.0 87.0 30.0
1.712723680986208 24.233195713359734 66.11492976629327 82.0 92.0 35.0
1.712601553707432 24.663103606636966 66.1183072623243 95.0 104.0 36.0
1.7124794264286556 25.0930114999142 66.12168475835531 107.0 115.0 32.0
1.7123572991498794 25.522919393191437 66.12506225438636 123.0 129.0 31.0
1.7122351718711033 25.95282728646867 66.12843975041739 125.0 132.0 37.0
2.141155733990608 25.522797265912658 66.15611231814876 88.0 96.0 18.0
-0.033764376696671226 25.090122512998274 66.42626965365199 92.0 98.0 44.0
0.3950340581440583 25.0900003857195 66.45731971741438 113.0 119.0 50.0
0.3949119308652821 25.519908278996734 66.4606972134454 114.0 121.0 48.0
0.39478980358650584 25.949816172273966 66.46407470947645 112.0 116.0 54.0
0.8241988748211149 23.80015457860902 66.47823729308371 112.0 121.0 52.0
0.8240767475423402 24.230062471886257 66.48161478911473 110.0 119.0 48.0
0.823954620263564 24.65997036516349 66.48499228514578 123.0 128.0 53.0
0.8238324929847878 25.08987825844072 66.4883697811768 132.0 136.0 55.0
0.8237103657060116 25.519786151717955 66.49174727720782 130.0 138.0 49.0
0.8235882384272354 25.94969404499519 66.49512477323884 129.0 137.0 54.0
1.2531194369406198 23.37012455805301 66.50590986081508 95.0 107.0 38.0
1.2529973096618436 23.800032451330246 66.5092873568461 116.0 125.0 51.0
1.252875182383069 24.22994034460748 66.51266485287715 112.0 121.0 49.0
1.2527530551042927 24.659848237884713 66.51604234890817 124.0 131.0 49.0
1.2526309278255165 25.08975613116195 66.5194198449392 137.0 143.0 53.0
1.2525088005467404 25.51966402443918 66.52279734097024 137.0 144.0 44.0
1.252386673267964 25.949571917716412 66.52617483700126 135.0 142.0 48.0
1.68191787178135 23.370002430774235 66.5369599245775 67.0 81.0 20.0
1.681795744502574 23.79991032405147 66.54033742060852 99.0 111.0 38.0
1.6816736172237992 24.229818217328702 66.54371491663954 92.0 104.0 39.0
1.681551489945023 24.659726110605938 66.5470924126706 107.0 117.0 37.0
1.6814293626662469 25.089634003883173 66.55046990870161 117.0 127.0 34.0
1.6813072353874705 25.519541897160405 66.55384740473264 148.0 155.0 44.0
1.6811851081086944 25.94944979043764 66.55722490076369 139.0 146.0 41.0
2.1102277975069756 25.089511876604394 66.58151997246401 81.0 94.0 21.0
2.1101056702281995 25.519419769881626 66.58489746849506 120.0 129.0 31.0
-0.06481444045908014 25.086745016967246 66.85505480399826 110.0 116.0 51.0
-0.06493656773785635 25.51665291024448 66.8584323000293 104.0 111.0 47.0
0.364228248939201 24.226807103134004 66.87934987569861 84.0 89.0 39.0
0.3641061216604248 24.65671499641124 66.88272737172966 107.0 112.0 49.0
0.36398399438164936 25.08662288968847 66.88610486776068 119.0 122.0 55.0
0.36386186710287316 25.516530782965706 66.8894823637917 123.0 130.0 49.0
0.3637397398240969 25.946438676242938 66.89285985982272 113.0 119.0 50.0
0.7932709383374822 23.36686918930076 66.90364494739896 113.0 123.0 52.0
0.7931488110587059 23.796777082577997 66.90702244343001 116.0 126.0 52.0
0.7930266837799312 24.22668497585523 66.91039993946103 119.0 129.0 49.0
0.7929045565011551 24.65659286913246 66.91377743549205 125.0 132.0 49.0
0.7927824292223788 25.086500762409695 66.9171549315231 133.0 137.0 51.0
0.7926603019436027 25.516408655686927 66.92053242755412 135.0 140.0 49.0
0.7925381746648265 25.946316548964163 66.92390992358514 129.0 136.0 51.0
0.7924160473860502 26.376224442241398 66.92728741961616 111.0 118.0 48.0
1.222069373178211 23.366747062021986 66.93469501116138 106.0 120.0 41.0
1.2219472458994347 23.796654955299218 66.9380725071924 115.0 126.0 45.0
1.2218251186206601 24.226562848576453 66.94145000322342 119.0 129.0 47.0
1.221702991341884 24.656470741853685 66.94482749925447 127.0 136.0 47.0
1.2215808640631076 25.08637863513092 66.9482049952855 132.0 139.0 46.0
1.2214587367843315 25.516286528408152 66.95158249131651 139.0 145.0 44.0
1.2213366095055553 25.946194421685387 66.95495998734756 131.0 139.0 43.0
1.221214482226779 26.37610231496262 66.95833748337859 129.0 136.0 48.0
1.6508678080189414 23.36662493474321 66.96574507492377 76.0 88.0 24.0
1.650745680740165 23.796532828020442 66.9691225709548 87.0 100.0 28.0
1.6506235534613904 24.226440721297674 66.97250006698584 80.0 94.0 26.0
1.6505014261826143 24.65634861457491 66.97587756301687 93.0 106.0 28.0
1.650379298903838 25.086256507852145 66.97925505904789 88.0 101.0 22.0
1.6502571716250618 25.516164401129377 66.98263255507894 142.0 149.0 39.0
1.6501350443462857 25.946072294406612 66.98601005110996 139.0 146.0 41.0
2.0790556064657904 25.5160422738506 67.01368261884133 119.0 129.0 29.0
-0.09574237694271359 24.653459627658982 67.28046245831354 105.0 110.0 51.0
-0.09586450422148904 25.083367520936218 67.28383995434456 114.0 119.0 55.0
-0.09598663150026525 25.51327541421345 67.28721745037558 106.0 111.0 46.0
0.33342243973434377 23.363613820548505 67.30138003398284 106.0 113.0 51.0
0.33330031245556835 23.79352171382574 67.30475753001389 111.0 117.0 50.0
0.33317818517679215 24.22342960710297 67.30813502604491 111.0 119.0 46.0
0.3330560578980159 24.653337500380207 67.31151252207593 117.0 126.0 47.0
0.3329339306192405 25.083245393657442 67.31489001810698 131.0 138.0 54.0
0.3328118033404643 25.513153286934674 67.318267514138 131.0 138.0 52.0
0.33268967606168803 25.943061180211906 67.32164501016902 125.0 132.0 56.0
0.3325675487829126 26.37296907348914 67.32502250620004 96.0 100.0 50.0
0.7623430018538495 22.933583799992498 67.32905260171421 95.0 105.0 41.0
0.7622208745750733 23.363491693269733 67.33243009774526 118.0 128.0 48.0
0.762098747296297 23.793399586546965 67.33580759377628 124.0 134.0 48.0
0.7619766200175223 24.223307479824197 67.3391850898073 127.0 136.0 46.0
0.7618544927387462 24.653215373101432 67.34256258583835 132.0 140.0 48.0
0.7617323654599699 25.083123266378664 67.34594008186937 139.0 145.0 50.0
0.7616102381811938 25.513031159655895 67.3493175779004 142.0 147.0 51.0
0.7614881109024175 25.942939052933134 67.35269507393144 138.0 143.0 55.0
0.7613659836236413 26.372846946210366 67.35607256996246 127.0 133.0 56.0
1.191019309415802 23.363369565990954 67.36348016150765 96.0 106.0 34.0
1.1908971821370258 23.793277459268186 67.3668576575387 114.0 124.0 39.0
1.1907750548582512 24.22318535254542 67.37023515356972 121.0 131.0 40.0
1.1906529275794748 24.653093245822657 67.37361264960074 125.0 135.0 40.0
1.1905308003006987 25.08300113909989 67.3769901456318 139.0 145.0 46.0
1.1904086730219225 25.512909032377124 67.38036764166282 139.0 144.0 42.0
1.1902865457431462 25.942816925654355 67.38374513769384 140.0 146.0 49.0
1.19016441846437 26.372724818931587 67.38712263372489 137.0 143.0 54.0
1.6192071078626527 25.51278690509835 67.41141770542521 119.0 129.0 28.0
1.6190849805838765 25.94269479837558 67.41479520145626 135.0 142.0 40.0
-0.12642605886879463 23.360358451796255 67.69911512056672 79.0 83.0 39.0
-0.12654818614757007 23.79026634507349 67.70249261659777 95.0 99.0 47.0
-0.1266703134263463 24.220174238350722 67.70587011262879 108.0 113.0 50.0
-0.1267924407051225 24.650082131627954 67.70924760865981 123.0 129.0 55.0
-0.12691456798389794 25.07999002490519 67.71262510469086 98.0 101.0 44.0
-0.12703669526267417 25.50989791818242 67.71600260072188 111.0 116.0 48.0
0.3024945032507111 22.930328431240245 67.72678768829812 101.0 114.0 40.0
0.3023723759719349 23.36023632451748 67.73016518432914 114.0 124.0 44.0
0.3022502486931595 23.790144217794712 67.73354268036016 120.0 128.0 46.0
0.3021281214143832 24.220052111071944 67.73692017639121 122.0 131.0 46.0
0.302005994135607 24.649960004349182 67.74029767242223 126.0 134.0 46.0
0.3018838668568316 25.079867897626414 67.74367516845325 140.0 146.0 56.0
0.30176173957805535 25.509775790903646 67.7470526644843 140.0 147.0 54.0
0.30163961229927916 25.93968368418088 67.75043016051532 133.0 142.0 56.0
0.30151748502050374 26.369591577458113 67.75380765654634 117.0 126.0 58.0
0.3013953577417275 26.799499470735345 67.75718515257736 75.0 80.0 40.0
0.7314150653702168 22.500298410684234 67.75446025602949 74.0 84.0 32.0
0.7312929380914406 22.93020630396147 67.75783775206054 101.0 112.0 37.0
0.7311708108126644 23.360114197238705 67.76121524809153 113.0 124.0 39.0
0.7310486835338882 23.790022090515937 67.76459274412258 131.0 140.0 44.0
0.7309265562551135 24.219929983793172 67.7679702401536 138.0 148.0 44.0
0.7308044289763374 24.649837877070404 67.77134773618462 139.0 147.0 45.0
0.7306823016975611 25.079745770347635 67.77472523221567 143.0 151.0 49.0
0.7305601744187848 25.50965366362487 67.7781027282467 144.0 150.0 48.0
0.7304380471400087 25.939561556902106 67.78148022427771 139.0 146.0 53.0
0.7303159198612325 26.369469450179338 67.78485772030876 133.0 141.0 59.0
0.7301937925824578 26.799377343456573 67.78823521633979 95.0 101.0 47.0
1.1600913729321694 22.930084176682694 67.78888781582293 78.0 86.0 28.0
1.1599692456533932 23.359992069959926 67.79226531185395 93.0 103.0 31.0
1.1598471183746168 23.789899963237158 67.795642807885 112.0 122.0 32.0
1.1597249910958423 24.219807856514397 67.79902030391602 125.0 137.0 33.0
1.1596028638170661 24.64971574979163 67.80239779994704 132.0 140.0 36.0
1.1594807365382898 25.07962364306886 67.80577529597807 133.0 141.0 38.0
1.1593586092595136 25.509531536346095 67.80915279200912 138.0 144.0 41.0
1.1592364819807375 25.939439429623327 67.81253028804014 138.0 144.0 47.0
1.1591143547019611 26.36934732290056 67.81590778407116 133.0 140.0 52.0
1.1589922274231865 26.799255216177794 67.8192852801022 126.0 134.0 56.0
1.58827917137902 25.07950151579009 67.83682535974049 92.0 106.0 19.0
1.588157044100244 25.50940940906732 67.84020285577151 98.0 109.0 20.0
1.5880349168214678 25.939317302344552 67.84358035180253 117.0 126.0 31.0
1.5879127895426914 26.369225195621787 67.84695784783358 131.0 139.0 45.0
-0.15735399535242733 22.927073062487988 68.124522774882 96.0 104.0 43.0
-0.15747612263120353 23.356980955765227 68.12790027091302 106.0 113.0 48.0
-0.15759824990997898 23.78688884904246 68.13127776694404 121.0 126.0 54.0
-0.1577203771887552 24.21679674231969 68.13465526297509 124.0 129.0 55.0
-0.1578425044675314 24.646704635596926 68.13803275900611 130.0 135.0 57.0
-0.15796463174630687 25.076612528874158 68.14141025503713 103.0 107.0 48.0
-0.15808675902508307 25.50652042215139 68.14478775106818 129.0 134.0 58.0
-0.1582088863038593 25.936428315428625 68.1481652470992 115.0 121.0 58.0
0.2715665667670784 22.49704304193198 68.15219534261337 88.0 101.0 36.0
0.27144443948830216 22.926950935209216 68.15557283864442 106.0 118.0 40.0
0.27132231220952596 23.35685882848645 68.15895033467544 118.0 126.0 46.0
0.27120018493075054 23.78676672176368 68.16232783070646 124.0 132.0 47.0
0.2710780576519743 24.216674615040915 68.16570532673748 128.0 136.0 47.0
0.2709559303731981 24.64658250831815 68.16908282276853 133.0 140.0 50.0
0.2708338030944227 25.076490401595382 68.17246031879955 143.0 149.0 59.0
0.2707116758156464 25.506398294872618 68.17583781483057 138.0 144.0 53.0
0.27058954853687023 25.93630618814985 68.17921531086162 137.0 145.0 58.0
0.2704674212580948 26.36621408142708 68.18259280689264 134.0 142.0 64.0
0.27034529397931856 26.796121974704317 68.18597030292366 110.0 116.0 59.0
0.7003650016078079 22.496920914653206 68.18324540637579 85.0 94.0 36.0
0.7002428743290317 22.92682880793044 68.18662290240681 104.0 113.0 39.0
0.7001207470502555 23.356736701207673 68.19000039843783 121.0 128.0 44.0
0.6999986197714793 23.78664459448491 68.19337789446888 130.0 139.0 44.0
0.6998764924927046 24.21655248776214 68.1967553904999 134.0 143.0 42.0
0.6997543652139284 24.646460381039372 68.20013288653092 136.0 144.0 43.0
0.6996322379351522 25.076368274316607 68.20351038256194 142.0 149.0 49.0
0.6995101106563759 25.50627616759384 68.206887878593 145.0 151.0 51.0
0.6993879833775998 25.936184060871074 68.21026537462402 141.0 149.0 53.0
0.6992658560988235 26.36609195414831 68.21364287065504 139.0 146.0 58.0
0.6991437288200488 26.79599984742554 68.21702036668609 124.0 132.0 56.0
0.6990216015412727 27.225907740702773 68.2203978627171 81.0 86.0 42.0
1.128919181890984 23.356614573928894 68.22105046220025 75.0 82.0 27.0
1.128797054612208 23.78652246720613 68.22442795823127 118.0 126.0 38.0
1.1286749273334333 24.216430360483365 68.22780545426232 134.0 142.0 40.0
1.128552800054657 24.646338253760597 68.23118295029334 130.0 139.0 37.0
1.1284306727758808 25.076246147037832 68.23456044632437 114.0 126.0 29.0
1.1283085454971047 25.506154040315064 68.23793794235539 132.0 139.0 37.0
1.1281864182183283 25.936061933592296 68.24131543838641 139.0 146.0 46.0
1.1280642909395522 26.36596982686953 68.24469293441746 133.0 141.0 49.0
1.1279421636607776 26.795877720146763 68.24807043044848 135.0 141.0 57.0
1.5573512348953873 24.64621612648182 68.26223301405574 96.0 107.0 24.0
1.5572291076166112 25.076124019759057 68.26561051008679 97.0 110.0 21.0
1.5571069803378348 25.50603191303629 68.26898800611781 102.0 113.0 21.0
1.5569848530590586 25.935939806313524 68.27236550214883 116.0 127.0 30.0
1.5568627257802825 26.365847699590756 68.27574299817985 116.0 127.0 35.0
1.9857832878997874 25.935817679034745 68.30341556591125 67.0 81.0 14.0
-0.617202493955565 22.92381769373574 68.52225786146587 80.0 83.0 44.0
-0.6173246212343412 23.35372558701297 68.5256353574969 113.0 118.0 58.0
-0.6174467485131166 23.783633480290202 68.52901285352795 116.0 121.0 59.0
-0.6175688757918929 24.213541373567438 68.53239034955897 97.0 102.0 46.0
-0.617691003070669 24.64344926684467 68.53576784558999 104.0 109.0 53.0
-0.18840405911483624 22.92369556645696 68.5533079252283 117.0 126.0 53.0
-0.18852618639361246 23.353603459734195 68.55668542125932 130.0 136.0 58.0
-0.1886483136723879 23.783511353011427 68.56006291729034 128.0 134.0 56.0
-0.1887704409511641 24.213419246288662 68.56344041332136 130.0 135.0 54.0
-0.18889256822994033 24.643327139565894 68.56681790935241 134.0 141.0 58.0
-0.18901469550871577 25.073235032843126 68.57019540538343 123.0 128.0 57.0
-0.18913682278749197 25.50314292612036 68.57357290141445 133.0 140.0 60.0
-0.1892589500662682 25.933050819397593 68.5769503974455 124.0 130.0 61.0
-0.18938107734504364 26.36295871267483 68.58032789347652 96.0 101.0 52.0
0.24051650300466945 22.493665545900953 68.58098049295967 86.0 98.0 33.0
0.24039437572589326 22.923573439178185 68.58435798899069 124.0 132.0 52.0
0.24027224844711703 23.353481332455416 68.58773548502174 122.0 126.0 56.0
0.24015012116834158 23.783389225732652 68.59111298105276 126.0 134.0 48.0
0.2400279938895654 24.213297119009884 68.59449047708378 129.0 137.0 46.0
0.23990586661078916 24.64320501228712 68.5978679731148 135.0 143.0 50.0
0.23978373933201372 25.073112905564354 68.60124546914582 141.0 147.0 56.0
0.23966161205323752 25.503020798841586 68.60462296517687 141.0 148.0 57.0
0.2395394847744613 25.932928692118818 68.6080004612079 142.0 149.0 60.0
0.23941735749568585 26.362836585396053 68.61137795723891 134.0 140.0 60.0
0.23929523021690965 26.792744478673285 68.61475545326996 110.0 115.0 54.0
0.6690706832878466 23.35335920517664 68.61878554878413 108.0 111.0 50.0
0.6689485560090703 23.783267098453877 68.62216304481515 125.0 134.0 44.0
0.6688264287302956 24.21317499173111 68.6255405408462 137.0 146.0 48.0
0.6687043014515195 24.643082885008344 68.62891803687722 140.0 148.0 49.0
0.6685821741727432 25.072990778285575 68.63229553290824 135.0 143.0 44.0
0.668460046893967 25.502898671562807 68.63567302893927 136.0 143.0 43.0
0.6683379196151908 25.932806564840043 68.63905052497032 146.0 153.0 55.0
0.6682157923364146 26.362714458117278 68.64242802100134 145.0 151.0 58.0
0.6680936650576399 26.79262235139451 68.64580551703236 141.0 147.0 59.0
0.6679715377788638 27.222530244671745 68.6491830130634 107.0 112.0 50.0
1.097746990849799 23.783144971175098 68.65321310857757 118.0 126.0 44.0
1.0976248635710244 24.213052864452333 68.6565906046086 106.0 115.0 34.0
1.0975027362922483 24.64296075772957 68.65996810063965 110.0 121.0 31.0
1.097380609013472 25.0728686510068 68.66334559667067 132.0 138.0 40.0
1.0972584817346958 25.502776544284032 68.66672309270169 136.0 142.0 40.0
1.0971363544559196 25.932684437561267 68.67010058873271 137.0 145.0 44.0
1.0970142271771433 26.3625923308385 68.67347808476373 133.0 141.0 44.0
1.0968920998983687 26.792500224115734 68.67685558079478 141.0 147.0 56.0
1.0967699726195925 27.22240811739297 68.6802330768258 137.0 141.0 63.0
1.5261790438542022 25.072746523728025 68.69439566043306 103.0 115.0 25.0
1.526056916575426 25.50265441700526 68.69777315646411 86.0 101.0 16.0
1.52593478929665 25.932562310282492 68.70115065249513 93.0 107.0 20.0
1.5258126620178736 26.362470203559724 68.70452814852615 111.0 122.0 31.0
1.9547332241373785 25.932440183003713 68.73220071625752 77.0 93.0 15.0
-0.6482525577179739 22.92044019770471 68.95104301181217 101.0 105.0 50.0
-0.6483746849967501 23.350348090981942 68.9544205078432 123.0 129.0 59.0
-0.6484968122755255 23.780255984259174 68.95779800387422 115.0 119.0 55.0
-0.6486189395543017 24.21016387753641 68.96117549990524 116.0 121.0 52.0
-0.648741066833078 24.64007177081364 68.96455299593629 119.0 124.0 59.0
-0.6488631941118533 25.069979664090877 68.96793049196731 82.0 86.0 42.0
-0.21945412287724514 22.92031807042593 68.98209307557457 111.0 119.0 49.0
-0.21957625015602136 23.350225963703167 68.98547057160562 130.0 135.0 60.0
-0.2196983774347968 23.780133856980402 68.98884806763664 135.0 141.0 60.0
-0.219820504713573 24.210041750257634 68.99222556366766 137.0 141.0 58.0
-0.21994263199234923 24.639949643534866 68.99560305969868 138.0 143.0 61.0
-0.22006475927112468 25.0698575368121 68.99898055572973 137.0 143.0 61.0
-0.22018688654990087 25.499765430089333 69.00235805176075 134.0 141.0 62.0
-0.2203090138286771 25.929673323366565 69.00573554779177 127.0 133.0 64.0
0.20946643924226058 22.490288049869925 69.00976564330597 83.0 92.0 30.0
0.20934431196348438 22.920195943147156 69.01314313933699 92.0 101.0 35.0
0.2091000574059327 23.780011729701624 69.01989813139906 102.0 108.0 41.0
0.20897793012715649 24.209919622978855 69.02327562743008 145.0 151.0 58.0
0.2088558028483803 24.63982751625609 69.0266531234611 140.0 146.0 52.0
0.20873367556960484 25.069735409533326 69.03003061949212 137.0 145.0 52.0
0.20861154829082862 25.499643302810558 69.03340811552314 144.0 151.0 60.0
0.20848942101205242 25.929551196087793 69.0367856115542 143.0 149.0 64.0
0.20836729373327698 26.359459089365025 69.04016310758522 134.0 140.0 58.0
0.6378984922466615 23.77988960242285 69.05094819516145 99.0 108.0 35.0
0.6377763649678868 24.20979749570008 69.05432569119247 126.0 134.0 44.0
0.6376542376891106 24.639705388977315 69.05770318722352 139.0 145.0 50.0
0.6375321104103344 25.069613282254547 69.06108068325454 147.0 154.0 54.0
0.6374099831315582 25.49952117553178 69.06445817928557 148.0 154.0 54.0
0.637287855852782 25.929429068809018 69.06783567531659 147.0 153.0 56.0
0.6371657285740058 26.35933696208625 69.07121317134764 147.0 153.0 54.0
0.6370436012952311 26.78924485536348 69.07459066737866 151.0 158.0 64.0
0.6369214740164548 27.219152748640717 69.07796816340968 117.0 120.0 53.0
1.0664526725298393 24.63958326169854 69.08875325098592 84.0 93.0 25.0
1.0663305452510632 25.069491154975772 69.09213074701694 108.0 121.0 28.0
1.066208417972287 25.499399048253007 69.09550824304799 128.0 136.0 36.0
1.0660862906935107 25.92930694153024 69.09888573907901 144.0 148.0 48.0
1.0659641634147345 26.35921483480747 69.10226323511003 145.0 150.0 51.0
1.0658420361359597 26.789122728084706 69.10564073114105 147.0 150.0 57.0
1.0657199088571836 27.21903062136194 69.1090182271721 141.0 145.0 62.0
1.4950068528130172 25.499276920974232 69.12655830681038 71.0 88.0 12.0
1.494884725534241 25.929184814251464 69.12993580284143 102.0 114.0 24.0
1.4947625982554649 26.3590927075287 69.13331329887245 135.0 140.0 45.0
1.49464047097669 26.78900060080593 69.13669079490347 146.0 149.0 60.0
1.9236831603749698 25.929062686972685 69.16098586660382 72.0 89.0 14.0
-1.108345310878664 23.77700061550692 69.3555330904581 82.0 85.0 45.0
-0.6793026214803828 22.91706270167368 69.37982816215847 125.0 132.0 58.0
-0.679424748759159 23.34697059495091 69.3832056581895 132.0 138.0 61.0
-0.6795468760379344 23.776878488228146 69.38658315422052 130.0 136.0 59.0
-0.6796690033167107 24.206786381505378 69.38996065025157 133.0 138.0 61.0
-0.6797911305954869 24.63669427478261 69.39333814628256 133.0 139.0 65.0
-0.6799132578742623 25.06660216805985 69.39671564231361 86.0 91.0 43.0
-0.2503820593608778 22.487032681117668 69.40750072988985 97.0 107.0 39.0
-0.250504186639654 22.9169405743949 69.41087822592087 128.0 136.0 53.0
-0.25062631391843027 23.34684846767214 69.41425572195189 132.0 138.0 53.0
-0.2507484411972057 23.77675636094937 69.41763321798294 132.0 139.0 53.0
-0.2508705684759819 24.206664254226602 69.42101071401396 137.0 143.0 55.0
-0.25099269575475813 24.636572147503838 69.42438821004498 138.0 144.0 59.0
-0.25111482303353355 25.06648004078107 69.427765706076 133.0 140.0 59.0
-0.25123695031230975 25.4963879340583 69.43114320210705 133.0 139.0 59.0
-0.251359077591086 25.926295827335537 69.43452069813807 129.0 135.0 63.0
0.17853850275862712 22.05700266056166 69.43517329762122 89.0 97.0 33.0
0.17841637547985167 22.486910553838893 69.43855079365224 101.0 109.0 38.0
0.17829424820107545 22.91681844711613 69.44192828968326 124.0 130.0 49.0
0.17817212092229925 23.34672634039336 69.44530578571431 153.0 156.0 70.0
0.1780499936435238 23.776634233670592 69.44868328174533 147.0 153.0 62.0
0.17792786636474758 24.206542126947827 69.45206077777635 147.0 154.0 58.0
0.1778057390859714 24.636450020225062 69.4554382738074 146.0 153.0 58.0
0.17768361180719594 25.066357913502294 69.45881576983842 137.0 144.0 52.0
0.17756148452841972 25.49626580677953 69.46219326586944 143.0 150.0 58.0
0.17743935724964352 25.92617370005676 69.46557076190047 144.0 151.0 60.0
0.17731722997086807 26.356081593333993 69.46894825793152 142.0 148.0 63.0
0.17719510269209185 26.78598948661123 69.47232575396254 134.0 137.0 65.0
0.17707297541331565 27.21589737988846 69.47570324999356 90.0 92.0 52.0
0.6073369375993575 22.056880533282882 69.46622336138364 90.0 98.0 31.0
0.6072148103205812 22.486788426560114 69.46960085741466 75.0 81.0 25.0
0.6067263012054779 24.206419999669052 69.48311084153877 111.0 119.0 39.0
0.6066041739267016 24.636327892946284 69.4864883375698 146.0 150.0 56.0
0.6064820466479255 25.066235786223515 69.48986583360085 146.0 152.0 57.0
0.6063599193691492 25.49614367950075 69.49324332963187 145.0 152.0 53.0
0.6062377920903731 25.926051572777986 69.49662082566289 146.0 153.0 55.0
0.6061156648115968 26.355959466055218 69.49999832169394 146.0 153.0 59.0
0.6059935375328221 26.785867359332453 69.50337581772493 144.0 149.0 62.0
0.6058714102540459 27.215775252609685 69.50675331375598 93.0 96.0 45.0
1.0354026087674304 24.63620576566751 69.51753840133222 108.0 116.0 35.0
1.035280481488654 25.066113658944744 69.52091589736324 100.0 112.0 28.0
1.035158354209878 25.496021552221976 69.52429339339426 117.0 126.0 33.0
1.0350362269311018 25.925929445499207 69.52767088942531 127.0 134.0 41.0
1.0349140996523254 26.355837338776443 69.53104838545633 129.0 136.0 45.0
1.0347919723735508 26.785745232053674 69.53442588148735 140.0 145.0 55.0
1.0346698450947747 27.21565312533091 69.5378033775184 137.0 141.0 67.0
1.0345477178159983 27.645561018608145 69.54118087354942 107.0 111.0 59.0
1.4639567890506082 25.4958994249432 69.55534345715668 88.0 102.0 20.0
1.463834661771832 25.925807318220436 69.5587209531877 104.0 115.0 28.0
1.4637125344930557 26.355715211497667 69.56209844921875 128.0 134.0 44.0
1.4635904072142811 26.7856231047749 69.56547594524977 145.0 148.0 60.0
1.8926330966125609 25.925685190941657 69.58977101695012 105.0 117.0 28.0
-1.1392732473622975 23.343715226198658 69.78094074477337 101.0 105.0 56.0
-0.7102305579640155 22.48377731236542 69.80523581647373 87.0 96.0 44.0
-0.7103526852427917 22.91368520564265 69.80861331250475 128.0 135.0 59.0
-0.710474812521568 23.343593098919886 69.81199080853577 133.0 139.0 61.0
-0.7105969398003433 23.773500992197118 69.81536830456682 127.0 133.0 57.0
-0.7107190670791196 24.20340888547435 69.81874580059784 125.0 131.0 53.0
-0.7108411943578958 24.633316778751585 69.82212329662886 124.0 129.0 60.0
-0.7109633216366712 25.06322467202882 69.82550079265988 96.0 102.0 48.0
-0.28143212312328675 22.48365518508664 69.83628588023612 105.0 115.0 44.0
-0.28155425040206294 22.913563078363875 69.83966337626717 132.0 139.0 55.0
-0.2816763776808392 23.34347097164111 69.84304087229819 139.0 144.0 58.0
-0.2817985049596146 23.773378864918342 69.84641836832921 131.0 137.0 50.0
-0.2819206322383908 24.203286758195578 69.84979586436026 136.0 143.0 56.0
-0.28204275951716706 24.63319465147281 69.85317336039128 133.0 140.0 55.0
-0.2821648867959425 25.06310254475004 69.8565508564223 133.0 139.0 57.0
-0.2822870140747187 25.493010438027277 69.85992835245335 136.0 142.0 62.0
-0.28240914135349493 25.92291833130451 69.86330584848434 131.0 135.0 64.0
-0.28253126863227035 26.352826224581744 69.8666833445154 92.0 95.0 49.0
0.14748843899621822 22.053625164530633 69.86395844796752 87.0 96.0 33.0
0.14736631171744277 22.483533057807865 69.86733594399854 111.0 117.0 42.0
0.14724418443866655 22.9134409510851 69.87071344002956 132.0 136.0 52.0
0.14712205715989035 23.343348844362332 69.87409093606058 149.0 152.0 60.0
0.1469999298811149 23.773256737639564 69.87746843209163 148.0 153.0 59.0
0.14687780260233868 24.2031646309168 69.88084592812265 143.0 151.0 55.0
0.14675567532356248 24.633072524194034 69.88422342415367 144.0 150.0 56.0
0.14663354804478704 25.062980417471266 69.88760092018472 145.0 151.0 59.0
0.1465114207660108 25.4928883107485 69.89097841621575 145.0 149.0 63.0
0.1463892934872346 25.922796204025733 69.89435591224677 145.0 147.0 66.0
0.14626716620845914 26.352704097302965 69.89773340827782 152.0 153.0 73.0
0.14614503892968295 26.7826119905802 69.90111090430884 142.0 143.0 75.0
0.5762868738369485 22.053503037251854 69.89500851172991 103.0 110.0 38.0
0.5761647465581723 22.48341093052909 69.89838600776096 77.0 87.0 24.0
0.576042619279396 22.913318823806325 69.90176350379198 78.0 87.0 25.0
0.5759204920006199 23.343226717083557 69.905140999823 79.0 88.0 26.0
0.5757983647218436 23.773134610360792 69.90851849585403 93.0 101.0 31.0
0.575676237443069 24.203042503638024 69.91189599188507 120.0 131.0 40.0
0.5755541101642927 24.632950396915255 69.9152734879161 144.0 150.0 55.0
0.5754319828855166 25.06285829019249 69.91865098394712 146.0 152.0 57.0
0.5753098556067403 25.492766183469723 69.92202847997817 160.0 163.0 69.0
0.5751877283279642 25.922674076746958 69.92540597600919 161.0 164.0 73.0
0.5750656010491879 26.352581970024193 69.92878347204021 149.0 150.0 67.0
0.5749434737704132 26.782489863301425 69.93216096807126 115.0 118.0 55.0
1.0042304177262453 25.062736162913716 69.94970104770954 92.0 99.0 31.0
1.004108290447469 25.492644056190947 69.95307854374056 123.0 131.0 38.0
1.0039861631686928 25.922551949468183 69.95645603977158 127.0 135.0 43.0
1.0038640358899167 26.352459842745414 69.95983353580263 121.0 128.0 43.0
1.0037419086111419 26.782367736022646 69.96321103183365 113.0 119.0 44.0
1.0036197813323657 27.21227562929988 69.96658852786467 116.0 118.0 62.0
1.0034976540535896 27.642183522577117 69.96996602389572 89.0 88.0 57.0
1.4327845980094231 25.922429822189407 69.987506103534 72.0 87.0 18.0
1.432662470730647 26.35233771546664 69.99088359956502 95.0 106.0 29.0
1.4325403434518722 26.78224560874387 69.99426109559604 126.0 131.0 48.0
1.8615830328501521 25.92230769491063 70.0185561672964 84.0 95.0 23.0
-1.17020118384593 22.910429836890394 70.20634839908863 122.0 127.0 65.0
-1.1703233111247062 23.34033773016763 70.20972589511967 129.0 134.0 68.0
-1.1704454384034817 23.770245623444865 70.2131033911507 111.0 114.0 56.0
-1.1705675656822578 24.200153516722096 70.21648088718172 98.0 101.0 50.0
-0.7412806217264244 22.480399816334387 70.23402096682 99.0 108.0 49.0
-0.7414027490052006 22.910307709611622 70.23739846285105 130.0 137.0 58.0
-0.7415248762839769 23.340215602888854 70.24077595888207 131.0 137.0 56.0
-0.7416470035627523 23.770123496166086 70.24415345491309 131.0 136.0 55.0
-0.7417691308415285 24.20003138944332 70.24753095094414 125.0 130.0 49.0
-0.7418912581203048 24.629939282720553 70.25090844697516 129.0 133.0 57.0
-0.7420133853990801 25.05984717599779 70.25428594300618 108.0 115.0 48.0
-0.3124821868856957 22.48027768905561 70.26507103058242 107.0 115.0 46.0
-0.3126043141644719 22.910185582332844 70.26844852661344 130.0 137.0 53.0
-0.3127264414432481 23.34009347561008 70.27182602264449 137.0 142.0 55.0
-0.31284856872202355 23.77000136888731 70.27520351867551 135.0 143.0 52.0
-0.31297069600079974 24.199909262164546 70.27858101470653 129.0 137.0 46.0
-0.313092823279576 24.629817155441778 70.28195851073758 130.0 137.0 50.0
-0.3132149505583514 25.059725048719013 70.2853360067686 136.0 142.0 56.0
-0.3133370778371276 25.489632941996245 70.28871350279962 143.0 149.0 64.0
-0.31345920511590386 25.919540835273477 70.29209099883067 144.0 148.0 69.0
-0.3135813323946793 26.349448728550716 70.2954684948617 100.0 104.0 52.0
0.11631624795503386 22.480155561776836 70.29612109434484 78.0 86.0 28.0
0.11619412067625765 22.91006345505407 70.29949859037586 100.0 104.0 38.0
0.11607199339748143 23.3399713483313 70.30287608640688 135.0 140.0 50.0
0.11594986611870599 23.769879241608535 70.3062535824379 125.0 133.0 41.0
0.11582773883992978 24.199787134885767 70.30963107846895 131.0 140.0 44.0
0.11570561156115357 24.629695028163002 70.31300857449997 137.0 145.0 48.0
0.11558348428237812 25.059602921440238 70.316386070531 147.0 153.0 60.0
0.11546135700360191 25.48951081471747 70.31976356656205 154.0 157.0 67.0
0.1153392297248257 25.9194187079947 70.32314106259307 160.0 159.0 77.0
0.11521710244605025 26.349326601271937 70.32651855862409 158.0 158.0 78.0
0.11509497516727404 26.77923449454917 70.32989605465514 160.0 161.0 90.0
0.5452368100745395 22.050125541220826 70.32379366207621 80.0 85.0 30.0
0.5447483009594347 23.76975711432976 70.33730364620033 80.0 90.0 24.0
0.54462617368066 24.199665007606992 70.34068114223135 82.0 94.0 23.0
0.5445040464018838 24.629572900884227 70.34405863826237 120.0 127.0 41.0
0.5443819191231076 25.05948079416146 70.34743613429342 123.0 127.0 53.0
0.5442597918443314 25.48938868743869 70.35081363032444 156.0 160.0 62.0
0.5441376645655552 25.91929658071593 70.35419112635546 151.0 154.0 62.0
0.544015537286779 26.34920447399316 70.35756862238651 147.0 150.0 65.0
0.5438934100080043 26.779112367270393 70.36094611841753 119.0 124.0 53.0
0.9731803539638364 25.059358666882684 70.37848619805581 98.0 105.0 33.0
0.9730582266850603 25.48926656015992 70.38186369408686 130.0 138.0 42.0
0.972936099406284 25.91917445343715 70.38524119011788 123.0 131.0 40.0
0.9728139721275079 26.349082346714383 70.3886186861489 111.0 120.0 37.0
0.9726918448487332 26.778990239991618 70.39199618217995 92.0 101.0 33.0
0.9725697175699569 27.208898133268853 70.39537367821097 80.0 84.0 38.0
1.4017345342470142 25.919052326158376 70.41629125388027 73.0 88.0 18.0
1.401612406968238 26.348960219435607 70.41966874991132 99.0 110.0 31.0
1.4014902796894635 26.778868112712843 70.42304624594234 86.0 96.0 29.0
1.4013681524106871 27.208776005990078 70.42642374197337 147.0 150.0 76.0
-1.201251247608339 22.907052340859366 70.63513354943493 130.0 136.0 67.0
-1.2013733748871154 23.336960234136598 70.63851104546595 136.0 141.0 72.0
-1.2014955021658908 23.766868127413833 70.641888541497 119.0 121.0 60.0
-1.201617629444667 24.19677602069107 70.64526603752802 113.0 112.0 57.0
-1.2017397567234431 24.6266839139683 70.64864353355904 79.0 80.0 42.0
-0.7723306854888333 22.47702232030336 70.6628061171663 98.0 108.0 47.0
-0.7724528127676096 22.90693021358059 70.66618361319732 125.0 132.0 53.0
-0.7725749400463858 23.336838106857822 70.66956110922837 134.0 140.0 58.0
-0.7726970673251612 23.766746000135058 70.67293860525939 133.0 138.0 55.0
-0.7728191946039374 24.19665389341229 70.67631610129041 131.0 135.0 52.0
-0.7729413218827137 24.62656178668952 70.67969359732146 129.0 133.0 53.0
-0.7730634491614891 25.05646967996676 70.68307109335248 132.0 139.0 60.0
-0.7731855764402653 25.486377573243992 70.6864485893835 116.0 121.0 58.0
-0.34353225064810455 22.47690019302458 70.69385618092872 85.0 94.0 34.0
-0.34365437792688075 22.90680808630181 70.69723367695974 121.0 130.0 48.0
-0.343776505205657 23.336715979579047 70.70061117299079 134.0 139.0 53.0
-0.3438986324844324 23.766623872856282 70.70398866902178 130.0 136.0 46.0
-0.3440207597632086 24.196531766133514 70.70736616505283 132.0 138.0 46.0
-0.34414288704198487 24.62643965941075 70.71074366108385 132.0 138.0 48.0
-0.3442650143207603 25.05634755268798 70.71412115711487 138.0 145.0 55.0
-0.34438714159953654 25.486255445965213 70.71749865314592 144.0 149.0 63.0
-0.34450926887831274 25.91616333924245 70.72087614917695 150.0 153.0 74.0
-0.34463139615708815 26.346071232519684 70.72425364520797 130.0 134.0 68.0
0.08502192963507253 23.336593852300272 70.73166123675318 117.0 122.0 47.0
0.08489980235629709 23.766501745577504 70.7350387327842 108.0 117.0 34.0
0.08477767507752088 24.19640963885474 70.73841622881525 114.0 126.0 33.0
0.08465554779874467 24.626317532131974 70.74179372484627 132.0 141.0 42.0
0.0845334205199692 25.056225425409206 70.7451712208773 147.0 153.0 55.0
0.084411293241193 25.486133318686438 70.74854871690832 162.0 164.0 73.0
0.08428916596241678 25.916041211963673 70.75192621293937 169.0 170.0 81.0
0.08416703868364134 26.345949105240905 70.75530370897039 165.0 166.0 83.0
0.08404491140486513 26.77585699851814 70.75868120500141 153.0 155.0 91.0
0.5132097280819224 25.486011191407663 70.77959878067074 125.0 132.0 43.0
0.5130876008031463 25.915919084684898 70.78297627670176 140.0 147.0 51.0
0.51296547352437 26.34582697796213 70.78635377273278 136.0 141.0 55.0
0.5128433462455954 26.775734871239365 70.78973126876383 110.0 115.0 48.0
0.9420081629226512 25.485889064128887 70.81064884443316 120.0 130.0 34.0
0.941886035643875 25.91579695740612 70.81402634046418 104.0 115.0 29.0
0.9417639083650988 26.345704850683354 70.8174038364952 94.0 105.0 29.0
0.9416417810863241 26.775612743960586 70.82078133252622 72.0 83.0 24.0
1.3706844704846053 25.915674830127344 70.84507640422657 96.0 110.0 26.0
1.3705623432058291 26.34558272340458 70.84845390025762 96.0 108.0 29.0
1.3704402159270543 26.77549061668181 70.85183139628865 69.0 81.0 21.0
-1.232301311370748 22.903674844828338 71.0639186997812 126.0 131.0 67.0
-1.232423438649524 23.33358273810557 71.06729619581225 136.0 142.0 68.0
-1.2325455659282996 23.76349063138281 71.07067369184327 128.0 128.0 63.0
-1.2326676932070757 24.19339852466004 71.07405118787429 120.0 119.0 59.0
-1.232789820485852 24.623306417937272 71.07742868390534 105.0 106.0 53.0
-0.8033807492512421 22.47364482427233 71.0915912675126 74.0 80.0 34.0
-0.8035028765300184 22.903552717549562 71.09496876354362 137.0 142.0 64.0
-0.8036250038087946 23.333460610826798 71.09834625957467 136.0 142.0 58.0
-0.80374713108757 23.76336850410403 71.10172375560569 133.0 136.0 53.0
-0.8038692583663463 24.19327639738126 71.10510125163671 131.0 134.0 49.0
-0.8039913856451225 24.623184290658497 71.10847874766773 131.0 136.0 53.0
-0.804113512923898 25.053092183935732 71.11185624369878 140.0 144.0 64.0
-0.8042356402026741 25.483000077212964 71.1152337397298 140.0 143.0 70.0
-0.8043577674814504 25.9129079704902 71.11861123576082 83.0 85.0 46.0
-0.3747044416892897 22.903430590270784 71.12601882730604 94.0 101.0 38.0
-0.3748265689680659 23.333338483548022 71.12939632333706 138.0 142.0 58.0
-0.3749486962468413 23.763246376825254 71.13277381936808 137.0 141.0 53.0
-0.37507082352561755 24.193154270102486 71.13615131539913 134.0 139.0 46.0
-0.37519295080439374 24.62306216337972 71.13952881143015 134.0 140.0 47.0
-0.37531507808316916 25.052970056656953 71.14290630746117 142.0 147.0 53.0
-0.3754372053619454 25.482877949934185 71.1462838034922 152.0 155.0 67.0
-0.3755593326407216 25.91278584321142 71.14966129952325 155.0 158.0 76.0
-0.37568145991949703 26.342693736488656 71.15303879555427 157.0 161.0 86.0
0.05372761131511196 24.19303214282371 71.16720137916153 90.0 100.0 25.0
0.05360548403633575 24.622940036100946 71.17057887519258 142.0 149.0 49.0
0.0534833567575603 25.052847929378178 71.1739563712236 160.0 163.0 62.0
0.05336122947878409 25.482755822655413 71.17733386725462 173.0 174.0 79.0
0.05323910220000788 25.912663715932645 71.18071136328564 172.0 173.0 86.0
0.053116974921232435 26.342571609209877 71.18408885931669 165.0 165.0 88.0
0.052994847642456225 26.772479502487112 71.18746635534771 115.0 115.0 70.0
0.4821596643195136 25.482633695376634 71.20838393101704 83.0 88.0 27.0
0.48203753704073743 25.91254158865387 71.21176142704806 117.0 125.0 37.0
0.48191540976196123 26.342449481931105 71.21513892307908 120.0 127.0 45.0
0.48179328248318654 26.772357375208337 71.2185164191101 96.0 101.0 43.0
0.9109580991602424 25.48251156809786 71.23943399477943 111.0 121.0 29.0
0.9108359718814661 25.91241946137509 71.24281149081048 93.0 107.0 24.0
0.91071384460269 26.342327354652326 71.2461889868415 93.0 104.0 29.0
-1.6922719372526625 23.330327369353316 71.46503128239613 80.0 81.0 50.0
-1.2633513751331567 22.900297348797306 71.4927038501275 106.0 107.0 59.0
-1.263473502411933 23.33020524207454 71.49608134615855 142.0 142.0 77.0
-1.2635956296907085 23.760113135351776 71.49945884218957 133.0 133.0 67.0
-1.2637177569694846 24.19002102862901 71.50283633822059 130.0 130.0 64.0
-1.2638398842482608 24.619928921906244 71.50621383425161 120.0 122.0 61.0
-0.8345529402924273 22.900175221518534 71.52375391388992 134.0 138.0 65.0
-0.8346750675712036 23.330083114795766 71.52713140992094 138.0 141.0 64.0
-0.8347971948499789 23.759991008072998 71.53050890595199 139.0 143.0 61.0
-0.8349193221287552 24.189898901350233 71.53388640198301 133.0 137.0 53.0
-0.8350414494075314 24.619806794627465 71.53726389801403 136.0 140.0 58.0
-0.8351635766863069 25.0497146879047 71.54064139404505 144.0 145.0 75.0
-0.8352857039650831 25.479622581181935 71.5440188900761 147.0 148.0 82.0
-0.8354078312438593 25.909530474459167 71.54739638610712 138.0 141.0 79.0
-0.4057545054516986 22.900053094239755 71.55480397765231 101.0 106.0 46.0
-0.4058766327304748 23.32996098751699 71.55818147368336 134.0 139.0 61.0
-0.4059987600092502 23.759868880794222 71.56155896971438 128.0 134.0 48.0
-0.4061208872880265 24.189776774071458 71.5649364657454 128.0 136.0 44.0
-0.4062430145668027 24.61968466734869 71.56831396177645 139.0 144.0 55.0
-0.4063651418455781 25.04959256062592 71.57169145780747 154.0 157.0 68.0
-0.40648726912435434 25.479500453903157 71.5750689538385 156.0 160.0 75.0
-0.40660939640313054 25.90940834718039 71.57844644986952 162.0 165.0 83.0
-0.40673152368190596 26.339316240457624 71.58182394590057 167.0 170.0 95.0
0.022677547552703056 24.18965464679268 71.59598652950783 73.0 82.0 21.0
0.022555420273926843 24.619562540069914 71.59936402553885 111.0 115.0 42.0
0.022433292995151396 25.04947043334715 71.6027415215699 127.0 131.0 54.0
0.022311165716375186 25.47937832662438 71.60611901760092 150.0 154.0 66.0
0.022189038437598976 25.909286219901613 71.60949651363194 145.0 148.0 67.0
0.02206691115882353 26.33919411317885 71.61287400966296 120.0 122.0 60.0
0.021944783880047315 26.76910200645608 71.61625150569398 83.0 83.0 52.0
0.45135385511465714 24.61944041279114 71.63041408930127 72.0 83.0 19.0
0.4511096005571047 25.479256199345603 71.63716908136331 81.0 90.0 22.0
0.4509874732783285 25.90916409262284 71.64054657739436 99.0 108.0 31.0
0.4508653459995523 26.339071985900073 71.64392407342538 105.0 114.0 37.0
0.4507432187207776 26.768979879177305 71.6473015694564 87.0 91.0 38.0
-1.294523566174342 23.326827746043513 71.92486649650482 137.0 137.0 75.0
-1.2946456934531174 23.75673563932075 71.92824399253587 140.0 139.0 77.0
-1.2947678207318936 24.186643532597984 71.93162148856689 142.0 141.0 72.0
-1.29488994801067 24.616551425875215 71.93499898459791 140.0 140.0 78.0
-1.2950120752894454 25.046459319152447 71.93837648062893 83.0 84.0 52.0
-0.8656030040548363 22.896797725487506 71.95253906423622 92.0 95.0 41.0
-0.8657251313336125 23.326705618764738 71.95591656026724 134.0 137.0 64.0
-0.8658472586123879 23.75661351204197 71.95929405629826 139.0 142.0 63.0
-0.8659693858911641 24.186521405319205 71.96267155232931 140.0 143.0 60.0
-0.8660915131699404 24.616429298596437 71.96604904836033 143.0 146.0 67.0
-0.8662136404487158 25.046337191873672 71.96942654439135 149.0 150.0 81.0
-0.866335767727492 25.476245085150907 71.97280404042237 164.0 162.0 102.0
-0.43692669649288374 23.326583491485962 71.98696662402963 83.0 89.0 33.0
-0.43704882377165916 23.756491384763198 71.99034412006068 100.0 109.0 35.0
-0.4371709510504354 24.18639927804043 71.9937216160917 137.0 141.0 56.0
-0.4372930783292116 24.61630717131766 71.99709911212273 135.0 140.0 59.0
-0.437415205607987 25.046215064594897 72.00047660815378 151.0 151.0 77.0
-0.4375373328867633 25.47612295787213 72.0038541041848 146.0 148.0 77.0
-0.43765946016553947 25.90603085114936 72.00723160021582 129.0 131.0 73.0
-0.008494643488482063 24.616185044038886 72.02814917588515 83.0 91.0 27.0
-0.00861677076725751 25.04609293731612 72.03152667191617 90.0 102.0 30.0
-0.008738898046033722 25.476000830593353 72.03490416794719 75.0 82.0 27.0
-0.008861025324809932 25.90590872387059 72.03828166397824 79.0 85.0 31.0
-0.00898315260358538 26.33581661714782 72.04165916000926 114.0 117.0 55.0
0.42018166407347196 25.045970810037343 72.06257673567859 108.0 119.0 33.0
0.42005953679469576 25.475878703314574 72.06595423170961 100.0 112.0 30.0
0.41993740951591957 25.905786596591813 72.06933172774063 95.0 105.0 31.0
0.4198152822371434 26.335694489869045 72.07270922377168 101.0 109.0 36.0
0.4196931549583687 26.765602383146277 72.0760867198027 91.0 96.0 38.0
-1.7543720647774805 23.32357237729126 72.32260158308873 85.0 87.0 55.0
-1.754494192056256 23.75348027056849 72.32597907911975 95.0 95.0 62.0
-1.3255736299367509 23.32345025001248 72.35365164685112 146.0 146.0 87.0
-1.3256957572155263 23.753358143289717 72.35702914288214 149.0 150.0 86.0
-1.3258178844943025 24.183266036566952 72.36040663891319 142.0 144.0 78.0
-0.8967751950960213 23.323328122733706 72.38470171061351 118.0 121.0 56.0
-0.8968973223747968 23.75323601601094 72.38807920664456 147.0 148.0 78.0
-0.8970194496535729 24.183143909288173 72.39145670267558 139.0 143.0 68.0
-0.8971415769323492 24.61305180256541 72.3948341987066 95.0 99.0 48.0
-0.4684652693703959 25.042837568563865 72.42926175850005 73.0 80.0 29.0
-0.4685873966491721 25.472745461841097 72.4326392545311 88.0 93.0 40.0
-0.03942257997211476 24.182899654730623 72.4535568302004 79.0 89.0 25.0
-0.03954470725089097 24.612807548007858 72.45693432623142 107.0 113.0 40.0
-0.03966683452966642 25.04271544128509 72.46031182226247 78.0 82.0 30.0
-0.03978896180844263 25.472623334562325 72.46368931829349 110.0 118.0 42.0
-0.03991108908721884 25.902531227839557 72.46706681432451 123.0 130.0 52.0
-0.04003321636599429 26.33243912111679 72.47044431035556 125.0 130.0 58.0
-0.0401553436447705 26.762347014394024 72.47382180638658 101.0 103.0 53.0
-0.49927107857525316 24.17964428597837 72.85129191678428 80.0 86.0 33.0
-0.49939320585402935 24.6095521792556 72.85466941281533 89.0 96.0 37.0
-0.49951533313280483 25.039460072532833 72.85804690884635 97.0 105.0 41.0
-0.499637460411581 25.46936796581007 72.86142440487737 77.0 81.0 37.0
-0.4997595876903572 25.8992758590873 72.86480190090842 98.0 102.0 55.0
-0.9901696409407996 24.173011421195085 73.67781215371446 122.0 124.0 64.0
-0.9902917682195759 24.602919314472317 73.68118964974548 114.0 118.0 60.0
-0.9904138954983513 25.032827207749555 73.68456714577653 99.0 106.0 50.0
