12.532 -5.015 101.858 84.000 102.000 24.000
12.502 -5.584 102.353 82.000 104.000 19.000
12.501 -5.051 102.389 88.000 104.000 28.000
13.034 -5.585 102.384 91.000 112.000 23.000
13.568 -6.118 102.378 92.000 102.000 34.000
13.567 -5.586 102.415 112.000 125.000 41.000
11.938 -5.619 102.853 93.000 104.000 38.000
12.471 -5.620 102.884 99.000 118.000 27.000
13.004 -6.154 102.879 108.000 128.000 27.000
13.003 -5.621 102.915 93.000 113.000 23.000
13.002 -5.089 102.952 78.000 100.000 19.000
13.537 -6.155 102.910 112.000 126.000 39.000
13.536 -5.622 102.946 110.000 125.000 34.000
14.070 -6.156 102.941 82.000 89.000 37.000
14.069 -5.623 102.977 105.000 116.000 39.000
11.907 -5.656 103.385 99.000 109.000 41.000
12.441 -6.189 103.379 124.000 140.000 40.000
12.440 -5.657 103.416 121.000 136.000 39.000
12.439 -5.124 103.452 92.000 107.000 31.000
12.973 -6.190 103.410 124.000 139.000 40.000
12.972 -5.658 103.447 119.000 135.000 35.000
12.971 -5.125 103.483 109.000 126.000 34.000
13.507 -6.724 103.405 83.000 101.000 21.000
13.506 -6.191 103.441 118.000 133.000 39.000
13.505 -5.659 103.478 116.000 130.000 38.000
14.040 -6.725 103.436 75.000 85.000 29.000
14.039 -6.192 103.472 117.000 129.000 48.000
14.572 -6.193 103.503 78.000 83.000 42.000
11.877 -6.224 103.880 137.000 150.000 54.000
11.876 -5.692 103.916 119.000 131.000 46.000
12.410 -6.226 103.911 133.000 147.000 47.000
12.409 -5.693 103.947 125.000 139.000 42.000
12.407 -5.161 103.984 97.000 107.000 39.000
12.943 -6.759 103.905 126.000 141.000 42.000
12.942 -6.227 103.942 124.000 140.000 39.000
12.941 -5.694 103.978 120.000 136.000 36.000
12.940 -5.162 104.015 118.000 132.000 42.000
13.476 -6.760 103.936 117.000 132.000 37.000
13.475 -6.228 103.973 120.000 135.000 37.000
13.474 -5.695 104.009 100.000 116.000 28.000
14.009 -6.761 103.967 118.000 131.000 45.000
14.008 -6.229 104.004 117.000 131.000 39.000
14.007 -5.696 104.040 67.000 81.000 19.000
14.542 -6.762 103.998 117.000 126.000 55.000
14.541 -6.230 104.035 114.000 126.000 46.000
14.540 -5.697 104.071 77.000 85.000 30.000
11.846 -6.261 104.411 130.000 144.000 48.000
11.845 -5.729 104.448 129.000 142.000 52.000
12.380 -6.794 104.406 138.000 151.000 52.000
12.379 -6.262 104.442 123.000 138.000 41.000
12.377 -5.730 104.479 120.000 135.000 39.000
12.376 -5.197 104.515 126.000 139.000 50.000
12.911 -6.263 104.473 117.000 133.000 36.000
12.910 -5.731 104.510 115.000 131.000 33.000
12.909 -5.198 104.546 112.000 127.000 37.000
13.445 -6.797 104.468 116.000 130.000 38.000
13.444 -6.264 104.504 114.000 130.000 33.000
13.443 -5.732 104.541 111.000 126.000 34.000
13.442 -5.199 104.577 83.000 99.000 26.000
13.978 -6.798 104.499 123.000 138.000 44.000
13.977 -6.265 104.535 116.000 130.000 37.000
13.976 -5.733 104.572 87.000 100.000 28.000
14.511 -6.799 104.530 124.000 136.000 51.000
14.510 -6.266 104.566 115.000 128.000 41.000
14.508 -5.734 104.603 99.000 109.000 39.000
15.043 -6.800 104.561 117.000 128.000 55.000
15.042 -6.267 104.598 121.000 133.000 53.000
11.282 -6.296 104.912 118.000 128.000 54.000
11.815 -6.298 104.943 128.000 142.000 47.000
11.814 -5.765 104.979 116.000 128.000 46.000
12.349 -6.831 104.937 127.000 139.000 46.000
12.347 -6.299 104.974 117.000 133.000 36.000
12.346 -5.766 105.010 112.000 128.000 33.000
12.345 -5.234 105.047 123.000 135.000 51.000
12.881 -6.832 104.968 127.000 141.000 43.000
12.880 -6.300 105.005 122.000 138.000 38.000
12.879 -5.767 105.041 117.000 133.000 35.000
12.878 -5.235 105.078 115.000 128.000 43.000
13.415 -7.366 104.963 107.000 115.000 56.000
13.414 -6.833 104.999 124.000 140.000 39.000
13.413 -6.301 105.036 123.000 139.000 38.000
13.412 -5.768 105.072 111.000 125.000 36.000
13.947 -6.834 105.030 126.000 141.000 39.000
13.946 -6.302 105.067 129.000 145.000 42.000
14.481 -7.368 105.025 75.000 81.000 38.000
14.480 -6.835 105.061 127.000 142.000 45.000
14.478 -6.303 105.098 123.000 138.000 40.000
14.477 -5.770 105.134 75.000 84.000 27.000
15.012 -6.836 105.093 128.000 140.000 56.000
15.011 -6.304 105.129 110.000 123.000 39.000
11.251 -6.333 105.443 110.000 119.000 53.000
11.250 -5.801 105.480 82.000 87.000 44.000
11.785 -6.866 105.438 131.000 144.000 50.000
11.784 -6.334 105.474 124.000 137.000 47.000
11.783 -5.802 105.511 123.000 135.000 52.000
12.317 -6.868 105.469 132.000 147.000 44.000
12.316 -6.335 105.505 122.000 138.000 38.000
12.315 -5.803 105.542 125.000 140.000 42.000
12.314 -5.270 105.578 142.000 153.000 66.000
12.851 -7.401 105.463 114.000 123.000 51.000
12.850 -6.869 105.500 133.000 149.000 42.000
12.849 -6.336 105.536 125.000 141.000 37.000
12.848 -5.804 105.573 119.000 135.000 35.000
12.847 -5.271 105.609 118.000 131.000 45.000
13.384 -7.402 105.494 121.000 131.000 52.000
13.383 -6.870 105.531 134.000 151.000 38.000
13.382 -6.337 105.567 131.000 148.000 39.000
13.381 -5.805 105.604 117.000 133.000 35.000
13.380 -5.272 105.640 69.000 87.000 19.000
13.917 -7.403 105.525 121.000 132.000 51.000
13.916 -6.871 105.562 141.000 157.000 44.000
13.915 -6.338 105.598 136.000 152.000 44.000
13.914 -5.806 105.635 118.000 132.000 38.000
14.450 -7.404 105.556 118.000 129.000 54.000
14.448 -6.872 105.593 133.000 148.000 46.000
14.447 -6.339 105.629 127.000 142.000 43.000
14.446 -5.807 105.666 108.000 120.000 40.000
14.982 -7.405 105.587 102.000 110.000 53.000
14.981 -6.873 105.624 125.000 138.000 48.000
14.980 -6.340 105.661 115.000 129.000 40.000
15.514 -6.874 105.655 88.000 96.000 43.000
15.513 -6.342 105.692 77.000 87.000 32.000
11.220 -6.370 105.975 114.000 121.000 58.000
11.219 -5.837 106.011 117.000 126.000 66.000
11.754 -6.903 105.969 133.000 147.000 49.000
11.753 -6.371 106.006 134.000 147.000 53.000
11.752 -5.838 106.042 122.000 134.000 48.000
12.287 -7.436 105.964 154.000 168.000 76.000
12.286 -6.904 106.000 142.000 156.000 48.000
12.285 -6.372 106.037 126.000 142.000 40.000
12.284 -5.839 106.073 127.000 141.000 45.000
12.283 -5.307 106.110 125.000 134.000 62.000
12.820 -7.438 105.995 143.000 155.000 58.000
12.819 -6.905 106.031 149.000 167.000 46.000
12.818 -6.373 106.068 147.000 163.000 47.000
12.817 -5.840 106.104 131.000 147.000 42.000
12.816 -5.308 106.141 137.000 147.000 60.000
13.353 -7.439 106.026 134.000 148.000 50.000
13.352 -6.906 106.062 143.000 160.000 41.000
13.351 -6.374 106.099 137.000 154.000 40.000
13.350 -5.841 106.135 119.000 135.000 34.000
13.349 -5.309 106.172 83.000 98.000 26.000
13.886 -7.440 106.057 134.000 147.000 54.000
13.885 -6.907 106.093 144.000 160.000 45.000
13.884 -6.375 106.130 141.000 157.000 43.000
13.883 -5.842 106.166 118.000 134.000 36.000
14.418 -7.441 106.088 131.000 143.000 57.000
14.417 -6.908 106.124 139.000 153.000 51.000
14.416 -6.376 106.161 132.000 147.000 44.000
14.415 -5.844 106.197 105.000 116.000 40.000
14.951 -7.442 106.119 131.000 141.000 67.000
14.950 -6.909 106.156 128.000 142.000 48.000
14.949 -6.377 106.192 115.000 128.000 42.000
15.483 -6.910 106.187 109.000 119.000 49.000
15.482 -6.378 106.223 81.000 90.000 34.000
11.189 -6.406 106.506 115.000 125.000 62.000
11.188 -5.874 106.543 114.000 122.000 59.000
11.723 -6.940 106.501 144.000 157.000 57.000
11.722 -6.407 106.537 141.000 153.000 59.000
11.720 -5.875 106.574 131.000 144.000 53.000
11.719 -5.342 106.610 76.000 81.000 43.000
12.256 -7.473 106.495 171.000 182.000 90.000
12.255 -6.941 106.532 143.000 159.000 47.000
12.254 -6.408 106.568 133.000 148.000 43.000
12.253 -5.876 106.605 137.000 150.000 52.000
12.252 -5.343 106.641 130.000 139.000 75.000
12.789 -7.474 106.526 152.000 171.000 66.000
12.788 -6.942 106.563 149.000 168.000 42.000
12.787 -6.409 106.599 132.000 149.000 36.000
12.786 -5.877 106.636 131.000 146.000 43.000
12.785 -5.344 106.672 126.000 136.000 64.000
13.322 -7.475 106.557 135.000 150.000 47.000
13.321 -6.943 106.594 143.000 161.000 37.000
13.320 -6.410 106.630 130.000 148.000 34.000
13.319 -5.878 106.667 120.000 136.000 35.000
13.318 -5.345 106.703 113.000 125.000 46.000
13.855 -7.476 106.588 132.000 146.000 50.000
13.854 -6.944 106.625 141.000 158.000 41.000
13.853 -6.411 106.661 136.000 153.000 43.000
13.851 -5.879 106.698 117.000 131.000 40.000
14.387 -7.477 106.619 131.000 143.000 55.000
14.386 -6.945 106.656 139.000 154.000 49.000
14.385 -6.412 106.692 135.000 149.000 52.000
14.920 -7.478 106.650 136.000 146.000 71.000
14.919 -6.946 106.687 133.000 147.000 51.000
14.918 -6.414 106.724 110.000 121.000 46.000
15.452 -6.947 106.718 107.000 118.000 45.000
11.158 -6.443 107.038 85.000 92.000 44.000
11.157 -5.910 107.074 73.000 80.000 42.000
11.693 -7.508 106.996 103.000 109.000 58.000
11.692 -6.976 107.032 152.000 171.000 67.000
11.690 -6.444 107.069 145.000 162.000 64.000
11.689 -5.911 107.105 130.000 140.000 56.000
12.225 -7.510 107.027 172.000 178.000 83.000
12.224 -6.977 107.063 149.000 169.000 48.000
12.223 -6.445 107.100 138.000 153.000 47.000
12.222 -5.912 107.136 136.000 148.000 56.000
12.221 -5.380 107.173 84.000 90.000 48.000
12.759 -8.043 107.021 113.000 117.000 73.000
12.758 -7.511 107.058 158.000 173.000 67.000
12.757 -6.978 107.094 149.000 168.000 43.000
12.756 -6.446 107.131 136.000 153.000 40.000
12.755 -5.913 107.167 138.000 152.000 47.000
12.754 -5.381 107.204 98.000 105.000 56.000
13.292 -8.044 107.052 88.000 95.000 44.000
13.291 -7.512 107.089 143.000 160.000 47.000
13.290 -6.979 107.125 142.000 161.000 36.000
13.289 -6.447 107.162 132.000 150.000 35.000
13.288 -5.914 107.198 120.000 136.000 34.000
13.287 -5.382 107.235 110.000 118.000 51.000
13.825 -8.045 107.083 74.000 80.000 40.000
13.824 -7.513 107.120 140.000 155.000 49.000
13.823 -6.980 107.156 147.000 164.000 41.000
13.821 -6.448 107.193 137.000 154.000 41.000
13.820 -5.915 107.229 113.000 128.000 35.000
14.356 -7.514 107.151 143.000 158.000 58.000
14.355 -6.981 107.187 144.000 160.000 46.000
14.354 -6.449 107.224 114.000 126.000 43.000
14.889 -7.515 107.182 138.000 150.000 66.000
14.888 -6.982 107.218 134.000 149.000 49.000
15.421 -6.983 107.250 112.000 124.000 43.000
11.128 -7.012 107.533 77.000 83.000 40.000
11.127 -6.479 107.569 95.000 101.000 50.000
11.662 -7.545 107.527 96.000 102.000 53.000
11.660 -7.013 107.564 153.000 172.000 67.000
11.659 -6.480 107.600 144.000 160.000 62.000
11.658 -5.948 107.637 108.000 116.000 53.000
12.194 -7.546 107.558 186.000 187.000 92.000
12.193 -7.014 107.595 156.000 177.000 60.000
12.192 -6.481 107.631 148.000 162.000 55.000
12.191 -5.949 107.668 150.000 161.000 67.000
12.728 -8.080 107.553 134.000 136.000 84.000
12.727 -7.547 107.589 156.000 170.000 63.000
12.726 -7.015 107.626 148.000 167.000 44.000
12.725 -6.482 107.662 139.000 156.000 39.000
12.724 -5.950 107.699 150.000 164.000 60.000
12.723 -5.417 107.735 135.000 142.000 76.000
13.261 -8.081 107.584 115.000 124.000 59.000
13.260 -7.548 107.620 144.000 160.000 47.000
13.259 -7.016 107.657 138.000 157.000 32.000
13.258 -6.483 107.693 128.000 147.000 32.000
13.257 -5.951 107.730 125.000 141.000 40.000
13.794 -8.082 107.615 132.000 142.000 76.000
13.793 -7.549 107.651 144.000 160.000 51.000
13.791 -7.017 107.688 144.000 163.000 34.000
13.790 -6.484 107.724 130.000 147.000 37.000
13.789 -5.952 107.761 103.000 117.000 37.000
14.326 -8.083 107.646 113.000 118.000 70.000
14.325 -7.550 107.682 142.000 157.000 55.000
14.324 -7.018 107.719 140.000 158.000 41.000
14.323 -6.485 107.755 134.000 148.000 51.000
14.858 -7.551 107.713 141.000 157.000 64.000
14.857 -7.019 107.750 133.000 149.000 42.000
15.390 -7.020 107.781 88.000 101.000 28.000
11.629 -7.049 108.095 158.000 176.000 74.000
11.628 -6.517 108.132 149.000 163.000 71.000
11.627 -5.984 108.168 85.000 91.000 45.000
12.163 -7.583 108.090 170.000 181.000 81.000
12.162 -7.050 108.126 147.000 166.000 52.000
12.161 -6.518 108.163 147.000 161.000 56.000
12.160 -5.985 108.199 145.000 155.000 70.000
12.697 -8.116 108.084 141.000 144.000 83.000
12.696 -7.584 108.121 167.000 184.000 66.000
12.695 -7.051 108.157 148.000 168.000 38.000
12.694 -6.519 108.194 142.000 158.000 42.000
12.693 -5.986 108.230 149.000 162.000 64.000
13.230 -8.117 108.115 144.000 156.000 75.000
13.229 -7.585 108.152 149.000 170.000 51.000
13.228 -7.052 108.188 146.000 165.000 38.000
13.227 -6.520 108.225 127.000 145.000 33.000
13.226 -5.987 108.261 124.000 139.000 43.000
13.763 -8.118 108.146 121.000 132.000 68.000
13.761 -7.586 108.183 145.000 162.000 51.000
13.760 -7.053 108.219 146.000 164.000 44.000
13.759 -6.521 108.256 125.000 141.000 40.000
13.758 -5.989 108.292 92.000 107.000 32.000
14.295 -8.119 108.177 111.000 118.000 68.000
14.294 -7.587 108.214 144.000 159.000 57.000
14.293 -7.054 108.250 144.000 161.000 45.000
14.292 -6.522 108.287 115.000 125.000 49.000
14.827 -7.588 108.245 141.000 155.000 65.000
14.826 -7.055 108.281 132.000 148.000 43.000
15.360 -7.589 108.276 88.000 94.000 48.000
15.359 -7.057 108.313 120.000 132.000 47.000
11.598 -7.086 108.627 162.000 176.000 87.000
11.597 -6.553 108.663 146.000 158.000 82.000
12.132 -7.619 108.621 175.000 189.000 88.000
12.131 -7.087 108.658 170.000 189.000 69.000
12.130 -6.554 108.694 154.000 169.000 64.000
12.129 -6.022 108.731 142.000 152.000 75.000
12.666 -8.153 108.616 182.000 190.000 113.000
12.665 -7.620 108.652 185.000 199.000 77.000
12.664 -7.088 108.689 155.000 178.000 45.000
12.663 -6.555 108.725 149.000 165.000 49.000
12.662 -6.023 108.762 145.000 157.000 67.000
13.199 -8.154 108.647 157.000 170.000 87.000
13.198 -7.621 108.683 168.000 188.000 65.000
13.197 -7.089 108.720 149.000 170.000 43.000
13.196 -6.556 108.756 133.000 149.000 41.000
13.194 -6.024 108.793 140.000 151.000 62.000
13.731 -8.155 108.678 143.000 155.000 81.000
13.730 -7.622 108.714 148.000 167.000 58.000
13.729 -7.090 108.751 148.000 166.000 46.000
13.728 -6.557 108.787 123.000 137.000 41.000
14.264 -8.156 108.709 113.000 120.000 69.000
14.263 -7.623 108.745 146.000 164.000 61.000
14.262 -7.091 108.782 147.000 164.000 50.000
14.261 -6.559 108.818 90.000 99.000 36.000
14.796 -7.624 108.776 139.000 153.000 67.000
14.795 -7.092 108.813 135.000 150.000 48.000
15.329 -7.625 108.808 81.000 87.000 48.000
15.328 -7.093 108.844 110.000 121.000 49.000
11.567 -7.122 109.158 170.000 182.000 99.000
11.566 -6.590 109.195 119.000 127.000 74.000
12.101 -7.656 109.153 178.000 188.000 99.000
12.100 -7.123 109.189 175.000 192.000 82.000
12.099 -6.591 109.226 162.000 176.000 82.000
12.098 -6.058 109.262 106.000 112.000 62.000
12.635 -8.189 109.147 131.000 129.000 90.000
12.634 -7.657 109.184 188.000 200.000 85.000
12.633 -7.124 109.220 168.000 189.000 63.000
12.632 -6.592 109.257 155.000 169.000 65.000
12.631 -6.059 109.293 133.000 141.000 81.000
13.168 -8.190 109.178 154.000 165.000 87.000
13.167 -7.658 109.215 171.000 189.000 72.000
13.166 -7.125 109.251 151.000 170.000 49.000
13.164 -6.593 109.288 136.000 150.000 47.000
13.163 -6.061 109.324 132.000 141.000 73.000
13.700 -8.191 109.209 136.000 144.000 72.000
13.699 -7.659 109.246 148.000 165.000 56.000
13.698 -7.126 109.282 143.000 159.000 44.000
13.697 -6.594 109.319 121.000 136.000 39.000
14.233 -8.192 109.240 141.000 152.000 81.000
14.232 -7.660 109.277 145.000 162.000 57.000
14.231 -7.127 109.313 144.000 160.000 50.000
14.230 -6.595 109.350 77.000 86.000 29.000
14.766 -8.193 109.271 121.000 129.000 79.000
14.765 -7.661 109.308 141.000 154.000 64.000
14.764 -7.129 109.344 131.000 146.000 49.000
15.298 -7.662 109.339 91.000 97.000 54.000
11.536 -7.159 109.690 164.000 173.000 106.000
12.070 -7.692 109.684 170.000 175.000 101.000
12.069 -7.160 109.721 183.000 196.000 98.000
12.068 -6.627 109.757 178.000 189.000 108.000
12.604 -8.226 109.679 127.000 126.000 85.000
12.603 -7.693 109.715 191.000 201.000 96.000
12.602 -7.161 109.752 172.000 190.000 74.000
12.601 -6.628 109.788 170.000 184.000 91.000
13.137 -8.227 109.710 178.000 188.000 108.000
13.136 -7.694 109.746 182.000 197.000 83.000
13.134 -7.162 109.783 156.000 174.000 57.000
13.133 -6.629 109.819 152.000 165.000 71.000
13.669 -8.228 109.741 144.000 153.000 80.000
13.668 -7.695 109.777 155.000 173.000 69.000
13.667 -7.163 109.814 139.000 154.000 47.000
13.666 -6.631 109.850 124.000 137.000 48.000
14.202 -8.229 109.772 140.000 151.000 76.000
14.201 -7.696 109.808 144.000 160.000 58.000
14.200 -7.164 109.845 138.000 153.000 50.000
14.735 -8.230 109.803 128.000 137.000 77.000
14.734 -7.697 109.839 141.000 156.000 65.000
14.733 -7.165 109.876 102.000 114.000 38.000
15.267 -7.699 109.871 100.000 106.000 61.000
12.039 -7.729 110.216 96.000 100.000 64.000
12.038 -7.196 110.252 189.000 194.000 112.000
12.037 -6.664 110.289 132.000 136.000 89.000
12.572 -7.730 110.247 198.000 205.000 109.000
12.571 -7.197 110.283 192.000 199.000 99.000
12.570 -6.665 110.320 193.000 200.000 121.000
13.106 -8.263 110.241 116.000 118.000 74.000
13.104 -7.731 110.278 188.000 198.000 98.000
13.103 -7.198 110.314 189.000 199.000 94.000
13.102 -6.666 110.351 177.000 185.000 106.000
13.638 -8.264 110.272 163.000 171.000 101.000
13.637 -7.732 110.309 175.000 188.000 91.000
13.636 -7.199 110.345 159.000 176.000 75.000
14.171 -8.265 110.303 161.000 171.000 106.000
14.170 -7.733 110.340 162.000 176.000 92.000
14.169 -7.201 110.376 134.000 145.000 62.000
14.704 -8.266 110.334 90.000 94.000 63.000
14.703 -7.734 110.371 155.000 167.000 96.000
15.236 -7.735 110.402 90.000 95.000 60.000
12.008 -7.765 110.747 86.000 89.000 57.000
12.007 -7.233 110.784 110.000 104.000 75.000
12.541 -7.766 110.778 199.000 204.000 122.000
12.540 -7.234 110.815 208.000 211.000 127.000
13.073 -7.767 110.809 201.000 207.000 120.000
13.072 -7.235 110.846 204.000 211.000 120.000
13.071 -6.703 110.882 88.000 90.000 60.000
13.607 -8.301 110.804 101.000 102.000 72.000
13.606 -7.768 110.840 206.000 212.000 130.000
13.605 -7.236 110.877 177.000 185.000 102.000
14.140 -8.302 110.835 118.000 120.000 85.000
14.139 -7.769 110.871 180.000 185.000 120.000
12.510 -7.803 111.310 174.000 178.000 118.000
12.509 -7.270 111.346 84.000 86.000 51.000
13.042 -7.804 111.341 223.000 224.000 158.000
13.041 -7.271 111.377 158.000 161.000 105.000
13.575 -7.805 111.372 179.000 177.000 124.000
13.011 -7.840 111.872 127.000 124.000 97.000
