1.2953824748668799 26.5301573724769 117.93806550200497 194.0 202.0 141.0
3.442631753388976 26.10357018984761 118.12212701925787 110.0 119.0 67.0
3.4433928301022685 26.533962756043362 118.10218683611498 143.0 162.0 68.0
3.4441539068155627 26.96435532223912 118.08224665297206 135.0 157.0 54.0
3.8722338244360546 26.104331266560905 118.15495128607989 97.0 105.0 60.0
3.872994901149347 26.534723832756658 118.13501110293697 132.0 149.0 64.0
3.87375597786264 26.96511639895241 118.11507091979405 125.0 146.0 54.0
3.8745170545759353 27.395508965148167 118.09513073665116 114.0 137.0 46.0
3.8752781312892277 27.825901531343927 118.07519055350824 86.0 113.0 31.0
4.303358048909718 26.965877475665703 118.14789518661607 81.0 96.0 39.0
4.304119125623013 27.39627004186146 118.12795500347315 75.0 89.0 33.0
0.4041151426640237 26.978967968388982 118.2816165151219 175.0 180.0 131.0
1.6921602790919616 26.550858632333107 118.40002949873082 101.0 104.0 77.0
2.12176235013904 26.5516197090464 118.4328537655528 92.0 100.0 57.0
2.5513644211861166 26.55238078575969 118.4656780323748 118.0 131.0 62.0
2.9809664922331933 26.553141862472984 118.49850229919682 126.0 144.0 58.0
2.9817275689464875 26.98353442866874 118.4785621160539 132.0 155.0 51.0
3.409807486566979 26.123510372990523 118.55126674916173 140.0 156.0 74.0
3.410568563280272 26.553902939186276 118.5313265660188 142.0 162.0 61.0
3.4113296399935655 26.984295505382033 118.51138638287588 139.0 161.0 54.0
3.4120907167068584 27.41468807157779 118.49144619973296 125.0 151.0 46.0
3.8394095576140574 26.124271449703816 118.58409101598372 133.0 146.0 70.0
3.84017063432735 26.554664015899572 118.5641508328408 128.0 148.0 56.0
3.8409317110406427 26.985056582095325 118.54421064969787 124.0 146.0 52.0
3.841692787753938 27.41544914829108 118.52427046655498 115.0 136.0 49.0
3.8424538644672306 27.845841714486834 118.50433028341206 91.0 117.0 37.0
4.2690116286611355 26.125032526417108 118.6169152828057 75.0 84.0 40.0
4.269772705374428 26.555425092612865 118.59697509966279 76.0 90.0 35.0
4.270533782087721 26.985817658808617 118.57703491651989 100.0 117.0 48.0
4.271294858801016 27.416210225004374 118.55709473337694 107.0 124.0 53.0
4.272055935514309 27.84660279120013 118.53715455023405 72.0 89.0 30.0
0.8008929468891037 26.999669228245185 118.74358051184774 96.0 99.0 73.0
1.660097088983259 27.00119138167177 118.80922904549172 169.0 180.0 104.0
2.088938083317043 26.57155989218931 118.86199349545663 118.0 128.0 69.0
2.089699160030337 27.001952458385066 118.84205331231374 147.0 166.0 74.0
2.5185401543641195 26.572320968902602 118.89481776227865 125.0 142.0 62.0
2.5193012310774137 27.00271353509836 118.87487757913573 127.0 150.0 51.0
2.9466200719846114 25.71229691322439 118.96752239538645 84.0 89.0 52.0
2.947381148697904 26.14268947942014 118.94758221224353 132.0 148.0 66.0
2.9481422254111966 26.573082045615894 118.92764202910064 139.0 160.0 59.0
2.9489033021244904 27.00347461181165 118.90770184595772 133.0 158.0 49.0
3.3762221430316894 25.71305798993768 119.00034666220844 102.0 111.0 57.0
3.3769832197449823 26.143450556133434 118.98040647906555 135.0 155.0 61.0
3.3777442964582747 26.573843122329187 118.96046629592263 133.0 156.0 51.0
3.378505373171569 27.004235688524943 118.94052611277971 125.0 152.0 43.0
3.3792664498848612 27.4346282547207 118.92058592963681 106.0 135.0 35.0
3.8058242140787684 25.713819066650974 119.03317092903046 76.0 83.0 42.0
3.8065852907920608 26.14421163284673 119.01323074588754 116.0 135.0 52.0
3.8073463675053536 26.574604199042483 118.99329056274462 108.0 131.0 41.0
3.808107444218646 27.004996765238236 118.97335037960173 111.0 135.0 40.0
3.8088685209319415 27.435389331433992 118.9534101964588 98.0 125.0 36.0
3.8096295976452343 27.86578189762975 118.93347001331588 82.0 108.0 35.0
4.237709515265724 27.005757841951528 119.00617464642369 81.0 99.0 34.0
4.23847059197902 27.436150408147284 118.9862344632808 98.0 119.0 45.0
1.6265117454479678 26.59073899861893 119.25830895853846 123.0 131.0 76.0
1.627272822161262 27.021131564814684 119.23836877539554 158.0 172.0 85.0
2.0553527397817537 26.161107509136468 119.31107340850338 142.0 152.0 85.0
2.0561138164950465 26.591500075332224 119.29113322536045 159.0 176.0 80.0
2.0568748932083403 27.02189264152798 119.27119304221756 149.0 169.0 63.0
2.484193734115538 25.73147601965401 119.36383785846829 78.0 83.0 47.0
2.484954810828831 26.16186858584976 119.34389767532537 140.0 155.0 72.0
2.4857158875421232 26.592261152045516 119.32395749218247 143.0 163.0 60.0
2.4864769642554174 27.022653718241273 119.30401730903955 134.0 158.0 45.0
2.9137958051626147 25.732237096367303 119.39666212529028 120.0 130.0 67.0
2.9145568818759076 26.162629662563056 119.37672194214738 138.0 158.0 61.0
2.9153179585892 26.59302222875881 119.35678175900443 137.0 160.0 51.0
2.916079035302494 27.023414794954565 119.33684157586154 130.0 158.0 41.0
2.9168401120157865 27.45380736115032 119.31690139271862 110.0 141.0 31.0
3.343397876209693 25.732998173080595 119.4294863921123 134.0 149.0 70.0
3.3441589529229856 26.16339073927635 119.40954620896935 129.0 150.0 54.0
3.3449200296362784 26.5937833054721 119.38960602582645 122.0 149.0 43.0
3.345681106349572 27.024175871667858 119.36966584268353 107.0 140.0 30.0
3.346442183062865 27.454568437863614 119.34972565954064 98.0 132.0 27.0
3.7729999472567712 25.733759249793888 119.46231065893426 77.0 89.0 38.0
3.7737610239700636 26.16415181598964 119.44237047579136 111.0 132.0 48.0
3.774522100683356 26.594544382185397 119.42243029264844 104.0 130.0 37.0
3.775283177396649 27.02493694838115 119.40249010950555 99.0 130.0 31.0
3.7760442541099444 27.455329514576906 119.38254992636263 98.0 130.0 33.0
3.7768053308232368 27.885722080772663 119.3626097432197 78.0 101.0 30.0
4.2041241717304345 26.59530545889869 119.45525455947043 68.0 85.0 26.0
4.204885248443727 27.025698025094442 119.43531437632754 86.0 111.0 33.0
4.205646325157023 27.4560905912902 119.41537419318462 81.0 105.0 31.0
4.207168478583608 28.316875723681708 119.3754938268988 77.0 93.0 35.0
1.164085407578893 26.609918105048553 119.65462442162027 85.0 89.0 54.0
1.164846484292187 27.040310671244306 119.63468423847738 128.0 137.0 74.0
1.5929264019126788 26.18028661556609 119.70738887158518 139.0 148.0 86.0
1.5936874786259712 26.610679181761846 119.68744868844229 168.0 182.0 92.0
1.5944485553392653 27.0410717479576 119.6675085052994 168.0 186.0 82.0
2.022528472959757 26.181047692279382 119.7402131384072 159.0 174.0 86.0
2.0232895496730494 26.611440258475138 119.7202729552643 159.0 178.0 69.0
2.0240506263863436 27.041832824670895 119.70033277212139 152.0 174.0 55.0
2.4513694672935413 25.75141620279692 119.79297758837211 118.0 128.0 65.0
2.4521305440068337 26.181808768992674 119.77303740522922 147.0 166.0 67.0
2.452891620720126 26.61220133518843 119.7530972220863 144.0 168.0 51.0
2.4536526974334203 27.042593901384187 119.73315703894338 126.0 154.0 33.0
2.880971538340618 25.752177279510214 119.82580185519413 151.0 166.0 79.0
2.8817326150539104 26.18256984570597 119.80586167205118 142.0 164.0 59.0
2.8824936917672033 26.612962411901723 119.78592148890829 144.0 168.0 50.0
2.883254768480497 27.04335497809748 119.76598130576537 125.0 156.0 34.0
2.88401584519379 27.473747544293236 119.74604112262247 100.0 133.0 22.0
3.3105736093876965 25.75293835622351 119.85862612201609 127.0 143.0 61.0
3.311334686100989 26.183330922419263 119.8386859388732 120.0 143.0 46.0
3.3120957628142813 26.613723488615015 119.81874575573028 112.0 144.0 34.0
3.3128568395275755 27.04411605481077 119.79880557258738 102.0 139.0 25.0
3.313617916240868 27.474508621006528 119.77886538944443 91.0 127.0 21.0
3.7401756804347746 25.753699432936802 119.89145038883811 86.0 103.0 38.0
3.7409367571480674 26.184091999132555 119.87151020569519 103.0 127.0 40.0
3.74169783386136 26.61448456532831 119.8515700225523 90.0 118.0 29.0
3.742458910574652 27.044877131524064 119.83162983940935 93.0 126.0 27.0
3.743219987287948 27.47526969771982 119.81168965626645 97.0 131.0 29.0
3.7439810640012405 27.905662263915577 119.79174947312353 79.0 103.0 26.0
4.171299904908438 26.615245642041604 119.88439428937426 83.0 104.0 32.0
4.172060981621731 27.045638208237357 119.86445410623136 100.0 127.0 37.0
4.172822058335027 27.476030774433113 119.84451392308844 93.0 119.0 33.0
4.174344211761611 28.336815906824622 119.8046335568026 94.0 114.0 41.0
0.7024201464231133 27.059489777673924 120.03099970155921 131.0 139.0 75.0
1.131261140756896 26.629858288191464 120.08376415152412 151.0 161.0 89.0
1.1320222174701902 27.060250854387217 120.0638239683812 166.0 181.0 90.0
1.5601021350906819 26.200226798709 120.13652860148903 144.0 156.0 84.0
1.5608632118039745 26.630619364904756 120.11658841834611 171.0 187.0 90.0
1.5616242885172684 27.06101193110051 120.09664823520322 177.0 195.0 84.0
1.9889431294244675 25.77059530922654 120.18929305145394 107.0 114.0 63.0
1.9897042061377601 26.200987875422292 120.16935286831102 150.0 167.0 75.0
1.9904652828510527 26.63138044161805 120.14941268516813 153.0 174.0 61.0
1.9912263595643467 27.061773007813805 120.12947250202518 154.0 177.0 52.0
2.418545200471544 25.771356385939836 120.22211731827593 145.0 159.0 77.0
2.419306277184837 26.201748952135585 120.20217713513304 154.0 174.0 68.0
2.4200673538981294 26.63214151833134 120.18223695199009 149.0 173.0 50.0
2.4208284306114236 27.062534084527098 120.1622967688472 145.0 171.0 40.0
2.8481472715186213 25.772117462653128 120.25494158509792 144.0 161.0 70.0
2.8489083482319137 26.20251002884888 120.235001401955 142.0 165.0 56.0
2.849669424945206 26.632902595044634 120.21506121881211 147.0 172.0 48.0
2.8504305016585003 27.06329516124039 120.19512103566919 142.0 171.0 40.0
2.8511915783717927 27.493687727436146 120.17518085252627 120.0 151.0 30.0
3.276988265852405 25.342485973170664 120.30770603506284 75.0 81.0 47.0
3.2777493425656994 25.77287853936642 120.28776585191991 118.0 136.0 53.0
3.2785104192789922 26.203271105562173 120.26782566877702 120.0 144.0 44.0
3.2792714959922846 26.633663671757926 120.2478854856341 123.0 153.0 37.0
3.280032572705579 27.064056237953682 120.22794530249118 97.0 134.0 20.0
3.280793649418871 27.49444880414944 120.20800511934829 77.0 112.0 13.0
3.7073514136127783 25.773639616079713 120.32059011874193 103.0 122.0 47.0
3.7081124903260707 26.204032182275466 120.30064993559901 115.0 138.0 45.0
3.708873567039363 26.634424748471222 120.28070975245609 112.0 141.0 37.0
3.709634643752656 27.064817314666975 120.2607695693132 105.0 139.0 29.0
3.7103957204659515 27.49520988086273 120.24082938617028 101.0 133.0 29.0
3.711156797179244 27.92560244705849 120.22088920302738 73.0 98.0 21.0
4.136953484659856 25.774400692793005 120.35341438556392 71.0 84.0 32.0
4.137714561373149 26.204793258988758 120.333474202421 113.0 132.0 50.0
4.138475638086442 26.635185825184514 120.31353401927811 111.0 135.0 43.0
4.139236714799734 27.065578391380267 120.29359383613519 125.0 149.0 48.0
4.1399977915130295 27.495970957576024 120.2736536529923 125.0 150.0 48.0
4.141519944939615 28.356756089967536 120.23377328670645 84.0 102.0 33.0
4.568077709133517 26.635946901897807 120.3463582861001 112.0 126.0 56.0
4.568838785846809 27.066339468093563 120.32641810295718 126.0 141.0 60.0
4.569599862560105 27.496732034289316 120.30647791981426 108.0 125.0 48.0
0.6688348028878225 26.649037394621082 120.48007961460596 117.0 125.0 70.0
0.6695958796011166 27.07942996081684 120.46013943146303 156.0 170.0 87.0
1.0976757972216067 26.219405905138622 120.53284406457087 119.0 126.0 75.0
1.0984368739348993 26.64979847133438 120.51290388142795 153.0 167.0 86.0
1.0991979506481933 27.08019103753013 120.49296369828505 164.0 183.0 83.0
1.527277868268685 26.220166981851914 120.56566833139286 143.0 154.0 78.0
1.5280389449819776 26.65055954804767 120.54572814824996 168.0 184.0 85.0
1.5288000216952715 27.080952114243424 120.52578796510701 190.0 208.0 97.0
1.9561188626024708 25.790535492369454 120.61843278135777 128.0 139.0 72.0
1.9568799393157632 26.220928058565207 120.59849259821488 153.0 169.0 73.0
1.9576410160290558 26.651320624760963 120.57855241507193 163.0 183.0 68.0
1.95840209274235 27.08171319095672 120.55861223192903 177.0 197.0 71.0
2.3857209336495475 25.791296569082746 120.65125704817979 152.0 167.0 79.0
2.38648201036284 26.2216891352785 120.63131686503684 151.0 171.0 64.0
2.3872430870761328 26.652081701474255 120.61137668189394 158.0 182.0 55.0
2.388004163789427 27.082474267670012 120.59143649875102 158.0 183.0 49.0
2.81456192798333 25.361665079600286 120.70402149814467 104.0 111.0 62.0
2.815323004696624 25.79205764579604 120.68408131500175 143.0 161.0 68.0
2.816084081409917 26.222450211991795 120.66414113185886 137.0 159.0 51.0
2.8168451581232095 26.652842778187548 120.64420094871593 166.0 191.0 58.0
2.8176062348365036 27.083235344383304 120.62426076557301 183.0 208.0 66.0
2.818367311549796 27.51362791057906 120.60432058243009 157.0 180.0 50.0
3.2441639990304085 25.362426156313578 120.73684576496666 90.0 104.0 52.0
3.2449250757437027 25.792818722509335 120.71690558182377 117.0 136.0 53.0
3.245686152456995 26.223211288705087 120.69696539868085 137.0 158.0 53.0
3.246447229170288 26.65360385490084 120.67702521553792 149.0 176.0 48.0
3.2472083058835817 27.083996421096597 120.657085032395 138.0 169.0 36.0
3.2479693825968745 27.514388987292353 120.63714484925211 107.0 142.0 25.0
3.6745271467907807 25.793579799222627 120.74972984864576 118.0 135.0 57.0
3.6752882235040736 26.22397236541838 120.72978966550284 142.0 163.0 63.0
3.676049300217366 26.654364931614136 120.70984948235991 139.0 164.0 48.0
3.676810376930659 27.08475749780989 120.68990929921702 128.0 157.0 36.0
3.6775714536439543 27.515150064005645 120.6699691160741 109.0 140.0 30.0
3.6783325303572467 27.9455426302014 120.65002893293118 92.0 116.0 31.0
4.104129217837859 25.79434087593592 120.78255411546775 131.0 144.0 70.0
4.104890294551152 26.224733442131672 120.76261393232483 145.0 163.0 71.0
4.105651371264444 26.65512600832743 120.74267374918193 138.0 157.0 57.0
4.106412447977737 27.08551857452318 120.72273356603901 135.0 158.0 50.0
4.107173524691032 27.515911140718938 120.70279338289609 128.0 152.0 47.0
4.534492365598227 26.225494518844965 120.79543819914684 124.0 138.0 62.0
4.53525344231152 26.65588708504072 120.77549801600392 137.0 155.0 66.0
4.536014519024812 27.086279651236477 120.755557832861 142.0 161.0 66.0
4.536775595738108 27.51667221743223 120.73561764971811 136.0 154.0 58.0
4.964094436645305 26.226255595558257 120.82826246596883 90.0 99.0 51.0
4.964855513358598 26.656648161754013 120.80832228282591 129.0 141.0 72.0
4.965616590071891 27.08704072794977 120.78838209968302 127.0 137.0 69.0
4.966377666785186 27.517433294145523 120.7684419165401 68.0 80.0 30.0
0.20716954173204302 27.098609067246457 120.85645489454487 105.0 112.0 63.0
0.6360105360658257 26.668977577763993 120.90921934450978 137.0 147.0 82.0
0.6367716127791198 27.09937014395975 120.88927916136686 180.0 195.0 109.0
1.06485153039961 26.239346088281533 120.96198379447469 135.0 145.0 81.0
1.0656126071129026 26.66973865447729 120.94204361133177 178.0 194.0 99.0
1.0663736838261966 27.100131220673042 120.92210342818888 193.0 212.0 104.0
1.4936925247333959 25.809714598799072 121.0147482444396 95.0 102.0 55.0
1.4944536014466883 26.240107164994825 120.99480806129668 153.0 165.0 83.0
1.4952146781599809 26.67049973119058 120.97486787815376 178.0 194.0 92.0
1.495975754873275 27.100892297386334 120.95492769501084 197.0 215.0 101.0
1.923294595780474 25.810475675512365 121.04757251126159 153.0 166.0 85.0
1.9240556724937665 26.240868241708117 121.02763232811867 158.0 173.0 77.0
1.924816749207059 26.671260807903874 121.00769214497575 164.0 180.0 72.0
1.925577825920353 27.10165337409963 120.98775196183286 180.0 193.0 80.0
2.3521355901142567 25.380844186029904 121.1003369612265 111.0 119.0 68.0
2.352896666827551 25.811236752225657 121.08039677808358 158.0 173.0 82.0
2.3536577435408432 26.24162931842141 121.06045659494066 155.0 174.0 67.0
2.3544188202541356 26.672021884617166 121.04051641179777 156.0 172.0 58.0
2.35517989696743 27.102414450812923 121.02057622865487 136.0 154.0 38.0
2.7817376611613334 25.381605262743197 121.1331612280485 116.0 126.0 66.0
2.7824987378746275 25.811997828938953 121.11322104490557 128.0 145.0 58.0
2.78325981458792 26.242390395134706 121.09328086176268 121.0 145.0 42.0
2.7840208913012128 26.67278296133046 121.07334067861976 143.0 167.0 42.0
2.7847819680145065 27.103175527526215 121.05340049547684 132.0 161.0 30.0
2.7855430447277993 27.53356809372197 121.03346031233394 61.0 90.0 7.0
3.211339732208412 25.38236633945649 121.16598549487048 87.0 100.0 48.0
3.2121008089217056 25.812758905652245 121.14604531172759 113.0 131.0 51.0
3.2128618856349984 26.243151471847998 121.12610512858467 128.0 151.0 47.0
3.213622962348291 26.67354403804375 121.10616494544175 140.0 166.0 38.0
3.214384039061585 27.103936604239507 121.08622476229885 130.0 160.0 28.0
3.2151451157748774 27.534329170435264 121.06628457915593 90.0 122.0 16.0
3.640941803255492 25.383127416169785 121.1988097616925 78.0 88.0 47.0
3.6417028799687845 25.813519982365538 121.17886957854958 125.0 140.0 63.0
3.642463956682077 26.24391254856129 121.15892939540666 137.0 157.0 56.0
3.6432250333953697 26.674305114757047 121.13898921226377 138.0 163.0 43.0
3.643986110108662 27.1046976809528 121.11904902912084 138.0 165.0 38.0
3.6447471868219576 27.535090247148556 121.09910884597792 119.0 147.0 34.0
3.6455082635352505 27.965482813344313 121.079168662835 77.0 100.0 22.0
4.070543874302571 25.383888492883077 121.23163402851449 82.0 87.0 53.0
4.071304951015863 25.81428105907883 121.21169384537157 141.0 156.0 74.0
4.072066027729155 26.244673625274583 121.19175366222868 143.0 160.0 66.0
4.072827104442448 26.67506619147034 121.17181347908576 134.0 155.0 50.0
4.07358818115574 27.105458757666092 121.15187329594283 134.0 158.0 45.0
4.074349257869036 27.53585132386185 121.13193311279991 131.0 154.0 46.0
4.5001459453496455 25.38464956959637 121.26445829533648 77.0 82.0 49.0
4.500907022062938 25.815042135792126 121.24451811219359 130.0 144.0 69.0
4.50166809877623 26.24543470198788 121.22457792905067 124.0 138.0 59.0
4.502429175489524 26.67582726818363 121.20463774590775 132.0 150.0 59.0
4.503190252202816 27.106219834379388 121.18469756276482 126.0 145.0 50.0
4.503951328916111 27.53661240057514 121.16475737962193 113.0 136.0 39.0
4.931270169823309 26.24619577870117 121.25740219587266 103.0 114.0 55.0
4.932031246536601 26.676588344896924 121.23746201272974 131.0 147.0 67.0
4.932792323249894 27.10698091109268 121.21752182958684 127.0 144.0 60.0
4.9335533999631895 27.537373477288433 121.19758164644392 77.0 90.0 31.0
5.36163331758368 26.677349421610216 121.27028627955175 86.0 97.0 43.0
5.362394394296972 27.107741987805973 121.25034609640883 74.0 90.0 32.0
0.6031862692438289 26.688917760906907 121.3383590744136 162.0 174.0 98.0
0.603947345957123 27.119310327102664 121.31841889127071 190.0 204.0 116.0
1.032027263577613 26.259286271424447 121.39112352437851 140.0 152.0 79.0
1.0327883402909057 26.689678837620203 121.37118334123562 173.0 190.0 93.0
1.0335494170041999 27.120071403815956 121.35124315809267 200.0 218.0 112.0
1.460868257911399 25.829654781941983 121.44388797434343 131.0 139.0 80.0
1.4616293346246914 26.26004734813774 121.4239477912005 162.0 174.0 89.0
1.462390411337984 26.690439914333496 121.40400760805758 184.0 202.0 95.0
1.4631514880512781 27.12083248052925 121.38406742491469 206.0 223.0 110.0
1.8897092522451833 25.400023292459526 121.49665242430834 76.0 81.0 47.0
1.8904703289584774 25.83041585865528 121.47671224116542 161.0 174.0 91.0
1.89123140567177 26.26080842485103 121.4567720580225 168.0 184.0 87.0
1.8919924823850625 26.691200991046788 121.4368318748796 180.0 198.0 87.0
1.8927535590983566 27.121593557242544 121.41689169173668 183.0 198.0 87.0
2.31931132329226 25.40078436917282 121.52947669113033 129.0 140.0 74.0
2.320072400005554 25.83117693536857 121.5095365079874 149.0 166.0 72.0
2.3208334767188465 26.261569501564324 121.48959632484451 161.0 181.0 72.0
2.3215945534321394 26.69196206776008 121.46965614170159 163.0 182.0 65.0
2.3223556301454336 27.122354633955837 121.44971595855867 99.0 119.0 21.0
2.748913394339337 25.40154544588611 121.56230095795232 110.0 126.0 57.0
2.749674471052631 25.831938012081864 121.54236077480942 121.0 139.0 52.0
2.7504355477659237 26.26233057827762 121.5224205916665 125.0 148.0 43.0
2.751196624479216 26.692723144473373 121.50248040852358 133.0 159.0 37.0
2.7519577011925103 27.12311571066913 121.48254022538066 117.0 147.0 24.0
3.178515465386415 25.402306522599403 121.59512522477434 93.0 107.0 51.0
3.1792765420997093 25.83269908879516 121.57518504163141 112.0 131.0 49.0
3.1800376188130017 26.263091654990912 121.55524485848849 118.0 142.0 39.0
3.1807986955262946 26.693484221186665 121.53530467534557 134.0 160.0 36.0
3.1815597722395883 27.12387678738242 121.51536449220268 117.0 147.0 23.0
3.182320848952881 27.554269353578178 121.49542430905976 88.0 120.0 16.0
3.6081175364334945 25.4030675993127 121.62794949159633 90.0 98.0 55.0
3.6088786131467874 25.833460165508452 121.6080093084534 126.0 141.0 62.0
3.6096396898600798 26.263852731704205 121.58806912531048 129.0 150.0 49.0
3.610400766573372 26.69424529789996 121.56812894216759 132.0 157.0 38.0
3.611161843286665 27.124637864095714 121.54818875902467 123.0 151.0 28.0
3.6119229199999605 27.55503043029147 121.52824857588175 87.0 114.0 18.0
4.037719607480573 25.40382867602599 121.66077375841832 117.0 124.0 73.0
4.038480684193866 25.834221242221744 121.6408335752754 140.0 155.0 71.0
4.039241760907158 26.264613808417497 121.6208933921325 139.0 157.0 59.0
4.040002837620451 26.695006374613254 121.60095320898955 134.0 156.0 48.0
4.040763914333743 27.125398940809006 121.58101302584666 137.0 160.0 45.0
4.041524991047039 27.555791507004763 121.56107284270377 130.0 153.0 45.0
4.467321678527648 25.404589752739284 121.6935980252403 80.0 86.0 48.0
4.468082755240941 25.83498231893504 121.67365784209741 123.0 136.0 61.0
4.468843831954233 26.26537488513079 121.65371765895446 134.0 150.0 60.0
4.469604908667526 26.695767451326546 121.63377747581157 129.0 147.0 53.0
4.470365985380819 27.126160017522302 121.61383729266868 135.0 155.0 53.0
4.471127062094114 27.556552583718055 121.59389710952576 139.0 160.0 54.0
4.898445903001312 26.266135961844082 121.68654192577648 116.0 129.0 56.0
4.899206979714604 26.69652852803984 121.66660174263359 123.0 141.0 55.0
4.8999680564278965 27.126921094235595 121.64666155949067 116.0 137.0 48.0
5.32804797404839 26.266897038557378 121.7193661925985 96.0 107.0 50.0
5.3288090507616825 26.69728960475313 121.69942600945558 110.0 128.0 51.0
5.329570127474975 27.127682170948887 121.67948582631266 91.0 111.0 38.0
0.5696009257085396 26.27846537785407 121.78743898746035 106.0 111.0 70.0
0.5703620024218322 26.70885794404982 121.76749880431743 182.0 194.0 117.0
0.9984419200423238 25.848833888371605 121.84020343742526 86.0 89.0 57.0
0.9992029967556163 26.27922645456736 121.82026325428234 168.0 182.0 100.0
0.9999640734689088 26.709619020763117 121.80032307113942 189.0 205.0 109.0
1.428043991089402 25.849594965084897 121.87302770424725 144.0 152.0 92.0
1.4288050678026947 26.279987531280653 121.85308752110433 153.0 167.0 84.0
1.429566144515987 26.71038009747641 121.83314733796144 172.0 192.0 83.0
1.4303272212292812 27.140772663672163 121.81320715481851 189.0 209.0 95.0
1.8568849854231866 25.41996347560244 121.92579215421216 120.0 127.0 77.0
1.8576460621364805 25.850356041798193 121.90585197106924 163.0 175.0 93.0
1.8584071388497732 26.280748607993946 121.88591178792635 160.0 177.0 80.0
1.8591682155630658 26.711141174189702 121.86597160478343 165.0 185.0 73.0
1.8599292922763597 27.14153374038546 121.8460314216405 168.0 187.0 72.0
2.2864870564702633 25.420724552315733 121.95861642103415 137.0 148.0 79.0
2.2872481331835575 25.851117118511485 121.93867623789126 141.0 158.0 66.0
2.28800920989685 26.28150968470724 121.91873605474834 147.0 166.0 61.0
2.2887702866101423 26.711902250902995 121.89879587160542 157.0 179.0 61.0
2.2895313633234364 27.14229481709875 121.8788556884625 138.0 159.0 44.0
2.71608912751734 25.421485629029025 121.99144068785617 117.0 131.0 61.0
2.716850204230634 25.851878195224778 121.97150050471325 125.0 142.0 53.0
2.7176112809439266 26.282270761420534 121.95156032157033 121.0 144.0 42.0
2.7183723576572194 26.712663327616287 121.9316201384274 121.0 148.0 33.0
2.719133434370513 27.143055893812043 121.91167995528451 81.0 112.0 14.0
2.719894511083806 27.5734484600078 121.89173977214159 66.0 96.0 10.0
3.1456911985644185 25.422246705742317 122.02426495467816 103.0 115.0 56.0
3.1464522752777127 25.85263927193807 122.00432477153524 119.0 137.0 51.0
3.147213351991005 26.283031838133827 121.98438458839232 123.0 146.0 43.0
3.1479744287042974 26.71342440432958 121.96444440524942 97.0 125.0 21.0
3.1487355054175916 27.143816970525336 121.9445042221065 58.0 87.0 7.0
3.5752932696114983 25.423007782455613 122.05708922150015 117.0 127.0 65.0
3.5760543463247907 25.853400348651363 122.03714903835723 137.0 153.0 65.0
3.5768154230380835 26.28379291484712 122.01720885521434 134.0 154.0 51.0
3.577576499751376 26.714185481042875 121.99726867207141 121.0 148.0 34.0
3.5783375764646683 27.144578047238628 121.97732848892849 115.0 142.0 28.0
3.579098653177964 27.574970613434385 121.95738830578557 63.0 86.0 10.0
4.004895340658576 25.423768859168906 122.08991348832214 138.0 149.0 81.0
4.005656417371869 25.85416142536466 122.06997330517925 151.0 168.0 73.0
4.006417494085162 26.28455399156041 122.0500331220363 140.0 160.0 57.0
4.007178570798454 26.714946557756168 122.0300929388934 133.0 156.0 46.0
4.007939647511747 27.14533912395192 122.01015275575048 140.0 162.0 48.0
4.008700724225043 27.575731690147673 121.99021257260759 87.0 104.0 29.0
4.434497411705652 25.424529935882198 122.12273775514416 111.0 121.0 60.0
4.4352584884189445 25.85492250207795 122.10279757200121 145.0 161.0 66.0
4.436019565132237 26.285315068273704 122.08285738885832 145.0 164.0 62.0
4.436780641845529 26.71570763446946 122.0629172057154 126.0 149.0 47.0
4.437541718558822 27.146100200665217 122.0429770225725 139.0 161.0 54.0
4.438302795272118 27.57649276686097 122.02303683942955 125.0 140.0 53.0
4.864860559466023 25.855683578791243 122.13562183882323 94.0 104.0 45.0
4.865621636179315 26.286076144986996 122.1156816556803 136.0 153.0 60.0
4.866382712892608 26.716468711182753 122.09574147253741 126.0 146.0 53.0
4.8671437896059 27.14686127737851 122.07580128939446 116.0 139.0 45.0
5.294462630513101 25.85644465550454 122.16844610564522 77.0 85.0 40.0
5.295223707226394 26.286837221700292 122.14850592250232 121.0 137.0 57.0
5.295984783939686 26.717229787896045 122.12856573935937 112.0 133.0 49.0
5.296745860652979 27.1476223540918 122.10862555621648 90.0 111.0 36.0
5.725586854986761 26.717990864609337 122.16139000618139 71.0 86.0 31.0
0.5367766588865428 26.29840556099698 122.21657871736417 154.0 160.0 109.0
0.9656176532203271 25.868774071514515 122.26934316732908 155.0 160.0 111.0
0.9663787299336196 26.29916663771027 122.24940298418616 199.0 211.0 130.0
1.3952197242674054 25.869535148227808 122.30216743415107 177.0 187.0 116.0
1.395980800980698 26.299927714423564 122.28222725100815 164.0 180.0 91.0
1.3967418776939906 26.73032028061932 122.26228706786526 172.0 193.0 81.0
1.8240607186011897 25.43990365874535 122.35493188411598 133.0 139.0 87.0
1.8248217953144836 25.870296224941104 122.33499170097306 158.0 171.0 89.0
1.8255828720277762 26.300688791136857 122.31505151783017 145.0 163.0 67.0
1.8263439487410689 26.731081357332613 122.29511133468725 149.0 171.0 58.0
1.8271050254543628 27.16147392352837 122.27517115154433 172.0 194.0 76.0
2.2536627896482666 25.440664735458643 122.38775615093797 126.0 136.0 73.0
2.2544238663615603 25.871057301654396 122.36781596779508 131.0 147.0 62.0
2.255184943074853 26.30144986785015 122.34787578465216 124.0 145.0 47.0
2.2559460197881456 26.731842434045905 122.32793560150924 135.0 159.0 47.0
2.2567070965014397 27.16223500024166 122.30799541836632 111.0 137.0 30.0
2.6832648606953433 25.441425812171936 122.42058041776 128.0 141.0 67.0
2.6840259374086375 25.87181837836769 122.40064023461704 133.0 150.0 59.0
2.68478701412193 26.302210944563445 122.38070005147415 128.0 149.0 49.0
2.6855480908352223 26.732603510759198 122.36075986833123 86.0 114.0 20.0
2.6863091675485165 27.162996076954954 122.34081968518834 78.0 107.0 16.0
2.687070244261809 27.593388643150714 122.32087950204541 105.0 131.0 28.0
3.1128669317424214 25.442186888885228 122.45340468458195 122.0 135.0 64.0
3.1136280084557155 25.872579455080984 122.43346450143906 134.0 151.0 59.0
3.1143890851690084 26.302972021276737 122.41352431829614 127.0 149.0 46.0
3.1151501618823008 26.73336458747249 122.39358413515325 76.0 103.0 16.0
3.542469002789501 25.442947965598524 122.48622895140397 131.0 144.0 68.0
3.5432300795027936 25.873340531794277 122.46628876826105 138.0 154.0 62.0
3.543991156216086 26.30373309799003 122.44634858511816 134.0 154.0 51.0
3.544752232929379 26.734125664185786 122.42640840197524 107.0 134.0 29.0
3.545513309642671 27.16451823038154 122.40646821883232 62.0 87.0 10.0
3.972071073836579 25.443709042311816 122.51905321822596 152.0 167.0 80.0
3.972832150549872 25.87410160850757 122.49911303508304 154.0 172.0 70.0
3.9735932272631644 26.304494174703322 122.47917285194015 146.0 166.0 58.0
3.974354303976457 26.73488674089908 122.45923266879723 141.0 162.0 50.0
3.9751153806897497 27.16527930709483 122.43929248565433 129.0 154.0 43.0
4.401673144883654 25.44447011902511 122.55187748504795 144.0 159.0 69.0
4.402434221596947 25.87486268522086 122.53193730190506 151.0 169.0 65.0
4.40319529831024 26.305255251416614 122.51199711876214 155.0 175.0 64.0
4.403956375023532 26.73564781761237 122.49205693561925 122.0 147.0 41.0
4.404717451736825 27.166040383808127 122.4721167524763 131.0 155.0 47.0
4.831275215930733 25.4452311957384 122.58470175186997 72.0 80.0 32.0
4.832036292644025 25.875623761934158 122.56476156872705 135.0 152.0 59.0
4.832797369357318 26.306016328129907 122.54482138558416 139.0 158.0 56.0
4.833558446070611 26.736408894325663 122.52488120244121 130.0 152.0 51.0
4.834319522783903 27.16680146052142 122.50494101929831 131.0 152.0 53.0
5.2616383636911035 25.87638483864745 122.59758583554907 109.0 121.0 51.0
5.262399440404396 26.306777404843203 122.57764565240612 126.0 144.0 55.0
5.263160517117689 26.737169971038956 122.55770546926323 116.0 138.0 49.0
5.263921593830982 27.167562537234712 122.5377652861203 103.0 124.0 42.0
5.691240434738179 25.877145915360742 122.63041010237103 97.0 107.0 50.0
5.692001511451472 26.307538481556495 122.61046991922814 98.0 116.0 46.0
5.692762588164764 26.737931047752248 122.59052973608522 72.0 89.0 31.0
0.9327933863983302 25.88871425465743 122.69848289723288 155.0 158.0 119.0
0.9335544631116228 26.319106820853186 122.67854271408999 208.0 217.0 149.0
1.3616343807321145 25.45908276517497 122.75124734719779 98.0 101.0 72.0
1.3623954574454085 25.889475331370722 122.7313071640549 179.0 186.0 127.0
1.363156534158701 26.31986789756648 122.711366980912 180.0 192.0 111.0
1.7912364517791928 25.459843841888265 122.78407161401981 114.0 118.0 75.0
1.791997528492487 25.890236408084018 122.76413143087692 149.0 161.0 84.0
1.7927586052057793 26.32062897427977 122.744191247734 123.0 142.0 50.0
1.793519681919072 26.751021540475527 122.72425106459107 131.0 155.0 46.0
2.2208385228262695 25.460604918601558 122.81689588084183 121.0 132.0 67.0
2.2215995995395637 25.89099748479731 122.7969556976989 115.0 133.0 49.0
2.222360676252856 26.321390050993063 122.77701551455598 100.0 124.0 33.0
2.223121752966149 26.75178261718882 122.75707533141306 69.0 92.0 15.0
2.649679517160054 25.030973429119097 122.86966033080674 85.0 89.0 56.0
2.650440593873346 25.46136599531485 122.84972014766379 140.0 154.0 73.0
2.6512016705866404 25.891758561510603 122.8297799645209 134.0 150.0 59.0
2.651962747299933 26.32215112770636 122.80983978137797 103.0 123.0 36.0
3.0792815882071323 25.03173450583239 122.9024845976287 87.0 93.0 52.0
3.0800426649204247 25.462127072028142 122.8825444144858 133.0 147.0 64.0
3.080803741633719 25.892519638223895 122.86260423134289 134.0 151.0 57.0
3.0815648183470112 26.32291220441965 122.84266404819999 97.0 121.0 29.0
3.508883659254209 25.032495582545682 122.93530886445072 78.0 84.0 45.0
3.5096447359675045 25.46288814874144 122.9153686813078 136.0 150.0 65.0
3.510405812680797 25.893280714937188 122.8954284981649 136.0 153.0 56.0
3.5111668893940897 26.323673281132944 122.87548831502195 120.0 142.0 42.0
3.511927966107382 26.7540658473287 122.85554813187906 87.0 113.0 22.0
3.5126890428206745 27.184458413524453 122.83560794873614 69.0 94.0 15.0
3.938485730301287 25.033256659258974 122.96813313127271 75.0 80.0 44.0
3.939246807014583 25.46364922545473 122.94819294812979 148.0 163.0 71.0
3.9400078837278754 25.894041791650483 122.92825276498687 157.0 174.0 69.0
3.9407689604411678 26.324434357846236 122.90831258184397 143.0 162.0 56.0
3.9415300371544606 26.754826924041993 122.88837239870105 119.0 144.0 39.0
3.942291113867753 27.185219490237746 122.86843221555816 93.0 119.0 26.0
4.368848878061658 25.464410302168023 122.98101721495178 150.0 164.0 72.0
4.36960995477495 25.894802868363776 122.96107703180888 150.0 168.0 64.0
4.370371031488244 26.32519543455953 122.94113684866596 142.0 161.0 54.0
4.371132108201536 26.755588000755285 122.92119666552304 123.0 147.0 42.0
4.371893184914828 27.18598056695104 122.90125648238012 129.0 151.0 50.0
4.798450949108736 25.465171378881315 123.0138414817738 117.0 130.0 52.0
4.799212025822029 25.89556394507707 122.99390129863087 141.0 160.0 61.0
4.799973102535321 26.32595651127282 122.97396111548795 145.0 166.0 60.0
4.8007341792486145 26.756349077468577 122.95402093234503 129.0 151.0 49.0
4.801495255961907 27.186741643664334 122.93408074920214 131.0 150.0 56.0
5.228053020155815 25.465932455594608 123.04666574859579 85.0 94.0 40.0
5.228814096869107 25.896325021790364 123.02672556545286 125.0 140.0 56.0
5.2295751735824 26.326717587986117 123.00678538230994 128.0 147.0 52.0
5.230336250295692 26.75711015418187 122.98684519916705 123.0 145.0 50.0
5.231097327008985 27.187502720377626 122.96690501602416 83.0 99.0 32.0
5.658416167916182 25.897086098503657 123.05954983227485 89.0 103.0 38.0
5.6591772446294755 26.32747866469941 123.03960964913196 112.0 132.0 47.0
5.659938321342768 26.757871230895162 123.01966946598904 82.0 99.0 31.0
1.3295711906234118 25.909415514513633 123.16044689395872 93.0 95.0 64.0
1.7584121849571959 25.479784025031176 123.21321134392363 84.0 89.0 53.0
1.75917326167049 25.91017659122693 123.19327116078074 113.0 123.0 60.0
1.7599343383837827 26.34056915742268 123.17333097763779 112.0 130.0 44.0
2.188014256004273 25.480545101744468 123.24603561074565 122.0 134.0 64.0
2.188775332717567 25.91093766794022 123.2260954276027 115.0 133.0 48.0
2.1895364094308594 26.341330234135974 123.20615524445981 92.0 118.0 28.0
2.616855250338057 25.050913612262008 123.29880006071053 121.0 128.0 76.0
2.6176163270513495 25.48130617845776 123.27885987756761 136.0 150.0 67.0
2.6183774037646437 25.911698744653513 123.25891969442472 128.0 146.0 52.0
2.619138480477936 26.34209131084927 123.23897951128183 109.0 133.0 35.0
2.619899557191229 26.772483877045023 123.21903932813888 74.0 98.0 16.0
3.046457321385135 25.0516746889753 123.33162432753252 135.0 146.0 77.0
3.047218398098428 25.482067255171053 123.31168414438963 138.0 154.0 64.0
3.0479794748117217 25.912459821366806 123.29174396124671 131.0 149.0 50.0
3.0487405515250146 26.342852387562562 123.27180377810379 110.0 134.0 36.0
3.4760593924322123 25.052435765688593 123.36444859435454 127.0 138.0 68.0
3.4768204691455082 25.48282833188435 123.34450841121162 138.0 154.0 61.0
3.4775815458588006 25.9132208980801 123.3245682280687 138.0 155.0 54.0
3.478342622572093 26.343613464275855 123.3046280449258 121.0 142.0 42.0
3.479103699285386 26.77400603047161 123.28468786178288 66.0 86.0 15.0
3.9056614634792908 25.053196842401885 123.39727286117653 117.0 127.0 63.0
3.9064225401925863 25.48358940859764 123.37733267803361 141.0 158.0 61.0
3.907183616905879 25.913981974793394 123.35739249489072 140.0 158.0 54.0
3.9079446936191715 26.344374540989147 123.3374523117478 124.0 146.0 44.0
3.908705770332464 26.774767107184903 123.3175121286049 99.0 121.0 31.0
4.335263534526366 25.053957919115177 123.43009712799852 101.0 110.0 58.0
4.336024611239662 25.484350485310934 123.41015694485563 142.0 159.0 63.0
4.336785687952954 25.914743051506687 123.39021676171271 141.0 160.0 53.0
4.3375467646662464 26.34513561770244 123.37027657856979 141.0 161.0 55.0
4.338307841379539 26.775528183898196 123.35033639542687 120.0 141.0 45.0
4.764865605573444 25.05471899582847 123.46292139482054 100.0 108.0 52.0
4.76562668228674 25.485111562024226 123.44298121167762 138.0 153.0 63.0
4.7663877590000325 25.915504128219983 123.4230410285347 145.0 164.0 59.0
4.767148835713325 26.345896694415732 123.40310084539178 127.0 149.0 46.0
4.767909912426617 26.776289260611488 123.38316066224888 137.0 155.0 56.0
5.195228753333819 25.48587263873752 123.47580547849961 120.0 133.0 58.0
5.195989830047111 25.916265204933275 123.45586529535669 132.0 151.0 54.0
5.196750906760403 26.346657771129028 123.4359251122138 113.0 136.0 40.0
5.197511983473696 26.77705033732478 123.41598492907087 121.0 140.0 47.0
5.6248308243808935 25.48663371545081 123.5086297453216 86.0 96.0 42.0
5.625591901094186 25.917026281646567 123.4886895621787 118.0 137.0 49.0
5.626352977807478 26.34741884784232 123.46874937903578 103.0 124.0 38.0
1.7255879181351992 25.49972420817409 123.64235107382748 99.0 105.0 61.0
1.7263489948484931 25.930116774369843 123.62241089068453 109.0 117.0 58.0
2.1544289124689833 25.070092718691626 123.69511552379237 101.0 108.0 60.0
2.1551899891822757 25.500485284887382 123.67517534064945 129.0 141.0 66.0
2.15595106589557 25.930877851083135 123.65523515750655 112.0 130.0 46.0
2.1567121426088627 26.361270417278888 123.63529497436363 64.0 86.0 15.0
2.58403098351606 25.070853795404922 123.72793979061436 140.0 150.0 82.0
2.584792060229353 25.501246361600675 123.70799960747146 139.0 153.0 65.0
2.5855531369426465 25.931638927796428 123.68805942432854 132.0 149.0 52.0
2.5863142136559394 26.362031493992184 123.66811924118562 89.0 112.0 24.0
2.587075290369232 26.792424060187937 123.6481790580427 74.0 95.0 16.0
3.0136330545631385 25.071614872118214 123.76076405743638 143.0 155.0 78.0
3.014394131276431 25.502007438313967 123.74082387429345 143.0 159.0 63.0
3.015155207989725 25.93240000450972 123.72088369115053 130.0 148.0 47.0
3.0159162847030174 26.362792570705476 123.70094350800761 81.0 106.0 21.0
3.443235125610215 25.072375948831507 123.79358832425837 135.0 147.0 73.0
3.4439962023235107 25.502768515027263 123.77364814111544 147.0 164.0 64.0
3.4447572790368035 25.933161081223012 123.75370795797252 137.0 154.0 50.0
3.445518355750096 26.36355364741877 123.73376777482963 83.0 105.0 22.0
3.8728371966572936 25.0731370255448 123.82641259108036 124.0 135.0 67.0
3.873598273370589 25.503529591740556 123.80647240793743 149.0 167.0 67.0
3.8743593500838815 25.93392215793631 123.78653222479454 144.0 163.0 56.0
3.8751204267971744 26.36431472413206 123.76659204165162 113.0 134.0 36.0
3.875881503510467 26.794707290327818 123.7466518585087 68.0 87.0 18.0
4.302439267704369 25.07389810225809 123.85923685790235 130.0 144.0 69.0
4.3032003444176645 25.504290668453848 123.83929667475945 148.0 167.0 66.0
4.303961421130957 25.9346832346496 123.81935649161653 143.0 163.0 56.0
4.304722497844249 26.365075800845354 123.79941630847361 128.0 149.0 46.0
4.732041338751447 25.074659178971384 123.89206112472436 96.0 105.0 49.0
4.732802415464743 25.50505174516714 123.87212094158144 141.0 158.0 62.0
4.733563492178035 25.935444311362893 123.85218075843852 142.0 162.0 57.0
4.734324568891328 26.365836877558646 123.83224057529563 135.0 155.0 51.0
4.73508564560462 26.796229443754402 123.81230039215271 78.0 90.0 29.0
5.1616434097985255 25.07542025568468 123.92488539154633 88.0 98.0 41.0
5.162404486511821 25.505812821880433 123.90494520840343 128.0 144.0 56.0
5.163165563225114 25.93620538807619 123.88500502526054 127.0 148.0 49.0
5.163926639938406 26.366597954271942 123.86506484211762 121.0 144.0 42.0
5.164687716651699 26.796990520467695 123.8451246589747 89.0 103.0 29.0
5.592006557558896 25.506573898593725 123.93776947522545 123.0 141.0 52.0
5.592767634272189 25.93696646478948 123.91782929208253 114.0 136.0 44.0
5.593528710985481 26.367359030985234 123.89788910893961 109.0 131.0 36.0
6.455016083219519 27.660058882999085 123.90371709315485 63.0 80.0 18.0
1.6927636513132025 25.519664391317 124.07149080373128 130.0 140.0 75.0
2.121604645646987 25.09003290183454 124.12425525369619 120.0 129.0 70.0
2.1223657223602794 25.520425468030293 124.10431507055327 134.0 148.0 64.0
2.1231267990735736 25.95081803422605 124.08437488741038 132.0 149.0 53.0
2.550445639980771 24.66040141235208 124.1770197036611 80.0 84.0 52.0
2.5512067166940637 25.090793978547836 124.15707952051818 136.0 149.0 72.0
2.551967793407356 25.52118654474359 124.13713933737529 141.0 158.0 61.0
2.5527288701206503 25.951579110939342 124.11719915423237 136.0 154.0 49.0
2.5534899468339427 26.3819716771351 124.09725897108945 107.0 131.0 29.0
2.9800477110278494 24.661162489065372 124.20984397048309 88.0 92.0 59.0
2.9808087877411418 25.09155505526113 124.1899037873402 151.0 164.0 81.0
2.9815698644544346 25.52194762145688 124.16996360419728 150.0 167.0 66.0
2.982330941167729 25.952340187652634 124.15002342105436 138.0 156.0 49.0
2.983092017881021 26.38273275384839 124.13008323791146 97.0 122.0 24.0
3.409649782074926 24.661923565778665 124.24266823730511 94.0 98.0 63.0
3.410410858788219 25.09231613197442 124.22272805416219 144.0 158.0 76.0
3.4111719355015144 25.522708698170174 124.20278787101927 148.0 165.0 64.0
3.411933012214807 25.953101264365927 124.18284768787638 143.0 161.0 53.0
3.4126940889280997 26.383493830561683 124.16290750473345 95.0 118.0 25.0
3.840012929835297 25.093077208687713 124.25555232098418 138.0 152.0 70.0
3.8407740065485925 25.52346977488347 124.23561213784129 145.0 163.0 60.0
3.8415350832618853 25.95386234107922 124.21567195469837 136.0 156.0 46.0
3.8422961599751777 26.384254907274975 124.19573177155544 100.0 121.0 28.0
4.269615000882372 25.093838285401006 124.2883765878062 133.0 147.0 65.0
4.270376077595668 25.524230851596762 124.26843640466328 142.0 161.0 58.0
4.271137154308961 25.954623417792515 124.24849622152036 143.0 163.0 51.0
4.271898231022253 26.385015983988268 124.22855603837743 106.0 124.0 34.0
4.699217071929451 25.094599362114298 124.32120085462819 119.0 131.0 59.0
4.699978148642746 25.524991928310055 124.30126067148527 142.0 160.0 60.0
4.700739225356039 25.955384494505807 124.28132048834235 135.0 155.0 49.0
4.701500302069332 26.38577706070156 124.26138030519945 124.0 145.0 45.0
5.128819142976529 25.095360438827594 124.35402512145018 96.0 106.0 44.0
5.129580219689824 25.525753005023347 124.33408493830726 131.0 148.0 57.0
5.130341296403117 25.9561455712191 124.31414475516436 126.0 145.0 49.0
5.13110237311641 26.386538137414856 124.29420457202144 117.0 138.0 43.0
5.558421214023604 25.096121515540887 124.38684938827217 89.0 100.0 41.0
5.5591822907369 25.52651408173664 124.36690920512928 120.0 136.0 53.0
5.559943367450193 25.956906647932392 124.34696902198633 117.0 135.0 49.0
5.560704444163485 26.38729921412815 124.32702883884343 84.0 102.0 28.0
1.659178307777913 25.10921200826416 124.52057071677802 85.0 90.0 54.0
2.08878037882499 25.10997308497745 124.55339498360001 129.0 138.0 78.0
2.517621373158774 24.68034159549499 124.60615943356493 95.0 102.0 59.0
2.5183824498720666 25.110734161690747 124.58621925042203 131.0 144.0 64.0
2.5191435265853594 25.5411267278865 124.56627906727911 140.0 158.0 56.0
2.9472234442058527 24.681102672208283 124.63898370038694 107.0 114.0 66.0
2.947984520919145 25.11149523840404 124.61904351724402 149.0 164.0 75.0
2.9487455976324375 25.541887804599792 124.5991033341011 148.0 166.0 62.0
2.9495066743457317 25.972280370795545 124.57916315095818 145.0 164.0 51.0
2.9502677510590245 26.4026729369913 124.55922296781529 127.0 150.0 37.0
3.3768255152529294 24.681863748921575 124.6718079672089 121.0 128.0 74.0
3.377586591966222 25.11225631511733 124.65186778406601 146.0 161.0 72.0
3.3783476686795173 25.542648881313088 124.63192760092309 145.0 162.0 60.0
3.37910874539281 25.973041447508837 124.6119874177802 133.0 152.0 43.0
3.3798698221061025 26.403434013704594 124.59204723463728 116.0 139.0 33.0
3.8064275863000074 24.682624825634868 124.70463223403092 124.0 131.0 75.0
3.8071886630133 25.113017391830624 124.684692050888 137.0 152.0 64.0
3.8079497397265953 25.54340995802638 124.66475186774511 139.0 157.0 53.0
3.808710816439888 25.973802524222133 124.64481168460216 133.0 153.0 43.0
3.8094718931531806 26.404195090417886 124.62487150145927 108.0 130.0 31.0
4.236029657347083 24.683385902348164 124.73745650085291 81.0 87.0 50.0
4.236790734060375 25.113778468543916 124.71751631771002 141.0 157.0 68.0
4.23755181077367 25.544171034739673 124.69757613456707 146.0 164.0 58.0
4.2383128874869636 25.974563600935426 124.67763595142418 152.0 173.0 56.0
4.239073964200256 26.40495616713118 124.65769576828129 106.0 122.0 35.0
4.66563172839416 24.684146979061456 124.77028076767493 81.0 87.0 48.0
4.666392805107454 25.11453954525721 124.75034058453198 139.0 153.0 68.0
4.667153881820749 25.544932111452965 124.73040040138909 139.0 157.0 56.0
4.667914958534041 25.975324677648718 124.7104602182462 130.0 150.0 45.0
4.668676035247334 26.40571724384447 124.69052003510328 108.0 129.0 36.0
5.095994876154531 25.115300621970505 124.783164851354 122.0 134.0 60.0
5.096755952867827 25.545693188166258 124.76322466821111 132.0 146.0 58.0
5.09751702958112 25.97608575436201 124.74328448506816 122.0 141.0 48.0
5.098278106294412 26.406478320557767 124.72334430192527 102.0 122.0 38.0
5.525596947201607 25.116061698683797 124.81598911817602 108.0 119.0 55.0
5.526358023914902 25.54645426487955 124.79604893503307 121.0 135.0 57.0
5.5271191006281954 25.976846831075306 124.77610875189018 114.0 130.0 52.0
5.527880177341488 26.40723939727106 124.75616856874726 70.0 82.0 26.0
2.48555818305007 25.13067434483366 125.01535898032586 123.0 135.0 60.0
2.9143991773838556 24.701042855351197 125.06812343029077 105.0 112.0 61.0
2.9151602540971484 25.131435421546954 125.04818324714785 127.0 138.0 62.0
2.915921330810441 25.561827987742706 125.02824306400493 143.0 160.0 55.0
3.3440012484309323 24.70180393206449 125.10094769711276 152.0 163.0 90.0
3.344762325144225 25.132196498260246 125.08100751396984 149.0 165.0 72.0
3.3455234018575206 25.562589064456 125.06106733082694 151.0 169.0 61.0
3.346284478570813 25.99298163065175 125.04112714768402 132.0 154.0 40.0
3.347045555284106 26.423374196847508 125.0211869645411 119.0 144.0 30.0
3.7736033194780108 24.702565008777782 125.13377196393475 135.0 145.0 80.0
3.774364396191303 25.13295757497354 125.11383178079186 147.0 164.0 70.0
3.775125472904599 25.563350141169295 125.0938915976489 141.0 159.0 53.0
3.7758865496178915 25.993742707365044 125.07395141450601 109.0 133.0 28.0
3.776647626331184 26.4241352735608 125.05401123136309 82.0 105.0 18.0
4.203205390525086 24.703326085491078 125.16659623075677 112.0 119.0 69.0
4.203966467238379 25.13371865168683 125.14665604761382 152.0 168.0 76.0
4.204727543951674 25.564111217882587 125.12671586447092 149.0 168.0 59.0
4.205488620664966 25.99450378407834 125.106775681328 116.0 140.0 31.0
4.633568538285457 25.134479728400123 125.17948031443584 149.0 163.0 77.0
4.6343296149987525 25.56487229459588 125.15954013129291 136.0 154.0 54.0
4.635090691712045 25.995264860791632 125.13959994815002 117.0 139.0 37.0
4.635851768425337 26.425657426987385 125.11965976500707 78.0 95.0 23.0
5.063170609332535 25.13524080511342 125.21230458125783 137.0 150.0 73.0
5.063931686045831 25.565633371309172 125.1923643981149 136.0 150.0 63.0
5.064692762759123 25.996025937504925 125.17242421497198 118.0 133.0 47.0
5.065453839472416 26.42641850370068 125.15248403182909 71.0 85.0 25.0
5.492772680379611 25.13600188182671 125.24512884807982 137.0 149.0 77.0
5.493533757092906 25.566394448022464 125.2251886649369 121.0 133.0 60.0
5.494294833806198 25.996787014218217 125.205248481794 110.0 119.0 52.0
2.4519728395147804 24.720221961780815 125.4644388933726 132.0 139.0 83.0
2.881574910561859 24.720983038494108 125.49726316019456 137.0 147.0 78.0
2.8823359872751513 25.151375604689864 125.47732297705167 145.0 159.0 66.0
3.3111769816089356 24.7217441152074 125.53008742701658 142.0 152.0 81.0
3.311938058322228 25.152136681403157 125.51014724387366 152.0 167.0 73.0
3.312699135035524 25.582529247598913 125.49020706073077 147.0 165.0 58.0
3.3134602117488163 26.012921813794662 125.47026687758785 148.0 167.0 50.0
3.7407790526560145 24.722505191920693 125.56291169383857 141.0 150.0 85.0
3.741540129369307 25.15289775811645 125.54297151069565 155.0 172.0 77.0
3.7423012060826024 25.583290324312205 125.52303132755276 146.0 164.0 58.0
3.7430622827958953 26.013682890507955 125.50309114440984 136.0 155.0 45.0
3.7438233595091877 26.44407545670371 125.48315096126694 75.0 94.0 15.0
4.170381123703089 24.72326626863399 125.59573596066056 139.0 146.0 85.0
4.171142200416382 25.15365883482974 125.57579577751767 155.0 169.0 79.0
4.171903277129678 25.584051401025498 125.55585559437475 147.0 164.0 61.0
4.17266435384297 26.01444396722125 125.53591541123185 123.0 144.0 39.0
4.173425430556263 26.444836533417003 125.5159752280889 101.0 119.0 32.0
4.599983194750168 24.72402734534728 125.62856022748258 145.0 153.0 90.0
4.60074427146346 25.154419911543034 125.60862004433966 155.0 169.0 82.0
4.601505348176756 25.58481247773879 125.58867986119677 145.0 161.0 66.0
4.602266424890049 26.015205043934543 125.56873967805382 128.0 146.0 50.0
5.029585265797246 24.724788422060573 125.66138449430457 96.0 102.0 58.0
5.030346342510539 25.15518098825633 125.64144431116165 150.0 164.0 83.0
5.031107419223835 25.585573554452083 125.62150412801873 142.0 156.0 71.0
5.031868495937127 26.015966120647835 125.60156394487583 108.0 125.0 44.0
5.459948413557614 25.155942064969622 125.67426857798364 130.0 141.0 73.0
5.46070949027091 25.586334631165375 125.65432839484075 119.0 131.0 60.0
3.278352714786939 24.741684298350314 125.9592271569204 136.0 149.0 67.0
3.2791137915002313 25.17207686454607 125.93928697377751 142.0 159.0 60.0
3.707954785834017 24.742445375063607 125.9920514237424 151.0 162.0 86.0
3.70871586254731 25.172837941259363 125.97211124059947 154.0 169.0 75.0
3.7094769392606053 25.603230507455116 125.95217105745658 147.0 164.0 61.0
3.7102380159738977 26.03362307365087 125.93223087431366 120.0 139.0 38.0
4.137556856881092 24.743206451776903 126.02487569056439 160.0 168.0 98.0
4.138317933594385 25.173599017972656 126.0049355074215 163.0 177.0 88.0
4.139079010307681 25.603991584168412 125.98499532427857 143.0 157.0 64.0
4.139840087020973 26.034384150364165 125.96505514113565 81.0 101.0 23.0
4.567158927928171 24.743967528490195 126.0576999573864 174.0 183.0 108.0
4.567920004641463 25.174360094685948 126.03775977424348 169.0 183.0 94.0
4.568681081354759 25.604752660881704 126.01781959110056 139.0 152.0 66.0
4.5694421580680515 26.035145227077457 125.99787940795764 77.0 93.0 25.0
4.996760998975249 24.744728605203488 126.0905242242084 157.0 164.0 102.0
4.997522075688542 25.175121171399244 126.07058404106547 159.0 170.0 92.0
4.998283152401837 25.605513737594997 126.05064385792255 126.0 139.0 62.0
5.426363070022324 24.74548968191678 126.12334849103038 81.0 84.0 53.0
5.427124146735617 25.175882248112536 126.10340830788746 103.0 110.0 61.0
3.6751305190120207 24.76238555820652 126.42119115364622 134.0 146.0 64.0
3.675891595725313 25.192778124402277 126.40125097050333 142.0 156.0 63.0
3.6766526724386086 25.62317069059803 126.3813107873604 132.0 149.0 50.0
4.104732590059096 24.763146634919817 126.45401542046824 142.0 152.0 79.0
4.1054936667723885 25.19353920111557 126.43407523732532 160.0 173.0 84.0
4.106254743485684 25.623931767311323 126.4141350541824 113.0 129.0 45.0
4.534334661106175 24.76390771163311 126.48683968729023 185.0 196.0 120.0
4.535095737819467 25.194300277828862 126.4668995041473 180.0 193.0 106.0
4.535856814532762 25.62469284402462 126.44695932100439 121.0 133.0 57.0
4.963936732153252 24.764668788346402 126.51966395411222 188.0 195.0 129.0
4.964697808866545 25.19506135454216 126.4997237709693 172.0 183.0 107.0
4.9654588855798405 25.62545392073791 126.4797835878264 77.0 85.0 36.0
5.393538803200328 24.765429865059694 126.55248822093421 95.0 97.0 66.0
5.39429987991362 25.19582243125545 126.53254803779132 87.0 89.0 53.0
4.071908323237099 24.783086818062728 126.88315515037206 91.0 100.0 46.0
4.072669399950391 25.21347938425848 126.86321496722914 102.0 117.0 43.0
4.5015103942841765 24.78384789477602 126.91597941719405 129.0 138.0 80.0
4.50227147099747 25.214240460971773 126.89603923405113 117.0 124.0 63.0
4.931112465331255 24.784608971489313 126.94880368401604 144.0 150.0 96.0
4.931873542044547 25.21500153768507 126.92886350087315 116.0 123.0 67.0
4.038322979701809 24.372634435009886 127.3322350634188 83.0 88.0 54.0
4.039084056415102 24.803027001205642 127.31229488027589 128.0 141.0 68.0
6.021608628605975 25.50733497530702 123.97059374204744 68.0 80.0 34.0
6.022369705319267 25.937727541502774 123.95065355890452 89.0 108.0 41.0
5.988784361783978 25.527275158449935 124.39973347195124 90.0 102.0 46.0
5.989545438497271 25.957667724645688 124.37979328880834 94.0 111.0 45.0
5.955960094961981 25.547215341592846 124.82887320185509 104.0 117.0 54.0
5.956721171675273 25.9776079077886 124.80893301871217 82.0 94.0 39.0
