29.889022879782228 24.182561663897324 163.92475623256828 76.0 92.0 27.0
30.421775052253935 24.181496428316027 163.95581895141618 74.0 92.0 22.0
29.860090632096934 23.081223353057986 164.3832007468046 118.0 122.0 76.0
29.859025396515637 23.61362875390513 164.41972825594965 114.0 123.0 54.0
29.85796016093434 24.14603415475226 164.4562557650947 71.0 91.0 20.0
30.39177756898734 23.61256351832383 164.45079097479754 118.0 129.0 54.0
30.390712333406046 24.144968919170964 164.4873184839426 96.0 112.0 29.0
30.92346450587775 24.143903683589667 164.51838120279052 77.0 87.0 32.0
29.829027913249046 23.044695843912926 164.91470027933104 141.0 148.0 83.0
29.82796267766775 23.577101244760065 164.9512277884761 92.0 109.0 30.0
29.82689744208645 24.109506645607198 164.98775529762116 78.0 98.0 21.0
29.825832206505154 24.641912046454337 165.02428280676622 74.0 91.0 27.0
30.36178008572075 23.04363060833163 164.94576299817894 141.0 147.0 85.0
30.360714850139452 23.576036009178768 164.982290507324 123.0 136.0 49.0
30.359649614558155 24.1084414100259 165.01881801646903 115.0 130.0 35.0
30.358584378976857 24.64084681087304 165.05534552561411 114.0 125.0 48.0
30.893467022611155 23.574970773597475 165.01335322617186 104.0 111.0 54.0
30.89240178702986 24.107376174444607 165.04988073531695 108.0 119.0 45.0
30.891336551448564 24.639781575291746 165.086408244462 74.0 80.0 38.0
29.264147786348154 23.541638971196303 165.45166460215466 70.0 86.0 23.0
29.263082550766857 24.074044372043435 165.4881921112997 72.0 91.0 22.0
29.262017315185563 24.606449772890574 165.52471962044476 68.0 80.0 28.0
29.79903042998245 22.475762933920727 165.4096723027124 158.0 164.0 104.0
29.797965194401154 23.008168334767866 165.44619981185747 126.0 138.0 52.0
29.79689995881986 23.540573735615006 165.48272732100253 119.0 133.0 42.0
29.795834723238563 24.072979136462138 165.5192548301476 99.0 116.0 28.0
29.794769487657266 24.605384537309277 165.55578233929265 105.0 116.0 44.0
30.331782602454158 22.47469769833943 165.4407350215603 139.0 145.0 90.0
30.33071736687286 23.00710309918657 165.47726253070536 141.0 151.0 66.0
30.329652131291564 23.53950850003371 165.51379003985042 130.0 144.0 48.0
30.328586895710266 24.07191390088084 165.55031754899548 126.0 141.0 42.0
30.32752166012897 24.60431930172798 165.58684505814057 122.0 133.0 52.0
30.326456424547672 25.136724702575112 165.62337256728563 91.0 97.0 50.0
30.863469539344564 23.006037863605272 165.50832524955325 93.0 99.0 51.0
30.862404303763267 23.53844326445241 165.5448527586983 132.0 142.0 62.0
30.86133906818197 24.070848665299543 165.5813802678434 132.0 144.0 55.0
30.860273832600676 24.603254066146683 165.61790777698846 111.0 123.0 44.0
29.233085067500266 23.505111462051236 165.9831641346811 64.0 83.0 17.0
29.23201983191897 24.037516862898368 166.01969164382615 81.0 98.0 25.0
29.23095459633767 24.569922263745507 166.0562191529712 76.0 91.0 28.0
29.76903294671586 21.906830023928528 165.9046443260938 102.0 104.0 73.0
29.767967711134563 22.43923542477566 165.94117183523886 126.0 133.0 63.0
29.766902475553266 22.9716408256228 165.97769934438392 125.0 140.0 45.0
29.76583723997197 23.50404622646994 166.01422685352898 121.0 136.0 41.0
29.764772004390675 24.03645162731707 166.05075436267404 107.0 123.0 33.0
29.763706768809378 24.568857028164214 166.08728187181907 103.0 116.0 39.0
29.76264153322808 25.101262429011342 166.12380938096416 89.0 100.0 40.0
30.300719883606266 22.438170189194363 165.97223455408673 138.0 146.0 74.0
30.299654648024973 22.970575590041502 166.00876206323179 134.0 147.0 55.0
30.298589412443675 23.502980990888645 166.04528957237684 132.0 147.0 46.0
30.297524176862378 24.035386391735777 166.0818170815219 120.0 136.0 38.0
30.29645894128108 24.567791792582916 166.118344590667 111.0 123.0 41.0
30.295393705699784 25.10019719343005 166.15487209981205 95.0 108.0 37.0
30.832406820496676 22.96951035446021 166.03982478207968 110.0 118.0 56.0
30.83134158491538 23.501915755307348 166.07635229122474 119.0 130.0 50.0
30.83027634933408 24.03432115615448 166.11287980036983 124.0 138.0 43.0
30.829211113752784 24.56672655700162 166.14940730951488 111.0 124.0 39.0
30.82814587817149 25.09913195784875 166.18593481865994 100.0 112.0 36.0
31.36409375738708 23.50085051972605 166.10741501007266 86.0 93.0 43.0
31.363028521805788 24.033255920573183 166.14394251921772 126.0 138.0 54.0
31.36196328622449 24.565661321420322 166.18047002836278 107.0 119.0 41.0
29.737970227867976 21.870302514783468 166.43614385862023 122.0 131.0 77.0
29.73690499228668 22.4027079156306 166.4726713677653 95.0 105.0 39.0
29.73583975670538 22.93511331647774 166.50919887691035 99.0 116.0 28.0
29.734774521124084 23.46751871732488 166.5457263860554 86.0 102.0 27.0
29.732644049961493 24.53232951901915 166.61878140434555 81.0 98.0 25.0
29.731578814380196 25.064734919866282 166.65530891349061 91.0 106.0 33.0
30.27072240033968 21.86923727920217 166.46720657746812 109.0 114.0 67.0
30.26965716475838 22.401642680049303 166.50373408661318 141.0 152.0 68.0
30.268591929177084 22.934048080896442 166.54026159575824 129.0 144.0 45.0
30.26752669359579 23.46645348174358 166.5767891049033 116.0 129.0 40.0
30.266461458014494 23.998858882590714 166.6133166140484 100.0 114.0 32.0
30.265396222433196 24.531264283437853 166.64984412319345 113.0 126.0 40.0
30.2643309868519 25.063669684284985 166.6863716323385 110.0 123.0 41.0
30.80240933723009 22.400577444468006 166.53479680546107 126.0 133.0 71.0
30.80134410164879 22.932982845315145 166.57132431460613 136.0 147.0 60.0
30.800278866067494 23.465388246162284 166.60785182375116 125.0 138.0 49.0
30.799213630486197 23.997793647009416 166.64437933289625 120.0 135.0 39.0
30.7981483949049 24.530199047856556 166.6809068420413 124.0 138.0 44.0
30.797083159323602 25.062604448703688 166.71743435118637 108.0 121.0 37.0
31.334096274120494 22.931917609733848 166.602387033454 90.0 97.0 49.0
31.333031038539197 23.46432301058099 166.63891454259908 125.0 137.0 55.0
31.3319658029579 23.996728411428123 166.67544205174414 134.0 147.0 54.0
31.330900567376606 24.529133812275262 166.7119695608892 115.0 129.0 39.0
31.32983533179531 25.061539213122394 166.74849707003426 88.0 100.0 30.0
31.8647179754296 23.995663175846826 166.70650477059203 93.0 101.0 44.0
31.863652739848302 24.528068576693965 166.7430322797371 82.0 92.0 35.0
29.706907509020084 21.8337750056384 166.96764339114668 97.0 105.0 55.0
29.704777037857493 22.898585807332672 167.04069840943677 89.0 107.0 25.0
29.7015813311136 24.495802009874087 167.15028093687198 72.0 91.0 22.0
29.700516095532304 25.02820741072122 167.18680844601704 87.0 102.0 31.0
30.23965968149179 21.832709770057107 166.99870610999454 116.0 125.0 63.0
30.238594445910493 22.36511517090424 167.0352336191396 133.0 146.0 53.0
30.237529210329196 22.89752057175138 167.07176112828466 124.0 139.0 40.0
30.2364639747479 23.429925972598518 167.10828863742972 70.0 84.0 22.0
30.2353987391666 23.96233137344565 167.1448161465748 79.0 96.0 23.0
30.234333503585308 24.49473677429279 167.18134365571987 101.0 116.0 34.0
30.23326826800401 25.02714217513992 167.21787116486493 104.0 120.0 34.0
30.771346618382196 22.364049935322942 167.0662963379875 134.0 143.0 68.0
30.7702813828009 22.89645533617008 167.10282384713256 129.0 142.0 52.0
30.769216147219606 23.42886073701722 167.13935135627764 120.0 134.0 41.0
30.76815091163831 23.961266137864353 167.1758788654227 118.0 132.0 39.0
30.76708567605701 24.493671538711492 167.21240637456776 120.0 135.0 40.0
30.766020440475714 25.026076939558624 167.24893388371282 116.0 130.0 37.0
31.303033555272606 22.895390100588784 167.13388656598048 114.0 123.0 54.0
31.30196831969131 23.427795501435924 167.17041407512554 135.0 148.0 58.0
31.30090308411001 23.960200902283056 167.2069415842706 140.0 154.0 56.0
31.299837848528714 24.492606303130195 167.24346909341563 133.0 147.0 47.0
31.298772612947417 25.025011703977327 167.2799966025607 118.0 132.0 42.0
31.833655256581707 23.95913566670176 167.23800430311846 114.0 123.0 54.0
31.83259002100041 24.491541067548898 167.27453181226352 94.0 106.0 38.0
31.831524785419116 25.02394646839603 167.31105932140858 100.0 109.0 47.0
29.673714319009605 22.862058298187613 167.57219794196322 63.0 82.0 15.0
30.208596962643902 21.796182260912044 167.530205642521 119.0 127.0 61.0
30.207531727062605 22.328587661759176 167.56673315166606 126.0 139.0 47.0
30.206466491481308 22.860993062606315 167.60326066081112 117.0 131.0 39.0
30.20540125590001 23.393398463453455 167.63978816995618 84.0 98.0 28.0
30.203270784737416 24.45820926514773 167.7128431882463 82.0 99.0 27.0
30.202205549156123 24.990614665994862 167.74937069739136 112.0 124.0 43.0
30.741349135115605 21.795117025330747 167.56126836136886 108.0 114.0 65.0
30.740283899534308 22.32752242617788 167.59779587051392 126.0 139.0 54.0
30.73921866395301 22.859927827025018 167.63432337965898 136.0 150.0 53.0
30.738153428371714 23.39233322787216 167.67085088880407 131.0 145.0 48.0
30.73708819279042 23.924738628719293 167.70737839794913 125.0 139.0 45.0
30.736022957209123 24.457144029566432 167.7439059070942 126.0 140.0 46.0
30.734957721627826 24.989549430413565 167.78043341623925 123.0 137.0 44.0
31.27303607200601 22.32645719059658 167.6288585893618 103.0 109.0 56.0
31.271970836424718 22.858862591443724 167.6653860985069 121.0 133.0 48.0
31.27090560084342 23.391267992290864 167.70191360765196 138.0 152.0 53.0
31.269840365262123 23.923673393137996 167.73844111679702 143.0 158.0 53.0
31.268775129680826 24.456078793985135 167.77496862594208 138.0 153.0 48.0
31.26770989409953 24.988484194832267 167.81149613508714 130.0 144.0 52.0
31.803657773315116 23.390202756709567 167.73297632649985 110.0 118.0 58.0
31.80259253773382 23.9226081575567 167.7695038356449 119.0 130.0 53.0
31.80152730215252 24.455013558403838 167.80603134478997 96.0 105.0 42.0
31.800462066571225 24.98741895925097 167.84255885393503 115.0 125.0 53.0
28.57608201963701 23.36006666105228 168.07809954593895 72.0 90.0 18.0
28.575016784055713 23.89247206189941 168.11462705508401 82.0 100.0 24.0
29.107768956527416 23.891406826318118 168.14568977393188 106.0 118.0 41.0
29.10670372094612 24.423812227165257 168.18221728307694 90.0 105.0 32.0
29.105638485364825 24.95621762801239 168.21874479222203 73.0 89.0 26.0
29.641586364580416 23.35793618988969 168.1402249836347 81.0 99.0 23.0
30.17753424379601 21.75965475176698 168.06170517504742 130.0 142.0 72.0
30.176469008214713 22.292060152614113 168.09823268419248 89.0 96.0 37.0
30.17540377263342 22.824465553461252 168.13476019333754 111.0 125.0 36.0
30.174338537052122 23.35687095430839 168.1712877024826 110.0 125.0 36.0
30.173273301470825 23.889276355155523 168.2078152116277 76.0 92.0 26.0
30.172208065889528 24.421681756002663 168.24434272077275 92.0 109.0 29.0
30.17114283030823 24.954087156849795 168.2808702299178 90.0 106.0 30.0
30.710286416267717 21.758589516185683 168.0927678938953 134.0 144.0 82.0
30.70922118068642 22.290994917032815 168.12929540304037 140.0 154.0 68.0
30.708155945105123 22.823400317879955 168.16582291218543 134.0 148.0 48.0
30.707090709523825 23.355805718727094 168.20235042133052 126.0 140.0 44.0
30.70602547394253 23.888211119574226 168.23887793047558 128.0 143.0 45.0
30.70496023836123 24.420616520421365 168.27540543962064 122.0 137.0 40.0
30.703895002779937 24.953021921268498 168.31193294876567 119.0 134.0 40.0
31.241973353158123 22.289929681451518 168.16035812188827 135.0 145.0 70.0
31.240908117576826 22.822335082298657 168.19688563103333 130.0 142.0 53.0
31.23984288199553 23.354740483145797 168.23341314017838 135.0 149.0 51.0
31.238777646414235 23.88714588399293 168.26994064932344 140.0 155.0 49.0
31.237712410832938 24.419551284840068 168.3064681584685 138.0 153.0 50.0
31.23664717525164 24.9519566856872 168.34299566761356 126.0 138.0 55.0
31.772595054467228 23.3536752475645 168.26447585902628 125.0 135.0 61.0
31.77152981888593 23.88608064841163 168.30100336817134 116.0 127.0 53.0
31.770464583304634 24.418486049258775 168.3375308773164 117.0 128.0 54.0
31.769399347723336 24.950891450105907 168.37405838646146 116.0 126.0 56.0
29.078836708842122 22.790068515478783 168.6041342881682 74.0 86.0 28.0
29.077771473260825 23.322473916325922 168.64066179731327 109.0 121.0 44.0
29.076706237679527 23.854879317173054 168.67718930645833 107.0 122.0 35.0
29.07564100209823 24.387284718020194 168.71371681560342 75.0 94.0 22.0
29.612654116895122 22.256597879050346 168.59866949787104 100.0 112.0 40.0
29.610523645732528 23.321408680744625 168.67172451616116 117.0 130.0 43.0
29.60945841015123 23.853814081591757 168.70825202530625 124.0 137.0 48.0
29.608393174569937 24.3862194824389 168.74477953445128 83.0 102.0 24.0
30.145406289366825 22.25553264346905 168.6297322167189 101.0 111.0 41.0
30.144341053785528 22.78793804431619 168.66625972586397 105.0 118.0 37.0
30.143275818204234 23.32034344516333 168.70278723500903 126.0 141.0 45.0
30.142210582622937 23.852748846010464 168.73931474415411 122.0 135.0 44.0
30.14114534704164 24.385154246857603 168.77584225329917 86.0 105.0 25.0
30.140080111460342 24.917559647704735 168.81236976244423 60.0 82.0 14.0
30.679223697419825 21.722062007040623 168.62426742642174 136.0 148.0 79.0
30.67815846183853 22.254467407887756 168.6607949355668 141.0 155.0 66.0
30.677093226257234 22.786872808734895 168.69732244471186 132.0 146.0 51.0
30.676027990675937 23.319278209582034 168.73384995385695 129.0 144.0 46.0
30.67496275509464 23.851683610429166 168.770377463002 127.0 142.0 44.0
30.673897519513343 24.384089011276306 168.80690497214707 113.0 127.0 37.0
30.672832283932046 24.916494412123438 168.84343248129213 94.0 111.0 27.0
30.671767048350752 25.448899812970577 168.8799599904372 67.0 80.0 23.0
31.210910634310235 22.25340217230646 168.6918576544147 139.0 152.0 72.0
31.209845398728937 22.785807573153598 168.72838516355978 137.0 150.0 56.0
31.20878016314764 23.318212974000737 168.76491267270484 132.0 147.0 48.0
31.207714927566343 23.85061837484787 168.8014401818499 127.0 142.0 42.0
31.20664969198505 24.38302377569501 168.83796769099496 127.0 142.0 42.0
31.205584456403752 24.91542917654214 168.87449520014002 124.0 138.0 42.0
31.742597571200633 22.7847423375723 168.75944788240767 102.0 108.0 60.0
31.741532335619336 23.31714773841944 168.7959753915527 120.0 131.0 58.0
31.740467100038043 23.849553139266572 168.83250290069776 135.0 147.0 59.0
31.739401864456745 24.38195854011371 168.86903040984282 123.0 135.0 54.0
31.738336628875448 24.914363940960843 168.90555791898788 119.0 129.0 60.0
32.27321927250974 23.848487903685275 168.86356561954565 97.0 104.0 53.0
29.04670875441294 23.28594640718086 169.1721613298397 115.0 127.0 49.0
29.045643518831643 23.81835180802799 169.20868883898476 100.0 116.0 32.0
29.044578283250345 24.35075720887513 169.24521634812984 79.0 98.0 22.0
29.582656633628535 21.68766496905815 169.0936415212524 107.0 115.0 56.0
29.581591398047237 22.220070369905283 169.13016903039747 124.0 135.0 60.0
29.58052616246594 22.752475770752422 169.16669653954253 129.0 141.0 59.0
29.579460926884643 23.28488117159956 169.2032240486876 132.0 145.0 52.0
29.578395691303346 23.817286572446694 169.23975155783268 123.0 137.0 42.0
29.57733045572205 24.349691973293833 169.27627906697774 91.0 108.0 27.0
29.576265220140755 24.882097374140965 169.3128065761228 71.0 91.0 19.0
30.115408806100238 21.686599733476854 169.1247042401003 120.0 131.0 55.0
30.11434357051894 22.219005134323986 169.16123174924536 95.0 110.0 36.0
30.113278334937643 22.751410535171125 169.19775925839042 112.0 126.0 39.0
30.112213099356346 23.283815936018264 169.2342867675355 134.0 148.0 52.0
30.111147863775052 23.816221336865397 169.27081427668057 131.0 145.0 49.0
30.110082628193755 24.348626737712536 169.30734178582563 102.0 118.0 31.0
30.109017392612458 24.881032138559668 169.3438692949707 66.0 87.0 16.0
30.64816097857194 21.685534497895556 169.1557669589482 130.0 140.0 73.0
30.647095742990643 22.21793989874269 169.19229446809325 136.0 149.0 60.0
30.64603050740935 22.750345299589828 169.22882197723834 128.0 143.0 43.0
30.644965271828053 23.282750700436967 169.26534948638337 129.0 144.0 45.0
30.643900036246755 23.8151561012841 169.30187699552843 117.0 131.0 39.0
30.642834800665458 24.34756150213124 169.3384045046735 110.0 125.0 36.0
30.64176956508416 24.87996690297837 169.37493201381855 101.0 116.0 34.0
30.640704329502864 25.412372303825514 169.4114595229636 78.0 93.0 28.0
31.180913151043647 21.68446926231426 169.18682967779606 83.0 88.0 47.0
31.17984791546235 22.21687466316139 169.22335718694112 141.0 152.0 68.0
31.178782679881053 22.74928006400853 169.2598846960862 144.0 158.0 58.0
31.177717444299756 23.281685464855673 169.29641220523126 135.0 149.0 52.0
31.17665220871846 23.814090865702806 169.33293971437632 132.0 146.0 50.0
31.17558697313716 24.346496266549945 169.36946722352138 130.0 144.0 47.0
31.174521737555867 24.878901667397077 169.40599473266644 119.0 132.0 43.0
31.17345650197457 25.411307068244216 169.44252224181153 80.0 93.0 32.0
31.71153485235275 22.748214828427237 169.2909474149341 130.0 139.0 71.0
31.71046961677145 23.280620229274376 169.32747492407916 124.0 134.0 59.0
31.709404381190154 23.81302563012151 169.36400243322421 131.0 143.0 55.0
31.70833914560886 24.345431030968648 169.40052994236927 116.0 128.0 46.0
31.707273910027563 24.87783643181578 169.43705745151436 114.0 126.0 48.0
32.24215655366186 23.81196039454021 169.3950651520721 86.0 93.0 44.0
29.016711271146345 22.717013497188656 169.6671333532211 83.0 91.0 41.0
29.015646035565048 23.249418898035795 169.70366086236615 103.0 113.0 47.0
29.014580799983754 23.781824298882928 169.7401883715112 104.0 117.0 37.0
29.551593914780643 21.651137459913087 169.62514105377886 93.0 101.0 50.0
29.550528679199346 22.18354286076022 169.66166856292392 132.0 142.0 65.0
29.549463443618052 22.715948261607362 169.69819607206895 121.0 133.0 51.0
29.548398208036755 23.2483536624545 169.734723581214 122.0 136.0 44.0
29.547332972455457 23.780759063301634 169.7712510903591 117.0 132.0 39.0
29.54626773687416 24.313164464148773 169.80777859950416 83.0 103.0 21.0
30.08434608725235 21.650072224331794 169.65620377262672 79.0 86.0 35.0
30.083280851671052 22.182477625178926 169.69273128177178 119.0 131.0 50.0
30.082215616089755 22.714883026026065 169.72925879091684 134.0 147.0 55.0
30.081150380508458 23.247288426873205 169.76578630006193 134.0 148.0 50.0
30.08008514492716 23.779693827720337 169.802313809207 134.0 148.0 48.0
30.079019909345867 24.312099228567476 169.83884131835205 112.0 125.0 38.0
30.07795467376457 24.844504629414608 169.8753688274971 72.0 91.0 19.0
30.617098259724052 21.649006988750497 169.68726649147462 120.0 130.0 62.0
30.616033024142755 22.18141238959763 169.72379400061968 117.0 131.0 41.0
30.614967788561458 22.713817790444768 169.76032150976476 134.0 149.0 48.0
30.613902552980164 23.246223191291907 169.79684901890982 138.0 152.0 52.0
30.612837317398867 23.77862859213904 169.83337652805488 104.0 116.0 35.0
30.61177208181757 24.31103399298618 169.86990403719994 115.0 129.0 38.0
30.610706846236273 24.84343939383331 169.906431546345 92.0 110.0 26.0
31.149850432195755 21.6479417531692 169.7183292103225 118.0 125.0 72.0
31.14878519661446 22.18034715401633 169.7548567194676 135.0 148.0 57.0
31.147719961033165 22.71275255486347 169.79138422861266 144.0 159.0 58.0
31.146654725451867 23.24515795571061 169.82791173775772 136.0 150.0 51.0
31.14558948987057 23.777563356557742 169.86443924690278 75.0 83.0 29.0
31.144524254289273 24.30996875740488 169.9009667560478 123.0 137.0 44.0
31.143459018707976 24.842374158252014 169.93749426519287 114.0 128.0 40.0
31.681537369086158 22.179281918435034 169.78591943831546 99.0 104.0 64.0
31.68047213350486 22.711687319282174 169.82244694746052 135.0 146.0 67.0
31.679406897923563 23.244092720129313 169.85897445660558 122.0 133.0 52.0
31.678341662342266 23.776498120976445 169.89550196575064 128.0 139.0 59.0
31.67727642676097 24.308903521823584 169.9320294748957 126.0 138.0 53.0
31.676211191179675 24.841308922670716 169.9685569840408 119.0 131.0 51.0
31.675145955598378 25.37371432351786 170.00508449318585 86.0 95.0 40.0
32.21109383481397 23.775432885395148 169.92656468459853 103.0 110.0 57.0
32.21002859923267 24.30783828624229 169.96309219374362 88.0 94.0 47.0
29.519465960351457 22.147015351615156 170.19316809545035 88.0 97.0 37.0
29.51840072477016 22.679420752462295 170.2296956045954 119.0 130.0 53.0
29.517335489188866 23.211826153309435 170.26622311374047 113.0 126.0 44.0
29.51627025360757 23.744231554156567 170.30275062288555 101.0 115.0 35.0
29.515205018026272 24.276636955003706 170.3392781320306 66.0 87.0 17.0
30.053283368404458 21.613544715186727 170.18770330515318 90.0 99.0 40.0
30.052218132823164 22.14595011603386 170.22423081429824 119.0 131.0 48.0
30.051152897241867 22.678355516881 170.2607583234433 121.0 134.0 46.0
30.05008766166057 23.210760917728138 170.2972858325884 127.0 141.0 47.0
30.049022426079272 23.74316631857527 170.33381334173342 110.0 124.0 36.0
30.047957190497975 24.275571719422413 170.37034085087848 85.0 104.0 24.0
30.046891954916678 24.807977120269545 170.40686836002354 60.0 80.0 16.0
30.586035540876164 21.61247947960543 170.21876602400104 97.0 105.0 45.0
30.584970305294867 22.14488488045256 170.2552935331461 116.0 130.0 41.0
30.58390506971357 22.6772902812997 170.2918210422912 127.0 142.0 45.0
30.582839834132272 23.209695682146844 170.32834855143625 132.0 145.0 50.0
30.581774598550975 23.742101082993976 170.3648760605813 132.0 146.0 49.0
30.58070936296968 24.274506483841115 170.40140356972637 110.0 125.0 35.0
30.579644127388384 24.806911884688247 170.43793107887143 88.0 106.0 26.0
31.118787713347867 21.611414244024132 170.24982874284893 112.0 120.0 60.0
31.11772247776657 22.143819644871265 170.28635625199402 133.0 146.0 55.0
31.116657242185273 22.676225045718407 170.32288376113908 141.0 155.0 56.0
31.11559200660398 23.208630446565547 170.35941127028414 136.0 150.0 53.0
31.114526771022682 23.74103584741268 170.3959387794292 128.0 141.0 53.0
31.113461535441385 24.273441248259818 170.43246628857426 119.0 132.0 45.0
31.112396299860087 24.80584664910695 170.46899379771932 101.0 117.0 32.0
31.650474650238266 22.14275440928997 170.3174189708419 128.0 136.0 79.0
31.649409414656972 22.67515981013711 170.35394647998697 138.0 148.0 74.0
31.648344179075675 23.20756521098425 170.39047398913203 128.0 141.0 54.0
31.647278943494378 23.73997061183138 170.4270014982771 131.0 142.0 60.0
31.64621370791308 24.27237601267852 170.46352900742215 130.0 142.0 59.0
31.645148472331783 24.804781413525653 170.50005651656724 123.0 135.0 55.0
32.18109635154738 23.206499975402952 170.4215367079799 78.0 86.0 40.0
32.18003111596608 23.738905376250084 170.45806421712496 107.0 114.0 60.0
32.17896588038479 24.271310777097224 170.49459172627004 82.0 86.0 48.0
29.486272770340975 23.175298644164375 170.7977226462669 105.0 118.0 38.0
29.48520753475968 23.707704045011507 170.83425015541198 76.0 98.0 19.0
30.021155413975272 22.1094226068888 170.75573034682466 128.0 141.0 51.0
30.02009017839398 22.64182800773594 170.79225785596972 118.0 132.0 41.0
30.01902494281268 23.174233408583078 170.8287853651148 112.0 127.0 33.0
30.017959707231384 23.70663880943021 170.86531287425987 100.0 116.0 29.0
30.016894471650087 24.23904421027735 170.90184038340493 58.0 81.0 11.0
30.554972822028276 21.57595197046037 170.7502655565275 87.0 95.0 42.0
30.55390758644698 22.108357371307502 170.78679306567255 118.0 132.0 40.0
30.55284235086568 22.64076277215464 170.82332057481764 112.0 127.0 33.0
30.551777115284384 23.17316817300178 170.8598480839627 121.0 135.0 40.0
30.550711879703087 23.705573573848913 170.89637559310776 123.0 137.0 46.0
30.54964664412179 24.237978974696052 170.9329031022528 102.0 118.0 30.0
30.548581408540496 24.770384375543184 170.96943061139785 74.0 96.0 16.0
31.08772499449998 21.574886734879072 170.7813282753754 117.0 124.0 68.0
31.08665975891868 22.107292135726205 170.81785578452045 126.0 140.0 49.0
31.085594523337384 22.639697536573344 170.8543832936655 137.0 152.0 49.0
31.084529287756087 23.172102937420483 170.89091080281057 138.0 153.0 49.0
31.083464052174794 23.704508338267615 170.92743831195563 135.0 149.0 53.0
31.082398816593496 24.236913739114755 170.9639658211007 121.0 136.0 40.0
31.0813335810122 24.769319139961887 171.00049333024575 103.0 120.0 31.0
31.619411931390378 22.106226900144907 170.84891850336834 135.0 144.0 83.0
31.61834669580908 22.638632300992047 170.8854460125134 140.0 153.0 70.0
31.617281460227787 23.17103770183919 170.92197352165846 133.0 146.0 53.0
31.61621622464649 23.70344310268632 170.95850103080352 136.0 148.0 60.0
31.615150989065192 24.23584850353346 170.99502853994858 132.0 144.0 54.0
31.614085753483895 24.768253904380593 171.03155604909367 119.0 131.0 50.0
31.613020517902598 25.300659305227732 171.06808355823873 81.0 93.0 34.0
32.15109886828078 22.637567065410753 170.9165087313613 83.0 86.0 56.0
32.15003363269949 23.169972466257892 170.95303624050635 100.0 107.0 51.0
32.148968397118196 23.702377867105024 170.9895637496514 103.0 112.0 51.0
32.147903161536895 24.234783267952164 171.0260912587965 94.0 101.0 52.0
32.1468379259556 24.767188668799296 171.06261876794156 102.0 108.0 60.0
29.456275287074387 22.60636573417217 171.29269466964828 66.0 86.0 17.0
29.45521005149309 23.138771135019308 171.32922217879337 69.0 90.0 18.0
29.990092695127387 22.072895097743732 171.2872298793511 111.0 123.0 43.0
29.98902745954609 22.60530049859087 171.32375738849615 119.0 132.0 45.0
29.987962223964796 23.137705899438014 171.36028489764124 102.0 117.0 33.0
29.9868969883835 23.670111300285146 171.3968124067863 61.0 84.0 14.0
30.523910103180388 21.539424461315306 171.28176508905392 97.0 106.0 43.0
30.522844867599094 22.07182986216244 171.31829259819898 117.0 130.0 43.0
30.521779632017797 22.604235263009578 171.35482010734407 123.0 137.0 44.0
30.5207143964365 23.136640663856717 171.39134761648913 122.0 136.0 45.0
30.519649160855202 23.66904606470385 171.4278751256342 103.0 119.0 33.0
30.518583925273905 24.20145146555099 171.46440263477925 66.0 89.0 14.0
31.055597040070797 22.07076462658114 171.3493553170469 122.0 135.0 47.0
31.0545318044895 22.60317002742828 171.38588282619196 125.0 142.0 37.0
31.053466568908203 23.13557542827542 171.42241033533702 134.0 148.0 51.0
31.052401333326905 23.667980829122552 171.45893784448208 130.0 145.0 49.0
31.05133609774561 24.20038622996969 171.49546535362714 112.0 127.0 35.0
31.050270862164314 24.732791630816823 171.5319928627722 93.0 113.0 24.0
31.5862187413799 23.134510192694123 171.45347305418488 142.0 159.0 61.0
31.585153505798605 23.666915593541255 171.49000056332994 141.0 154.0 59.0
31.584088270217308 24.199320994388394 171.526528072475 128.0 142.0 48.0
29.9590299762795 22.036367588598672 171.81872941187754 69.0 83.0 23.0
29.957964740698202 22.56877298944581 171.85525692102263 107.0 120.0 39.0
