-8.040 7.078 137.971 132.000 143.000 63.000
-7.594 7.077 137.997 112.000 125.000 48.000
-7.148 7.524 138.031 74.000 91.000 27.000
-8.066 7.070 138.417 135.000 146.000 64.000
-7.620 6.622 138.435 111.000 122.000 44.000
-7.620 7.069 138.443 120.000 134.000 45.000
-7.620 7.516 138.451 107.000 122.000 40.000
-7.174 7.516 138.477 116.000 129.000 44.000
-8.092 7.061 138.863 126.000 136.000 55.000
-8.092 7.508 138.871 85.000 90.000 35.000
-7.646 6.614 138.881 120.000 134.000 44.000
-7.646 7.061 138.889 120.000 135.000 43.000
-7.646 7.508 138.897 107.000 118.000 38.000
-7.200 7.508 138.923 113.000 126.000 39.000
-7.200 7.955 138.931 112.000 124.000 49.000
-8.118 7.053 139.309 116.000 129.000 41.000
-8.118 7.500 139.317 83.000 91.000 30.000
-7.672 6.606 139.327 115.000 131.000 38.000
-7.672 7.053 139.335 109.000 122.000 32.000
-7.672 7.500 139.343 102.000 114.000 33.000
-7.226 7.500 139.369 106.000 122.000 31.000
-7.226 7.947 139.377 115.000 126.000 49.000
-8.591 7.492 139.738 81.000 88.000 33.000
-8.144 7.045 139.755 111.000 125.000 34.000
-8.144 7.492 139.764 100.000 113.000 34.000
-7.698 6.598 139.773 119.000 134.000 40.000
-7.698 7.045 139.781 112.000 127.000 34.000
-7.698 7.492 139.790 108.000 122.000 35.000
-7.252 7.492 139.815 113.000 127.000 35.000
-7.252 7.939 139.824 117.000 128.000 50.000
-6.806 8.385 139.858 117.000 127.000 53.000
-8.616 7.484 140.184 97.000 108.000 39.000
-8.170 7.037 140.202 117.000 131.000 40.000
-8.170 7.484 140.210 112.000 123.000 45.000
-7.724 6.590 140.219 97.000 112.000 28.000
-7.724 7.037 140.228 108.000 123.000 33.000
-7.724 7.484 140.236 115.000 128.000 41.000
-7.724 7.931 140.244 77.000 82.000 41.000
-7.278 7.037 140.254 102.000 115.000 26.000
-7.278 7.484 140.262 113.000 128.000 32.000
-7.278 7.930 140.270 113.000 126.000 42.000
-7.278 8.377 140.278 88.000 93.000 49.000
-6.832 8.377 140.304 109.000 121.000 47.000
-8.642 7.476 140.630 89.000 98.000 35.000
-8.196 7.029 140.648 126.000 138.000 49.000
-8.196 7.476 140.656 125.000 136.000 52.000
-7.750 6.582 140.666 110.000 125.000 36.000
-7.750 7.029 140.674 116.000 130.000 38.000
-7.750 7.476 140.682 112.000 126.000 36.000
-7.750 7.923 140.690 99.000 109.000 44.000
-7.304 7.029 140.700 103.000 118.000 27.000
-7.304 7.476 140.708 107.000 122.000 30.000
-7.304 7.922 140.716 107.000 121.000 39.000
-8.668 7.468 141.076 99.000 110.000 36.000
-8.222 7.021 141.094 123.000 135.000 46.000
-8.222 7.468 141.102 119.000 131.000 43.000
-8.222 7.915 141.110 96.000 103.000 48.000
-7.776 6.574 141.112 115.000 128.000 39.000
-7.776 7.021 141.120 115.000 129.000 36.000
-7.776 7.468 141.128 116.000 131.000 36.000
-7.776 7.915 141.136 120.000 129.000 56.000
-7.330 7.021 141.146 107.000 124.000 27.000
-7.330 7.467 141.154 112.000 127.000 30.000
-7.330 7.914 141.162 115.000 127.000 43.000
-6.884 8.361 141.196 82.000 89.000 39.000
-8.694 7.460 141.522 110.000 121.000 43.000
-8.248 7.013 141.540 124.000 135.000 52.000
-8.248 7.460 141.548 128.000 139.000 51.000
-8.248 7.907 141.556 109.000 116.000 54.000
-7.802 6.566 141.558 105.000 120.000 37.000
-7.802 7.013 141.566 109.000 124.000 34.000
-7.802 7.460 141.574 118.000 132.000 39.000
-7.802 7.906 141.582 116.000 126.000 51.000
-7.356 7.012 141.592 110.000 126.000 32.000
-7.356 7.459 141.600 108.000 123.000 30.000
-7.356 7.906 141.608 107.000 118.000 41.000
-9.167 7.452 141.942 98.000 107.000 42.000
-8.720 7.005 141.960 129.000 141.000 53.000
-8.720 7.452 141.968 114.000 126.000 44.000
-8.274 7.005 141.986 123.000 134.000 52.000
-8.274 7.452 141.994 132.000 144.000 55.000
-8.274 7.899 142.002 97.000 105.000 44.000
-7.828 6.558 142.004 97.000 110.000 38.000
-7.828 7.005 142.012 116.000 128.000 42.000
-7.828 7.451 142.020 118.000 131.000 40.000
-7.828 7.898 142.028 117.000 127.000 50.000
-7.382 7.004 142.038 109.000 123.000 35.000
-7.382 7.451 142.046 111.000 124.000 36.000
-7.382 7.898 142.054 108.000 119.000 42.000
-9.193 7.444 142.388 127.000 138.000 57.000
-8.746 6.997 142.406 129.000 141.000 53.000
-8.746 7.444 142.414 131.000 143.000 52.000
-8.747 7.891 142.422 76.000 82.000 35.000
-8.300 6.997 142.432 123.000 134.000 51.000
-8.300 7.444 142.440 127.000 139.000 50.000
-8.300 7.890 142.448 92.000 99.000 42.000
-7.853 6.550 142.450 103.000 117.000 43.000
-7.854 6.996 142.458 116.000 128.000 44.000
-7.854 7.443 142.466 119.000 131.000 44.000
-7.854 7.890 142.474 101.000 112.000 43.000
-7.408 6.996 142.484 111.000 124.000 40.000
-7.408 7.443 142.492 109.000 121.000 39.000
-9.219 7.436 142.835 132.000 143.000 61.000
-8.772 6.989 142.852 132.000 143.000 56.000
-8.772 7.436 142.860 137.000 148.000 61.000
-8.326 6.989 142.878 126.000 136.000 54.000
-8.326 7.435 142.886 126.000 137.000 52.000
-7.879 6.541 142.896 102.000 115.000 44.000
-7.880 6.988 142.904 118.000 129.000 48.000
-7.880 7.435 142.912 119.000 130.000 49.000
-7.433 6.988 142.930 102.000 115.000 42.000
-7.434 7.435 142.938 102.000 113.000 45.000
-9.245 7.428 143.281 97.000 105.000 45.000
-8.798 6.981 143.299 135.000 145.000 62.000
-8.798 7.428 143.307 138.000 147.000 66.000
-8.352 6.980 143.324 128.000 136.000 60.000
-8.352 7.427 143.333 124.000 134.000 54.000
-7.905 6.533 143.342 104.000 115.000 46.000
-7.906 6.980 143.350 122.000 133.000 55.000
-7.906 7.427 143.359 118.000 128.000 54.000
-7.459 6.980 143.376 87.000 99.000 41.000
-9.270 7.420 143.727 99.000 104.000 59.000
-8.824 6.973 143.745 142.000 151.000 75.000
-8.378 6.972 143.771 121.000 131.000 57.000
-8.378 7.419 143.779 89.000 99.000 40.000
-7.932 6.972 143.797 90.000 101.000 40.000
-9.296 7.412 144.173 95.000 100.000 55.000
-9.297 7.859 144.181 85.000 89.000 49.000
-8.850 6.965 144.191 144.000 153.000 82.000
-8.512 6.623 138.383 118.000 125.000 58.000
-8.512 7.070 138.391 109.000 115.000 56.000
-8.066 6.623 138.409 146.000 157.000 70.000
-8.538 6.168 138.821 109.000 120.000 44.000
-8.538 6.615 138.829 120.000 132.000 54.000
-8.538 7.062 138.837 108.000 115.000 58.000
-8.092 6.168 138.847 112.000 126.000 42.000
-8.092 6.615 138.855 134.000 148.000 54.000
-7.645 6.167 138.873 70.000 80.000 24.000
-9.010 6.160 139.241 118.000 129.000 55.000
-9.010 6.607 139.249 96.000 104.000 50.000
-8.564 6.160 139.267 127.000 140.000 53.000
-8.564 6.607 139.275 133.000 145.000 59.000
-8.564 7.054 139.283 125.000 134.000 59.000
-8.118 6.160 139.293 119.000 132.000 39.000
-8.118 6.607 139.301 131.000 145.000 50.000
-7.671 6.159 139.319 86.000 98.000 29.000
-9.482 6.152 139.661 112.000 124.000 56.000
-9.036 5.705 139.679 82.000 91.000 37.000
-9.036 6.152 139.687 119.000 131.000 53.000
-9.036 6.599 139.695 131.000 144.000 59.000
-8.590 5.705 139.705 98.000 110.000 40.000
-8.590 6.152 139.713 136.000 150.000 55.000
-8.590 6.599 139.721 141.000 154.000 58.000
-8.590 7.046 139.729 135.000 144.000 53.000
-8.144 6.152 139.739 122.000 136.000 38.000
-8.144 6.598 139.747 120.000 136.000 39.000
-7.697 6.151 139.765 90.000 105.000 28.000
-9.508 5.697 140.099 89.000 97.000 43.000
-9.508 6.144 140.107 143.000 153.000 75.000
-9.508 6.591 140.116 95.000 104.000 44.000
-9.062 5.697 140.125 118.000 128.000 57.000
-9.062 6.144 140.133 144.000 157.000 64.000
-9.062 6.591 140.142 146.000 159.000 64.000
-9.062 7.038 140.150 94.000 101.000 48.000
-8.616 5.697 140.151 97.000 105.000 40.000
-8.616 6.144 140.159 138.000 151.000 57.000
-8.616 6.591 140.167 129.000 142.000 53.000
-8.616 7.037 140.176 120.000 134.000 44.000
-8.170 6.143 140.185 125.000 141.000 42.000
-8.170 6.590 140.193 113.000 131.000 36.000
-7.723 6.143 140.211 83.000 100.000 25.000
-9.980 5.689 140.520 81.000 87.000 42.000
-9.980 6.136 140.528 134.000 143.000 73.000
-9.534 5.689 140.545 156.000 166.000 85.000
-9.534 6.136 140.554 154.000 164.000 78.000
-9.534 6.583 140.562 138.000 148.000 67.000
-9.088 5.689 140.571 129.000 139.000 63.000
-9.088 6.136 140.580 150.000 162.000 69.000
-9.088 6.583 140.588 146.000 159.000 66.000
-8.642 6.136 140.606 138.000 150.000 58.000
-8.642 6.582 140.614 133.000 147.000 52.000
-8.642 7.029 140.622 115.000 128.000 42.000
-8.196 6.135 140.632 128.000 142.000 50.000
-8.196 6.582 140.640 130.000 142.000 53.000
-10.006 5.681 140.966 129.000 137.000 71.000
-10.006 6.128 140.974 146.000 155.000 80.000
-10.007 6.575 140.982 99.000 106.000 53.000
-9.560 5.681 140.992 153.000 163.000 84.000
-9.560 6.128 141.000 149.000 160.000 69.000
-9.560 6.575 141.008 148.000 160.000 71.000
-9.114 5.681 141.018 124.000 135.000 58.000
-9.114 6.128 141.026 144.000 157.000 58.000
-9.114 6.575 141.034 138.000 152.000 56.000
-9.114 7.021 141.042 80.000 91.000 29.000
-8.668 6.127 141.052 136.000 149.000 54.000
-8.668 6.574 141.060 126.000 139.000 48.000
-8.668 7.021 141.068 121.000 135.000 44.000
-8.222 6.127 141.078 127.000 139.000 51.000
-8.222 6.574 141.086 127.000 139.000 50.000
-10.479 6.120 141.394 82.000 88.000 42.000
-10.032 5.673 141.412 154.000 163.000 92.000
-10.032 6.120 141.420 152.000 162.000 80.000
-10.033 6.567 141.428 91.000 97.000 46.000
-9.586 5.673 141.438 156.000 166.000 84.000
-9.586 6.120 141.446 154.000 165.000 74.000
-9.586 6.567 141.454 152.000 163.000 72.000
-9.140 5.673 141.464 150.000 159.000 80.000
-9.140 6.120 141.472 153.000 165.000 68.000
-9.140 6.566 141.480 139.000 152.000 56.000
-9.140 7.013 141.488 117.000 128.000 47.000
-8.694 6.119 141.498 136.000 148.000 58.000
-8.694 6.566 141.506 125.000 138.000 48.000
-8.694 7.013 141.514 125.000 138.000 47.000
-8.248 6.119 141.524 79.000 90.000 33.000
-8.248 6.566 141.532 122.000 134.000 51.000
-10.504 5.665 141.832 89.000 95.000 49.000
-10.505 6.112 141.840 95.000 100.000 53.000
-10.058 5.665 141.858 164.000 174.000 96.000
-10.058 6.112 141.866 154.000 164.000 80.000
-10.059 6.559 141.874 131.000 140.000 68.000
-9.612 5.665 141.884 164.000 174.000 91.000
-9.612 6.112 141.892 158.000 168.000 78.000
-9.612 6.559 141.900 153.000 164.000 73.000
-9.613 7.005 141.908 89.000 97.000 40.000
-9.166 5.665 141.910 155.000 165.000 79.000
-9.166 6.111 141.918 154.000 165.000 73.000
-9.166 6.558 141.926 137.000 149.000 58.000
-9.166 7.005 141.934 126.000 138.000 53.000
-8.720 6.111 141.944 128.000 139.000 58.000
-8.720 6.558 141.952 123.000 137.000 51.000
-8.274 6.558 141.978 92.000 104.000 39.000
-10.530 5.657 142.278 147.000 154.000 91.000
-10.530 6.104 142.286 135.000 142.000 80.000
-10.084 5.657 142.304 172.000 182.000 103.000
-10.084 6.104 142.312 169.000 179.000 96.000
-10.085 6.551 142.320 154.000 164.000 83.000
-9.638 5.657 142.330 172.000 181.000 103.000
-9.638 6.104 142.338 166.000 177.000 85.000
-9.638 6.551 142.346 154.000 165.000 73.000
-9.639 6.997 142.354 122.000 133.000 55.000
-9.192 5.657 142.356 129.000 139.000 62.000
-9.192 6.103 142.364 156.000 167.000 75.000
-9.192 6.550 142.372 140.000 152.000 60.000
-9.192 6.997 142.380 130.000 141.000 56.000
-8.746 6.103 142.390 111.000 123.000 45.000
-8.746 6.550 142.398 126.000 139.000 52.000
-8.300 6.550 142.424 97.000 109.000 41.000
-10.556 5.649 142.724 127.000 132.000 75.000
-10.556 6.096 142.732 129.000 133.000 79.000
-10.110 5.649 142.750 181.000 189.000 112.000
-10.110 6.096 142.758 188.000 196.000 112.000
-10.110 6.543 142.766 174.000 183.000 104.000
-10.111 6.990 142.774 75.000 81.000 36.000
-9.664 5.649 142.776 165.000 170.000 102.000
-9.664 6.096 142.784 175.000 186.000 96.000
-9.664 6.542 142.792 161.000 172.000 82.000
-9.665 6.989 142.800 110.000 119.000 51.000
-9.665 7.436 142.809 73.000 80.000 34.000
-9.218 5.648 142.802 77.000 82.000 37.000
-9.218 6.095 142.810 156.000 167.000 73.000
-9.218 6.542 142.818 144.000 156.000 64.000
-9.218 6.989 142.826 130.000 141.000 55.000
-8.772 6.095 142.836 114.000 127.000 45.000
-8.772 6.542 142.844 128.000 139.000 54.000
-8.326 6.542 142.870 118.000 129.000 51.000
-7.879 6.095 142.888 66.000 81.000 28.000
-10.136 5.641 143.196 157.000 162.000 97.000
-10.136 6.088 143.204 199.000 205.000 128.000
-10.136 6.535 143.212 190.000 193.000 125.000
-10.137 6.981 143.221 95.000 100.000 52.000
-9.690 5.641 143.222 93.000 96.000 44.000
-9.690 6.087 143.230 189.000 196.000 114.000
-9.690 6.534 143.238 168.000 177.000 92.000
-9.690 6.981 143.247 135.000 144.000 69.000
-9.244 6.087 143.256 151.000 162.000 71.000
-9.244 6.534 143.264 152.000 162.000 74.000
-9.244 6.981 143.273 136.000 147.000 64.000
-8.798 6.087 143.282 91.000 100.000 38.000
-8.798 6.534 143.290 125.000 137.000 53.000
-8.352 6.534 143.316 123.000 133.000 55.000
-10.162 6.080 143.651 111.000 115.000 72.000
-10.162 6.526 143.659 125.000 130.000 82.000
-9.716 6.079 143.677 144.000 150.000 86.000
-9.716 6.526 143.685 169.000 176.000 107.000
-9.716 6.973 143.693 156.000 163.000 97.000
-9.717 7.420 143.701 96.000 100.000 56.000
-9.270 6.079 143.702 113.000 121.000 53.000
-9.270 6.526 143.711 165.000 174.000 97.000
-9.270 6.973 143.719 157.000 165.000 91.000
-8.824 6.079 143.728 85.000 94.000 34.000
-8.824 6.526 143.737 138.000 148.000 69.000
-8.378 6.526 143.763 100.000 110.000 44.000
-9.742 6.518 144.131 146.000 149.000 98.000
-9.742 6.965 144.139 129.000 133.000 84.000
-9.296 6.518 144.157 195.000 194.000 136.000
-9.296 6.965 144.165 175.000 177.000 116.000
-8.850 6.071 144.175 79.000 86.000 32.000
-8.850 6.518 144.183 153.000 163.000 81.000
-9.768 6.510 144.577 89.000 93.000 54.000
-9.768 6.957 144.585 89.000 93.000 55.000
-9.322 6.510 144.603 161.000 166.000 100.000
-9.322 6.957 144.611 131.000 132.000 85.000
-8.876 6.510 144.629 77.000 82.000 40.000
-9.297 8.305 144.189 79.000 83.000 44.000
-7.148 7.077 138.023 94.000 107.000 39.000
-6.702 7.524 138.057 73.000 89.000 27.000
-7.174 6.622 138.461 101.000 111.000 39.000
-7.174 7.069 138.469 115.000 128.000 42.000
-6.728 7.069 138.495 93.000 107.000 31.000
-6.728 7.516 138.503 101.000 117.000 33.000
-6.728 7.963 138.511 108.000 120.000 46.000
-6.281 7.069 138.521 71.000 83.000 23.000
-6.282 7.516 138.529 89.000 102.000 30.000
-6.282 7.962 138.537 98.000 109.000 43.000
-5.835 7.515 138.555 82.000 94.000 29.000
-5.836 7.962 138.563 93.000 102.000 42.000
-7.199 6.614 138.907 88.000 101.000 29.000
-7.200 7.061 138.915 105.000 121.000 31.000
-6.754 7.061 138.941 91.000 106.000 26.000
-6.754 7.508 138.949 113.000 127.000 35.000
-6.754 7.955 138.957 119.000 129.000 51.000
-6.307 7.061 138.967 71.000 85.000 22.000
-6.308 7.507 138.975 104.000 117.000 32.000
-6.308 7.954 138.983 116.000 126.000 52.000
-6.308 8.401 138.991 99.000 104.000 59.000
-5.861 7.060 138.993 75.000 85.000 25.000
-5.861 7.507 139.001 111.000 122.000 39.000
-5.862 7.954 139.009 107.000 116.000 49.000
-5.862 8.401 139.017 97.000 101.000 60.000
-7.225 6.606 139.353 95.000 110.000 32.000
-7.226 7.053 139.361 104.000 122.000 30.000
-6.779 7.053 139.387 86.000 103.000 23.000
-6.780 7.500 139.395 108.000 123.000 31.000
-6.780 7.946 139.403 115.000 127.000 44.000
-6.780 8.393 139.412 101.000 108.000 52.000
-6.333 7.052 139.413 88.000 104.000 26.000
-6.334 7.499 139.421 83.000 101.000 21.000
-6.334 7.946 139.429 100.000 113.000 38.000
-6.334 8.393 139.438 99.000 108.000 51.000
-5.887 7.052 139.439 80.000 93.000 25.000
-5.887 7.499 139.447 97.000 112.000 30.000
-5.888 7.946 139.455 99.000 111.000 42.000
-5.888 8.393 139.463 107.000 113.000 63.000
-7.251 6.598 139.799 85.000 101.000 26.000
-7.252 7.045 139.807 107.000 123.000 30.000
-6.805 7.045 139.833 87.000 105.000 22.000
-6.806 7.491 139.841 94.000 114.000 23.000
-6.806 7.938 139.850 114.000 127.000 40.000
-6.359 7.044 139.859 74.000 92.000 18.000
-6.359 7.491 139.867 77.000 97.000 18.000
-6.360 7.938 139.876 90.000 105.000 30.000
-6.360 8.385 139.884 89.000 102.000 41.000
-5.913 7.491 139.893 79.000 97.000 21.000
-5.914 7.938 139.902 83.000 97.000 32.000
-7.277 6.590 140.245 70.000 89.000 19.000
-6.831 7.036 140.279 103.000 117.000 26.000
-6.832 7.483 140.288 109.000 125.000 28.000
-6.832 7.930 140.296 110.000 124.000 38.000
-6.385 7.036 140.305 94.000 111.000 26.000
-6.385 7.483 140.314 82.000 99.000 22.000
-6.386 7.930 140.322 85.000 100.000 31.000
-6.386 8.377 140.330 84.000 97.000 40.000
-5.939 7.483 140.340 67.000 86.000 19.000
-7.303 6.582 140.692 71.000 86.000 18.000
-6.857 7.028 140.726 94.000 107.000 21.000
-6.858 7.475 140.734 105.000 119.000 26.000
-6.858 7.922 140.742 108.000 120.000 39.000
-6.411 6.581 140.743 69.000 85.000 20.000
-6.411 7.028 140.752 86.000 99.000 21.000
-6.411 7.475 140.760 94.000 103.000 25.000
-6.412 7.922 140.768 90.000 100.000 35.000
-6.412 8.369 140.776 78.000 86.000 38.000
-7.329 6.574 141.138 88.000 100.000 23.000
-6.883 6.573 141.164 70.000 80.000 16.000
-6.883 7.020 141.172 97.000 108.000 21.000
-6.884 7.467 141.180 100.000 114.000 24.000
-6.884 7.914 141.188 101.000 112.000 34.000
-6.437 7.020 141.198 83.000 97.000 21.000
-6.437 7.467 141.206 89.000 98.000 25.000
-6.438 7.914 141.214 85.000 99.000 35.000
-7.355 6.566 141.584 96.000 115.000 29.000
-6.909 6.565 141.610 99.000 111.000 29.000
-6.909 7.012 141.618 103.000 117.000 28.000
-6.910 7.459 141.626 99.000 113.000 27.000
-6.910 7.906 141.634 103.000 113.000 41.000
-6.463 6.565 141.636 74.000 88.000 24.000
-6.463 7.012 141.644 93.000 108.000 29.000
-7.381 6.557 142.030 101.000 116.000 36.000
-6.935 6.557 142.056 93.000 110.000 29.000
-6.935 7.004 142.064 101.000 115.000 31.000
-6.936 7.451 142.072 99.000 111.000 31.000
-6.936 7.898 142.080 96.000 108.000 41.000
-6.489 6.557 142.082 75.000 88.000 26.000
-6.489 7.004 142.090 93.000 107.000 33.000
-7.407 6.549 142.476 92.000 106.000 35.000
-6.961 6.549 142.502 90.000 104.000 33.000
-6.961 6.996 142.510 103.000 117.000 37.000
-6.962 7.443 142.518 99.000 110.000 38.000
-6.515 6.549 142.528 79.000 90.000 30.000
-7.433 6.541 142.922 84.000 98.000 36.000
-6.987 6.988 142.956 90.000 102.000 39.000
-6.988 7.435 142.964 76.000 85.000 39.000
-7.459 6.533 143.368 69.000 82.000 31.000
-5.415 7.954 139.035 78.000 85.000 39.000
-5.441 7.946 139.481 88.000 97.000 43.000
-5.914 8.385 139.910 95.000 105.000 50.000
-5.940 7.930 140.348 74.000 87.000 29.000
-5.940 8.377 140.356 79.000 91.000 41.000
-5.965 7.475 140.786 78.000 87.000 24.000
-5.966 8.369 140.802 72.000 83.000 37.000
-6.463 7.459 141.652 86.000 96.000 28.000
-6.464 7.906 141.660 85.000 95.000 41.000
-6.489 7.451 142.098 84.000 97.000 34.000
-6.515 6.996 142.536 85.000 99.000 32.000
