-6.417 8.507 133.166 102.000 111.000 47.000
-5.970 8.507 133.192 105.000 115.000 38.000
-5.971 8.953 133.200 72.000 86.000 30.000
-7.334 7.605 133.544 88.000 92.000 45.000
-7.335 8.052 133.552 83.000 88.000 44.000
-6.889 8.052 133.578 88.000 91.000 36.000
-6.889 8.499 133.586 109.000 118.000 54.000
-6.889 8.946 133.594 77.000 81.000 49.000
-6.442 8.052 133.604 102.000 108.000 34.000
-6.443 8.499 133.612 108.000 118.000 43.000
-6.443 8.946 133.620 83.000 91.000 45.000
-5.996 8.052 133.630 104.000 115.000 29.000
-5.996 8.498 133.638 97.000 110.000 32.000
-5.997 8.945 133.646 76.000 90.000 31.000
-7.806 7.151 133.956 93.000 101.000 52.000
-7.807 7.597 133.964 92.000 100.000 51.000
-7.360 7.150 133.982 103.000 113.000 48.000
-7.360 7.597 133.990 103.000 108.000 47.000
-7.361 8.044 133.998 85.000 88.000 36.000
-6.914 7.597 134.016 102.000 111.000 36.000
-6.914 8.044 134.024 98.000 104.000 35.000
-6.915 8.491 134.032 103.000 112.000 44.000
-6.915 8.938 134.040 79.000 82.000 51.000
-6.468 7.597 134.042 106.000 118.000 31.000
-6.468 8.044 134.050 102.000 111.000 31.000
-6.469 8.491 134.058 107.000 119.000 39.000
-6.469 8.937 134.066 104.000 113.000 54.000
-6.022 8.490 134.084 102.000 120.000 33.000
-6.023 8.937 134.092 91.000 105.000 37.000
-7.832 7.143 134.402 133.000 142.000 74.000
-7.833 7.589 134.410 106.000 118.000 55.000
-7.833 8.036 134.418 101.000 106.000 52.000
-7.386 6.695 134.420 75.000 86.000 32.000
-7.386 7.142 134.428 107.000 121.000 47.000
-7.386 7.589 134.436 110.000 120.000 47.000
-7.387 8.036 134.444 102.000 108.000 43.000
-7.387 8.483 134.452 106.000 112.000 52.000
-6.940 7.142 134.454 88.000 100.000 29.000
-6.940 7.589 134.462 97.000 103.000 28.000
-6.940 8.036 134.470 104.000 114.000 36.000
-6.941 8.483 134.478 113.000 124.000 48.000
-6.494 7.142 134.480 88.000 98.000 23.000
-6.494 7.589 134.488 99.000 102.000 21.000
-6.494 8.036 134.496 105.000 116.000 30.000
-6.494 8.482 134.504 114.000 127.000 43.000
-6.495 8.929 134.512 118.000 126.000 61.000
-6.048 8.482 134.530 112.000 125.000 37.000
-6.049 8.929 134.538 108.000 118.000 45.000
-8.305 7.582 134.830 103.000 109.000 63.000
-8.305 8.028 134.838 82.000 87.000 51.000
-7.858 7.134 134.848 148.000 157.000 88.000
-7.859 7.581 134.856 118.000 128.000 60.000
-7.859 8.028 134.864 96.000 108.000 47.000
-7.859 8.475 134.872 95.000 99.000 46.000
-7.412 7.134 134.874 105.000 117.000 44.000
-7.412 7.581 134.882 100.000 112.000 39.000
-7.413 8.028 134.890 101.000 110.000 41.000
-7.413 8.475 134.898 101.000 109.000 43.000
-7.413 8.922 134.906 78.000 82.000 48.000
-6.966 7.134 134.900 77.000 87.000 23.000
-6.966 7.581 134.908 96.000 104.000 29.000
-6.966 8.028 134.916 108.000 119.000 38.000
-6.967 8.475 134.924 111.000 122.000 47.000
-6.967 8.921 134.932 98.000 104.000 52.000
-6.520 7.134 134.926 86.000 92.000 22.000
-6.520 7.581 134.934 96.000 98.000 21.000
-6.520 8.027 134.942 110.000 123.000 35.000
-6.520 8.474 134.950 115.000 126.000 45.000
-6.521 8.921 134.958 111.000 121.000 52.000
-6.074 8.921 134.984 106.000 120.000 42.000
-8.331 7.573 135.276 131.000 139.000 75.000
-8.331 8.020 135.284 108.000 116.000 62.000
-7.884 7.126 135.294 152.000 161.000 88.000
-7.885 7.573 135.302 124.000 133.000 62.000
-7.885 8.020 135.310 100.000 113.000 45.000
-7.885 8.467 135.318 99.000 107.000 41.000
-7.438 7.126 135.320 108.000 121.000 46.000
-7.438 7.573 135.328 114.000 128.000 47.000
-7.439 8.020 135.336 98.000 109.000 37.000
-7.439 8.467 135.344 104.000 113.000 41.000
-7.439 8.914 135.353 116.000 123.000 67.000
-6.992 7.573 135.354 87.000 93.000 25.000
-6.992 8.020 135.362 106.000 116.000 37.000
-6.993 8.466 135.370 112.000 123.000 46.000
-6.993 8.913 135.378 111.000 119.000 57.000
-6.546 8.019 135.388 110.000 122.000 37.000
-6.546 8.466 135.396 108.000 122.000 40.000
-6.547 8.913 135.404 108.000 120.000 46.000
-6.100 8.913 135.430 115.000 126.000 47.000
-6.101 9.360 135.439 89.000 96.000 43.000
-8.357 7.565 135.722 146.000 155.000 87.000
-8.357 8.012 135.730 110.000 116.000 63.000
-8.357 8.459 135.739 81.000 87.000 47.000
-7.910 7.118 135.740 146.000 157.000 78.000
-7.911 7.565 135.748 139.000 149.000 69.000
-7.911 8.012 135.756 104.000 118.000 44.000
-7.911 8.459 135.765 94.000 110.000 40.000
-7.911 8.906 135.773 75.000 82.000 44.000
-7.464 7.118 135.766 107.000 121.000 43.000
-7.464 7.565 135.774 122.000 135.000 48.000
-7.465 8.012 135.782 103.000 119.000 39.000
-7.465 8.459 135.791 110.000 124.000 46.000
-7.465 8.906 135.799 116.000 122.000 68.000
-7.018 7.118 135.792 101.000 109.000 34.000
-7.018 7.565 135.800 122.000 134.000 44.000
-7.018 8.012 135.808 119.000 132.000 45.000
-7.019 8.458 135.817 116.000 127.000 49.000
-7.019 8.905 135.825 119.000 127.000 60.000
-6.572 8.011 135.834 113.000 126.000 37.000
-6.572 8.458 135.842 111.000 124.000 42.000
-6.573 8.905 135.851 116.000 126.000 52.000
-6.573 9.352 135.859 88.000 95.000 42.000
-6.127 9.352 135.885 101.000 109.000 50.000
-8.383 7.557 136.169 161.000 168.000 101.000
-8.383 8.004 136.177 132.000 138.000 81.000
-8.383 8.451 136.185 110.000 116.000 66.000
-7.936 7.110 136.186 135.000 145.000 61.000
-7.937 7.557 136.194 150.000 161.000 72.000
-7.937 8.004 136.203 122.000 134.000 53.000
-7.937 8.451 136.211 102.000 115.000 47.000
-7.937 8.898 136.219 93.000 97.000 59.000
-7.490 7.110 136.212 115.000 128.000 44.000
-7.490 7.557 136.220 132.000 146.000 52.000
-7.491 8.004 136.229 125.000 137.000 52.000
-7.491 8.451 136.237 112.000 123.000 48.000
-7.491 8.897 136.245 116.000 123.000 66.000
-7.044 7.110 136.238 153.000 164.000 77.000
-7.044 7.557 136.246 139.000 152.000 57.000
-7.044 8.003 136.255 118.000 130.000 45.000
-7.045 8.450 136.263 117.000 128.000 50.000
-7.045 8.897 136.271 119.000 127.000 62.000
-6.598 8.003 136.281 118.000 130.000 43.000
-6.598 8.450 136.289 119.000 130.000 49.000
-6.599 8.897 136.297 117.000 127.000 53.000
-6.153 9.344 136.331 108.000 115.000 57.000
-8.409 7.549 136.615 172.000 183.000 105.000
-8.409 7.996 136.623 131.000 139.000 75.000
-8.409 8.443 136.631 109.000 115.000 65.000
-7.962 7.102 136.633 175.000 187.000 93.000
-7.963 7.549 136.641 180.000 190.000 103.000
-7.963 7.996 136.649 140.000 150.000 71.000
-7.963 8.443 136.657 113.000 124.000 56.000
-7.963 8.890 136.665 114.000 119.000 74.000
-7.516 6.655 136.650 82.000 89.000 37.000
-7.516 7.102 136.658 166.000 178.000 83.000
-7.516 7.549 136.667 161.000 173.000 77.000
-7.517 7.996 136.675 122.000 135.000 50.000
-7.517 8.442 136.683 122.000 131.000 57.000
-7.517 8.889 136.691 105.000 111.000 60.000
-7.070 7.102 136.684 159.000 170.000 85.000
-7.070 7.548 136.693 134.000 147.000 51.000
-7.070 7.995 136.701 112.000 127.000 39.000
-7.071 8.442 136.709 116.000 128.000 48.000
-7.071 8.889 136.717 110.000 121.000 52.000
-6.624 7.995 136.727 120.000 133.000 43.000
-6.624 8.442 136.735 115.000 128.000 43.000
-6.625 8.889 136.743 114.000 126.000 50.000
-6.625 9.336 136.751 83.000 90.000 43.000
-8.881 7.541 137.035 80.000 83.000 49.000
-8.435 7.541 137.061 137.000 149.000 72.000
-8.435 7.988 137.069 128.000 137.000 74.000
-8.435 8.435 137.077 94.000 102.000 56.000
-7.988 7.094 137.079 167.000 176.000 96.000
-7.988 7.541 137.087 149.000 161.000 74.000
-7.989 7.988 137.095 137.000 148.000 72.000
-7.989 8.435 137.103 118.000 127.000 63.000
-7.989 8.881 137.111 111.000 116.000 73.000
-7.542 7.094 137.105 178.000 185.000 109.000
-7.542 7.541 137.113 157.000 167.000 80.000
-7.543 7.987 137.121 110.000 123.000 46.000
-7.543 8.434 137.129 125.000 134.000 61.000
-7.543 8.881 137.137 123.000 130.000 71.000
-7.096 7.093 137.131 83.000 89.000 38.000
-7.096 7.540 137.139 122.000 134.000 49.000
-7.096 7.987 137.147 119.000 133.000 49.000
-7.097 8.434 137.155 119.000 131.000 49.000
-7.097 8.881 137.163 116.000 126.000 55.000
-6.650 8.434 137.181 117.000 129.000 44.000
-6.651 8.881 137.189 118.000 128.000 54.000
-6.651 9.328 137.197 85.000 91.000 46.000
-8.461 8.427 137.523 112.000 120.000 70.000
-8.014 7.533 137.533 99.000 113.000 44.000
-8.015 7.980 137.541 115.000 125.000 58.000
-8.015 8.426 137.549 121.000 130.000 67.000
-8.015 8.873 137.557 114.000 118.000 78.000
-7.568 7.532 137.559 114.000 127.000 52.000
-7.568 7.979 137.567 123.000 134.000 60.000
-7.569 8.426 137.575 131.000 139.000 71.000
-7.569 8.873 137.583 129.000 135.000 77.000
-7.122 7.532 137.585 69.000 82.000 28.000
-7.122 7.979 137.593 112.000 123.000 50.000
-7.123 8.426 137.601 138.000 146.000 73.000
-7.123 8.873 137.609 126.000 135.000 64.000
-7.123 9.320 137.617 76.000 81.000 43.000
-6.677 8.873 137.635 121.000 130.000 56.000
-6.677 9.320 137.643 97.000 103.000 53.000
-8.487 7.525 137.953 110.000 116.000 56.000
-8.040 7.525 137.979 109.000 121.000 47.000
-8.041 7.971 137.987 112.000 126.000 55.000
-8.041 8.418 137.995 144.000 151.000 91.000
-7.594 7.524 138.005 117.000 131.000 49.000
-7.594 7.971 138.013 133.000 142.000 70.000
-7.595 8.418 138.021 153.000 160.000 96.000
-7.595 8.865 138.029 119.000 122.000 83.000
-7.148 7.971 138.039 115.000 127.000 51.000
-7.148 8.418 138.047 134.000 141.000 74.000
-7.149 8.865 138.055 78.000 83.000 47.000
-6.703 8.865 138.081 87.000 91.000 47.000
-8.513 7.517 138.399 109.000 116.000 61.000
-8.066 7.516 138.425 114.000 124.000 50.000
-8.067 7.963 138.433 94.000 100.000 42.000
-8.067 8.410 138.441 171.000 175.000 121.000
-7.620 7.963 138.459 82.000 95.000 36.000
-7.621 8.410 138.467 135.000 142.000 86.000
-7.174 7.963 138.485 114.000 125.000 51.000
-7.174 8.410 138.493 92.000 101.000 51.000
-8.331 7.127 135.268 92.000 93.000 39.000
-8.357 7.118 135.714 123.000 133.000 65.000
-8.382 7.110 136.160 143.000 152.000 76.000
-8.408 7.102 136.607 158.000 164.000 84.000
-8.434 7.094 137.053 139.000 144.000 64.000
-7.962 6.655 136.624 104.000 109.000 54.000
-5.524 8.953 133.226 81.000 95.000 29.000
-5.078 8.953 133.252 74.000 88.000 27.000
-5.550 8.498 133.664 103.000 118.000 30.000
-5.550 8.945 133.672 96.000 113.000 34.000
-5.104 8.498 133.690 101.000 116.000 31.000
-5.104 8.945 133.698 93.000 104.000 36.000
-4.658 8.498 133.716 90.000 101.000 35.000
-6.022 7.597 134.068 108.000 114.000 23.000
-6.022 8.043 134.076 110.000 124.000 31.000
-5.576 7.596 134.094 110.000 119.000 20.000
-5.576 8.043 134.102 107.000 122.000 25.000
-5.576 8.490 134.110 100.000 117.000 26.000
-5.576 8.937 134.118 96.000 113.000 34.000
-5.577 9.384 134.126 74.000 82.000 39.000
-5.130 8.043 134.128 111.000 125.000 31.000
-5.130 8.490 134.136 109.000 122.000 32.000
-5.130 8.937 134.144 107.000 118.000 42.000
-5.130 9.384 134.152 86.000 91.000 46.000
-4.683 8.043 134.154 106.000 119.000 35.000
-4.684 8.490 134.162 107.000 119.000 37.000
-4.684 8.936 134.170 94.000 105.000 39.000
-6.048 7.142 134.506 101.000 110.000 24.000
-6.048 7.588 134.514 106.000 117.000 23.000
-6.048 8.035 134.522 109.000 124.000 28.000
-5.601 7.141 134.532 96.000 101.000 18.000
-5.602 7.588 134.540 110.000 127.000 22.000
-5.602 8.035 134.548 111.000 126.000 26.000
-5.602 8.482 134.556 111.000 126.000 32.000
-5.602 8.929 134.564 105.000 118.000 37.000
-5.155 7.588 134.566 94.000 106.000 18.000
-5.156 8.035 134.574 112.000 128.000 31.000
-5.156 8.482 134.582 116.000 129.000 38.000
-5.156 8.929 134.590 112.000 124.000 42.000
-5.156 9.376 134.598 83.000 87.000 47.000
-4.709 7.588 134.592 71.000 85.000 19.000
-4.709 8.035 134.600 97.000 110.000 29.000
-4.710 8.482 134.608 108.000 121.000 37.000
-4.710 8.928 134.616 105.000 119.000 41.000
-4.710 9.375 134.624 81.000 91.000 42.000
-6.074 7.133 134.952 87.000 92.000 20.000
-6.074 7.580 134.960 101.000 112.000 22.000
-6.074 8.027 134.968 108.000 123.000 28.000
-6.074 8.474 134.976 114.000 128.000 38.000
-5.628 7.580 134.986 112.000 128.000 24.000
-5.628 8.027 134.994 114.000 131.000 28.000
-5.628 8.474 135.002 119.000 134.000 36.000
-5.628 8.921 135.010 116.000 128.000 44.000
-5.629 9.368 135.018 85.000 90.000 44.000
-5.181 7.580 135.012 98.000 113.000 22.000
-5.182 8.027 135.020 114.000 130.000 31.000
-5.182 8.474 135.028 112.000 126.000 33.000
-5.182 8.921 135.036 114.000 127.000 43.000
-5.182 9.367 135.044 106.000 114.000 53.000
-4.735 8.027 135.046 89.000 106.000 30.000
-4.736 8.473 135.054 96.000 112.000 34.000
-4.736 8.920 135.062 98.000 112.000 41.000
-4.736 9.367 135.070 86.000 97.000 45.000
-6.100 7.125 135.398 102.000 96.000 21.000
-6.100 7.572 135.406 110.000 119.000 27.000
-6.100 8.019 135.414 113.000 129.000 31.000
-6.100 8.466 135.422 112.000 127.000 36.000
-5.654 7.572 135.432 110.000 126.000 26.000
-5.654 8.019 135.440 117.000 136.000 30.000
-5.654 8.466 135.448 117.000 134.000 32.000
-5.654 8.913 135.456 118.000 130.000 43.000
-5.655 9.360 135.465 120.000 128.000 63.000
-5.207 7.572 135.458 70.000 85.000 18.000
-5.208 8.019 135.466 101.000 119.000 28.000
-5.208 8.466 135.474 99.000 118.000 24.000
-5.208 8.912 135.482 109.000 124.000 37.000
-5.208 9.359 135.490 105.000 116.000 50.000
-4.761 8.018 135.492 91.000 104.000 38.000
-4.762 8.465 135.500 91.000 107.000 34.000
-4.762 8.912 135.508 96.000 109.000 41.000
-4.762 9.359 135.516 95.000 105.000 51.000
-6.572 7.117 135.818 92.000 84.000 21.000
-6.126 7.564 135.852 80.000 90.000 17.000
-6.126 8.011 135.860 110.000 122.000 30.000
-6.126 8.458 135.868 110.000 125.000 35.000
-6.126 8.905 135.877 116.000 127.000 48.000
-5.680 8.011 135.886 94.000 112.000 24.000
-5.680 8.458 135.894 112.000 128.000 31.000
-5.680 8.905 135.903 117.000 129.000 45.000
-5.680 9.351 135.911 109.000 116.000 57.000
-5.234 8.011 135.912 80.000 99.000 23.000
-5.234 8.457 135.920 94.000 113.000 25.000
-5.234 8.904 135.929 108.000 122.000 39.000
-5.234 9.351 135.937 108.000 116.000 54.000
-4.787 8.010 135.938 74.000 88.000 30.000
-4.788 8.457 135.946 89.000 104.000 34.000
-4.788 8.904 135.954 92.000 106.000 41.000
-4.788 9.351 135.963 98.000 107.000 55.000
-6.598 7.109 136.264 139.000 151.000 60.000
-6.598 7.556 136.272 149.000 162.000 60.000
-6.152 8.003 136.306 107.000 116.000 32.000
-6.152 8.450 136.315 115.000 129.000 39.000
-6.152 8.897 136.323 108.000 123.000 42.000
-5.706 8.450 136.341 114.000 131.000 33.000
-5.706 8.896 136.349 112.000 127.000 40.000
-5.706 9.343 136.357 116.000 124.000 59.000
-5.260 8.449 136.367 92.000 110.000 29.000
-5.260 8.896 136.375 110.000 122.000 44.000
-5.260 9.343 136.383 108.000 117.000 56.000
-4.814 8.449 136.393 84.000 98.000 33.000
-4.814 8.896 136.401 91.000 103.000 44.000
-6.624 7.548 136.719 110.000 125.000 38.000
-6.178 7.995 136.753 105.000 121.000 35.000
-6.178 8.442 136.761 114.000 128.000 38.000
-6.178 8.889 136.769 113.000 125.000 46.000
-6.179 9.335 136.777 110.000 118.000 56.000
-5.732 8.441 136.787 93.000 111.000 28.000
-5.732 8.888 136.795 109.000 122.000 42.000
-5.732 9.335 136.803 113.000 122.000 55.000
-5.286 8.441 136.813 66.000 80.000 23.000
-5.286 8.888 136.821 93.000 108.000 38.000
-5.286 9.335 136.829 111.000 119.000 60.000
-6.650 7.987 137.173 94.000 107.000 35.000
-6.204 8.434 137.207 110.000 124.000 41.000
-6.204 8.881 137.215 120.000 130.000 55.000
-6.205 9.327 137.223 90.000 94.000 52.000
-5.758 8.433 137.233 83.000 100.000 28.000
-5.758 8.880 137.241 113.000 125.000 49.000
-5.758 9.327 137.249 115.000 121.000 66.000
-5.759 9.774 137.257 78.000 80.000 54.000
-5.312 8.880 137.267 73.000 85.000 36.000
-6.676 7.979 137.619 102.000 113.000 41.000
-6.676 8.426 137.627 128.000 138.000 58.000
-6.230 8.426 137.653 99.000 111.000 39.000
-6.230 8.872 137.661 118.000 127.000 58.000
-6.231 9.319 137.669 109.000 115.000 62.000
-5.784 8.425 137.679 76.000 92.000 30.000
-5.784 8.872 137.687 98.000 107.000 49.000
-5.784 9.319 137.695 102.000 106.000 67.000
-6.702 7.971 138.065 87.000 101.000 36.000
-6.702 8.418 138.073 112.000 120.000 53.000
-4.814 9.343 136.409 83.000 92.000 47.000
-4.840 8.441 136.839 68.000 84.000 31.000
-4.840 8.888 136.847 80.000 93.000 42.000
-5.312 9.327 137.275 91.000 99.000 56.000
