30.205528992641575 28.308439266990423 141.04084351556133 87.0 98.0 40.0
29.755193857435884 27.401330171388427 141.49912721306748 111.0 118.0 66.0
30.20899082511665 27.855140038879856 141.4951547412115 81.0 91.0 40.0
30.208988871073082 28.308951860414854 141.49464214778712 87.0 100.0 37.0
30.20898691702952 28.762763681949846 141.49412955436267 89.0 101.0 35.0
30.208984962985948 29.216575503484844 141.49361696093823 89.0 101.0 34.0
30.66278779279742 28.308949906371286 141.4911822693556 73.0 82.0 34.0
30.66278583875386 28.76276172790628 141.49066967593114 78.0 87.0 36.0
30.66278388471029 29.216573549441275 141.49015708250673 72.0 81.0 33.0
29.758655689910952 26.948030943277864 141.95343843871765 84.0 89.0 51.0
29.758653735867384 27.401842764812862 141.95292584529324 114.0 122.0 63.0
29.758651781823822 27.855654586347857 141.9524132518688 103.0 113.0 46.0
30.21245265759172 27.401840810769297 141.9494659668617 125.0 131.0 71.0
30.212450703548157 27.85565263230429 141.9489533734373 105.0 115.0 49.0
30.212448749504585 28.309464453839286 141.94844078001287 106.0 117.0 43.0
30.212446795461016 28.76327627537428 141.94792818658843 106.0 116.0 42.0
30.212444841417454 29.217088096909276 141.94741559316398 110.0 120.0 44.0
30.212442887373886 29.670899918444267 141.94690299973956 103.0 114.0 44.0
30.66624962527249 27.855650678260726 141.9454934950058 106.0 114.0 54.0
30.66624767122892 28.30946249979572 141.94498090158135 111.0 119.0 50.0
30.666245717185358 28.763274321330712 141.9444683081569 109.0 116.0 51.0
30.66624376314179 29.217086142865707 141.9439557147325 108.0 115.0 54.0
31.120048546996824 27.855648724217158 141.94203361657426 80.0 85.0 43.0
31.120046592953255 28.309460545752152 141.94152102314985 123.0 131.0 59.0
31.120044638909693 28.763272367287147 141.94100842972543 114.0 122.0 57.0
31.12004268486612 29.21708418882214 141.94049583630098 116.0 123.0 68.0
29.308316646618124 26.94854549074586 142.41069694937494 91.0 98.0 50.0
29.76211556834246 26.948543536702296 142.4072370709434 106.0 115.0 56.0
29.76211361429889 27.40235535823729 142.40672447751896 112.0 122.0 52.0
29.76211166025533 27.85616717977229 142.40621188409455 113.0 122.0 45.0
29.762109706211756 28.309979001307283 142.40569929067013 114.0 124.0 43.0
29.762107752168188 28.763790822842278 142.40518669724568 103.0 116.0 35.0
30.215914490066794 26.94854158265873 142.4037771925119 124.0 131.0 70.0
30.215912536023225 27.402353404193725 142.40326459908746 137.0 146.0 70.0
30.21591058197966 27.856165225728724 142.40275200566305 140.0 148.0 63.0
30.21590862793609 28.309977047263718 142.4022394122386 129.0 139.0 50.0
30.215906673892523 28.76378886879871 142.40172681881418 118.0 128.0 44.0
30.21590471984896 29.217600690333708 142.40121422538977 109.0 120.0 41.0
30.215902765805392 29.6714125118687 142.40070163196532 93.0 106.0 35.0
30.669713411791125 26.948539628615165 142.40031731408038 81.0 85.0 51.0
30.669711457747557 27.40235145015016 142.399804720656 142.0 149.0 78.0
30.669709503703995 27.856163271685155 142.39929212723155 148.0 154.0 71.0
30.669707549660426 28.309975093220153 142.3987795338071 138.0 146.0 60.0
30.669705595616865 28.763786914755144 142.39826694038268 130.0 139.0 59.0
30.669703641573292 29.217598736290135 142.39775434695824 127.0 135.0 62.0
30.66970168752973 29.671410557825137 142.39724175353382 107.0 115.0 55.0
31.12350842542833 27.85616131764159 142.39583224880002 144.0 149.0 79.0
31.12350647138476 28.309973139176584 142.39531965537563 145.0 151.0 74.0
31.123504517341196 28.76378496071158 142.39480706195118 149.0 156.0 76.0
31.123502563297627 29.217596782246574 142.39429446852674 148.0 155.0 79.0
31.123500609254066 29.67140860378157 142.3937818751023 135.0 142.0 82.0
31.577305393109093 28.309971185133016 142.3918597769441 98.0 104.0 53.0
31.57730343906553 28.763783006668014 142.39134718351966 111.0 118.0 61.0
31.577301485021962 29.217594828203005 142.39083459009524 117.0 126.0 66.0
29.311776525049623 26.949058084170293 142.8644955816007 102.0 111.0 52.0
29.31177457100606 27.402869905705288 142.86398298817625 111.0 118.0 51.0
29.765577400817527 26.495244308591733 142.8615482965936 99.0 106.0 55.0
29.76557544677396 26.949056130126728 142.86103570316916 119.0 128.0 60.0
29.765573492730393 27.402867951661722 142.86052310974472 123.0 132.0 53.0
29.765571538686824 27.856679773196717 142.86001051632033 123.0 132.0 45.0
29.765569584643256 28.310491594731715 142.85949792289588 124.0 133.0 43.0
29.765567630599694 28.76430341626671 142.85898532947144 106.0 119.0 34.0
29.765565676556125 29.2181152378017 142.85847273604702 89.0 105.0 27.0
30.219376322541862 26.495242354548164 142.85808841816208 106.0 113.0 59.0
30.219374368498293 26.949054176083163 142.85757582473767 139.0 146.0 74.0
30.219372414454728 27.402865997618157 142.85706323131325 142.0 150.0 62.0
30.21937046041116 27.856677819153152 142.8565506378888 140.0 148.0 52.0
30.21936850636759 28.31048964068815 142.85603804446436 136.0 144.0 47.0
30.21936655232403 28.76430146222314 142.85552545103994 127.0 137.0 46.0
30.21936459828046 29.218113283758136 142.85501285761552 112.0 122.0 43.0
30.219362644236895 29.67192510529313 142.85450026419107 102.0 114.0 42.0
30.673173290222632 26.949052222039594 142.85411594630617 141.0 145.0 80.0
30.673171336179063 27.402864043574592 142.85360335288172 149.0 154.0 73.0
30.6731693821355 27.856675865109587 142.8530907594573 152.0 154.0 62.0
30.67316742809193 28.31048768664458 142.85257816603286 152.0 158.0 62.0
30.673165474048368 28.764299508179576 142.85206557260844 142.0 150.0 62.0
30.6731635200048 29.218111329714567 142.851552979184 126.0 134.0 55.0
30.673161565961237 29.671923151249565 142.85104038575957 127.0 135.0 66.0
30.67315961191767 30.12573497278456 142.85052779233516 76.0 85.0 37.0
31.126970257903398 27.402862089531027 142.85014347445022 132.0 136.0 77.0
31.126968303859833 27.85667391106602 142.8496308810258 139.0 142.0 74.0
31.126966349816264 28.310485732601013 142.84911828760136 150.0 153.0 78.0
31.126964395772703 28.76429755413601 142.84860569417694 150.0 156.0 77.0
31.126962441729134 29.218109375671006 142.8480931007525 148.0 155.0 71.0
31.12696048768557 29.671921197205997 142.84758050732808 143.0 151.0 77.0
31.126958533642 30.125733018740995 142.84706791390363 83.0 92.0 44.0
31.580767225584168 27.856671957022456 142.8461710025943 94.0 97.0 60.0
31.5807652715406 28.310483778557447 142.84565840916986 144.0 150.0 82.0
31.580763317497038 28.764295600092442 142.8451458157454 151.0 158.0 80.0
31.580761363453465 29.218107421627437 142.844633222321 148.0 158.0 73.0
31.580759409409904 29.671919243162435 142.84412062889658 117.0 124.0 73.0
29.31523640348113 26.949570677594725 143.31829421382642 112.0 119.0 59.0
29.315234449437565 27.40338249912972 143.317781620402 111.0 119.0 49.0
29.315232495393996 27.857194320664714 143.31726902697756 112.0 119.0 47.0
29.315230541350427 28.311006142199712 143.31675643355314 95.0 107.0 38.0
29.769037279249034 26.49575690201616 143.31534692881937 117.0 125.0 63.0
29.76903532520546 26.94956872355116 143.31483433539492 131.0 139.0 63.0
29.7690333711619 27.403380545086154 143.3143217419705 127.0 136.0 53.0
29.76903141711833 27.85719236662115 143.31380914854606 125.0 133.0 47.0
29.769029463074762 28.311004188156144 143.31329655512164 120.0 130.0 44.0
29.7690275090312 28.764816009691142 143.3127839616972 99.0 112.0 33.0
29.76902555498763 29.218627831226136 143.31227136827277 80.0 96.0 27.0
29.769023600944067 29.672439652761135 143.31175877484833 80.0 87.0 28.0
30.222836200973365 26.495754947972596 143.31188705038784 118.0 125.0 63.0
30.222834246929796 26.94956676950759 143.31137445696342 135.0 144.0 64.0
30.222832292886235 27.40337859104259 143.310861863539 139.0 148.0 59.0
30.222830338842666 27.857190412577584 143.31034927011456 141.0 148.0 51.0
30.222828384799097 28.31100223411258 143.3098366766901 134.0 143.0 47.0
30.222826430755532 28.764814055647573 143.3093240832657 121.0 131.0 43.0
30.222824476711963 29.218625877182568 143.30881148984128 105.0 117.0 37.0
30.2228225226684 29.672437698717566 143.30829889641683 93.0 103.0 33.0
30.222820568624833 30.126249520252564 143.3077863029924 70.0 84.0 22.0
30.6766351226977 26.49575299392903 143.30842717195634 82.0 86.0 48.0
30.67663316865414 26.949564815464026 143.30791457853192 137.0 145.0 74.0
30.67663121461057 27.40337663699902 143.30740198510748 145.0 153.0 65.0
30.676629260567005 27.85718845853402 143.30688939168306 151.0 157.0 61.0
30.676627306523436 28.311000280069013 143.30637679825864 150.0 154.0 57.0
30.676625352479874 28.764812101604004 143.3058642048342 140.0 148.0 57.0
30.676623398436305 29.218623923139006 143.30535161140975 129.0 138.0 51.0
30.67662144439274 29.672435744674004 143.30483901798533 121.0 131.0 50.0
30.67661949034917 30.126247566208995 143.3043264245609 81.0 95.0 29.0
31.13043209037847 26.94956286142046 143.30445470010042 118.0 124.0 71.0
31.1304301363349 27.403374682955455 143.30394210667598 143.0 150.0 78.0
31.13042818229134 27.857186504490453 143.30342951325156 149.0 156.0 72.0
31.13042622824777 28.310998326025445 143.3029169198271 154.0 159.0 71.0
31.13042427420421 28.76481014756044 143.3024043264027 152.0 158.0 69.0
31.130422320160637 29.218621969095437 143.30189173297828 153.0 160.0 69.0
31.130420366117075 29.672433790630436 143.30137913955383 150.0 159.0 72.0
31.130418412073507 30.126245612165434 143.30086654612938 106.0 117.0 50.0
31.584227104015675 27.857184550446885 143.29996963482006 142.0 147.0 79.0
31.584225149972106 28.31099637198188 143.2994570413956 163.0 167.0 84.0
31.58422319592854 28.764808193516874 143.2989444479712 156.0 161.0 76.0
31.584221241884972 29.218620015051872 143.29843185454675 161.0 164.0 73.0
31.58421928784141 29.67243183658687 143.29791926112233 166.0 173.0 87.0
31.58421733379784 30.126243658121865 143.29740666769789 73.0 82.0 38.0
32.03802407169644 28.31099441793831 143.2959971629641 96.0 100.0 55.0
32.03802211765287 28.76480623947331 143.2954845695397 113.0 119.0 62.0
32.0380201636093 29.218618061008303 143.29497197611525 116.0 120.0 59.0
29.318698235956205 26.49627144948416 143.77260543947662 93.0 97.0 51.0
29.318696281912633 26.950083271019153 143.77209284605217 125.0 132.0 59.0
29.31869432786907 27.40389509255415 143.77158025262776 124.0 132.0 57.0
29.318692373825503 27.857706914089146 143.77106765920334 116.0 123.0 54.0
29.318690419781934 28.31151873562414 143.7705550657789 82.0 91.0 37.0
29.318688465738372 28.76533055715914 143.77004247235445 70.0 81.0 39.0
29.772497157680537 26.496269495440593 143.76914556104512 121.0 128.0 61.0
29.772495203636968 26.950081316975588 143.76863296762068 133.0 142.0 60.0
29.772493249593406 27.403893138510586 143.76812037419626 132.0 141.0 56.0
29.772491295549838 27.85770496004558 143.7676077807718 129.0 139.0 52.0
29.77248934150627 28.311516781580575 143.7670951873474 116.0 127.0 45.0
29.772487387462704 28.76532860311557 143.76658259392298 98.0 113.0 37.0
29.772485433419135 29.21914042465057 143.76607000049853 80.0 96.0 33.0
29.772483479375573 29.672952246185567 143.76555740707408 102.0 115.0 47.0
29.772481525332005 30.126764067720558 143.76504481364964 73.0 87.0 22.0
30.22629607940487 26.496267541397028 143.7656856826136 123.0 131.0 65.0
30.226294125361303 26.950079362932023 143.76517308918918 136.0 145.0 62.0
30.226292171317738 27.403891184467017 143.76466049576476 134.0 144.0 55.0
30.22629021727417 27.857703006002016 143.7641479023403 138.0 147.0 53.0
30.2262882632306 28.31151482753701 143.7636353089159 129.0 141.0 44.0
30.22628630918704 28.765326649072 143.76312271549145 115.0 127.0 38.0
30.22628435514347 29.219138470607 143.76261012206703 94.0 109.0 29.0
30.226282401099905 29.672950292141998 143.76209752864258 81.0 89.0 25.0
30.680095001129207 26.49626558735346 143.76222580418212 116.0 123.0 68.0
30.68009304708564 26.950077408888458 143.76171321075768 137.0 146.0 70.0
30.680091093042073 27.403889230423452 143.76120061733323 140.0 149.0 61.0
30.68008913899851 27.857701051958447 143.7606880239088 144.0 152.0 56.0
30.680087184954942 28.311512873493445 143.7601754304844 144.0 150.0 52.0
30.680085230911377 28.765324695028436 143.75966283705995 141.0 145.0 48.0
30.68008327686781 29.219136516563434 143.7591502436355 128.0 131.0 39.0
30.680081322824247 29.672948338098436 143.75863765021109 103.0 108.0 31.0
30.680079368780678 30.126760159633427 143.75812505678667 67.0 81.0 19.0
31.133891968809976 26.950075454844892 143.75825333232618 137.0 143.0 80.0
31.133890014766408 27.403887276379887 143.75774073890176 144.0 152.0 75.0
31.133888060722846 27.85769909791488 143.7572281454773 150.0 157.0 69.0
31.133886106679274 28.311510919449876 143.75671555205287 152.0 159.0 65.0
31.133884152635712 28.76532274098487 143.75620295862842 162.0 163.0 67.0
31.133882198592143 29.219134562519866 143.75569036520403 159.0 164.0 63.0
31.133880244548582 29.672946384054864 143.75517777177959 151.0 160.0 63.0
31.133878290505013 30.126758205589866 143.75466517835514 102.0 117.0 39.0
31.587688936490743 27.403885322336322 143.75428086047023 121.0 127.0 71.0
31.587686982447178 27.857697143871317 143.7537682670458 150.0 156.0 81.0
31.58768502840361 28.311508965406308 143.75325567362137 156.0 163.0 78.0
31.587683074360047 28.765320786941306 143.75274308019695 158.0 165.0 74.0
31.58768112031648 29.219132608476304 143.7522304867725 163.0 168.0 71.0
31.587679166272913 29.672944430011302 143.75171789334806 162.0 171.0 79.0
31.587677212229345 30.126756251546297 143.75120529992367 123.0 134.0 60.0
32.04148590417151 27.857695189827748 143.7503083886143 96.0 99.0 60.0
32.04148395012794 28.311507011362743 143.74979579518987 153.0 158.0 89.0
32.04148199608438 28.765318832897737 143.74928320176545 147.0 155.0 80.0
32.04148004204081 29.219130654432735 143.748770608341 150.0 157.0 78.0
32.04147808799725 29.672942475967734 143.7482580149166 133.0 140.0 76.0
29.3221581143877 26.49678404290859 144.22640407170238 96.0 100.0 50.0
29.32215616034414 26.950595864443585 144.22589147827793 130.0 132.0 61.0
29.32215420630057 27.40440768597858 144.2253788848535 128.0 135.0 62.0
29.32215225225701 27.858219507513578 144.2248662914291 100.0 107.0 49.0
29.775957036112036 26.496782088865025 144.22294419327088 128.0 135.0 64.0
29.775955082068474 26.95059391040002 144.22243159984646 141.0 148.0 64.0
29.775953128024906 27.404405731935015 144.221919006422 143.0 150.0 64.0
29.77595117398134 27.858217553470013 144.22140641299757 139.0 147.0 61.0
29.77594921993777 28.312029375005007 144.22089381957312 119.0 130.0 48.0
29.775947265894203 28.765841196540002 144.22038122614873 95.0 109.0 39.0
29.77594531185064 29.219653018074997 144.21986863272429 85.0 97.0 40.0
29.775943357807073 29.67346483961 144.21935603929984 176.0 180.0 103.0
29.775941403763508 30.12727666114499 144.21884344587542 127.0 139.0 53.0
30.22975595783637 26.496780134821456 144.21948431483938 134.0 143.0 73.0
30.229754003792806 26.950591956356455 144.21897172141493 145.0 153.0 69.0
30.229752049749237 27.40440377789145 144.2184591279905 146.0 153.0 63.0
30.229750095705676 27.858215599426444 144.21794653456607 141.0 150.0 55.0
30.229748141662107 28.312027420961442 144.21743394114165 130.0 141.0 44.0
30.229746187618538 28.765839242496433 144.2169213477172 113.0 126.0 36.0
30.229744233574973 29.219651064031428 144.21640875429276 85.0 101.0 23.0
30.229742279531404 29.67346288556643 144.21589616086837 90.0 103.0 27.0
30.683554879560702 26.49677818077789 144.21602443640788 137.0 144.0 84.0
30.68355292551714 26.950590002312886 144.21551184298343 148.0 156.0 78.0
30.683550971473572 27.404401823847884 144.21499924955899 143.0 152.0 64.0
30.68354901743001 27.85821364538288 144.21448665613457 141.0 150.0 51.0
30.683547063386442 28.312025466917873 144.21397406271015 136.0 146.0 44.0
30.683545109342877 28.765837288452868 144.2134614692857 121.0 131.0 34.0
30.683543155299308 29.219649109987866 144.2129488758613 116.0 124.0 30.0
30.683541201255746 29.673460931522865 144.21243628243684 93.0 103.0 26.0
31.137351847241476 26.95058804826932 144.2120519645519 147.0 152.0 85.0
31.137349893197907 27.40439986980432 144.21153937112751 155.0 160.0 81.0
31.137347939154342 27.858211691339314 144.21102677770307 155.0 163.0 73.0
31.137345985110773 28.312023512874305 144.21051418427862 159.0 164.0 68.0
31.13734403106721 28.765835334409303 144.2100015908542 158.0 163.0 62.0
31.137342077023643 29.219647155944298 144.2094889974298 156.0 161.0 56.0
31.13734012298008 29.673458977479296 144.20897640400534 142.0 154.0 54.0
31.13733816893651 30.127270799014294 144.2084638105809 105.0 119.0 36.0
31.59114881492224 27.40439791576075 144.208079492696 154.0 159.0 91.0
31.591146860878677 27.85820973729575 144.20756689927154 162.0 167.0 86.0
31.59114490683511 28.31202155883074 144.20705430584715 170.0 175.0 85.0
31.591142952791547 28.765833380365734 144.2065417124227 165.0 173.0 79.0
31.591140998747978 29.219645201900736 144.20602911899826 166.0 173.0 74.0
31.591139044704413 29.673457023435734 144.20551652557384 164.0 175.0 78.0
31.591137090660844 30.127268844970725 144.20500393214942 132.0 142.0 64.0
32.04494578260301 27.85820778325218 144.20410702084007 160.0 162.0 98.0
32.04494382855944 28.312019604787174 144.20359442741562 177.0 181.0 102.0
32.04494187451588 28.76583142632217 144.20308183399118 164.0 172.0 91.0
32.04493992047231 29.219643247857164 144.20256924056676 175.0 182.0 91.0
32.04493796642875 29.673455069392165 144.20205664714234 173.0 183.0 99.0
32.04493601238518 30.127266890927164 144.2015440537179 78.0 83.0 48.0
29.325617992819208 26.497296636333022 144.68020270392813 98.0 101.0 57.0
29.325616038775646 26.95110845786802 144.67969011050369 127.0 134.0 64.0
29.325614084732077 27.404920279403015 144.67917751707927 121.0 126.0 58.0
29.325612130688512 27.85873210093801 144.67866492365485 93.0 99.0 45.0
29.325610176644943 28.312543922473008 144.6781523302304 78.0 86.0 37.0
29.325608222601375 28.766355744008003 144.677639736806 83.0 91.0 47.0
29.325606268557813 29.22016756554299 144.67712714338154 138.0 146.0 106.0
29.325604314514244 29.673979387077992 144.6766145499571 171.0 177.0 126.0
29.77941886858711 26.043482860754462 144.67725541892105 88.0 93.0 54.0
29.779416914543543 26.497294682289457 144.67674282549663 136.0 141.0 73.0
29.779414960499977 26.951106503824455 144.67623023207221 143.0 150.0 69.0
29.77941300645641 27.40491832535945 144.67571763864777 147.0 154.0 67.0
29.779411052412847 27.858730146894445 144.67520504522332 143.0 150.0 62.0
29.77940909836928 28.31254196842944 144.6746924517989 127.0 137.0 51.0
29.77940714432571 28.766353789964437 144.6741798583745 99.0 112.0 40.0
29.779405190282144 29.22016561149943 144.67366726495004 88.0 99.0 38.0
29.779403236238576 29.673977433034427 144.67315467152562 139.0 151.0 68.0
29.779401282195014 30.12778925456942 144.67264207810118 154.0 164.0 70.0
30.233217790311446 26.043480906710897 144.67379554048955 81.0 85.0 49.0
30.233215836267874 26.497292728245892 144.67328294706513 144.0 150.0 80.0
30.233213882224312 26.951104549780887 144.6727703536407 151.0 158.0 74.0
30.233211928180744 27.404916371315885 144.67225776021624 156.0 161.0 69.0
30.233209974137182 27.85872819285088 144.67174516679185 153.0 159.0 61.0
30.233208020093613 28.312540014385874 144.6712325733674 137.0 145.0 47.0
30.23320606605004 28.76635183592087 144.67071997994296 112.0 125.0 35.0
30.23320411200648 29.22016365745586 144.67020738651854 96.0 111.0 28.0
30.23320215796291 29.673975478990858 144.66969479309412 109.0 122.0 36.0
30.23320020391935 30.127787300525856 144.66918219966968 75.0 88.0 24.0
30.68701475799221 26.497290774202327 144.66982306863363 156.0 160.0 94.0
30.687012803948647 26.95110259573732 144.6693104752092 159.0 165.0 86.0
30.68701084990508 27.404914417272316 144.66879788178477 161.0 165.0 75.0
30.687008895861513 27.858726238807314 144.66828528836032 158.0 163.0 61.0
30.687006941817945 28.31253806034231 144.66777269493588 148.0 154.0 50.0
30.687004987774383 28.7663498818773 144.66726010151146 127.0 138.0 37.0
30.687003033730814 29.2201617034123 144.66674750808704 109.0 122.0 27.0
30.68700107968725 29.673973524947296 144.6662349146626 103.0 116.0 29.0
31.140813679716544 26.49728882015876 144.6663631902021 82.0 83.0 56.0
31.14081172567298 26.951100641693756 144.6658505967777 154.0 158.0 89.0
31.14080977162941 27.40491246322875 144.66533800335327 158.0 163.0 78.0
31.14080781758585 27.858724284763746 144.66482540992882 163.0 169.0 74.0
31.14080586354228 28.31253610629874 144.6643128165044 162.0 169.0 68.0
31.140803909498718 28.766347927833735 144.66380022307996 154.0 162.0 59.0
31.140801955455146 29.22015974936873 144.6632876296555 142.0 154.0 50.0
31.140800001411584 29.673971570903728 144.6627750362311 132.0 146.0 46.0
31.140798047368015 30.127783392438726 144.66226244280668 95.0 110.0 32.0
31.594610647397314 26.95109868765019 144.6623907183462 105.0 105.0 67.0
31.594608693353745 27.404910509185186 144.66187812492174 164.0 170.0 96.0
31.594606739310183 27.85872233072018 144.66136553149732 171.0 176.0 92.0
31.594604785266615 28.312534152255175 144.6608529380729 183.0 188.0 93.0
31.59460283122305 28.76634597379017 144.66034034464846 173.0 181.0 84.0
31.59460087717948 29.220157795325164 144.65982775122401 170.0 180.0 79.0
31.59459892313592 29.673969616860166 144.6593151577996 172.0 183.0 86.0
31.59459696909235 30.127781438395157 144.65880256437518 131.0 142.0 66.0
32.04840761507808 27.40490855514162 144.65841824649024 129.0 129.0 83.0
32.048405661034515 27.85872037667661 144.65790565306582 177.0 180.0 108.0
32.048403706990946 28.312532198211606 144.65739305964138 185.0 189.0 106.0
32.048401752947385 28.766344019746604 144.65688046621693 176.0 184.0 97.0
32.048399798903816 29.220155841281596 144.65636787279254 179.0 188.0 97.0
32.048397844860254 29.673967662816594 144.6558552793681 189.0 198.0 111.0
32.048395890816685 30.127779484351596 144.65534268594365 113.0 118.0 74.0
32.50220262871528 28.31253024416804 144.65393318120988 103.0 108.0 65.0
32.50220067467172 28.76634206570304 144.65342058778546 99.0 104.0 59.0
32.50219872062815 29.220153887238034 144.65290799436102 116.0 123.0 66.0
32.50219676658459 29.673965708773032 144.65239540093657 81.0 84.0 52.0
29.329075917207142 26.95162105129245 145.13348874272947 120.0 121.0 60.0
29.782876792975046 26.49780727571389 145.1305414577224 128.0 134.0 66.0
29.782874838931477 26.951619097248884 145.13002886429797 141.0 145.0 66.0
29.782872884887915 27.405430918783882 145.12951627087352 141.0 146.0 61.0
29.782870930844346 27.859242740318876 145.1290036774491 137.0 145.0 55.0
29.782868976800778 28.31305456185387 145.12849108402466 129.0 139.0 50.0
29.782867022757213 28.766866383388866 145.1279784906002 117.0 129.0 47.0
29.782865068713644 29.22067820492386 145.1274658971758 104.0 117.0 43.0
29.782863114670082 29.67449002645886 145.12695330375138 83.0 97.0 30.0
30.23667571469938 26.497805321670324 145.1270815792909 147.0 152.0 80.0
30.236673760655812 26.95161714320532 145.12656898586644 155.0 159.0 73.0
30.23667180661225 27.405428964740313 145.12605639244202 156.0 160.0 67.0
30.236669852568678 27.85924078627531 145.1255437990176 157.0 162.0 62.0
30.23666789852511 28.313052607810306 145.12503120559316 147.0 154.0 52.0
30.236665944481548 28.766864429345297 145.1245186121687 128.0 140.0 42.0
30.23666399043798 29.22067625088029 145.1240060187443 111.0 123.0 34.0
30.236662036394417 29.67448807241529 145.12349342531985 89.0 104.0 27.0
30.690474636423716 26.497803367626755 145.12362170085936 160.0 163.0 95.0
30.69047268238015 26.951615189161753 145.12310910743494 166.0 170.0 86.0
30.69047072833658 27.405427010696748 145.12259651401052 164.0 166.0 76.0
30.69046877429302 27.859238832231743 145.12208392058608 166.0 167.0 65.0
30.69046682024945 28.31305065376674 145.12157132716163 157.0 160.0 54.0
30.69046486620589 28.766862475301732 145.12105873373724 132.0 144.0 41.0
30.690462912162317 29.220674296836727 145.1205461403128 113.0 125.0 30.0
30.690460958118756 29.67448611837173 145.12003354688835 110.0 122.0 34.0
31.144273558148047 26.49780141358319 145.1201618224279 159.0 156.0 109.0
31.144271604104485 26.951613235118188 145.11964922900344 174.0 175.0 101.0
31.144269650060917 27.405425056653183 145.119136635579 161.0 165.0 81.0
31.144267696017355 27.859236878188177 145.11862404215458 162.0 167.0 70.0
31.144265741973786 28.313048699723172 145.11811144873016 161.0 168.0 67.0
31.14426378793022 28.766860521258167 145.11759885530572 150.0 161.0 57.0
31.144261833886652 29.220672342793158 145.11708626188127 135.0 148.0 46.0
31.14425987984309 29.67448416432816 145.11657366845688 137.0 149.0 51.0
31.144257925799522 30.128295985863158 145.11606107503243 119.0 131.0 49.0
31.59807052582882 26.95161128107462 145.11618935057194 148.0 144.0 99.0
31.59806857178525 27.405423102609618 145.1156767571475 176.0 179.0 107.0
31.598066617741686 27.859234924144612 145.11516416372308 172.0 179.0 93.0
31.598064663698118 28.313046745679603 145.11465157029863 172.0 181.0 87.0
31.598062709654556 28.7668585672146 145.11413897687422 173.0 182.0 85.0
31.598060755610987 29.220670388749596 145.1136263834498 168.0 177.0 78.0
31.598058801567426 29.674482210284594 145.11311379002535 170.0 181.0 82.0
31.598056847523853 30.12829403181959 145.1126011966009 156.0 167.0 81.0
32.05186749350958 27.40542114856605 145.11221687871603 105.0 104.0 71.0
32.05186553946602 27.859232970101043 145.11170428529158 183.0 186.0 116.0
32.05186358542245 28.313044791636038 145.11119169186713 184.0 191.0 111.0
32.05186163137889 28.766856613171033 145.11067909844272 186.0 194.0 105.0
32.05185967733532 29.220668434706027 145.11016650501827 185.0 193.0 101.0
32.05185772329176 29.674480256241026 145.10965391159385 200.0 207.0 117.0
32.05185576924819 30.128292077776024 145.1091413181694 154.0 163.0 98.0
32.50566250714679 28.313042837592473 145.10773181343566 145.0 148.0 92.0
32.505660553103226 28.766854659127468 145.10721922001122 158.0 165.0 92.0
32.50565859905966 29.220666480662466 145.10670662658677 145.0 152.0 80.0
29.786336671406552 26.49831986913832 145.58434008994814 121.0 126.0 61.0
29.786334717362983 26.952131690673315 145.5838274965237 146.0 137.0 68.0
29.78633276331942 27.40594351220831 145.58331490309928 148.0 145.0 73.0
29.78633080927585 27.85975533374331 145.58280230967486 115.0 126.0 42.0
29.78632885523228 28.313567155278303 145.58228971625041 104.0 117.0 36.0
29.78632690118872 28.767378976813298 145.58177712282597 101.0 114.0 39.0
29.78632494714515 29.221190798348292 145.58126452940158 116.0 129.0 51.0
29.78632299310159 29.67500261988329 145.58075193597713 125.0 139.0 52.0
29.786321039058016 30.12881444141828 145.5802393425527 128.0 136.0 57.0
30.24013754717445 26.044506093559757 145.5813928049411 94.0 97.0 59.0
30.240135593130887 26.498317915094752 145.58088021151664 152.0 152.0 80.0
30.24013363908732 26.95212973662975 145.5803676180922 161.0 155.0 77.0
30.240131685043753 27.405941558164745 145.57985502466778 166.0 160.0 75.0
30.240129731000184 27.85975337969974 145.57934243124333 136.0 144.0 45.0
30.240127776956616 28.313565201234738 145.57882983781892 121.0 134.0 36.0
30.240125822913054 28.76737702276973 145.5783172443945 110.0 124.0 33.0
30.240123868869485 29.22118884430472 145.57780465097005 109.0 123.0 36.0
30.24012191482592 29.675000665839722 145.5772920575456 118.0 131.0 43.0
30.69393451485522 26.498315961051187 145.57742033308512 180.0 173.0 105.0
30.693932560811657 26.95212778258618 145.57690773966073 177.0 169.0 90.0
30.693930606768088 27.40593960412118 145.57639514623628 173.0 170.0 78.0
30.693928652724527 27.859751425656174 145.57588255281183 159.0 161.0 57.0
30.693926698680958 28.31356324719117 145.57536995938742 141.0 149.0 45.0
30.693924744637393 28.767375068726164 145.57485736596297 125.0 138.0 38.0
30.693922790593824 29.22118689026116 145.57434477253855 123.0 135.0 37.0
30.693920836550262 29.674998711796157 145.5738321791141 120.0 134.0 41.0
31.147733436579554 26.49831400700762 145.57396045465364 138.0 132.0 93.0
31.147731482535992 26.952125828542616 145.5734478612292 178.0 172.0 102.0
31.147729528492423 27.405937650077615 145.57293526780475 164.0 166.0 79.0
31.147727574448858 27.85974947161261 145.57242267438036 167.0 169.0 76.0
31.14772562040529 28.3135612931476 145.57191008095592 165.0 171.0 72.0
31.147723666361728 28.7673731146826 145.57139748753147 158.0 166.0 63.0
31.14772171231816 29.22118493621759 145.57088489410702 140.0 152.0 52.0
31.147719758274594 29.674996757752588 145.57037230068264 159.0 169.0 69.0
31.147717804231025 30.128808579287586 145.5698597072582 125.0 137.0 54.0
31.601530404260323 26.95212387449905 145.5699879827977 176.0 166.0 113.0
31.601528450216755 27.405935696034046 145.56947538937328 174.0 174.0 103.0
31.601526496173193 27.859747517569044 145.56896279594883 184.0 189.0 104.0
31.601524542129624 28.313559339104035 145.5684502025244 191.0 198.0 100.0
31.601522588086063 28.76737116063903 145.56793760909997 188.0 197.0 96.0
31.60152063404249 29.221182982174028 145.56742501567555 182.0 191.0 89.0
31.60151867999893 29.674994803709026 145.5669124222511 177.0 187.0 88.0
31.60151672595536 30.128806625244017 145.56639982882666 146.0 157.0 72.0
32.05532737194109 27.40593374199048 145.56601551094175 101.0 101.0 65.0
32.05532541789753 27.859745563525475 145.56550291751734 201.0 200.0 124.0
32.05532346385396 28.31355738506047 145.5649903240929 202.0 206.0 120.0
32.0553215098104 28.767369206595465 145.56447773066847 195.0 202.0 109.0
32.05531955576683 29.22118102813046 145.56396513724403 193.0 202.0 103.0
32.05531760172326 29.674992849665458 145.5634525438196 188.0 198.0 104.0
32.05531564767969 30.128804671200456 145.5629399503952 127.0 134.0 72.0
32.50912433962186 27.859743609481907 145.5620430390858 91.0 90.0 60.0
32.509122385578294 28.313555431016905 145.5615304456614 183.0 184.0 118.0
32.50912043153473 28.7673672525519 145.56101785223697 152.0 155.0 89.0
32.50911847749116 29.221179074086894 145.56050525881253 136.0 138.0 81.0
32.509116523447595 29.674990895621892 145.5599926653881 83.0 83.0 54.0
29.78979654983805 26.49883246256275 146.0381387221739 103.0 109.0 53.0
29.789794595794486 26.952644284097747 146.03762612874945 132.0 126.0 60.0
29.789792641750918 27.406456105632742 146.03711353532506 125.0 122.0 59.0
29.789790687707356 27.860267927167737 146.03660094190062 100.0 110.0 42.0
29.789788733663787 28.314079748702735 146.03608834847617 85.0 97.0 35.0
29.78978677962022 28.76789157023773 146.03557575505175 94.0 106.0 44.0
29.789784825576653 29.22170339177272 146.0350631616273 114.0 127.0 56.0
29.789782871533085 29.67551521330772 146.0345505682029 151.0 164.0 74.0
29.789780917489523 30.129327034842714 146.03403797477844 179.0 186.0 91.0
30.243595471562383 26.498830508519184 146.0346788437424 141.0 137.0 68.0
30.24359351751882 26.95264233005418 146.03416625031798 153.0 142.0 64.0
30.243591563475253 27.406454151589177 146.03365365689353 158.0 149.0 67.0
30.24358960943169 27.86026597312417 146.0331410634691 135.0 144.0 52.0
30.243587655388122 28.314077794659166 146.03262847004467 113.0 127.0 39.0
30.24358570134455 28.76788961619416 146.03211587662025 106.0 121.0 37.0
30.24358374730099 29.22170143772916 146.0316032831958 115.0 130.0 46.0
30.24358179325742 29.67551325926415 146.03109068977136 117.0 132.0 47.0
30.243579839213858 30.129325080799152 146.03057809634697 86.0 99.0 34.0
30.697394393286718 26.49882855447562 146.0312189653109 159.0 145.0 84.0
30.697392439243156 26.952640376010613 146.03070637188645 174.0 156.0 78.0
30.697390485199588 27.406452197545608 146.03019377846203 172.0 161.0 73.0
30.697388531156022 27.860264019080606 146.0296811850376 164.0 160.0 62.0
30.697386577112454 28.3140758406156 146.02916859161317 140.0 149.0 46.0
30.697384623068892 28.767887662150592 146.02865599818873 128.0 142.0 45.0
30.697382669025323 29.22169948368559 146.0281434047643 130.0 143.0 48.0
30.69738071498176 29.67551130522059 146.0276308113399 118.0 133.0 46.0
30.69737876093819 30.12932312675558 146.02711821791544 67.0 81.0 26.0
31.151193315011053 26.498826600432054 146.0277590868794 178.0 167.0 113.0
31.15119136096749 26.95263842196705 146.02724649345495 188.0 179.0 110.0
31.15118940692392 27.406450243502043 146.02673390003054 183.0 181.0 97.0
31.151187452880357 27.86026206503704 146.0262213066061 184.0 185.0 89.0
31.15118549883679 28.314073886572032 146.02570871318167 179.0 183.0 80.0
31.151183544793227 28.767885708107027 146.02519611975723 170.0 178.0 73.0
31.15118159074966 29.221697529642025 146.0246835263328 167.0 180.0 77.0
31.151179636706093 29.67550935117702 146.02417093290836 151.0 160.0 84.0
31.151177682662524 30.129321172712018 146.02365833948394 109.0 116.0 54.0
31.604990282691823 26.952636467923483 146.02378661502345 114.0 107.0 74.0
31.604988328648254 27.406448289458478 146.02327402159904 200.0 197.0 120.0
31.604986374604692 27.860260110993472 146.0227614281746 194.0 197.0 109.0
31.604984420561124 28.314071932528467 146.02224883475014 197.0 201.0 103.0
31.60498246651756 28.76788375406346 146.02173624132573 198.0 204.0 103.0
31.60498051247399 29.221695575598456 146.0212236479013 201.0 209.0 107.0
31.604978558430428 29.675507397133458 146.02071105447686 211.0 216.0 120.0
31.60497660438686 30.12931921866845 146.02019846105244 156.0 164.0 88.0
32.05878725037259 27.406446335414913 146.0198141431675 110.0 109.0 72.0
32.05878529632903 27.860258156949904 146.0193015497431 214.0 212.0 132.0
32.05878334228546 28.314069978484902 146.01878895631867 209.0 211.0 122.0
32.0587813882419 28.767881800019897 146.01827636289423 213.0 216.0 120.0
32.05877943419833 29.221693621554895 146.01776376946978 220.0 224.0 123.0
32.05877748015476 29.675505443089886 146.01725117604536 220.0 225.0 132.0
32.05877552611119 30.129317264624888 146.01673858262095 163.0 169.0 96.0
32.51258421805336 27.86025620290634 146.0158416713116 125.0 125.0 82.0
32.512582264009794 28.314068024441333 146.01532907788715 204.0 206.0 130.0
32.512580309966225 28.76787984597633 146.01481648446273 208.0 213.0 126.0
32.512578355922656 29.221691667511326 146.01430389103828 195.0 201.0 113.0
32.512576401879095 29.675503489046324 146.01379129761386 118.0 119.0 76.0
30.24705534999389 26.499343101943616 146.48847747596815 115.0 115.0 53.0
30.247053395950328 26.95315492347861 146.48796488254374 127.0 127.0 47.0
30.24705144190676 27.406966745013605 146.4874522891193 137.0 135.0 57.0
30.247049487863194 27.860778566548603 146.48693969569484 138.0 141.0 60.0
30.247047533819625 28.314590388083598 146.48642710227043 126.0 137.0 52.0
30.247045579776056 28.76840220961859 146.485914508846 107.0 121.0 45.0
30.247043625732495 29.22221403115359 146.48540191542156 107.0 121.0 51.0
30.247041671688926 29.676025852688582 146.48488932199714 106.0 119.0 50.0
30.700854271718224 26.49934114790005 146.48501759753665 121.0 110.0 57.0
30.700852317674663 26.953152969435045 146.4845050041122 151.0 141.0 63.0
30.70085036363109 27.40696479097004 146.4839924106878 171.0 157.0 72.0
30.70084840958753 27.860776612505035 146.48347981726337 175.0 165.0 71.0
30.70084645554396 28.314588434040033 146.48296722383893 149.0 158.0 59.0
30.7008445015004 28.768400255575024 146.48245463041448 140.0 152.0 56.0
30.70084254745683 29.22221207711002 146.48194203699006 151.0 164.0 71.0
30.700840593413265 29.67602389864502 146.48142944356564 112.0 124.0 53.0
31.154651239398994 26.95315101539148 146.4810451256807 189.0 176.0 109.0
31.154649285355426 27.406962836926475 146.4805325322563 192.0 189.0 103.0
31.154647331311864 27.86077465846147 146.48001993883184 187.0 189.0 92.0
31.154645377268295 28.314586479996464 146.47950734540743 177.0 183.0 83.0
31.15464342322473 28.76839830153146 146.478994751983 174.0 184.0 84.0
31.15464146918116 29.222210123066457 146.47848215855856 185.0 196.0 96.0
31.1546395151376 29.67602194460145 146.47796956513412 200.0 209.0 112.0
31.15463756109403 30.12983376613645 146.4774569717097 104.0 112.0 51.0
31.60845016112333 26.95314906134791 146.4775852472492 94.0 90.0 65.0
31.60844820707976 27.40696088288291 146.4770726538248 210.0 205.0 127.0
31.608446253036195 27.860772704417904 146.47656006040035 202.0 202.0 115.0
31.608444298992627 28.314584525952895 146.47604746697593 206.0 209.0 110.0
31.608442344949065 28.768396347487894 146.47553487355148 213.0 216.0 115.0
31.608440390905496 29.22220816902289 146.47502228012706 220.0 224.0 125.0
31.608438436861935 29.676019990557887 146.47450968670262 217.0 221.0 123.0
31.608436482818366 30.12983181209288 146.4739970932782 146.0 151.0 77.0
32.062247128804096 27.40695892883934 146.47361277539326 86.0 85.0 58.0
32.062245174760534 27.860770750374336 146.47310018196885 214.0 213.0 136.0
32.062243220716965 28.31458257190933 146.47258758854443 221.0 221.0 132.0
32.0622412666734 28.76839439344433 146.47207499511998 222.0 223.0 130.0
32.06223931262983 29.222206214979327 146.47156240169554 224.0 227.0 132.0
32.062237358586266 29.676018036514318 146.47104980827112 216.0 219.0 125.0
32.0622354045427 30.129829858049316 146.4705372148467 145.0 150.0 83.0
32.51604214244129 28.314580617865765 146.4691277101129 150.0 151.0 97.0
32.51604018839773 28.76839243940076 146.46861511668848 184.0 186.0 115.0
32.51603823435416 29.222204260935758 146.46810252326406 123.0 124.0 74.0
30.250513274381827 26.953667516903042 146.9417635147695 135.0 131.0 66.0
30.250511320338262 27.407479338438037 146.94125092134504 151.0 148.0 78.0
30.250509366294693 27.86129115997303 146.94073832792063 154.0 150.0 79.0
30.250507412251125 28.31510298150803 146.94022573449618 133.0 143.0 69.0
30.250505458207563 28.76891480304302 146.93971314107176 107.0 120.0 50.0
30.250503504163994 29.22272662457802 146.93920054764732 66.0 80.0 25.0
30.704312196106166 26.953665562859477 146.93830363633796 156.0 151.0 81.0
30.704310242062597 27.407477384394472 146.93779104291355 185.0 178.0 95.0
30.704308288019035 27.861289205929467 146.93727844948913 204.0 200.0 107.0
30.704306333975467 28.31510102746446 146.93676585606468 185.0 189.0 95.0
30.7043043799319 28.768912848999456 146.93625326264024 178.0 187.0 93.0
30.704302425888333 29.22272467053445 146.93574066921582 163.0 176.0 84.0
31.1581111178305 26.95366360881591 146.9348437579065 204.0 190.0 130.0
31.158109163786932 27.407475430350907 146.93433116448205 215.0 206.0 126.0
31.158107209743367 27.8612872518859 146.9338185710576 210.0 208.0 116.0
31.158105255699798 28.315099073420892 146.93330597763315 208.0 209.0 110.0
31.158103301656237 28.76891089495589 146.93279338420876 202.0 207.0 109.0
31.158101347612668 29.22272271649089 146.93228079078432 203.0 210.0 113.0
31.158099393569106 29.67653453802588 146.93176819735987 200.0 209.0 114.0
31.158097439525534 30.13034635956088 146.93125560393545 98.0 102.0 49.0
31.611908085511264 27.407473476307338 146.93087128605055 221.0 213.0 141.0
31.611906131467702 27.861285297842336 146.9303586926261 218.0 216.0 132.0
31.611904177424133 28.315097119377327 146.92984609920168 224.0 223.0 132.0
31.61190222338057 28.768908940912322 146.92933350577724 227.0 227.0 130.0
31.611900269337003 29.22272076244732 146.92882091235282 221.0 224.0 124.0
31.611898315293438 29.67653258398232 146.9283083189284 219.0 223.0 124.0
31.61189636124987 30.13034440551731 146.92779572550396 94.0 98.0 51.0
32.06570505319203 27.861283343798767 146.9268988141946 182.0 181.0 124.0
32.065703099148465 28.315095165333762 146.92638622077018 232.0 230.0 149.0
32.0657011451049 28.768906986868757 146.92587362734574 230.0 231.0 142.0
32.065699191061334 29.222718808403755 146.92536103392132 218.0 219.0 130.0
32.06569723701777 29.67653062993875 146.92484844049687 188.0 189.0 117.0
32.5195020208728 28.315093211290197 146.92292634233866 91.0 91.0 65.0
32.51950006682924 28.76890503282519 146.92241374891424 121.0 122.0 75.0
30.25397315281333 26.954180110327474 147.39556214699525 100.0 97.0 63.0
30.25397119876977 27.407991931862473 147.3950495535708 128.0 130.0 78.0
30.2539692447262 27.861803753397467 147.39453696014638 81.0 80.0 46.0
30.707772074537672 26.95417815628391 147.39210226856372 175.0 169.0 112.0
30.707770120494104 27.407989977818904 147.3915896751393 207.0 203.0 128.0
30.70776816645054 27.861801799353902 147.39107708171488 215.0 214.0 139.0
30.70776621240697 28.315613620888897 147.39056448829044 212.0 213.0 127.0
30.707764258363408 28.769425442423888 147.39005189486602 164.0 169.0 88.0
30.70776230431984 29.223237263958882 147.38953930144157 74.0 89.0 28.0
31.161570996262007 26.954176202240344 147.38864239013225 170.0 163.0 118.0
31.161569042218435 27.40798802377534 147.3881297967078 223.0 215.0 141.0
31.161567088174873 27.861799845310337 147.38761720328336 229.0 223.0 141.0
31.161565134131305 28.315611666845328 147.38710460985894 228.0 226.0 136.0
31.161563180087743 28.769423488380323 147.38659201643452 225.0 226.0 137.0
31.161561226044174 29.22323530991532 147.38607942301007 221.0 223.0 139.0
31.16155927200061 29.677047131450312 147.38556682958563 109.0 110.0 58.0
31.61536796394277 27.407986069731773 147.38466991827627 191.0 185.0 133.0
31.61536600989921 27.861797891266768 147.38415732485188 233.0 228.0 151.0
31.61536405585564 28.315609712801763 147.38364473142744 238.0 236.0 153.0
31.615362101812075 28.769421534336757 147.383132138003 235.0 234.0 145.0
31.615360147768506 29.22323335587175 147.38261954457857 230.0 232.0 135.0
31.615358193724944 29.67704517740675 147.38210695115416 219.0 221.0 143.0
32.06916493162354 27.8617959372232 147.38069744642036 120.0 116.0 80.0
32.06916297757997 28.315607758758194 147.38018485299594 236.0 234.0 157.0
32.06916102353641 28.769419580293192 147.3796722595715 237.0 236.0 150.0
32.06915906949284 29.223231401828187 147.37915966614707 215.0 215.0 123.0
32.06915711544928 29.67704322336318 147.37864707272263 105.0 104.0 70.0
30.71123195296917 26.95469074970834 147.8459009007895 91.0 90.0 64.0
30.711229998925603 27.408502571243336 147.84538830736506 110.0 110.0 77.0
30.711228044882038 27.86231439277833 147.8448757139406 165.0 165.0 113.0
30.71122609083847 28.31612621431333 147.8443631205162 90.0 92.0 45.0
31.165028920649934 27.40850061719977 147.84192842893356 214.0 209.0 146.0
31.165026966606373 27.862312438734765 147.84141583550914 233.0 229.0 156.0
31.165025012562804 28.31612426026976 147.8409032420847 231.0 230.0 152.0
31.16502305851924 28.769936081804754 147.84039064866028 227.0 229.0 155.0
31.16502110447567 29.22374790333975 147.83987805523583 103.0 104.0 65.0
31.61882784237427 27.408498663156205 147.83846855050206 121.0 117.0 83.0
31.618825888330708 27.8623104846912 147.83795595707764 220.0 216.0 154.0
31.618823934287136 28.31612230622619 147.8374433636532 238.0 237.0 158.0
31.618821980243574 28.76993412776119 147.83693077022875 235.0 235.0 151.0
31.618820026200005 29.22374594929618 147.83641817680433 229.0 232.0 152.0
32.07262285601147 28.316120352182626 147.83398348522167 172.0 171.0 107.0
32.07262090196791 28.76993217371762 147.83347089179728 195.0 195.0 129.0
32.07261894792434 29.22374399525262 147.83295829837283 180.0 180.0 118.0
31.168482936950745 28.770448675229186 148.294189280886 119.0 121.0 73.0
31.622283812718642 28.316634899650623 148.29124199587895 150.0 151.0 107.0
31.62228185867508 28.770446721185618 148.29072940245453 235.0 238.0 177.0
31.62227990463151 29.224258542720612 148.29021680903008 217.0 219.0 171.0
32.07608273444298 28.316632945607058 148.28778211744745 102.0 103.0 71.0
32.076080780399415 28.770444767142052 148.28726952402303 209.0 211.0 153.0
32.07607882635585 29.224256588677047 148.28675693059859 204.0 206.0 149.0
