4.248967961473065 32.000059527675994 124.39847338742342 94.0 114.0 25.0
4.678570032520144 32.00082060438929 124.43129765424538 97.0 117.0 26.0
5.107411026853929 31.57118911490682 124.4840621042103 74.0 93.0 19.0
5.537013097901005 31.571950191620115 124.51688637103231 87.0 111.0 27.0
5.966615168948083 31.57271126833341 124.5497106378543 60.0 80.0 19.0
4.645745765698147 32.0207607875322 124.86043738414924 69.0 89.0 16.0
4.64650684241144 32.45115335372795 124.84049720100631 78.0 103.0 17.0
5.075347836745225 32.02152186424549 124.89326165097123 70.0 92.0 14.0
5.933790902126086 31.592651451476318 124.97885036775813 100.0 122.0 38.0
5.934551978839379 32.02304401767208 124.9589101846152 62.0 84.0 12.0
6.363392973173164 31.593412528189614 125.01167463458012 93.0 109.0 42.0
6.364154049886457 32.023805094385374 124.99173445143722 71.0 85.0 27.0
2.8967964448277206 33.3288343624092 125.09845949733631 112.0 120.0 61.0
3.3256374391615062 32.899202872926736 125.15122394730122 96.0 104.0 37.0
3.755239510208585 32.89996394964003 125.18404821412324 82.0 96.0 23.0
4.184080504542365 32.47033246015757 125.23681266408815 95.0 117.0 32.0
4.18484158125566 32.90072502635332 125.21687248094523 123.0 143.0 42.0
4.61292149887615 32.04070097067511 125.28957711405306 73.0 98.0 22.0
4.613682575589443 32.47109353687086 125.26963693091014 75.0 99.0 19.0
5.042523569923229 32.04146204738841 125.32240138087505 75.0 103.0 19.0
5.043284646636521 32.471854613584156 125.30246119773213 71.0 97.0 13.0
5.472125640970304 32.042223124101696 125.35522564769704 78.0 105.0 16.0
5.472886717683597 32.47261569029745 125.33528546455415 95.0 123.0 19.0
5.901727712017382 32.04298420081499 125.38804991451906 69.0 93.0 15.0
5.9024887887306745 32.47337676701074 125.36810973137614 89.0 116.0 19.0
6.331329783064461 32.04374527752829 125.42087418134105 74.0 96.0 21.0
6.332090859777753 32.47413784372404 125.40093399819813 100.0 125.0 30.0
6.7616929308248315 32.47489892043733 125.43375826502012 80.0 98.0 28.0
6.762454007538127 32.90529148663308 125.41381808187722 115.0 137.0 42.0
7.192056078585205 32.90605256334638 125.44664234869921 105.0 125.0 44.0
7.192817155298497 33.33644512954213 125.42670216555629 111.0 130.0 51.0
7.622419226345572 33.33720620625542 125.45952643237828 77.0 90.0 43.0
3.2928131723395095 32.91914305606965 125.58036367720507 100.0 105.0 50.0
3.293574249052802 33.3495356222654 125.56042349406215 144.0 151.0 72.0
3.722415243386588 32.91990413278294 125.61318794402706 113.0 123.0 45.0
3.7231763200998804 33.350296698978696 125.59324776088417 124.0 136.0 41.0
4.151256237720368 32.49027264330048 125.66595239399197 78.0 94.0 29.0
4.152017314433663 32.920665209496235 125.64601221084905 98.0 117.0 28.0
4.152778391146955 33.35105777569199 125.62607202770613 104.0 123.0 23.0
4.580097232054153 32.060641153818025 125.71871684395688 73.0 92.0 30.0
4.5808583087674455 32.491033720013775 125.69877666081396 68.0 88.0 19.0
4.581619385480741 32.921426286209524 125.67883647767104 82.0 107.0 18.0
5.008938226387939 31.631009664335558 125.7714812939218 79.0 97.0 29.0
5.009699303101232 32.061402230531314 125.75154111077887 70.0 93.0 19.0
5.010460379814524 32.49179479672707 125.73160092763595 62.0 87.0 11.0
5.01122145652782 32.92218736292282 125.71166074449306 79.0 109.0 14.0
5.437779220721722 31.201378174853097 125.8242457438867 80.0 95.0 36.0
5.438540297435014 31.63177074104885 125.80430556074379 102.0 123.0 36.0
5.4393013741483065 32.06216330724461 125.78436537760086 93.0 120.0 22.0
5.4400624508616 32.49255587344036 125.76442519445797 72.0 102.0 11.0
5.440823527574895 32.922948439636116 125.74448501131505 92.0 124.0 17.0
5.8673812917688 31.202139251566393 125.8570700107087 89.0 103.0 43.0
5.868142368482093 31.632531817762146 125.83712982756578 116.0 133.0 47.0
5.868903445195385 32.0629243839579 125.81718964442288 92.0 115.0 24.0
5.869664521908677 32.493316950153655 125.79724946127996 77.0 103.0 14.0
5.870425598621973 32.923709516349405 125.77730927813704 104.0 134.0 24.0
5.871186675335266 33.35410208254516 125.75736909499412 129.0 153.0 41.0
6.296983362815879 31.202900328279682 125.88989427753069 75.0 86.0 38.0
6.297744439529171 31.633292894475435 125.8699540943878 125.0 140.0 58.0
6.2985055162424635 32.063685460671195 125.85001391124484 83.0 104.0 23.0
6.299266592955756 32.49407802686695 125.83007372810195 87.0 110.0 23.0
6.300027669669052 32.9244705930627 125.81013354495903 120.0 143.0 37.0
6.300788746382344 33.35486315925846 125.79019336181614 123.0 143.0 42.0
6.7273465105762495 31.63405397118873 125.90277836120976 127.0 142.0 65.0
6.728107587289542 32.06444653738449 125.88283817806686 83.0 98.0 31.0
6.728868664002834 32.49483910358024 125.86289799492394 99.0 120.0 34.0
6.72962974071613 32.925231669776 125.84295781178105 118.0 138.0 42.0
6.730390817429423 33.355624235971746 125.82301762863813 120.0 136.0 46.0
6.731151894142715 33.7860168021675 125.8030774454952 121.0 136.0 52.0
7.158470735049914 32.495600180293536 125.89572226174596 82.0 99.0 29.0
7.159231811763209 32.925992746489285 125.87578207860304 110.0 130.0 42.0
7.159992888476501 33.35638531268504 125.85584189546012 113.0 130.0 49.0
7.1607539651897945 33.7867778788808 125.83590171231722 105.0 118.0 53.0
7.589594959523577 33.35714638939833 125.88866616228214 87.0 103.0 43.0
3.259988905517513 32.939083239212565 126.0095034071089 101.0 105.0 59.0
3.2607499822308053 33.369475805408314 125.98956322396597 119.0 123.0 54.0
3.2615110589440977 33.79986837160407 125.96962304082305 111.0 114.0 59.0
3.6895909765645913 32.93984431592585 126.04232767393088 119.0 128.0 51.0
3.6903520532778837 33.37023688212161 126.02238749078796 133.0 144.0 48.0
3.6911131299911766 33.800629448317366 126.00244730764507 179.0 186.0 97.0
4.116148740758494 31.21903512785613 126.15491267332453 103.0 106.0 65.0
4.116909817471786 31.649427694051884 126.13497249018161 96.0 106.0 55.0
4.117670894185078 32.079820260247644 126.11503230703872 68.0 83.0 34.0
4.119193047611667 32.94060539263915 126.07515194075287 75.0 93.0 17.0
4.119954124324959 33.370997958834906 126.05521175760998 109.0 128.0 25.0
4.547272965232157 32.08058133696094 126.14785657386071 70.0 85.0 31.0
4.548034041945449 32.51097390315669 126.12791639071779 66.0 84.0 18.0
4.548795118658745 32.94136646935244 126.1079762075749 81.0 104.0 16.0
4.549556195372038 33.371759035548195 126.08803602443197 105.0 129.0 21.0
4.976113959565943 31.65094984747847 126.20062102382559 77.0 94.0 29.0
4.976875036279235 32.08134241367423 126.1806808406827 70.0 90.0 21.0
4.977636112992528 32.511734979869985 126.1607406575398 67.0 91.0 13.0
4.978397189705823 32.942127546065734 126.14080047439688 77.0 106.0 13.0
4.979158266419116 33.37252011226149 126.12086029125396 107.0 135.0 23.0
5.4049549538997255 31.22131835799601 126.2533854737905 84.0 101.0 37.0
5.405716030613018 31.651710924191764 126.23344529064761 94.0 118.0 31.0
5.40647710732631 32.082103490387524 126.21350510750472 73.0 99.0 14.0
5.407238184039603 32.512496056583274 126.1935649243618 69.0 98.0 10.0
5.407999260752899 32.94288862277903 126.17362474121887 75.0 108.0 10.0
5.408760337466191 33.37328118897478 126.15368455807595 109.0 140.0 24.0
5.409521414179483 33.803673755170536 126.13374437493306 139.0 160.0 48.0
5.834557024946804 31.222079434709304 126.28620974061252 83.0 102.0 37.0
5.835318101660096 31.65247200090506 126.26626955746963 110.0 130.0 42.0
5.836079178373389 32.08286456710081 126.2463293743267 97.0 122.0 24.0
5.836840255086681 32.51325713329657 126.22638919118378 81.0 109.0 16.0
5.837601331799977 32.94364969949232 126.20644900804086 92.0 120.0 19.0
5.8383624085132695 33.374042265688075 126.18650882489797 134.0 157.0 44.0
5.839123485226562 33.80443483188383 126.16656864175505 141.0 159.0 55.0
6.2641590959938815 31.222840511422596 126.31903400743454 75.0 91.0 35.0
6.264920172707175 31.65323307761835 126.29909382429159 117.0 134.0 51.0
6.265681249420467 32.08362564381411 126.2791536411487 98.0 121.0 28.0
6.26644232613376 32.514018210009866 126.25921345800577 100.0 124.0 27.0
6.267203402847055 32.944410776205615 126.23927327486288 114.0 139.0 32.0
6.267964479560348 33.37480334240137 126.21933309171996 130.0 149.0 46.0
6.26872555627364 33.80519590859712 126.19939290857704 137.0 154.0 54.0
6.269486632986933 34.23558847479288 126.17945272543412 134.0 149.0 61.0
6.69376116704096 31.223601588135892 126.3518582742565 91.0 104.0 49.0
6.694522243754252 31.653994154331645 126.33191809111361 121.0 135.0 57.0
6.695283320467546 32.084386720527405 126.31197790797069 95.0 114.0 32.0
6.696044397180838 32.514779286723154 126.2920377248278 106.0 128.0 34.0
6.696805473894133 32.945171852918904 126.27209754168484 119.0 137.0 42.0
6.697566550607426 33.37556441911466 126.25215735854195 131.0 144.0 53.0
6.698327627320719 33.80595698531042 126.23221717539903 124.0 138.0 53.0
6.699088704034011 34.23634955150617 126.21227699225614 122.0 135.0 61.0
7.124124314801331 31.654755231044938 126.3647423579356 79.0 93.0 34.0
7.125646468227916 32.51554036343645 126.32486199164975 96.0 114.0 34.0
7.126407544941212 32.9459329296322 126.30492180850686 114.0 134.0 42.0
7.127168621654504 33.376325495827956 126.28498162536394 120.0 134.0 51.0
7.127929698367796 33.80671806202371 126.26504144222105 108.0 122.0 52.0
7.556009615988287 32.946694006345496 126.33774607532885 86.0 103.0 33.0
7.55677069270158 33.377086572541245 126.31780589218596 80.0 94.0 35.0
3.2248814085556354 31.667845723768213 126.49846368644145 77.0 81.0 39.0
3.225642485268928 32.098238289963966 126.47852350329853 105.0 110.0 58.0
3.2264035619822207 32.52863085615972 126.45858332015564 79.0 83.0 41.0
3.227164638695516 32.95902342235548 126.43864313701272 93.0 98.0 46.0
3.2279257154088086 33.38941598855123 126.4187029538698 103.0 110.0 43.0
3.2286867921221014 33.819808554746984 126.39876277072688 110.0 116.0 62.0
3.6544834796027135 31.66860680048151 126.53128795326344 103.0 114.0 49.0
3.655244556316006 32.09899936667726 126.51134777012055 80.0 87.0 43.0
3.6560056330292987 32.52939193287301 126.49140758697763 99.0 108.0 46.0
3.656766709742594 32.95978449906877 126.47146740383471 118.0 134.0 43.0
3.6575277864558866 33.390177065264524 126.45152722069179 127.0 141.0 44.0
3.658288863169179 33.82056963146028 126.4315870375489 157.0 169.0 74.0
3.659049939882472 34.25096219765604 126.41164685440597 136.0 141.0 76.0
4.0833244739364964 31.23897531099904 126.58405240322836 81.0 87.0 44.0
4.084085550649789 31.669367877194798 126.56411222008546 110.0 124.0 53.0
4.084846627363081 32.09976044339056 126.54417203694254 86.0 105.0 36.0
4.085607704076374 32.53015300958631 126.52423185379962 78.0 100.0 25.0
4.08636878078967 32.960545575782064 126.5042916706567 93.0 114.0 24.0
4.087129857502962 33.39093814197782 126.4843514875138 155.0 171.0 55.0
4.087890934216254 33.82133070817357 126.46441130437088 162.0 175.0 69.0
4.513687621696867 31.670128953908094 126.59693648690745 70.0 88.0 26.0
4.51444869841016 32.10052152010385 126.57699630376453 85.0 106.0 32.0
4.515209775123452 32.5309140862996 126.55705612062161 80.0 103.0 23.0
4.515970851836748 32.96130665249535 126.53711593747872 101.0 124.0 25.0
4.5167319285500405 33.39169921869111 126.5171757543358 136.0 156.0 37.0
4.517493005263333 33.822091784886865 126.49723557119287 150.0 164.0 54.0
4.943289692743945 31.670890030621383 126.62976075372944 72.0 94.0 22.0
4.944050769457238 32.10128259681714 126.60982057058652 82.0 109.0 24.0
4.944811846170531 32.53167516301289 126.58988038744363 87.0 113.0 21.0
4.945572922883826 32.96206772920865 126.56994020430068 102.0 129.0 23.0
4.946333999597119 33.392460295404405 126.55000002115779 126.0 149.0 31.0
4.947095076310411 33.82285286160016 126.53005983801489 154.0 170.0 58.0
4.947856153023704 34.25324542779591 126.51011965487197 153.0 166.0 65.0
5.372130687077728 31.241258541138922 126.68252520369435 78.0 100.0 30.0
5.372891763791021 31.67165110733468 126.66258502055143 82.0 108.0 25.0
5.373652840504313 32.10204367353044 126.64264483740854 83.0 111.0 20.0
5.3744139172176055 32.53243623972619 126.62270465426559 96.0 126.0 21.0
5.3751749939309015 32.962828805921944 126.6027644711227 106.0 134.0 21.0
5.375936070644194 33.393221372117694 126.5828242879798 118.0 144.0 28.0
5.376697147357486 33.82361393831345 126.56288410483688 148.0 164.0 52.0
5.377458224070779 34.254006504509206 126.54294392169396 149.0 161.0 60.0
5.801732758124806 31.24201961785222 126.71534947051634 97.0 121.0 43.0
5.802493834838099 31.672412184047975 126.69540928737345 94.0 121.0 32.0
5.803254911551392 32.10280475024373 126.6754691042305 91.0 120.0 23.0
5.804015988264684 32.533197316439484 126.65552892108761 92.0 123.0 20.0
5.80477706497798 32.96358988263523 126.63558873794472 103.0 131.0 23.0
5.805538141691272 33.39398244883099 126.6156485548018 140.0 158.0 45.0
5.806299218404565 33.824375015026746 126.59570837165887 140.0 156.0 50.0
5.807060295117857 34.2547675812225 126.57576818851595 145.0 158.0 61.0
5.8078213718311495 34.68516014741826 126.55582800537306 118.0 126.0 64.0
6.231334829171884 31.24278069456551 126.74817373733833 97.0 119.0 47.0
6.232095905885177 31.673173260761263 126.72823355419541 115.0 134.0 48.0
6.23285698259847 32.10356582695702 126.70829337105252 99.0 122.0 30.0
6.2336180593117625 32.53395839315277 126.68835318790963 104.0 130.0 28.0
6.2343791360250576 32.96435095934853 126.6684130047667 116.0 140.0 33.0
6.235140212738351 33.394743525544285 126.64847282162378 131.0 149.0 44.0
6.235901289451643 33.825136091740035 126.62853263848086 145.0 161.0 59.0
6.236662366164936 34.25552865793579 126.60859245533797 143.0 157.0 67.0
6.237423442878228 34.68592122413155 126.58865227219505 103.0 111.0 58.0
6.660936900218963 31.243541771278803 126.78099800416032 96.0 116.0 49.0
6.661697976932255 31.67393433747456 126.76105782101743 115.0 134.0 52.0
6.662459053645548 32.10432690367032 126.74111763787451 111.0 132.0 39.0
6.663220130358841 32.53471946986607 126.72117745473159 111.0 135.0 36.0
6.663981207072136 32.96511203606182 126.7012372715887 119.0 139.0 38.0
6.664742283785428 33.395504602257574 126.68129708844577 132.0 146.0 51.0
6.665503360498722 33.82589716845333 126.66135690530288 143.0 158.0 66.0
6.666264437212014 34.25628973464909 126.64141672215996 130.0 144.0 66.0
7.091300047979334 31.67469541418785 126.79388208783942 87.0 104.0 38.0
7.092061124692626 32.10508798038361 126.7739419046965 100.0 121.0 39.0
7.092822201405919 32.535480546579365 126.7540017215536 102.0 125.0 37.0
7.0935832781192145 32.965873112775114 126.73406153841069 112.0 131.0 41.0
7.094344354832507 33.39626567897087 126.71412135526779 123.0 139.0 53.0
7.095105431545799 33.82665824516663 126.69418117212484 119.0 132.0 58.0
7.095866508259093 34.25705081136238 126.67424098898195 74.0 81.0 41.0
7.5231853491662894 32.9666341894884 126.7668858052327 70.0 81.0 30.0
7.523946425879583 33.39702675568416 126.74694562208975 74.0 86.0 33.0
2.7632161473998527 32.117417396393584 126.87483896638037 147.0 152.0 72.0
2.7639772241131455 32.54780996258934 126.85489878323745 139.0 146.0 67.0
2.764738300826441 32.9782025287851 126.83495860009455 75.0 84.0 27.0
3.1920571417336387 31.687785906911127 126.92760341634528 82.0 94.0 29.0
3.192818218446931 32.11817847310688 126.90766323320236 143.0 155.0 65.0
3.1935792951602235 32.54857103930263 126.88772305005946 141.0 155.0 61.0
3.1943403718735195 32.978963605498386 126.86778286691654 127.0 142.0 51.0
3.195101448586812 33.40935617169414 126.84784268377362 81.0 92.0 27.0
3.621659212780717 31.688546983624416 126.96042768316727 71.0 89.0 22.0
3.6224202894940096 32.118939549820176 126.94048750002437 94.0 115.0 32.0
3.623181366207302 32.549332116015925 126.92054731688145 114.0 135.0 40.0
3.6239424429205975 32.97972468221168 126.90060713373853 131.0 151.0 48.0
3.6247035196338904 33.41011724840744 126.88066695059564 144.0 162.0 56.0
3.6254645963471828 33.84050981460319 126.86072676745272 192.0 208.0 107.0
3.626225673060475 34.270902380798944 126.8407865843098 187.0 198.0 114.0
4.051261283827793 31.689308060337712 126.99325194998929 83.0 101.0 30.0
4.052022360541085 32.119700626533465 126.97331176684636 83.0 105.0 28.0
4.052783437254377 32.55009319272922 126.95337158370344 106.0 131.0 35.0
4.0535445139676725 32.98048575892497 126.93343140056055 125.0 148.0 40.0
4.054305590680966 33.41087832512073 126.91349121741763 166.0 188.0 64.0
4.055066667394258 33.84127089131648 126.89355103427471 190.0 209.0 97.0
4.0558277441075505 34.27166345751224 126.87361085113179 215.0 228.0 134.0
4.48086335487487 31.690069137051 127.02607621681128 68.0 91.0 22.0
4.4816244315881635 32.12046170324676 127.00613603366835 74.0 99.0 23.0
4.482385508301456 32.55085426944251 126.98619585052546 101.0 130.0 31.0
4.483146585014751 32.98124683563827 126.96625566738254 118.0 143.0 33.0
4.483907661728043 33.41163940183402 126.94631548423962 143.0 166.0 43.0
4.484668738441337 33.84203196802978 126.9263753010967 181.0 200.0 83.0
4.485429815154629 34.27242453422553 126.9064351179538 185.0 203.0 93.0
4.486190891867921 34.702817100421285 126.88649493481088 198.0 212.0 116.0
4.909704349208656 31.26043764756854 127.07884066677619 60.0 85.0 18.0
4.910465425921949 31.690830213764297 127.05890048363327 66.0 92.0 18.0
4.911226502635241 32.12122277996006 127.03896030049037 73.0 101.0 21.0
4.9119875793485335 32.551615346155806 127.01902011734742 99.0 128.0 26.0
4.912748656061829 32.982007912351555 126.99907993420453 121.0 148.0 32.0
4.913509732775122 33.41240047854731 126.97913975106161 144.0 163.0 42.0
4.914270809488414 33.84279304474307 126.95919956791872 164.0 183.0 64.0
4.9150318862017075 34.273185610938825 126.9392593847758 190.0 207.0 93.0
4.915792962915 34.70357817713458 126.91931920163287 187.0 203.0 97.0
5.339306420255731 31.261198724281837 127.11166493359818 71.0 96.0 24.0
5.3400674969690245 31.691591290477593 127.09172475045528 79.0 106.0 24.0
5.340828573682317 32.121983856673346 127.07178456731233 87.0 117.0 23.0
5.341589650395609 32.5523764228691 127.05184438416944 109.0 137.0 27.0
5.342350727108904 32.98276898906485 127.03190420102652 130.0 155.0 33.0
5.343111803822198 33.41316155526061 127.01196401788363 156.0 171.0 50.0
5.34387288053549 33.843554121456364 126.99202383474068 160.0 176.0 59.0
5.344633957248782 34.27394668765212 126.97208365159779 188.0 205.0 89.0
5.345395033962075 34.70433925384787 126.95214346845486 209.0 224.0 119.0
5.768147414589517 30.83156723479938 127.16442938356309 72.0 89.0 36.0
5.76890849130281 31.26195980099513 127.1444892004202 99.0 124.0 43.0
5.769669568016102 31.692352367190882 127.12454901727725 109.0 134.0 41.0
5.770430644729395 32.12274493338664 127.10460883413435 111.0 136.0 34.0
5.771191721442688 32.55313749958239 127.08466865099143 116.0 139.0 33.0
5.771952798155983 32.98353006577815 127.06472846784854 128.0 150.0 35.0
5.772713874869275 33.4139226319739 127.04478828470559 150.0 164.0 52.0
5.7734749515825685 33.84431519816965 127.0248481015627 155.0 166.0 61.0
5.774236028295861 34.27470776436541 127.00490791841978 181.0 197.0 90.0
5.774997105009153 34.705100330561166 126.98496773527688 197.0 213.0 111.0
6.197749485636596 30.83232831151267 127.19725365038508 82.0 102.0 42.0
6.198510562349888 31.26272087770842 127.17731346724216 102.0 125.0 48.0
6.199271639063181 31.693113443904178 127.15737328409926 105.0 128.0 41.0
6.200032715776473 32.12350601009994 127.13743310095634 101.0 126.0 31.0
6.200793792489765 32.55389857629569 127.11749291781345 104.0 129.0 28.0
6.201554869203061 32.984291142491436 127.0975527346705 120.0 143.0 33.0
6.202315945916354 33.41468370868719 127.07761255152761 144.0 159.0 52.0
6.203077022629646 33.84507627488295 127.05767236838469 151.0 162.0 64.0
6.203838099342939 34.2754688410787 127.0377321852418 164.0 179.0 82.0
6.204599176056232 34.705861407274455 127.01779200209887 168.0 181.0 97.0
6.628112633396967 31.263481954421717 127.21013773406418 97.0 118.0 48.0
6.628873710110259 31.693874520617467 127.19019755092125 111.0 133.0 46.0
6.6296347868235515 32.12426708681323 127.17025736777833 111.0 133.0 38.0
6.630395863536844 32.55465965300898 127.15031718463541 111.0 135.0 33.0
6.63115694025014 32.98505221920473 127.13037700149252 119.0 140.0 35.0
6.631918016963432 33.41544478540049 127.1104368183496 132.0 149.0 47.0
6.632679093676725 33.84583735159624 127.0904966352067 154.0 169.0 73.0
6.633440170390017 34.276229917791994 127.07055645206378 160.0 176.0 89.0
6.63420124710331 34.70662248398775 127.05061626892086 87.0 93.0 49.0
7.058475781157337 31.694635597330763 127.22302181774324 83.0 101.0 36.0
7.059236857870629 32.12502816352652 127.20308163460032 106.0 126.0 44.0
7.059997934583921 32.55542072972227 127.18314145145743 105.0 123.0 40.0
7.060759011297217 32.98581329591803 127.16320126831451 109.0 123.0 40.0
7.06152008801051 33.41620586211378 127.14326108517159 116.0 130.0 48.0
7.062281164723802 33.846598428309534 127.1233209020287 140.0 154.0 73.0
7.063042241437095 34.27699099450529 127.10338071888577 92.0 101.0 53.0
2.3007898095307775 32.13659650282321 127.2711544294622 104.0 109.0 42.0
2.3015508862440717 32.56698906901896 127.25121424631928 91.0 94.0 37.0
2.7296308038645636 31.706965013340746 127.32391887942711 129.0 135.0 54.0
2.730391880577856 32.1373575795365 127.30397869628419 162.0 169.0 80.0
2.7311529572911484 32.567750145732255 127.2840385131413 137.0 142.0 62.0
2.7319140340044443 32.99814271192801 127.26409832999838 81.0 89.0 29.0
3.1592328749116416 31.70772609005404 127.3567431462491 105.0 117.0 38.0
3.1599939516249345 32.138118656249794 127.33680296310621 126.0 137.0 48.0
3.160755028338227 32.568511222445544 127.31686277996329 124.0 137.0 46.0
3.1615161050515224 32.9989037886413 127.29692259682037 109.0 125.0 36.0
3.162277181764815 33.42929635483706 127.27698241367744 69.0 80.0 21.0
3.5888349459587197 31.70848716676733 127.38956741307112 71.0 91.0 20.0
3.589596022672012 32.13887973296309 127.36962722992817 77.0 96.0 20.0
3.590357099385305 32.56927229915884 127.34968704678528 103.0 125.0 31.0
3.5911181760986004 32.999664865354596 127.32974686364236 121.0 143.0 40.0
3.591879252811893 33.43005743155035 127.30980668049946 130.0 150.0 48.0
3.5926403295251856 33.8604499977461 127.28986649735654 186.0 201.0 107.0
3.593401406238478 34.29084256394186 127.26992631421362 135.0 143.0 80.0
4.017675940292502 31.27885567728487 127.44233186303603 65.0 82.0 20.0
4.018437017005795 31.709248243480626 127.42239167989308 91.0 114.0 31.0
4.019198093719088 32.13964080967638 127.40245149675019 75.0 98.0 20.0
4.01995917043238 32.57003337587213 127.38251131360727 97.0 124.0 27.0
4.020720247145675 33.000425942067885 127.36257113046437 124.0 148.0 38.0
4.021481323858969 33.43081850826364 127.34263094732142 161.0 185.0 63.0
4.022242400572261 33.8612110744594 127.32269076417853 208.0 225.0 122.0
4.023003477285553 34.291603640655154 127.30275058103564 224.0 233.0 146.0
4.023764553998846 34.7219962068509 127.28281039789272 171.0 175.0 116.0
4.448039088052873 31.710009320193915 127.4552159467151 60.0 83.0 15.0
4.4488001647661655 32.140401886389675 127.43527576357218 68.0 94.0 16.0
4.449561241479459 32.570794452585424 127.41533558042929 104.0 133.0 29.0
4.450322318192754 33.00118701878118 127.39539539728634 126.0 151.0 37.0
4.451083394906046 33.43157958497694 127.37545521414344 150.0 173.0 50.0
4.4518444716193395 33.861972151172694 127.35551503100055 209.0 225.0 118.0
4.452605548332632 34.29236471736844 127.33557484785763 227.0 236.0 145.0
4.453366625045924 34.7227572835642 127.31563466471471 235.0 239.0 158.0
4.8776411590999516 31.71077039690721 127.48804021353709 70.0 96.0 18.0
4.878402235813244 32.14116296310297 127.46810003039417 69.0 97.0 15.0
4.879163312526536 32.57155552929872 127.44815984725125 111.0 140.0 29.0
4.879924389239832 33.00194809549447 127.42821966410835 129.0 154.0 35.0
4.880685465953125 33.432340661690226 127.40827948096546 152.0 172.0 51.0
4.881446542666417 33.86273322788598 127.38833929782254 205.0 220.0 109.0
4.88220761937971 34.29312579408174 127.36839911467962 221.0 233.0 137.0
4.882968696093003 34.723518360277495 127.3484589315367 234.0 241.0 153.0
5.306482153433734 31.28113890742475 127.540804663502 62.0 87.0 18.0
5.3072432301470265 31.711531473620507 127.52086448035908 81.0 108.0 22.0
5.30800430686032 32.14192403981626 127.50092429721616 92.0 121.0 22.0
5.308765383573612 32.57231660601201 127.48098411407327 116.0 144.0 28.0
5.309526460286907 33.002709172207766 127.46104393093037 129.0 154.0 32.0
5.3102875370002005 33.43310173840352 127.44110374778742 150.0 167.0 49.0
5.311048613713493 33.86349430459928 127.42116356464453 183.0 198.0 81.0
5.311809690426785 34.293886870795035 127.40122338150161 219.0 231.0 127.0
5.312570767140078 34.724279436990784 127.38128319835872 228.0 237.0 138.0
5.736084224480813 31.281899984138043 127.57362893032399 80.0 102.0 32.0
5.736845301194105 31.712292550333796 127.55368874718107 104.0 131.0 36.0
5.737606377907397 32.142685116529556 127.53374856403818 109.0 136.0 31.0
5.738367454620691 32.573077682725305 127.51380838089528 114.0 139.0 30.0
5.739128531333986 33.00347024892106 127.49386819775233 123.0 147.0 32.0
5.739889608047278 33.43386281511681 127.47392801460944 128.0 148.0 37.0
5.740650684760571 33.86425538131257 127.45398783146652 156.0 166.0 63.0
5.741411761473864 34.294647947508324 127.43404764832363 190.0 205.0 98.0
5.742172838187156 34.72504051370408 127.41410746518068 213.0 227.0 127.0
6.164925218814599 30.852268494655583 127.6263933802889 71.0 90.0 37.0
6.165686295527891 31.282661060851336 127.60645319714598 85.0 108.0 38.0
6.1664473722411834 31.713053627047092 127.58651301400309 108.0 132.0 41.0
6.167208448954476 32.143446193242845 127.5665728308602 101.0 126.0 30.0
6.167969525667768 32.5738387594386 127.54663264771725 106.0 131.0 28.0
6.168730602381064 33.00423132563435 127.52669246457435 113.0 137.0 29.0
6.169491679094357 33.43462389183011 127.50675228143143 132.0 149.0 44.0
6.170252755807649 33.86501645802586 127.48681209828854 171.0 183.0 82.0
6.171013832520942 34.29540902422161 127.46687191514559 191.0 205.0 108.0
6.171774909234235 34.72580159041737 127.4469317320027 184.0 198.0 111.0
6.5952883665749695 31.28342213756463 127.639277463968 94.0 116.0 47.0
6.596049443288262 31.71381470376038 127.61933728082508 107.0 129.0 44.0
6.596810520001554 32.14420726995614 127.59939709768216 108.0 131.0 36.0
6.597571596714847 32.57459983615189 127.57945691453926 116.0 138.0 37.0
6.598332673428143 33.004992402347646 127.55951673139634 121.0 140.0 37.0
6.599093750141435 33.4353849685434 127.53957654825345 125.0 136.0 50.0
6.5998548268547275 33.86577753473915 127.5196363651105 170.0 181.0 93.0
6.60061590356802 34.29617010093491 127.49969618196761 195.0 209.0 122.0
6.601376980281313 34.726562667130665 127.47975599882469 83.0 88.0 48.0
7.024890437622048 31.284183214277924 127.67210173078999 68.0 83.0 34.0
7.025651514335341 31.714575780473677 127.65216154764707 94.0 114.0 43.0
7.026412591048634 32.14496834666944 127.63222136450418 103.0 120.0 44.0
7.027173667761926 32.575360912865186 127.61228118136125 100.0 114.0 40.0
7.027934744475221 33.005753479060935 127.59234099821833 73.0 80.0 33.0
7.029456897901807 33.86653861145245 127.55246063193252 90.0 97.0 53.0
7.030217974615099 34.296931177648204 127.5325204487896 83.0 88.0 53.0
2.267965542708781 32.15653668596612 127.70029415936602 160.0 161.0 86.0
2.268726619422075 32.58692925216187 127.68035397622313 202.0 208.0 126.0
2.2694876961353674 33.01732181835762 127.66041379308021 173.0 181.0 95.0
2.6968065370425665 31.72690519648366 127.75305860933094 177.0 182.0 101.0
2.6975676137558593 32.15729776267941 127.73311842618804 171.0 176.0 87.0
2.6983286904691517 32.58769032887516 127.71317824304512 172.0 179.0 87.0
2.699089767182447 33.01808289507092 127.6932380599022 145.0 154.0 66.0
2.69985084389574 33.448475461266675 127.67329787675928 91.0 100.0 35.0
3.126408608089645 31.72766627319695 127.78588287615293 111.0 123.0 42.0
3.1271696848029373 32.15805883939271 127.76594269301003 123.0 133.0 45.0
3.12793076151623 32.58845140558846 127.74600250986711 140.0 152.0 58.0
3.1286918382295257 33.018843971784214 127.72606232672419 130.0 145.0 50.0
3.129452914942818 33.449236537979964 127.7061221435813 112.0 127.0 40.0
3.5552496024234306 31.29803478371449 127.83864732611784 61.0 81.0 18.0
3.5560106791367234 31.728427349910245 127.81870714297492 71.0 92.0 19.0
3.556771755850016 32.158819916106 127.79876695983202 77.0 96.0 17.0
3.557532832563308 32.589212482301754 127.7788267766891 111.0 130.0 33.0
3.5582939092766037 33.0196050484975 127.75888659354621 127.0 147.0 44.0
3.5590549859898966 33.44999761469326 127.73894641040326 129.0 148.0 48.0
3.559816062703189 33.880390180889016 127.71900622726037 113.0 123.0 59.0
3.984851673470506 31.29879586042778 127.87147159293983 75.0 100.0 25.0
3.9856127501837983 31.729188426623534 127.85153140979693 93.0 119.0 29.0
3.986373826897091 32.15958099281929 127.83159122665401 88.0 112.0 22.0
3.9871349036103836 32.58997355901504 127.81165104351112 93.0 120.0 22.0
3.987895980323679 33.0203661252108 127.79171086036817 127.0 151.0 41.0
3.988657057036972 33.450758691406556 127.77177067722528 142.0 163.0 54.0
3.9894181337502643 33.881151257602305 127.75183049408236 182.0 200.0 96.0
3.9901792104635567 34.31154382379806 127.73189031093946 172.0 185.0 104.0
4.414453744517584 31.299556937141073 127.90429585976185 67.0 93.0 21.0
4.415214821230877 31.72994950333683 127.88435567661892 61.0 86.0 14.0
4.415975897944169 32.16034206953259 127.86441549347603 55.0 80.0 8.0
4.416736974657462 32.59073463572834 127.84447531033308 92.0 122.0 20.0
4.417498051370758 33.02112720192409 127.82453512719019 132.0 157.0 41.0
4.41825912808405 33.451519768119844 127.80459494404727 152.0 172.0 59.0
4.419020204797342 33.8819123343156 127.78465476090437 169.0 184.0 86.0
4.419781281510635 34.31230490051136 127.76471457776142 216.0 224.0 140.0
4.420542358223928 34.742697466707114 127.74477439461853 185.0 187.0 135.0
4.844816892277955 31.73071058005012 127.91717994344091 68.0 94.0 15.0
4.845577968991248 32.16110314624588 127.89723976029799 58.0 84.0 7.0
4.84633904570454 32.59149571244163 127.8772995771551 112.0 140.0 24.0
4.847100122417836 33.021888278637384 127.85735939401218 138.0 162.0 41.0
4.8478611991311285 33.45228084483314 127.83741921086929 141.0 161.0 49.0
4.848622275844421 33.8826734110289 127.81747902772634 172.0 188.0 81.0
4.849383352557713 34.313065977224646 127.79753884458344 226.0 235.0 145.0
4.850144429271006 34.74345854342041 127.77759866144055 236.0 240.0 161.0
5.273657886611738 31.30107909056766 127.96994439340583 57.0 80.0 16.0
5.27441896332503 31.731471656763414 127.9500042102629 77.0 105.0 16.0
5.275180040038323 32.161864222959174 127.93006402712001 68.0 94.0 7.0
5.275941116751615 32.59225678915492 127.91012384397709 127.0 152.0 27.0
5.276702193464911 33.02264935535068 127.89018366083417 138.0 163.0 37.0
5.277463270178203 33.45304192154643 127.87024347769125 136.0 158.0 44.0
5.278224346891496 33.883434487742186 127.85030329454835 158.0 174.0 66.0
5.278985423604789 34.31382705393794 127.83036311140546 224.0 235.0 141.0
5.2797465003180815 34.7442196201337 127.81042292826254 238.0 243.0 159.0
5.703259957658816 31.301840167280954 128.00276866022782 73.0 94.0 28.0
5.704021034372109 31.73223273347671 127.98282847708492 88.0 117.0 25.0
5.704782111085401 32.16262529967246 127.962888293942 81.0 110.0 14.0
5.7055431877986935 32.59301786586822 127.94294811079908 119.0 143.0 28.0
5.7063042645119895 33.02341043206397 127.92300792765616 131.0 155.0 36.0
5.707065341225282 33.453802998259725 127.90306774451327 128.0 149.0 41.0
5.707826417938574 33.88419556445548 127.88312756137037 156.0 168.0 67.0
5.708587494651867 34.31458813065124 127.86318737822742 215.0 228.0 133.0
5.70934857136516 34.744980696846994 127.84324719508453 228.0 235.0 145.0
6.1321009519926015 30.872208677798497 128.05553311019273 70.0 90.0 38.0
6.132862028705895 31.302601243994246 128.03559292704983 93.0 118.0 43.0
6.133623105419187 31.73299381019 128.0156527439069 102.0 130.0 38.0
6.13438418213248 32.16338637638576 127.99571256076399 101.0 127.0 28.0
6.135145258845772 32.59377894258151 127.97577237762107 114.0 139.0 32.0
6.135906335559068 33.024171508777265 127.95583219447818 120.0 142.0 35.0
6.13666741227236 33.45456407497302 127.93589201133528 126.0 144.0 44.0
6.137428488985653 33.88495664116877 127.91595182819233 153.0 164.0 75.0
6.138189565698945 34.31534920736453 127.89601164504944 208.0 221.0 128.0
6.1389506424122375 34.74574177356028 127.87607146190652 205.0 214.0 127.0
6.56170302303968 30.872969754511786 128.08835737701474 64.0 80.0 37.0
6.562464099752972 31.303362320707542 128.06841719387182 85.0 106.0 44.0
6.563225176466266 31.733754886903295 128.0484770107289 105.0 129.0 45.0
6.563986253179558 32.164147453099055 128.02853682758598 109.0 132.0 39.0
6.5647473298928505 32.594540019294804 128.0085966444431 116.0 138.0 39.0
6.565508406606146 33.02493258549055 127.9886564613002 122.0 140.0 40.0
6.566269483319439 33.45532515168631 127.96871627815725 121.0 130.0 53.0
6.567030560032731 33.885717717882066 127.94877609501435 128.0 135.0 77.0
6.567791636746024 34.31611028407782 127.92883591187143 176.0 187.0 111.0
6.568552713459316 34.74650285027358 127.90889572872854 106.0 111.0 65.0
6.992827247513343 31.734515963616584 128.0813012775509 104.0 126.0 49.0
6.993588324226637 32.164908529812344 128.061361094408 110.0 129.0 46.0
6.994349400939929 32.5953010960081 128.04142091126508 118.0 133.0 45.0
6.995110477653224 33.02569366220385 128.02148072812216 120.0 132.0 52.0
2.6639822702205698 31.746845379626574 128.18219833923476 126.0 128.0 76.0
2.664743346933862 32.17723794582233 128.16225815609187 188.0 191.0 104.0
2.665504423647155 32.607630512018076 128.14231797294892 185.0 194.0 102.0
2.6662655003604505 33.03802307821383 128.12237778980602 168.0 179.0 84.0
2.667026577073743 33.46841564440959 128.1024376066631 135.0 147.0 60.0
3.0935843412676483 31.747606456339863 128.21502260605678 140.0 149.0 59.0
3.0943454179809406 32.177999022535616 128.19508242291383 159.0 165.0 71.0
3.095106494694233 32.60839158873137 128.17514223977093 159.0 169.0 71.0
3.0958675714075286 33.03878415492713 128.155202056628 151.0 165.0 66.0
3.0966286481208214 33.46917672112288 128.13526187348512 141.0 155.0 61.0
3.5224253356014343 31.317974966857403 128.26778705602166 67.0 89.0 19.0
3.5231864123147267 31.74836753305316 128.24784687287874 73.0 92.0 19.0
3.523947489028019 32.17876009924891 128.22790668973585 137.0 154.0 46.0
3.524708565741312 32.60915266544466 128.20796650659292 135.0 151.0 47.0
3.5254696424546075 33.03954523164042 128.18802632345 150.0 167.0 61.0
3.5262307191679 33.469937797836174 128.1680861403071 141.0 157.0 60.0
3.9520274066485093 31.31873604357069 128.30061132284365 77.0 104.0 27.0
3.952788483361802 31.749128609766448 128.28067113970076 89.0 117.0 24.0
3.9535495600750945 32.17952117596221 128.26073095655784 96.0 119.0 23.0
3.954310636788387 32.60991374215796 128.24079077341491 99.0 121.0 24.0
3.955071713501683 33.04030630835371 128.22085059027202 120.0 144.0 36.0
3.9558327902149752 33.47069887454947 128.2009104071291 127.0 147.0 50.0
3.9565938669282676 33.90109144074522 128.1809702239862 136.0 149.0 64.0
4.381629477695588 31.319497120283987 128.33343558966567 70.0 96.0 23.0
4.382390554408881 31.749889686479744 128.31349540652275 68.0 97.0 15.0
4.383151631122173 32.1802822526755 128.29355522337983 68.0 96.0 9.0
4.383912707835465 32.61067481887125 128.27361504023693 61.0 84.0 8.0
4.384673784548761 33.041067385067 128.253674857094 102.0 128.0 25.0
4.385434861262054 33.47145995126276 128.23373467395112 130.0 148.0 51.0
4.386195937975346 33.901852517458515 128.21379449080817 124.0 135.0 57.0
4.811231548742666 31.320258196997283 128.36625985648766 61.0 85.0 18.0
4.811992625455959 31.750650763193033 128.34631967334474 69.0 96.0 13.0
4.813514778882544 32.61143589558454 128.30643930705892 102.0 126.0 19.0
4.814275855595839 33.0418284617803 128.28649912391603 132.0 158.0 38.0
4.815036932309132 33.472221027976055 128.26655894077308 133.0 154.0 50.0
4.815798009022425 33.90261359417181 128.2466187576302 124.0 138.0 53.0
4.816559085735717 34.33300616036756 128.22667857448727 128.0 137.0 76.0
4.817320162449009 34.763398726563324 128.20673839134437 163.0 167.0 111.0
5.241594696503034 31.75141183990633 128.37914394016676 79.0 107.0 14.0
5.243116849929619 32.61219697229784 128.3392635738809 80.0 106.0 8.0
5.243877926642915 33.042589538493594 128.319323390738 143.0 168.0 40.0
5.244639003356207 33.47298210468934 128.2993832075951 133.0 157.0 48.0
5.2454000800694995 33.9033746708851 128.27944302445218 143.0 160.0 60.0
5.246161156782792 34.333767237080856 128.25950284130928 217.0 230.0 139.0
5.246922233496085 34.76415980327661 128.23956265816634 236.0 241.0 160.0
5.669674614123527 30.891387784228115 128.45184857327456 66.0 85.0 35.0
5.67043569083682 31.321780350423868 128.43190839013167 72.0 94.0 28.0
5.6711967675501125 31.752172916619624 128.41196820698875 89.0 118.0 23.0
5.671957844263405 32.18256548281538 128.39202802384582 62.0 86.0 6.0
5.672718920976697 32.612958049011134 128.3720878407029 113.0 136.0 21.0
5.673479997689993 33.04335061520688 128.35214765756 143.0 164.0 46.0
5.674241074403286 33.47374318140264 128.3322074744171 137.0 156.0 54.0
5.675002151116578 33.904135747598396 128.31226729127417 155.0 170.0 75.0
5.67576322782987 34.33452831379415 128.29232710813125 219.0 231.0 141.0
5.676524304543163 34.76492087998991 128.27238692498835 237.0 241.0 163.0
5.677285381256456 35.195313446185665 128.25244674184543 163.0 157.0 115.0
6.099276685170605 30.892148860941408 128.48467284009658 69.0 87.0 39.0
6.100037761883898 31.32254142713716 128.46473265695366 86.0 108.0 41.0
6.100798838597191 31.752933993332913 128.44479247381074 97.0 125.0 36.0
6.101559915310483 32.18332655952867 128.42485229066781 105.0 132.0 28.0
6.102320992023776 32.61371912572442 128.40491210752492 120.0 143.0 35.0
6.103082068737071 33.04411169192018 128.384971924382 125.0 146.0 39.0
6.103843145450364 33.474504258115935 128.36503174123908 131.0 146.0 54.0
6.1046042221636565 33.904896824311685 128.34509155809616 110.0 119.0 59.0
6.105365298876949 34.33528939050744 128.32515137495326 211.0 223.0 134.0
6.106126375590241 34.7656819567032 128.30521119181034 234.0 238.0 161.0
6.529639832930976 31.323302503850453 128.49755692377565 87.0 107.0 48.0
6.530400909644269 31.75369507004621 128.47761674063273 104.0 127.0 47.0
6.531161986357561 32.18408763624197 128.45767655748983 111.0 134.0 42.0
6.531923063070854 32.61448020243772 128.4377363743469 119.0 139.0 43.0
6.532684139784149 33.04487276863347 128.417796191204 124.0 139.0 46.0
6.533445216497442 33.475265334829224 128.39785600806107 126.0 137.0 60.0
6.534967369924027 34.33605046722074 128.35797564177525 134.0 142.0 80.0
6.53572844663732 34.76644303341649 128.33803545863233 142.0 146.0 92.0
6.960002980691346 31.754456146759498 128.51044100745474 109.0 126.0 55.0
6.9607640574046385 32.18484871295526 128.49050082431182 112.0 130.0 50.0
6.961525134117932 32.615241279151014 128.4705606411689 120.0 138.0 49.0
6.962286210831227 33.045633845346764 128.45062045802598 119.0 134.0 49.0
7.390366128451714 32.185609789668554 128.5233250911338 88.0 99.0 45.0
7.391127205165007 32.6160023558643 128.5033849079909 82.0 91.0 40.0
3.060760074445651 31.767546639482777 128.64416233596057 116.0 128.0 46.0
3.061521151158944 32.19793920567853 128.62422215281768 114.0 125.0 40.0
3.0622822278722364 32.62833177187429 128.60428196967476 137.0 148.0 55.0
3.063043304585532 33.05872433807004 128.58434178653187 145.0 157.0 60.0
3.0638043812988243 33.48911690426579 128.56440160338892 119.0 132.0 43.0
3.4903621454927296 31.768307716196073 128.6769866027826 121.0 142.0 40.0
3.491123222206022 32.198700282391826 128.65704641963967 131.0 152.0 37.0
3.4918842989193144 32.629092848587575 128.63710623649675 152.0 171.0 53.0
3.4926453756326103 33.05948541478333 128.61716605335383 149.0 167.0 57.0
3.4934064523459027 33.48987798097909 128.59722587021093 144.0 159.0 61.0
3.919203139826512 31.338676226713606 128.7297510527475 73.0 94.0 25.0
3.919964216539805 31.769068792909362 128.70981086960458 109.0 137.0 31.0
3.9207252932530974 32.199461359105115 128.68987068646166 111.0 141.0 21.0
3.9214863699663898 32.62985392530087 128.66993050331874 146.0 170.0 42.0
3.9222474466796853 33.06024649149663 128.64999032017585 145.0 167.0 48.0
3.923008523392978 33.490639057692384 128.63005013703292 144.0 161.0 61.0
3.9237696001062705 33.92103162388813 128.61010995389 105.0 111.0 53.0
4.34880521087359 31.3394373034269 128.7625753195695 64.0 87.0 19.0
4.3495662875868835 31.769829869622658 128.74263513642657 67.0 92.0 14.0
4.350327364300176 32.20022243581841 128.72269495328365 100.0 131.0 16.0
4.351088441013468 32.63061500201417 128.70275477014076 90.0 120.0 14.0
4.351849517726764 33.06100756820992 128.68281458699784 98.0 123.0 21.0
4.352610594440057 33.49140013440567 128.66287440385491 131.0 150.0 51.0
4.353371671153349 33.92179270060143 128.642934220712 147.0 160.0 75.0
4.778407281920669 31.340198380140198 128.79539958639148 60.0 84.0 18.0
4.779168358633961 31.770590946335947 128.77545940324856 68.0 95.0 13.0
4.779929435347254 32.20098351253171 128.75551922010567 104.0 135.0 17.0
4.780690512060547 32.631376078727456 128.73557903696275 117.0 146.0 23.0
4.781451588773842 33.06176864492321 128.71563885381983 135.0 160.0 38.0
4.782212665487135 33.49216121111897 128.6956986706769 145.0 163.0 59.0
4.7829737422004275 33.922553777314725 128.675758487534 150.0 165.0 71.0
4.78373481891372 34.352946343510474 128.65581830439112 89.0 95.0 51.0
5.208770429681037 31.771352023049243 128.80828367007058 67.0 93.0 13.0
5.209531506394329 32.201744589244996 128.78834348692766 100.0 129.0 16.0
5.210292583107622 32.63213715544075 128.76840330378474 126.0 154.0 27.0
5.211053659820918 33.06252972163651 128.74846312064182 146.0 169.0 44.0
5.21181473653421 33.49292228783226 128.72852293749892 153.0 175.0 61.0
5.212575813247502 33.923314854028014 128.70858275435603 163.0 180.0 78.0
5.213336889960795 34.35370742022377 128.68864257121308 182.0 194.0 107.0
5.214097966674087 34.78409998641953 128.6687023880702 197.0 207.0 127.0
5.637611424014822 31.341720533566782 128.8610481200355 72.0 91.0 32.0
5.638372500728115 31.77211309976254 128.84110793689257 87.0 111.0 28.0
5.639133577441408 32.20250566595829 128.82116775374965 103.0 129.0 23.0
5.6398946541547 32.63289823215404 128.80122757060673 123.0 150.0 30.0
5.640655730867996 33.0632907983498 128.78128738746383 136.0 158.0 41.0
5.6414168075812885 33.493683364545554 128.7613472043209 146.0 166.0 57.0
5.642177884294581 33.92407593074131 128.741407021178 161.0 176.0 83.0
5.642938961007873 34.354468496937066 128.7214668380351 210.0 222.0 138.0
5.643700037721166 34.78486106313282 128.70152665489218 238.0 240.0 177.0
5.644461114434458 35.21525362932858 128.68158647174926 163.0 144.0 97.0
6.067974571775193 31.772874176475828 128.87393220371456 68.0 85.0 26.0
6.068735648488486 32.20326674267159 128.85399202057164 103.0 128.0 30.0
6.069496725201779 32.63365930886734 128.83405183742875 121.0 143.0 38.0
6.070257801915074 33.06405187506309 128.81411165428582 131.0 151.0 47.0
6.071018878628367 33.49444444125885 128.7941714711429 141.0 158.0 60.0
6.071779955341659 33.9248370074546 128.774231288 176.0 188.0 102.0
6.072541032054952 34.355229573650355 128.7542911048571 217.0 227.0 147.0
6.073302108768244 34.78562213984611 128.73435092171417 241.0 244.0 186.0
6.497576642822271 31.773635253189124 128.90675647053655 83.0 96.0 41.0
6.498337719535564 32.204027819384876 128.88681628739366 113.0 134.0 46.0
6.499098796248857 32.63442038558063 128.86687610425074 118.0 137.0 45.0
6.499859872962152 33.06481295177638 128.84693592110781 126.0 141.0 49.0
6.500620949675445 33.49520551797214 128.82699573796492 136.0 148.0 63.0
6.501382026388738 33.925598084167895 128.807055554822 167.0 175.0 109.0
6.50214310310203 34.35599065036365 128.78711537167908 205.0 215.0 138.0
6.502904179815323 34.78638321655941 128.76717518853616 195.0 196.0 149.0
6.927178713869351 31.774396329902412 128.93958073735857 100.0 111.0 54.0
6.927939790582643 32.20478889609817 128.91964055421565 116.0 132.0 54.0
6.928700867295936 32.63518146229392 128.89970037107273 120.0 137.0 52.0
6.9294619440092315 33.06557402848968 128.87976018792983 122.0 137.0 51.0
6.930223020722524 33.495966594685434 128.8598200047869 90.0 96.0 46.0
6.930984097435816 33.92635916088119 128.839879821644 85.0 89.0 58.0
6.931745174149109 34.35675172707695 128.81993963850107 85.0 89.0 60.0
7.356780784916426 31.77515740661571 128.97240500418056 84.0 93.0 46.0
7.357541861629718 32.20554997281147 128.95246482103764 115.0 128.0 61.0
7.358302938343011 32.63594253900722 128.93252463789474 116.0 129.0 56.0
7.3590640150563065 33.06633510520297 128.91258445475182 106.0 116.0 53.0
3.457537878670733 31.78824789933898 129.10612633268642 66.0 90.0 12.0
3.4582989553840258 32.21864046553473 129.0861861495435 98.0 126.0 18.0
3.886378873004516 31.35861640985652 129.15889078265133 74.0 101.0 24.0
3.8871399497178083 31.789008976052276 129.1389505995084 103.0 130.0 26.0
3.8879010264311007 32.21940154224803 129.11901041636548 127.0 157.0 25.0
3.8886621031443935 32.64979410844378 129.0990702332226 147.0 175.0 36.0
3.889423179857689 33.080186674639535 129.07913005007967 141.0 162.0 42.0
3.8901842565709814 33.51057924083529 129.05918986693675 161.0 176.0 73.0
3.8909453332842743 33.94097180703105 129.03924968379383 193.0 206.0 117.0
3.8917064099975667 34.371364373226804 129.01930950065093 122.0 126.0 78.0
4.315980944051594 31.359377486569816 129.19171504947332 65.0 91.0 22.0
4.316742020764886 31.789770052765565 129.1717748663304 70.0 98.0 14.0
4.317503097478179 32.220162618961325 129.1518346831875 103.0 136.0 16.0
4.318264174191472 32.650555185157074 129.13189450004458 124.0 157.0 25.0
4.319025250904767 33.08094775135283 129.11195431690166 130.0 158.0 33.0
4.3197863276180595 33.51134031754859 129.09201413375874 143.0 160.0 56.0
4.320547404331353 33.94173288374434 129.07207395061585 157.0 169.0 86.0
4.321308481044645 34.37212544994009 129.05213376747292 142.0 147.0 96.0
4.746344091811965 31.79053112947886 129.2045991331524 72.0 99.0 17.0
4.747105168525257 32.220923695674614 129.1846589500095 124.0 154.0 29.0
4.74786624523855 32.65131626187037 129.16471876686657 125.0 154.0 29.0
4.748627321951846 33.08170882806612 129.14477858372365 137.0 161.0 39.0
4.749388398665138 33.512101394261876 129.12483840058076 149.0 166.0 58.0
4.75014947537843 33.94249396045763 129.10489821743784 149.0 162.0 72.0
4.750910552091724 34.37288652665339 129.0849580342949 120.0 126.0 71.0
5.175946162859041 31.791292206192157 129.2374233999744 70.0 93.0 19.0
5.176707239572333 32.22168477238791 129.21748321683148 131.0 153.0 39.0
5.177468316285625 32.65207733858366 129.19754303368856 129.0 153.0 36.0
5.1782293929989205 33.082469904779416 129.17760285054567 141.0 162.0 45.0
5.178990469712214 33.51286247097517 129.15766266740275 160.0 179.0 65.0
5.179751546425506 33.94325503717093 129.13772248425983 159.0 174.0 74.0
5.180512623138799 34.373647603366685 129.1177823011169 158.0 169.0 87.0
5.181273699852091 34.804040169562434 129.097842117974 116.0 120.0 75.0
5.605548233906118 31.792053282905446 129.2702476667964 64.0 82.0 21.0
5.606309310619411 32.222445849101206 129.25030748365347 132.0 151.0 47.0
5.607070387332704 32.652838415296955 129.23036730051058 133.0 153.0 44.0
5.607831464045999 33.08323098149271 129.21042711736766 141.0 160.0 50.0
5.608592540759291 33.51362354768846 129.19048693422474 155.0 170.0 66.0
5.609353617472585 33.94401611388422 129.17054675108182 170.0 186.0 89.0
5.610114694185877 34.37440868007997 129.15060656793892 180.0 190.0 109.0
5.6108757708991694 34.80480124627573 129.130666384796 217.0 221.0 158.0
6.035911381666489 32.223206925814495 129.2831317504755 104.0 126.0 35.0
6.0366724583797815 32.65359949201025 129.26319156733257 121.0 141.0 42.0
6.0374335350930775 33.083992058206 129.24325138418965 132.0 151.0 48.0
6.03819461180637 33.51438462440176 129.22331120104673 142.0 160.0 59.0
6.038955688519662 33.94477719059751 129.20337101790383 155.0 169.0 79.0
6.0397167652329555 34.37516975679326 129.1834308347609 171.0 178.0 108.0
6.040477841946248 34.80556232298902 129.163490651618 239.0 240.0 196.0
6.464752376000275 31.79357543633203 129.3358962004404 80.0 101.0 39.0
6.465513452713568 32.22396800252779 129.31595601729745 119.0 137.0 50.0
6.46627452942686 32.65436056872354 129.29601583415456 126.0 143.0 50.0
6.467035606140156 33.084753134919296 129.27607565101164 134.0 151.0 54.0
6.467796682853448 33.51514570111505 129.25613546786875 146.0 162.0 66.0
6.468557759566741 33.9455382673108 129.23619528472582 141.0 150.0 81.0
6.469318836280033 34.37593083350656 129.2162551015829 114.0 119.0 76.0
6.894354447047354 31.794336513045327 129.36872046726236 80.0 94.0 41.0
6.895115523760646 32.22472907924109 129.34878028411947 123.0 136.0 60.0
6.8958766004739385 32.655121645436836 129.32884010097655 128.0 142.0 59.0
6.896637677187234 33.085514211632585 129.30889991783366 133.0 147.0 60.0
6.897398753900527 33.51590677782834 129.2889597346907 125.0 136.0 63.0
7.324717594807721 32.225490155954375 129.38160455094146 112.0 120.0 64.0
7.325478671521013 32.65588272215013 129.36166436779857 120.0 129.0 64.0
7.326239748234309 33.08627528834588 129.34172418465562 108.0 116.0 56.0
3.8535546061825183 31.378556592999434 129.58803051255515 66.0 89.0 20.0
3.854315682895811 31.80894915919519 129.56809032941223 103.0 131.0 23.0
4.283156677229597 31.37931766971273 129.62085477937714 58.0 81.0 18.0
4.283917753942889 31.80971023590848 129.60091459623422 72.0 100.0 14.0
4.284678830656182 32.24010280210424 129.58097441309133 120.0 155.0 20.0
4.285439907369475 32.67049536829999 129.5610342299484 136.0 168.0 27.0
4.28620098408277 33.100887934495745 129.54109404680548 149.0 174.0 41.0
4.286962060796062 33.5312805006915 129.5211538636626 153.0 170.0 60.0
4.287723137509356 33.96167306688726 129.50121368051967 206.0 218.0 130.0
4.288484214222648 34.39206563308301 129.48127349737675 177.0 180.0 135.0
4.713519824989968 31.810471312621775 129.63373886305624 68.0 92.0 16.0
4.71428090170326 32.24086387881753 129.6137986799133 113.0 142.0 27.0
4.7150419784165525 32.671256445013285 129.5938584967704 144.0 167.0 41.0
4.715803055129848 33.101649011209034 129.5739183136275 158.0 178.0 53.0
4.716564131843141 33.53204157740479 129.55397813048458 160.0 179.0 62.0
4.717325208556433 33.96243414360055 129.53403794734166 177.0 189.0 95.0
4.7180862852697265 34.3928267097963 129.51409776419874 166.0 171.0 118.0
5.143882972750336 32.241624955530824 129.6466229467353 101.0 122.0 34.0
5.144644049463628 32.67201752172657 129.6266827635924 133.0 152.0 46.0
5.145405126176923 33.10241008792233 129.6067425804495 156.0 174.0 59.0
5.146166202890217 33.532802654118086 129.58680239730657 171.0 191.0 71.0
5.146927279603509 33.96319522031384 129.56686221416365 166.0 179.0 80.0
5.147688356316801 34.3935877865096 129.54692203102076 177.0 185.0 112.0
5.5734850437974135 32.24238603224412 129.67944721355732 110.0 129.0 45.0
5.574246120510707 32.67277859843987 129.6595070304144 129.0 146.0 50.0
5.575007197224002 33.103171164635626 129.63956684727148 147.0 164.0 58.0
5.575768273937294 33.533563730831375 129.61962666412856 174.0 191.0 80.0
5.5765293506505875 33.96395629702713 129.59968648098567 185.0 198.0 101.0
5.57729042736388 34.39434886322289 129.57974629784275 165.0 172.0 102.0
6.003087114844492 32.24314710895741 129.71227148037931 87.0 104.0 33.0
6.003848191557784 32.67353967515316 129.6923312972364 129.0 145.0 51.0
6.00460926827108 33.103932241348915 129.67239111409347 141.0 156.0 57.0
6.005370344984373 33.53432480754467 129.65245093095058 171.0 186.0 84.0
6.006131421697665 33.96471737374043 129.63251074780766 179.0 190.0 103.0
6.0068924984109575 34.39510993993618 129.61257056466474 146.0 151.0 99.0
6.4326891858915705 32.243908185670705 129.7450957472013 125.0 141.0 57.0
6.433450262604863 32.674300751866454 129.72515556405838 145.0 163.0 67.0
6.434211339318159 33.10469331806221 129.7052153809155 148.0 163.0 67.0
6.434972416031451 33.53508588425797 129.68527519777254 154.0 168.0 75.0
6.435733492744744 33.965478450453716 129.66533501462965 187.0 196.0 119.0
6.862291256938649 32.244669262383994 129.7779200140233 140.0 153.0 74.0
6.863052333651941 32.67506182857975 129.7579798308804 154.0 168.0 82.0
6.863813410365237 33.1054543947755 129.73803964773745 147.0 161.0 76.0
6.86457448707853 33.535846960971256 129.71809946459456 139.0 147.0 71.0
7.291893327985724 32.24543033909729 129.8107442808453 126.0 132.0 79.0
7.292654404699016 32.67582290529304 129.79080409770236 149.0 159.0 92.0
7.293415481412312 33.106215471488795 129.77086391455947 137.0 146.0 81.0
7.294176558125605 33.53660803768455 129.75092373141655 96.0 99.0 58.0
4.250332410407601 31.399257852855644 130.04999450928096 59.0 80.0 20.0
4.251093487120893 31.829650419051394 130.03005432613807 98.0 123.0 27.0
4.6806955581679714 31.83041149576469 130.06287859296003 74.0 97.0 19.0
4.681456634881264 32.26080406196044 130.04293840981714 114.0 140.0 32.0
4.682217711594556 32.6911966281562 130.02299822667422 152.0 170.0 52.0
4.682978788307852 33.12158919435195 130.00305804353133 166.0 185.0 67.0
4.683739865021145 33.551981760547704 129.9831178603884 175.0 193.0 81.0
4.684500941734437 33.98237432674346 129.96317767724548 211.0 222.0 137.0
4.685262018447729 34.41276689293922 129.94323749410256 202.0 207.0 152.0
5.111058705928339 32.26156513867374 130.07576267663913 108.0 129.0 39.0
5.111819782641631 32.69195770486949 130.05582249349624 138.0 155.0 53.0
5.112580859354927 33.122350271065244 130.0358823103533 165.0 183.0 71.0
5.1133419360682195 33.552742837261 130.0159421272104 185.0 202.0 90.0
5.114103012781512 33.98313540345676 129.99600194406747 195.0 207.0 119.0
5.114864089494805 34.41352796965251 129.97606176092458 209.0 215.0 155.0
5.540660776975417 32.26232621538703 130.10858694346115 98.0 119.0 38.0
5.54142185368871 32.69271878158278 130.0886467603182 132.0 148.0 54.0
5.542182930402006 33.12311134777854 130.0687065771753 156.0 171.0 69.0
5.542944007115298 33.55350391397429 130.04876639403238 197.0 211.0 107.0
5.54370508382859 33.983896480170046 130.0288262108895 206.0 217.0 130.0
5.544466160541883 34.4142890463658 130.00888602774657 165.0 171.0 116.0
5.970262848022496 32.26308729210032 130.1414112102831 81.0 95.0 31.0
5.971023924735788 32.69347985829607 130.12147102714022 143.0 154.0 67.0
5.971785001449084 33.12387242449183 130.1015308439973 167.0 180.0 84.0
5.9725460781623765 33.554264990687585 130.0815906608544 199.0 212.0 117.0
5.973307154875669 33.98465755688334 130.06165047771148 218.0 228.0 151.0
5.974068231588961 34.41505012307909 130.04171029456856 109.0 113.0 81.0
6.399864919069574 32.26384836881362 130.17423547710513 99.0 109.0 49.0
6.400625995782867 32.69424093500937 130.1542952939622 179.0 194.0 101.0
6.401387072496163 33.124633501205125 130.13435511081929 179.0 193.0 99.0
6.402148149209455 33.55502606740088 130.1144149276764 181.0 191.0 100.0
6.402909225922747 33.98541863359663 130.09447474453347 202.0 210.0 142.0
6.829466990116653 32.26460944552691 130.20705974392712 109.0 115.0 67.0
6.830228066829945 32.695002011722664 130.1871195607842 191.0 203.0 126.0
6.83098914354324 33.125394577918414 130.1671793776413 189.0 200.0 122.0
6.8317502202565334 33.55578714411417 130.14723919449838 170.0 179.0 102.0
6.832511296969826 33.986179710309926 130.1272990113555 82.0 86.0 55.0
7.259830137877019 32.69576308843595 130.21994382760622 145.0 152.0 103.0
7.260591214590315 33.12615565463171 130.2000036444633 159.0 167.0 111.0
7.2613522913036075 33.556548220827466 130.1800634613204 98.0 102.0 66.0
4.647871291345975 31.850351678907597 130.49201832286386 79.0 97.0 25.0
5.0782344391063425 32.281505321816645 130.50490240654298 108.0 129.0 40.0
5.078995515819635 32.7118978880124 130.48496222340003 130.0 148.0 50.0
5.079756592532931 33.14229045420816 130.46502204025714 160.0 172.0 71.0
5.080517669246223 33.57268302040391 130.44508185711422 224.0 233.0 143.0
5.081278745959516 34.003075586599664 130.42514167397132 230.0 238.0 169.0
5.082039822672808 34.43346815279542 130.40520149082838 203.0 208.0 157.0
5.507836510153421 32.28226639852994 130.53772667336494 101.0 121.0 40.0
5.508597586866713 32.71265896472569 130.51778649022205 127.0 142.0 53.0
5.509358663580009 33.14305153092145 130.49784630707913 177.0 187.0 91.0
5.510119740293302 33.5734440971172 130.47790612393624 228.0 237.0 155.0
5.510880817006594 34.00383666331296 130.4579659407933 227.0 234.0 164.0
5.5116418937198866 34.434229229508716 130.4380257576504 175.0 177.0 136.0
5.9374385812004995 32.28302747524324 130.57055094018696 73.0 83.0 29.0
5.938199657913792 32.71342004143899 130.55061075704404 141.0 152.0 69.0
5.938960734627087 33.14381260763474 130.53067057390115 211.0 224.0 133.0
5.93972181134038 33.5742051738305 130.5107303907582 220.0 231.0 145.0
5.940482888053673 34.00459774002625 130.4907902076153 228.0 235.0 164.0
6.36780172896087 32.71418111815228 130.58343502386603 172.0 183.0 106.0
6.368562805674165 33.14457368434803 130.5634948407231 211.0 223.0 138.0
6.369323882387458 33.57496625054379 130.54355465758022 210.0 222.0 135.0
6.370084959100751 34.005358816739545 130.5236144744373 170.0 175.0 122.0
6.797403800007948 32.71494219486557 130.61625929068802 167.0 176.0 117.0
6.798164876721244 33.14533476106133 130.59631910754513 203.0 214.0 142.0
6.798925953434536 33.575727327257084 130.5763789244022 189.0 199.0 126.0
7.227766947768319 33.14609583777462 130.62914337436712 134.0 139.0 100.0
7.228528024481612 33.57648840397037 130.6092031912242 83.0 85.0 58.0
5.475012243331424 32.302206581672856 130.96686640326877 100.0 112.0 45.0
5.475773320044716 32.732599147868605 130.94692622012587 71.0 82.0 25.0
5.476534396758012 33.16299171406436 130.92698603698298 100.0 106.0 43.0
5.477295473471305 33.59338428026012 130.90704585384003 213.0 217.0 162.0
5.478056550184597 34.023776846455874 130.88710567069714 181.0 183.0 147.0
5.905375391091795 32.7333602245819 130.9797504869479 72.0 80.0 29.0
5.90613646780509 33.16375279077766 130.95981030380494 197.0 209.0 124.0
5.906897544518383 33.594145356973414 130.93987012066205 242.0 246.0 182.0
5.9076586212316755 34.02453792316916 130.91992993751913 234.0 238.0 173.0
6.335738538852168 33.164513867490946 130.99263457062696 213.0 221.0 148.0
6.336499615565461 33.5949064336867 130.97269438748404 239.0 243.0 174.0
6.337260692278754 34.02529899988246 130.95275420434115 200.0 202.0 155.0
6.765340609899247 33.16527494420424 131.02545883744895 132.0 138.0 93.0
6.766101686612539 33.5956675104 131.00551865430603 159.0 166.0 111.0
5.873312200983094 33.183692973920564 131.38895003370877 119.0 123.0 77.0
5.874073277696386 33.61408554011632 131.36900985056587 219.0 226.0 163.0
5.874834354409678 34.04447810631208 131.34906966742295 180.0 185.0 135.0
6.302914272030172 33.18445405063386 131.42177430053079 198.0 203.0 150.0
6.3036753487434645 33.61484661682962 131.40183411738786 244.0 245.0 204.0
6.304436425456757 34.045239183025366 131.38189393424494 170.0 172.0 134.0
6.7325163430772506 33.18521512734715 131.45459856735278 173.0 174.0 147.0
6.733277419790543 33.615607693542906 131.43465838420985 237.0 238.0 207.0
