-9.580 -8.478 150.700 109.000 113.000 63.000
-10.902 -8.460 151.031 163.000 175.000 91.000
-10.472 -8.459 151.064 167.000 179.000 95.000
-10.043 -8.458 151.097 156.000 166.000 87.000
-9.613 -8.458 151.129 126.000 132.000 71.000
-11.794 -8.441 151.394 88.000 91.000 65.000
-11.365 -8.441 151.427 141.000 152.000 85.000
-10.936 -8.870 151.480 159.000 176.000 73.000
-10.935 -8.440 151.460 166.000 179.000 94.000
-10.506 -8.870 151.513 157.000 174.000 66.000
-10.505 -8.439 151.493 166.000 178.000 89.000
-10.505 -8.009 151.473 93.000 94.000 62.000
-10.076 -8.869 151.546 142.000 156.000 59.000
-10.076 -8.438 151.526 155.000 165.000 82.000
-9.647 -8.868 151.578 142.000 153.000 66.000
-9.646 -8.438 151.559 115.000 122.000 60.000
-9.217 -8.867 151.611 133.000 144.000 66.000
-12.257 -8.853 151.811 162.000 176.000 100.000
-11.828 -9.282 151.863 159.000 177.000 73.000
-11.828 -8.852 151.843 178.000 193.000 103.000
-11.827 -8.421 151.824 148.000 158.000 99.000
-11.399 -9.282 151.896 149.000 167.000 60.000
-11.398 -8.851 151.876 167.000 184.000 84.000
-11.397 -8.421 151.856 145.000 157.000 88.000
-10.969 -9.281 151.929 150.000 169.000 55.000
-10.969 -8.850 151.909 167.000 185.000 79.000
-10.968 -8.420 151.889 173.000 187.000 99.000
-10.540 -9.280 151.962 137.000 158.000 43.000
-10.539 -8.850 151.942 165.000 182.000 71.000
-10.538 -8.419 151.922 179.000 192.000 98.000
-10.537 -7.989 151.902 153.000 159.000 102.000
-10.110 -9.279 151.995 129.000 148.000 43.000
-10.109 -8.849 151.975 158.000 172.000 70.000
-10.109 -8.418 151.955 182.000 193.000 107.000
-10.108 -7.988 151.935 161.000 166.000 114.000
-9.680 -8.848 152.008 144.000 156.000 66.000
-9.679 -8.418 151.988 165.000 174.000 98.000
-9.678 -7.987 151.968 110.000 113.000 85.000
-9.250 -8.847 152.040 152.000 164.000 81.000
-9.249 -8.417 152.020 103.000 107.000 68.000
-8.820 -8.847 152.073 100.000 103.000 62.000
-12.721 -9.694 152.247 82.000 102.000 29.000
-12.721 -9.264 152.227 138.000 151.000 68.000
-12.720 -8.833 152.207 101.000 107.000 65.000
-12.292 -10.124 152.300 99.000 122.000 34.000
-12.292 -9.693 152.280 127.000 147.000 51.000
-12.291 -9.263 152.260 150.000 167.000 71.000
-12.290 -8.833 152.240 183.000 196.000 112.000
-11.863 -10.123 152.332 129.000 152.000 45.000
-11.862 -9.693 152.312 148.000 167.000 62.000
-11.861 -9.262 152.293 163.000 181.000 77.000
-11.861 -8.832 152.273 175.000 193.000 95.000
-11.860 -8.402 152.253 142.000 152.000 91.000
-11.434 -10.553 152.385 74.000 99.000 17.000
-11.433 -10.122 152.365 113.000 138.000 33.000
-11.432 -9.692 152.345 123.000 145.000 40.000
-11.432 -9.262 152.325 159.000 178.000 68.000
-11.431 -8.831 152.305 173.000 190.000 89.000
-11.430 -8.401 152.285 156.000 168.000 93.000
-11.004 -10.552 152.418 64.000 85.000 15.000
-11.004 -10.122 152.398 96.000 119.000 27.000
-11.003 -9.691 152.378 110.000 132.000 32.000
-11.002 -9.261 152.358 151.000 170.000 58.000
-11.001 -8.830 152.338 168.000 187.000 80.000
-11.001 -8.400 152.318 173.000 188.000 101.000
-11.000 -7.970 152.298 83.000 87.000 56.000
-10.574 -10.121 152.431 94.000 114.000 28.000
-10.573 -9.690 152.411 115.000 136.000 35.000
-10.572 -9.260 152.391 141.000 160.000 48.000
-10.572 -8.830 152.371 166.000 185.000 75.000
-10.571 -8.399 152.351 186.000 201.000 106.000
-10.570 -7.969 152.331 162.000 171.000 108.000
-10.144 -9.690 152.444 121.000 140.000 43.000
-10.143 -9.259 152.424 124.000 145.000 41.000
-10.142 -8.829 152.404 156.000 170.000 69.000
-10.141 -8.399 152.384 181.000 192.000 106.000
-10.141 -7.968 152.364 203.000 209.000 148.000
-9.713 -9.259 152.457 141.000 157.000 59.000
-9.713 -8.828 152.437 149.000 163.000 71.000
-9.712 -8.398 152.417 197.000 206.000 130.000
-9.711 -7.967 152.397 215.000 217.000 169.000
-9.284 -9.258 152.490 140.000 153.000 67.000
-9.283 -8.827 152.470 151.000 159.000 80.000
-9.282 -8.397 152.450 205.000 210.000 153.000
-8.853 -8.827 152.502 105.000 107.000 69.000
-12.755 -10.105 152.696 63.000 80.000 21.000
-12.754 -9.674 152.676 92.000 112.000 34.000
-12.753 -9.244 152.656 146.000 159.000 74.000
-12.753 -8.814 152.636 126.000 135.000 80.000
-12.325 -10.104 152.729 112.000 132.000 44.000
-12.324 -9.674 152.709 139.000 157.000 59.000
-12.324 -9.243 152.689 161.000 178.000 79.000
-12.323 -8.813 152.669 181.000 195.000 109.000
-12.322 -8.382 152.649 94.000 97.000 68.000
-11.896 -10.103 152.762 137.000 158.000 52.000
-11.895 -9.673 152.742 163.000 181.000 74.000
-11.894 -9.242 152.722 178.000 198.000 87.000
-11.893 -8.812 152.702 193.000 210.000 106.000
-11.893 -8.382 152.682 168.000 179.000 106.000
-11.467 -10.533 152.814 101.000 129.000 30.000
-11.466 -10.102 152.794 140.000 161.000 52.000
-11.465 -9.672 152.774 145.000 164.000 55.000
-11.465 -9.242 152.755 169.000 187.000 75.000
-11.464 -8.811 152.735 183.000 200.000 95.000
-11.463 -8.381 152.715 170.000 182.000 103.000
-11.037 -10.532 152.847 75.000 98.000 20.000
-11.036 -10.102 152.827 126.000 148.000 46.000
-11.036 -9.671 152.807 131.000 150.000 46.000
-11.035 -9.241 152.787 157.000 174.000 63.000
-11.034 -8.810 152.767 178.000 195.000 88.000
-11.033 -8.380 152.747 184.000 197.000 110.000
-11.033 -7.950 152.728 99.000 104.000 68.000
-10.608 -10.531 152.880 67.000 84.000 20.000
-10.607 -10.101 152.860 101.000 120.000 34.000
-10.606 -9.671 152.840 132.000 150.000 48.000
-10.605 -9.240 152.820 147.000 164.000 56.000
-10.605 -8.810 152.800 163.000 180.000 73.000
-10.604 -8.379 152.780 186.000 199.000 106.000
-10.603 -7.949 152.760 161.000 168.000 110.000
-10.177 -10.100 152.893 99.000 115.000 38.000
-10.176 -9.670 152.873 120.000 135.000 45.000
-10.176 -9.239 152.853 135.000 151.000 51.000
-10.175 -8.809 152.833 153.000 166.000 68.000
-10.174 -8.379 152.813 174.000 185.000 99.000
-10.173 -7.948 152.793 184.000 189.000 133.000
-9.748 -10.099 152.926 118.000 132.000 57.000
-9.747 -9.669 152.906 144.000 160.000 68.000
-9.746 -9.239 152.886 152.000 169.000 70.000
-9.745 -8.808 152.866 153.000 166.000 75.000
-9.745 -8.378 152.846 166.000 173.000 99.000
-9.744 -7.947 152.826 164.000 165.000 119.000
-9.317 -9.668 152.939 129.000 141.000 63.000
-9.317 -9.238 152.919 144.000 158.000 71.000
-9.316 -8.807 152.899 154.000 163.000 87.000
-9.315 -8.377 152.879 132.000 134.000 91.000
-8.887 -9.237 152.951 117.000 125.000 65.000
-8.886 -8.807 152.932 97.000 98.000 64.000
-12.788 -10.085 153.125 77.000 90.000 33.000
-12.787 -9.654 153.105 103.000 120.000 43.000
-12.786 -9.224 153.085 152.000 163.000 83.000
-12.785 -8.794 153.065 136.000 144.000 89.000
-12.358 -10.084 153.158 90.000 100.000 40.000
-12.357 -9.654 153.138 157.000 175.000 75.000
-12.357 -9.223 153.118 183.000 199.000 98.000
-12.356 -8.793 153.098 192.000 206.000 116.000
-12.355 -8.362 153.078 97.000 102.000 68.000
-11.928 -10.083 153.191 110.000 121.000 49.000
-11.928 -9.653 153.171 192.000 211.000 95.000
-11.927 -9.222 153.151 185.000 203.000 91.000
-11.926 -8.792 153.131 198.000 213.000 114.000
-11.925 -8.362 153.111 131.000 138.000 89.000
-11.500 -10.513 153.243 67.000 87.000 18.000
-11.499 -10.082 153.224 124.000 144.000 44.000
-11.498 -9.652 153.204 157.000 175.000 62.000
-11.497 -9.222 153.184 173.000 192.000 78.000
-11.497 -8.791 153.164 192.000 208.000 106.000
-11.496 -8.361 153.144 194.000 206.000 125.000
-11.070 -10.512 153.276 89.000 115.000 26.000
-11.069 -10.082 153.256 124.000 146.000 43.000
-11.069 -9.651 153.236 130.000 149.000 44.000
-11.068 -9.221 153.216 157.000 174.000 64.000
-11.067 -8.791 153.197 184.000 199.000 95.000
-11.066 -8.360 153.177 198.000 210.000 124.000
-11.065 -7.930 153.157 156.000 162.000 111.000
-10.640 -10.511 153.309 74.000 95.000 21.000
-10.640 -10.081 153.289 109.000 129.000 37.000
-10.639 -9.651 153.269 115.000 134.000 37.000
-10.638 -9.220 153.249 147.000 163.000 58.000
-10.637 -8.790 153.229 163.000 178.000 75.000
-10.637 -8.359 153.209 186.000 198.000 108.000
-10.636 -7.929 153.189 181.000 189.000 125.000
-10.210 -10.080 153.322 95.000 110.000 35.000
-10.209 -9.650 153.302 148.000 162.000 67.000
-10.209 -9.219 153.282 155.000 168.000 69.000
-10.208 -8.789 153.262 155.000 167.000 72.000
-10.207 -8.359 153.242 162.000 172.000 87.000
-10.206 -7.928 153.222 106.000 110.000 72.000
-9.781 -10.510 153.375 64.000 82.000 24.000
-9.780 -10.079 153.355 104.000 119.000 48.000
-9.780 -9.649 153.335 152.000 167.000 78.000
-9.779 -9.219 153.315 155.000 169.000 75.000
-9.778 -8.788 153.295 156.000 167.000 79.000
-9.777 -8.358 153.275 134.000 139.000 71.000
-9.350 -9.648 153.368 127.000 138.000 66.000
-9.349 -9.218 153.348 151.000 162.000 78.000
-9.349 -8.787 153.328 149.000 156.000 88.000
-8.920 -9.648 153.401 71.000 82.000 33.000
-8.920 -9.217 153.381 111.000 115.000 67.000
-12.820 -9.634 153.534 105.000 117.000 49.000
-12.819 -9.204 153.514 170.000 182.000 101.000
-12.818 -8.774 153.494 174.000 181.000 126.000
-12.389 -9.203 153.547 209.000 223.000 124.000
-12.389 -8.773 153.527 212.000 223.000 141.000
-12.388 -8.342 153.507 135.000 140.000 96.000
-11.961 -9.633 153.600 102.000 107.000 60.000
-11.960 -9.203 153.580 212.000 229.000 120.000
-11.959 -8.772 153.560 208.000 223.000 127.000
-11.958 -8.342 153.540 200.000 208.000 137.000
-11.532 -10.493 153.673 83.000 99.000 31.000
-11.532 -10.063 153.653 117.000 132.000 45.000
-11.531 -9.632 153.633 178.000 197.000 79.000
-11.530 -9.202 153.613 185.000 203.000 88.000
-11.529 -8.771 153.593 206.000 220.000 119.000
-11.529 -8.341 153.573 210.000 219.000 139.000
-11.103 -10.492 153.705 90.000 112.000 27.000
-11.102 -10.062 153.686 126.000 147.000 44.000
-11.101 -9.631 153.666 157.000 173.000 63.000
-11.101 -9.201 153.646 162.000 178.000 70.000
-11.100 -8.771 153.626 185.000 199.000 97.000
-11.099 -8.340 153.606 204.000 215.000 131.000
-11.098 -7.910 153.586 180.000 187.000 126.000
-10.673 -10.491 153.738 76.000 96.000 21.000
-10.672 -10.061 153.718 122.000 139.000 43.000
-10.672 -9.631 153.698 150.000 164.000 62.000
-10.671 -9.200 153.678 159.000 172.000 72.000
-10.670 -8.770 153.659 170.000 180.000 85.000
-10.669 -8.339 153.639 192.000 201.000 116.000
-10.669 -7.909 153.619 181.000 189.000 121.000
-10.244 -10.491 153.771 65.000 83.000 19.000
-10.243 -10.060 153.751 98.000 114.000 35.000
-10.242 -9.630 153.731 154.000 166.000 72.000
-10.241 -9.199 153.711 170.000 182.000 87.000
-10.241 -8.769 153.691 172.000 180.000 94.000
-10.240 -8.339 153.671 167.000 173.000 94.000
-10.239 -7.908 153.651 116.000 121.000 77.000
-9.814 -10.490 153.804 66.000 85.000 26.000
-9.813 -10.059 153.784 86.000 101.000 36.000
-9.813 -9.629 153.764 151.000 164.000 79.000
-9.812 -9.199 153.744 168.000 180.000 89.000
-9.811 -8.768 153.724 196.000 206.000 125.000
-9.810 -8.338 153.704 125.000 128.000 73.000
-9.383 -9.628 153.797 86.000 98.000 41.000
-9.382 -9.198 153.777 161.000 170.000 95.000
-9.381 -8.768 153.757 184.000 191.000 131.000
-12.853 -10.045 153.983 67.000 83.000 22.000
-12.853 -9.614 153.963 89.000 104.000 36.000
-12.852 -9.184 153.943 137.000 148.000 76.000
-12.851 -8.754 153.924 120.000 126.000 84.000
-12.423 -9.614 153.996 96.000 104.000 48.000
-12.422 -9.183 153.976 208.000 222.000 131.000
-12.421 -8.753 153.956 229.000 235.000 168.000
-12.421 -8.323 153.936 120.000 121.000 95.000
-11.993 -9.613 154.029 144.000 148.000 99.000
-11.993 -9.183 154.009 232.000 240.000 155.000
-11.992 -8.752 153.989 229.000 236.000 162.000
-11.991 -8.322 153.969 219.000 223.000 161.000
-11.565 -10.043 154.082 75.000 87.000 24.000
-11.564 -9.612 154.062 173.000 187.000 87.000
-11.563 -9.182 154.042 208.000 222.000 120.000
-11.562 -8.751 154.022 222.000 232.000 149.000
-11.561 -8.321 154.002 228.000 234.000 166.000
-11.561 -7.891 153.982 184.000 187.000 137.000
-11.136 -10.472 154.135 64.000 83.000 14.000
-11.135 -10.042 154.115 90.000 107.000 25.000
-11.134 -9.611 154.095 175.000 188.000 84.000
-11.133 -9.181 154.075 184.000 196.000 94.000
-11.133 -8.751 154.055 201.000 212.000 121.000
-11.132 -8.320 154.035 225.000 231.000 160.000
-11.131 -7.890 154.015 231.000 234.000 174.000
-11.130 -7.459 153.995 129.000 128.000 99.000
-10.707 -10.902 154.187 66.000 87.000 16.000
-10.705 -10.041 154.147 93.000 108.000 25.000
-10.705 -9.611 154.128 164.000 175.000 75.000
-10.704 -9.180 154.108 177.000 187.000 90.000
-10.703 -8.750 154.088 187.000 195.000 109.000
-10.702 -8.320 154.068 216.000 223.000 151.000
-10.702 -7.889 154.048 236.000 237.000 183.000
-10.701 -7.459 154.028 134.000 128.000 104.000
-10.277 -10.901 154.220 78.000 102.000 23.000
-10.276 -10.471 154.200 69.000 88.000 19.000
-10.276 -10.040 154.180 81.000 95.000 23.000
-10.275 -9.610 154.160 154.000 163.000 73.000
-10.274 -9.180 154.140 195.000 206.000 115.000
-10.273 -8.749 154.120 197.000 204.000 127.000
-10.273 -8.319 154.101 179.000 184.000 117.000
-10.272 -7.888 154.081 171.000 174.000 126.000
-9.848 -10.900 154.253 75.000 94.000 28.000
-9.845 -9.609 154.193 135.000 145.000 65.000
-9.845 -9.179 154.173 201.000 212.000 130.000
-9.844 -8.748 154.153 223.000 227.000 163.000
-9.843 -8.318 154.133 119.000 122.000 80.000
-9.415 -9.178 154.206 135.000 141.000 95.000
-9.414 -8.748 154.186 190.000 193.000 141.000
-12.886 -10.025 154.412 94.000 115.000 31.000
-12.885 -9.595 154.393 96.000 114.000 37.000
-12.885 -9.164 154.373 108.000 120.000 52.000
-12.457 -10.455 154.465 91.000 111.000 31.000
-12.457 -10.024 154.445 105.000 124.000 37.000
-12.456 -9.594 154.425 118.000 130.000 52.000
-12.455 -9.163 154.405 132.000 142.000 74.000
-12.454 -8.733 154.385 99.000 102.000 73.000
-12.028 -10.884 154.518 118.000 132.000 53.000
-12.028 -10.454 154.498 92.000 106.000 34.000
-12.026 -9.593 154.458 154.000 160.000 104.000
-12.025 -9.163 154.438 238.000 242.000 180.000
-12.025 -8.732 154.418 236.000 240.000 180.000
-12.024 -8.302 154.398 186.000 190.000 141.000
-11.599 -10.883 154.551 80.000 98.000 23.000
-11.598 -10.453 154.531 77.000 96.000 19.000
-11.597 -9.592 154.491 131.000 138.000 66.000
-11.596 -9.162 154.471 228.000 235.000 164.000
-11.595 -8.731 154.451 238.000 241.000 182.000
-11.594 -8.301 154.431 234.000 237.000 180.000
-11.594 -7.871 154.411 176.000 178.000 134.000
-11.169 -10.883 154.584 78.000 97.000 19.000
-11.168 -10.452 154.564 78.000 97.000 18.000
-11.168 -10.022 154.544 87.000 102.000 22.000
-11.167 -9.592 154.524 170.000 179.000 84.000
-11.166 -9.161 154.504 222.000 230.000 154.000
-11.165 -8.731 154.484 234.000 238.000 175.000
-11.165 -8.300 154.464 236.000 238.000 182.000
-11.164 -7.870 154.444 233.000 234.000 181.000
-10.740 -10.882 154.616 74.000 94.000 16.000
-10.739 -10.452 154.597 78.000 96.000 17.000
-10.738 -10.021 154.577 100.000 114.000 27.000
-10.737 -9.591 154.557 164.000 172.000 77.000
-10.737 -9.160 154.537 216.000 224.000 143.000
-10.736 -8.730 154.517 221.000 227.000 156.000
-10.735 -8.300 154.497 232.000 234.000 176.000
-10.734 -7.869 154.477 239.000 238.000 193.000
-10.311 -11.312 154.669 70.000 87.000 22.000
-10.310 -10.881 154.649 74.000 93.000 20.000
-10.309 -10.451 154.629 69.000 86.000 18.000
-10.309 -10.020 154.609 73.000 84.000 20.000
-10.308 -9.590 154.589 118.000 127.000 44.000
-10.307 -9.160 154.570 209.000 219.000 137.000
-10.306 -8.729 154.550 213.000 219.000 147.000
-10.305 -8.299 154.530 218.000 221.000 159.000
-10.305 -7.868 154.510 212.000 212.000 173.000
-9.878 -9.589 154.622 85.000 93.000 37.000
-9.877 -9.159 154.602 162.000 171.000 105.000
-9.877 -8.728 154.582 191.000 199.000 133.000
-9.876 -8.298 154.562 142.000 146.000 102.000
-9.448 -9.158 154.635 98.000 105.000 62.000
-9.447 -8.728 154.615 137.000 145.000 94.000
-12.918 -9.575 154.822 107.000 127.000 40.000
-12.917 -9.144 154.802 78.000 91.000 33.000
-12.491 -10.865 154.914 126.000 145.000 49.000
-12.490 -10.435 154.894 119.000 143.000 40.000
-12.489 -10.004 154.874 111.000 134.000 37.000
-12.489 -9.574 154.855 114.000 130.000 46.000
-12.061 -10.864 154.947 143.000 158.000 64.000
-12.061 -10.434 154.927 145.000 162.000 59.000
-12.060 -10.003 154.907 137.000 151.000 57.000
-11.632 -11.294 155.000 77.000 89.000 26.000
-11.632 -10.864 154.980 125.000 143.000 48.000
-11.631 -10.433 154.960 128.000 147.000 44.000
-11.630 -10.003 154.940 127.000 144.000 46.000
-11.629 -9.572 154.920 92.000 97.000 40.000
-11.629 -9.142 154.900 168.000 170.000 114.000
-11.628 -8.712 154.880 234.000 236.000 195.000
-11.627 -8.281 154.860 206.000 207.000 164.000
-11.626 -7.851 154.840 106.000 107.000 70.000
-11.202 -10.863 155.013 131.000 149.000 45.000
-11.201 -10.432 154.993 128.000 147.000 41.000
-11.201 -10.002 154.973 120.000 136.000 37.000
-11.200 -9.572 154.953 120.000 128.000 46.000
-11.199 -9.141 154.933 210.000 215.000 144.000
-11.198 -8.711 154.913 241.000 243.000 194.000
-11.198 -8.280 154.893 240.000 241.000 194.000
-11.197 -7.850 154.873 214.000 215.000 154.000
-10.772 -10.862 155.046 115.000 134.000 31.000
-10.772 -10.432 155.026 129.000 146.000 37.000
-10.771 -10.001 155.006 124.000 138.000 37.000
-10.770 -9.571 154.986 127.000 135.000 45.000
-10.769 -9.140 154.966 211.000 217.000 140.000
-10.769 -8.710 154.946 236.000 238.000 181.000
-10.768 -8.280 154.926 245.000 245.000 202.000
-10.767 -7.849 154.906 240.000 239.000 197.000
-10.343 -10.861 155.078 77.000 92.000 20.000
-10.342 -10.431 155.059 107.000 122.000 31.000
-10.341 -10.000 155.039 114.000 129.000 36.000
-10.341 -9.570 155.019 101.000 109.000 35.000
-10.340 -9.140 154.999 143.000 147.000 84.000
-10.339 -8.709 154.979 211.000 218.000 146.000
-10.338 -8.279 154.959 237.000 238.000 186.000
-10.338 -7.848 154.939 196.000 195.000 170.000
-9.913 -10.430 155.091 96.000 112.000 32.000
-9.912 -10.000 155.071 106.000 120.000 40.000
-9.909 -8.708 155.012 118.000 123.000 72.000
-9.909 -8.278 154.992 143.000 148.000 103.000
-9.482 -9.999 155.104 82.000 95.000 35.000
-9.481 -9.138 155.064 89.000 97.000 49.000
-9.480 -8.708 155.044 92.000 98.000 54.000
-12.951 -9.555 155.251 120.000 139.000 49.000
-12.950 -9.124 155.231 120.000 138.000 53.000
-12.950 -8.694 155.211 97.000 105.000 57.000
-12.524 -11.275 155.363 161.000 172.000 89.000
-12.524 -10.845 155.343 158.000 176.000 72.000
-12.523 -10.415 155.324 135.000 156.000 49.000
-12.522 -9.984 155.304 124.000 143.000 46.000
-12.521 -9.554 155.284 100.000 120.000 35.000
-12.521 -9.124 155.264 81.000 93.000 32.000
-12.095 -11.275 155.396 145.000 155.000 79.000
-12.094 -10.844 155.376 168.000 184.000 84.000
-12.093 -10.414 155.356 173.000 192.000 76.000
-12.093 -9.984 155.336 163.000 181.000 72.000
-12.092 -9.553 155.316 153.000 168.000 72.000
-11.665 -11.274 155.429 126.000 139.000 57.000
-11.665 -10.844 155.409 148.000 164.000 61.000
-11.664 -10.413 155.389 149.000 167.000 54.000
-11.663 -9.983 155.369 156.000 170.000 63.000
-11.662 -9.552 155.349 113.000 119.000 56.000
-11.661 -9.122 155.329 117.000 122.000 74.000
-11.661 -8.692 155.309 91.000 94.000 62.000
-11.660 -8.261 155.289 109.000 110.000 77.000
-11.236 -11.273 155.462 146.000 162.000 64.000
-11.235 -10.843 155.442 147.000 166.000 56.000
-11.234 -10.412 155.422 153.000 171.000 55.000
-11.233 -9.982 155.402 160.000 176.000 66.000
-11.233 -9.552 155.382 151.000 161.000 75.000
-11.232 -9.121 155.362 111.000 115.000 60.000
-11.231 -8.691 155.342 216.000 219.000 164.000
-11.230 -8.260 155.322 246.000 246.000 206.000
-11.230 -7.830 155.302 209.000 209.000 153.000
-10.806 -11.272 155.495 108.000 127.000 35.000
-10.805 -10.842 155.475 133.000 153.000 41.000
-10.805 -10.412 155.455 151.000 167.000 53.000
-10.804 -9.981 155.435 155.000 169.000 59.000
-10.803 -9.551 155.415 157.000 167.000 70.000
-10.802 -9.120 155.395 103.000 106.000 52.000
-10.802 -8.690 155.375 219.000 222.000 166.000
-10.801 -8.260 155.355 249.000 249.000 216.000
-10.800 -7.829 155.335 227.000 226.000 186.000
-10.375 -10.411 155.488 127.000 144.000 40.000
-10.374 -9.980 155.468 107.000 123.000 32.000
-10.373 -9.550 155.448 89.000 98.000 32.000
-10.372 -8.689 155.408 195.000 197.000 145.000
-10.371 -8.259 155.388 249.000 249.000 218.000
-9.945 -9.980 155.501 130.000 146.000 53.000
-9.942 -8.689 155.441 92.000 94.000 63.000
-12.983 -9.104 155.660 102.000 117.000 45.000
-12.982 -8.674 155.640 79.000 86.000 46.000
-12.557 -11.256 155.793 119.000 139.000 47.000
-12.557 -10.825 155.773 142.000 163.000 54.000
-12.556 -10.395 155.753 163.000 178.000 69.000
-12.555 -9.964 155.733 124.000 141.000 47.000
-12.554 -9.534 155.713 125.000 146.000 47.000
-12.128 -11.255 155.825 127.000 138.000 61.000
-12.127 -10.824 155.805 188.000 199.000 97.000
-12.126 -10.394 155.785 191.000 206.000 89.000
-12.125 -9.964 155.766 175.000 192.000 75.000
-12.125 -9.533 155.746 153.000 170.000 68.000
-12.124 -9.103 155.726 87.000 96.000 40.000
-11.698 -11.254 155.858 132.000 139.000 67.000
-11.697 -10.824 155.838 165.000 178.000 73.000
-11.697 -10.393 155.818 159.000 174.000 57.000
-11.696 -9.963 155.798 156.000 171.000 58.000
-11.695 -9.532 155.778 160.000 174.000 74.000
-11.693 -8.241 155.719 121.000 121.000 79.000
-11.692 -7.811 155.699 122.000 121.000 86.000
-11.268 -11.253 155.891 132.000 141.000 63.000
-11.268 -10.823 155.871 153.000 168.000 59.000
-11.267 -10.392 155.851 156.000 169.000 55.000
-11.266 -9.962 155.831 157.000 171.000 62.000
-11.265 -9.532 155.811 167.000 182.000 80.000
-11.265 -9.101 155.791 104.000 110.000 56.000
-11.264 -8.671 155.771 199.000 205.000 142.000
-11.263 -8.241 155.751 243.000 243.000 200.000
-11.262 -7.810 155.732 168.000 166.000 123.000
-10.839 -11.252 155.924 88.000 99.000 31.000
-10.838 -10.822 155.904 147.000 163.000 49.000
-10.837 -10.392 155.884 144.000 159.000 47.000
-10.837 -9.961 155.864 157.000 170.000 62.000
-10.836 -9.531 155.844 156.000 170.000 69.000
-10.835 -9.101 155.824 113.000 118.000 57.000
-10.834 -8.670 155.804 230.000 234.000 169.000
-10.834 -8.240 155.784 248.000 248.000 213.000
-10.833 -7.809 155.764 196.000 195.000 160.000
-10.407 -9.961 155.897 139.000 156.000 52.000
-10.406 -9.530 155.877 134.000 150.000 52.000
-10.405 -8.669 155.837 206.000 213.000 147.000
-10.404 -8.239 155.817 241.000 242.000 197.000
-9.977 -9.529 155.910 89.000 101.000 33.000
-13.015 -8.654 156.069 84.000 91.000 51.000
-12.590 -11.236 156.222 147.000 166.000 64.000
-12.589 -10.805 156.202 162.000 180.000 69.000
-12.589 -10.375 156.182 159.000 173.000 70.000
-12.588 -9.944 156.162 139.000 152.000 59.000
-12.587 -9.514 156.142 119.000 137.000 46.000
-12.586 -9.084 156.122 94.000 106.000 44.000
-12.161 -11.235 156.255 112.000 128.000 48.000
-12.160 -10.804 156.235 164.000 179.000 73.000
-12.159 -10.374 156.215 169.000 182.000 67.000
-12.158 -9.944 156.195 145.000 160.000 51.000
-12.157 -9.513 156.175 119.000 133.000 46.000
-12.157 -9.083 156.155 71.000 81.000 29.000
-11.731 -11.234 156.287 159.000 167.000 90.000
-11.730 -10.804 156.267 178.000 191.000 84.000
-11.729 -10.373 156.247 169.000 182.000 64.000
-11.729 -9.943 156.228 154.000 168.000 57.000
-11.728 -9.513 156.208 144.000 158.000 61.000
-11.727 -9.082 156.188 83.000 91.000 39.000
-11.301 -11.233 156.320 156.000 165.000 81.000
-11.301 -10.803 156.300 163.000 177.000 68.000
-11.300 -10.373 156.280 155.000 170.000 54.000
-11.299 -9.942 156.260 156.000 171.000 59.000
-11.298 -9.512 156.240 153.000 168.000 65.000
-11.298 -9.081 156.220 127.000 137.000 64.000
-11.297 -8.651 156.201 144.000 150.000 101.000
-11.296 -8.221 156.181 221.000 222.000 171.000
-11.295 -7.790 156.161 106.000 104.000 76.000
-10.869 -9.511 156.273 147.000 162.000 60.000
-10.868 -9.081 156.253 130.000 139.000 61.000
-10.867 -8.650 156.233 200.000 207.000 142.000
-10.866 -8.220 156.213 226.000 226.000 186.000
-10.438 -9.080 156.286 82.000 90.000 35.000
-10.438 -8.649 156.266 142.000 147.000 96.000
-12.623 -11.216 156.651 146.000 165.000 65.000
-12.622 -10.785 156.631 162.000 181.000 71.000
-12.621 -10.355 156.611 168.000 180.000 78.000
-12.621 -9.924 156.591 155.000 167.000 71.000
-12.620 -9.494 156.571 134.000 147.000 61.000
-12.619 -9.064 156.551 115.000 127.000 62.000
-12.193 -11.215 156.684 124.000 140.000 56.000
-12.193 -10.785 156.664 168.000 184.000 79.000
-12.192 -10.354 156.644 173.000 186.000 76.000
-12.191 -9.924 156.624 149.000 165.000 58.000
-12.190 -9.493 156.604 125.000 144.000 45.000
-12.190 -9.063 156.584 76.000 86.000 32.000
-11.765 -11.645 156.736 85.000 97.000 41.000
-11.764 -11.214 156.716 178.000 187.000 109.000
-11.763 -10.784 156.697 196.000 208.000 104.000
-11.762 -10.353 156.677 166.000 179.000 67.000
-11.761 -9.923 156.657 156.000 170.000 61.000
-11.761 -9.493 156.637 139.000 155.000 56.000
-11.760 -9.062 156.617 139.000 151.000 67.000
-11.330 -9.061 156.650 160.000 173.000 81.000
-11.330 -8.631 156.630 90.000 94.000 57.000
-10.900 -8.630 156.662 89.000 93.000 60.000
-12.655 -10.765 157.060 127.000 151.000 46.000
-12.654 -10.335 157.040 142.000 157.000 61.000
-12.653 -9.905 157.020 159.000 173.000 75.000
-12.653 -9.474 157.000 163.000 178.000 85.000
-12.227 -11.625 157.133 81.000 101.000 33.000
-12.226 -11.195 157.113 134.000 150.000 67.000
-12.225 -10.765 157.093 165.000 179.000 83.000
-12.225 -10.334 157.073 196.000 206.000 108.000
-11.797 -11.625 157.166 91.000 102.000 49.000
-11.797 -11.194 157.146 82.000 88.000 45.000
-11.796 -10.764 157.126 120.000 123.000 79.000
-12.259 -11.175 157.542 110.000 127.000 53.000
-12.258 -10.745 157.522 99.000 111.000 41.000
-12.257 -10.314 157.502 182.000 189.000 103.000
-12.720 -10.295 157.898 80.000 93.000 21.000
