-12.390 -12.126 164.930 81.000 106.000 21.000
-12.851 -11.246 165.286 155.000 169.000 59.000
-12.423 -12.107 165.359 139.000 159.000 43.000
-12.422 -11.676 165.339 161.000 178.000 60.000
-11.993 -12.106 165.392 141.000 158.000 52.000
-12.883 -11.227 165.716 173.000 193.000 71.000
-12.883 -10.796 165.696 150.000 164.000 60.000
-12.456 -12.517 165.808 75.000 100.000 9.000
-12.455 -12.087 165.788 182.000 198.000 62.000
-12.455 -11.656 165.768 219.000 232.000 105.000
-12.454 -11.226 165.748 190.000 205.000 88.000
-12.026 -12.086 165.821 156.000 174.000 59.000
-12.025 -11.655 165.801 167.000 185.000 65.000
-11.596 -12.085 165.854 127.000 147.000 50.000
-12.917 -11.637 166.165 165.000 182.000 56.000
-12.916 -11.207 166.145 153.000 169.000 53.000
-12.915 -10.776 166.125 152.000 165.000 59.000
-12.915 -10.346 166.105 141.000 150.000 66.000
-12.489 -12.497 166.237 126.000 145.000 35.000
-12.488 -12.067 166.217 164.000 180.000 52.000
-12.487 -11.636 166.197 164.000 178.000 57.000
-12.487 -11.206 166.177 161.000 175.000 58.000
-12.486 -10.775 166.158 164.000 175.000 68.000
-12.059 -12.496 166.270 86.000 105.000 21.000
-12.059 -12.066 166.250 142.000 160.000 47.000
-12.058 -11.635 166.230 152.000 168.000 55.000
-12.057 -11.205 166.210 160.000 174.000 61.000
-12.056 -10.775 166.190 166.000 180.000 71.000
-11.630 -12.495 166.303 65.000 85.000 15.000
-11.629 -12.065 166.283 118.000 140.000 40.000
-11.628 -11.635 166.263 141.000 157.000 52.000
-11.199 -12.064 166.316 106.000 127.000 39.000
-12.950 -11.617 166.594 154.000 170.000 52.000
-12.949 -11.187 166.574 153.000 166.000 53.000
-12.948 -10.756 166.554 163.000 174.000 69.000
-12.948 -10.326 166.534 159.000 168.000 78.000
-12.947 -9.895 166.514 120.000 124.000 76.000
-12.522 -12.477 166.666 159.000 174.000 65.000
-12.521 -12.047 166.647 173.000 186.000 64.000
-12.520 -11.616 166.627 144.000 159.000 45.000
-12.519 -11.186 166.607 137.000 152.000 44.000
-12.519 -10.756 166.587 159.000 169.000 66.000
-12.518 -10.325 166.567 160.000 168.000 78.000
-12.517 -9.895 166.547 145.000 150.000 85.000
-12.092 -12.476 166.699 107.000 118.000 41.000
-12.091 -12.046 166.679 145.000 161.000 50.000
-12.091 -11.616 166.659 142.000 158.000 47.000
-12.090 -11.185 166.639 133.000 151.000 45.000
-12.089 -10.755 166.620 149.000 163.000 60.000
-12.088 -10.324 166.600 159.000 166.000 82.000
-11.662 -12.045 166.712 113.000 134.000 33.000
-11.661 -11.615 166.692 130.000 149.000 44.000
-11.660 -11.184 166.672 131.000 148.000 47.000
-11.659 -10.754 166.652 146.000 160.000 62.000
-11.232 -12.044 166.745 84.000 102.000 26.000
-11.231 -11.614 166.725 100.000 119.000 31.000
-11.231 -11.184 166.705 122.000 138.000 46.000
-12.983 -11.597 167.023 135.000 151.000 42.000
-12.982 -11.167 167.003 137.000 150.000 43.000
-12.981 -10.736 166.983 175.000 185.000 80.000
-12.980 -10.306 166.963 171.000 180.000 88.000
-12.980 -9.876 166.943 159.000 166.000 107.000
-12.555 -12.457 167.096 154.000 170.000 64.000
-12.554 -12.027 167.076 168.000 184.000 64.000
-12.553 -11.596 167.056 150.000 164.000 51.000
-12.552 -11.166 167.036 128.000 143.000 38.000
-12.552 -10.736 167.016 160.000 169.000 67.000
-12.551 -10.305 166.996 156.000 166.000 76.000
-12.550 -9.875 166.976 148.000 155.000 86.000
-12.125 -12.456 167.128 117.000 127.000 46.000
-12.124 -12.026 167.108 142.000 160.000 46.000
-12.123 -11.596 167.089 134.000 153.000 42.000
-12.123 -11.165 167.069 131.000 148.000 44.000
-12.122 -10.735 167.049 142.000 157.000 58.000
-12.121 -10.304 167.029 153.000 163.000 76.000
-12.120 -9.874 167.009 131.000 136.000 82.000
-11.695 -12.025 167.141 123.000 145.000 34.000
-11.694 -11.595 167.121 123.000 145.000 38.000
-11.693 -11.164 167.101 127.000 145.000 46.000
-11.692 -10.734 167.081 129.000 146.000 53.000
-11.692 -10.304 167.062 150.000 160.000 79.000
-11.691 -9.873 167.042 89.000 90.000 61.000
-11.264 -11.594 167.154 117.000 137.000 41.000
-11.263 -11.164 167.134 121.000 139.000 48.000
-11.263 -10.733 167.114 138.000 151.000 66.000
-11.262 -10.303 167.094 153.000 158.000 93.000
-10.835 -11.593 167.187 93.000 110.000 36.000
-10.834 -11.163 167.167 100.000 113.000 44.000
-13.015 -11.577 167.452 122.000 136.000 32.000
-13.015 -11.147 167.432 121.000 134.000 31.000
-13.014 -10.716 167.412 185.000 193.000 90.000
-13.013 -10.286 167.392 171.000 181.000 87.000
-13.012 -9.856 167.372 137.000 146.000 86.000
-12.587 -12.437 167.525 165.000 180.000 65.000
-12.587 -12.007 167.505 158.000 173.000 53.000
-12.586 -11.576 167.485 144.000 161.000 44.000
-12.585 -11.146 167.465 145.000 160.000 48.000
-12.584 -10.716 167.445 166.000 177.000 71.000
-12.584 -10.285 167.425 169.000 180.000 85.000
-12.583 -9.855 167.405 152.000 161.000 91.000
-12.157 -12.006 167.538 145.000 161.000 45.000
-12.156 -11.576 167.518 144.000 163.000 46.000
-12.156 -11.145 167.498 147.000 164.000 52.000
-12.155 -10.715 167.478 155.000 169.000 65.000
-12.154 -10.284 167.458 170.000 182.000 91.000
-12.153 -9.854 167.438 158.000 165.000 109.000
-11.727 -12.005 167.570 82.000 96.000 19.000
-11.727 -11.575 167.551 134.000 156.000 40.000
-11.726 -11.145 167.531 135.000 155.000 47.000
-11.725 -10.714 167.511 136.000 153.000 54.000
-11.724 -10.284 167.491 157.000 171.000 83.000
-11.724 -9.853 167.471 86.000 89.000 62.000
-11.298 -12.005 167.603 71.000 81.000 24.000
-11.297 -11.574 167.583 125.000 146.000 43.000
-11.296 -11.144 167.563 126.000 145.000 49.000
-11.296 -10.713 167.543 132.000 147.000 59.000
-11.295 -10.283 167.524 104.000 114.000 53.000
-10.867 -11.573 167.616 118.000 135.000 50.000
-10.867 -11.143 167.596 117.000 133.000 54.000
-10.866 -10.713 167.576 88.000 96.000 46.000
-13.049 -11.988 167.901 194.000 199.000 88.000
-13.048 -11.557 167.881 167.000 176.000 62.000
-13.048 -11.127 167.861 147.000 158.000 48.000
-13.047 -10.696 167.841 183.000 192.000 86.000
-13.046 -10.266 167.821 176.000 187.000 90.000
-13.045 -9.836 167.801 132.000 140.000 83.000
-12.620 -12.417 167.954 124.000 129.000 58.000
-12.619 -11.987 167.934 179.000 190.000 68.000
-12.619 -11.556 167.914 161.000 174.000 53.000
-12.618 -11.126 167.894 165.000 179.000 62.000
-12.617 -10.696 167.874 201.000 215.000 104.000
-12.616 -10.265 167.854 188.000 202.000 103.000
-12.616 -9.835 167.834 186.000 197.000 120.000
-12.190 -11.986 167.967 164.000 180.000 52.000
-12.189 -11.556 167.947 156.000 174.000 49.000
-12.188 -11.125 167.927 156.000 173.000 56.000
-12.188 -10.695 167.907 186.000 202.000 89.000
-12.187 -10.265 167.887 195.000 209.000 112.000
-12.186 -9.834 167.867 189.000 197.000 134.000
-11.760 -11.985 168.000 99.000 113.000 26.000
-11.759 -11.555 167.980 148.000 171.000 46.000
-11.759 -11.125 167.960 143.000 164.000 47.000
-11.758 -10.694 167.940 157.000 173.000 66.000
-11.757 -10.264 167.920 162.000 175.000 83.000
-11.756 -9.833 167.900 85.000 88.000 59.000
-11.330 -11.554 168.012 143.000 162.000 52.000
-11.329 -11.124 167.993 136.000 154.000 51.000
-11.328 -10.693 167.973 134.000 151.000 58.000
-11.328 -10.263 167.953 124.000 134.000 67.000
-10.900 -11.553 168.045 107.000 123.000 45.000
-10.900 -11.123 168.025 121.000 137.000 55.000
-10.899 -10.693 168.005 106.000 116.000 57.000
-10.470 -11.122 168.058 75.000 83.000 45.000
-13.082 -11.968 168.330 223.000 230.000 133.000
-13.081 -11.537 168.310 183.000 196.000 79.000
-13.080 -11.107 168.290 169.000 183.000 67.000
-13.080 -10.677 168.270 186.000 199.000 92.000
-13.079 -10.246 168.250 196.000 208.000 115.000
-13.078 -9.816 168.231 120.000 125.000 82.000
-12.653 -12.397 168.383 177.000 182.000 105.000
-12.652 -11.967 168.363 203.000 214.000 95.000
-12.652 -11.537 168.343 170.000 185.000 62.000
-12.651 -11.106 168.323 160.000 175.000 59.000
-12.650 -10.676 168.303 188.000 202.000 93.000
-12.649 -10.245 168.283 191.000 206.000 106.000
-12.648 -9.815 168.263 180.000 191.000 116.000
-12.223 -11.966 168.396 180.000 196.000 66.000
-12.222 -11.536 168.376 164.000 182.000 56.000
-12.221 -11.105 168.356 164.000 181.000 64.000
-12.220 -10.675 168.336 191.000 206.000 95.000
-12.220 -10.245 168.316 201.000 215.000 118.000
-12.219 -9.814 168.296 186.000 192.000 136.000
-11.793 -11.965 168.429 130.000 146.000 38.000
-11.792 -11.535 168.409 156.000 178.000 50.000
-11.792 -11.105 168.389 155.000 175.000 56.000
-11.791 -10.674 168.369 162.000 180.000 71.000
-11.790 -10.244 168.349 169.000 183.000 90.000
-11.363 -11.534 168.442 141.000 161.000 51.000
-11.362 -11.104 168.422 145.000 165.000 59.000
-11.361 -10.673 168.402 150.000 166.000 72.000
-11.360 -10.243 168.382 144.000 156.000 80.000
-10.933 -11.533 168.474 122.000 140.000 52.000
-10.932 -11.103 168.454 138.000 153.000 70.000
-10.932 -10.673 168.435 140.000 151.000 83.000
-10.503 -11.102 168.487 77.000 84.000 47.000
-13.115 -11.948 168.759 231.000 238.000 153.000
-13.114 -11.517 168.739 202.000 215.000 103.000
-13.113 -11.087 168.720 182.000 197.000 80.000
-13.112 -10.657 168.700 210.000 224.000 124.000
-13.112 -10.226 168.680 206.000 217.000 134.000
-13.111 -9.796 168.660 117.000 121.000 84.000
-12.685 -11.947 168.792 203.000 214.000 100.000
-12.684 -11.517 168.772 186.000 202.000 80.000
-12.684 -11.086 168.752 181.000 198.000 80.000
-12.683 -10.656 168.732 207.000 222.000 117.000
-12.682 -10.225 168.712 192.000 208.000 111.000
-12.681 -9.795 168.693 140.000 148.000 93.000
-12.256 -11.946 168.825 188.000 205.000 81.000
-12.255 -11.516 168.805 182.000 201.000 75.000
-12.254 -11.085 168.785 177.000 195.000 78.000
-12.253 -10.655 168.765 208.000 223.000 120.000
-12.252 -10.225 168.745 208.000 222.000 131.000
-12.252 -9.794 168.725 170.000 177.000 124.000
-11.826 -11.945 168.858 122.000 135.000 42.000
-11.825 -11.515 168.838 169.000 189.000 64.000
-11.824 -11.085 168.818 159.000 179.000 67.000
-11.824 -10.654 168.798 182.000 200.000 96.000
-11.823 -10.224 168.778 194.000 210.000 118.000
-11.822 -9.794 168.758 98.000 101.000 72.000
-11.396 -11.514 168.871 142.000 161.000 54.000
-11.395 -11.084 168.851 151.000 168.000 68.000
-11.394 -10.654 168.831 172.000 187.000 96.000
-11.393 -10.223 168.811 151.000 164.000 91.000
-10.966 -11.514 168.904 138.000 153.000 63.000
-10.965 -11.083 168.884 144.000 158.000 77.000
-10.964 -10.653 168.864 148.000 157.000 95.000
-13.148 -11.928 169.189 215.000 222.000 136.000
-13.147 -11.497 169.169 202.000 214.000 109.000
-13.146 -11.067 169.149 197.000 212.000 99.000
-13.145 -10.637 169.129 219.000 231.000 137.000
-13.144 -10.206 169.109 214.000 223.000 151.000
-12.718 -11.927 169.221 220.000 227.000 137.000
-12.717 -11.497 169.201 196.000 211.000 97.000
-12.716 -11.066 169.181 201.000 217.000 105.000
-12.716 -10.636 169.162 217.000 229.000 136.000
-12.715 -10.205 169.142 201.000 213.000 127.000
-12.714 -9.775 169.122 145.000 151.000 105.000
-12.288 -11.926 169.254 219.000 230.000 125.000
-12.288 -11.496 169.234 190.000 208.000 90.000
-12.287 -11.066 169.214 183.000 202.000 89.000
-12.286 -10.635 169.194 209.000 223.000 131.000
-12.285 -10.205 169.174 214.000 226.000 142.000
-12.285 -9.774 169.154 129.000 134.000 94.000
-11.859 -11.926 169.287 201.000 215.000 103.000
-11.858 -11.495 169.267 184.000 203.000 84.000
-11.857 -11.065 169.247 170.000 188.000 81.000
-11.856 -10.634 169.227 199.000 214.000 119.000
-11.856 -10.204 169.207 212.000 224.000 141.000
-11.428 -11.494 169.300 164.000 181.000 75.000
-11.428 -11.064 169.280 169.000 186.000 89.000
-11.427 -10.634 169.260 195.000 209.000 122.000
-11.426 -10.203 169.240 154.000 165.000 102.000
-10.998 -11.063 169.313 162.000 173.000 98.000
-10.997 -10.633 169.293 149.000 156.000 106.000
-13.181 -12.338 169.638 93.000 115.000 30.000
-13.180 -11.908 169.618 163.000 172.000 90.000
-13.180 -11.477 169.598 208.000 220.000 124.000
-13.179 -11.047 169.578 214.000 226.000 130.000
-13.178 -10.617 169.558 228.000 237.000 154.000
-13.177 -10.186 169.538 217.000 220.000 168.000
-12.751 -11.907 169.650 202.000 209.000 139.000
-12.750 -11.477 169.631 212.000 224.000 125.000
-12.749 -11.046 169.611 200.000 214.000 110.000
-12.748 -10.616 169.591 224.000 233.000 152.000
-12.748 -10.186 169.571 214.000 223.000 152.000
-12.321 -11.906 169.683 230.000 234.000 169.000
-12.320 -11.476 169.663 204.000 219.000 116.000
-12.320 -11.046 169.643 195.000 210.000 109.000
-12.319 -10.615 169.623 211.000 222.000 141.000
-12.318 -10.185 169.604 216.000 225.000 151.000
-11.892 -11.906 169.716 218.000 222.000 158.000
-11.891 -11.475 169.696 203.000 219.000 114.000
-11.890 -11.045 169.676 197.000 212.000 115.000
-11.889 -10.614 169.656 211.000 223.000 140.000
-11.889 -10.184 169.636 201.000 213.000 137.000
-11.461 -11.474 169.729 195.000 211.000 110.000
-11.460 -11.044 169.709 204.000 218.000 129.000
-11.460 -10.614 169.689 219.000 229.000 154.000
-11.459 -10.183 169.669 132.000 139.000 88.000
-11.031 -11.043 169.742 203.000 210.000 149.000
-11.030 -10.613 169.722 133.000 135.000 105.000
-13.212 -11.458 170.027 218.000 227.000 149.000
-13.212 -11.027 170.007 228.000 236.000 160.000
-13.211 -10.597 169.987 234.000 240.000 171.000
-13.210 -10.166 169.967 206.000 211.000 158.000
-12.784 -11.887 170.080 106.000 109.000 70.000
-12.783 -11.457 170.060 243.000 246.000 189.000
-12.782 -11.026 170.040 237.000 242.000 172.000
-12.781 -10.596 170.020 237.000 242.000 176.000
-12.781 -10.166 170.000 232.000 234.000 183.000
-12.354 -11.886 170.112 213.000 215.000 175.000
-12.353 -11.456 170.093 243.000 247.000 186.000
-12.352 -11.026 170.073 230.000 236.000 161.000
-12.352 -10.595 170.053 236.000 241.000 175.000
-12.351 -10.165 170.033 238.000 241.000 186.000
-11.924 -11.886 170.145 216.000 218.000 172.000
-11.924 -11.455 170.125 238.000 243.000 172.000
-11.923 -11.025 170.105 224.000 233.000 155.000
-11.922 -10.594 170.085 236.000 241.000 176.000
-11.921 -10.164 170.066 225.000 228.000 173.000
-11.494 -11.454 170.158 231.000 237.000 166.000
-11.493 -11.024 170.138 233.000 239.000 171.000
-11.492 -10.594 170.118 232.000 236.000 174.000
-11.492 -10.163 170.098 94.000 96.000 66.000
-13.245 -11.438 170.456 211.000 218.000 154.000
-13.244 -11.007 170.436 242.000 245.000 194.000
-13.244 -10.577 170.416 241.000 244.000 194.000
-13.243 -10.146 170.396 194.000 196.000 155.000
-12.816 -11.437 170.489 238.000 241.000 190.000
-12.815 -11.006 170.469 248.000 249.000 204.000
-12.814 -10.576 170.449 247.000 248.000 206.000
-12.813 -10.146 170.429 207.000 208.000 170.000
-12.386 -11.436 170.522 238.000 240.000 194.000
-12.385 -11.006 170.502 245.000 247.000 197.000
-12.385 -10.575 170.482 247.000 248.000 203.000
-12.384 -10.145 170.462 202.000 203.000 168.000
-11.956 -11.435 170.554 208.000 210.000 167.000
-11.956 -11.005 170.535 240.000 244.000 185.000
-11.955 -10.575 170.515 235.000 238.000 179.000
-11.526 -11.004 170.567 213.000 221.000 157.000
-11.525 -10.574 170.547 167.000 174.000 122.000
-13.277 -10.987 170.865 138.000 140.000 104.000
-12.848 -10.987 170.898 226.000 229.000 178.000
-12.847 -10.556 170.878 217.000 218.000 179.000
-12.419 -11.416 170.951 130.000 131.000 104.000
-12.418 -10.986 170.931 247.000 248.000 209.000
-12.417 -10.555 170.911 249.000 249.000 217.000
-11.989 -11.415 170.984 171.000 172.000 141.000
-11.989 -10.985 170.964 249.000 250.000 215.000
-11.988 -10.555 170.944 233.000 234.000 192.000
-11.559 -10.984 170.997 226.000 228.000 185.000
-12.880 -10.536 171.307 148.000 148.000 120.000
-12.451 -10.966 171.360 226.000 228.000 185.000
-12.450 -10.535 171.340 223.000 224.000 191.000
-12.021 -10.965 171.393 248.000 248.000 218.000
-11.592 -10.964 171.426 188.000 189.000 162.000
-13.644 -11.288 164.362 94.000 109.000 41.000
-13.215 -11.718 164.415 117.000 137.000 48.000
-14.106 -10.838 164.739 96.000 101.000 56.000
-13.677 -11.268 164.792 140.000 155.000 67.000
-13.248 -11.698 164.844 135.000 154.000 53.000
-13.247 -11.267 164.824 151.000 167.000 67.000
-12.819 -12.127 164.897 107.000 129.000 34.000
-12.819 -11.697 164.877 117.000 138.000 38.000
-14.139 -10.818 165.168 114.000 120.000 72.000
-13.710 -11.248 165.221 142.000 157.000 66.000
-13.709 -10.818 165.201 151.000 161.000 85.000
-13.281 -11.678 165.274 156.000 174.000 65.000
-13.280 -11.247 165.254 143.000 159.000 57.000
-13.279 -10.817 165.234 129.000 138.000 60.000
-12.852 -12.107 165.326 146.000 163.000 45.000
-12.851 -11.677 165.306 157.000 173.000 57.000
-14.171 -10.798 165.597 124.000 134.000 78.000
-14.171 -10.368 165.577 89.000 92.000 65.000
-13.743 -11.228 165.650 150.000 166.000 69.000
-13.742 -10.798 165.630 154.000 167.000 86.000
-13.741 -10.367 165.610 94.000 100.000 62.000
-13.314 -11.658 165.703 159.000 179.000 60.000
-13.313 -11.227 165.683 158.000 177.000 65.000
-13.312 -10.797 165.663 156.000 171.000 74.000
-13.311 -10.367 165.643 138.000 149.000 76.000
-12.885 -12.087 165.755 203.000 216.000 77.000
-12.884 -11.657 165.735 202.000 219.000 89.000
-14.634 -10.779 165.993 90.000 95.000 58.000
-14.205 -11.209 166.046 156.000 169.000 82.000
-14.204 -10.778 166.026 167.000 179.000 109.000
-14.204 -10.348 166.006 139.000 144.000 103.000
-13.776 -11.639 166.099 154.000 171.000 65.000
-13.775 -11.208 166.079 159.000 174.000 75.000
-13.775 -10.778 166.059 178.000 192.000 105.000
-13.774 -10.347 166.039 167.000 177.000 111.000
-13.347 -11.638 166.132 153.000 171.000 55.000
-13.346 -11.207 166.112 153.000 169.000 60.000
-13.345 -10.777 166.092 153.000 164.000 71.000
-13.344 -10.347 166.072 145.000 154.000 81.000
-13.344 -9.916 166.052 90.000 94.000 59.000
-12.918 -12.067 166.185 189.000 206.000 70.000
-14.667 -10.759 166.423 155.000 161.000 107.000
-14.238 -11.189 166.475 172.000 186.000 95.000
-14.237 -10.759 166.455 183.000 194.000 119.000
-14.236 -10.328 166.435 149.000 154.000 112.000
-13.809 -11.619 166.528 165.000 182.000 77.000
-13.808 -11.188 166.508 174.000 190.000 87.000
-13.808 -10.758 166.488 193.000 207.000 116.000
-13.807 -10.327 166.468 191.000 201.000 130.000
-13.380 -12.048 166.581 149.000 168.000 54.000
-13.379 -11.618 166.561 161.000 177.000 64.000
-13.379 -11.187 166.541 164.000 178.000 69.000
-13.378 -10.757 166.521 181.000 194.000 92.000
-13.377 -10.327 166.501 197.000 210.000 121.000
-13.376 -9.896 166.481 132.000 137.000 97.000
-12.951 -12.047 166.614 151.000 169.000 48.000
-14.700 -10.739 166.852 162.000 166.000 115.000
-14.271 -11.169 166.904 186.000 197.000 109.000
-14.270 -10.739 166.885 193.000 202.000 129.000
-14.269 -10.308 166.865 150.000 155.000 112.000
-13.842 -11.599 166.957 178.000 194.000 90.000
-13.841 -11.168 166.937 188.000 203.000 101.000
-13.840 -10.738 166.917 204.000 217.000 127.000
-13.840 -10.307 166.897 206.000 214.000 149.000
-13.413 -12.028 167.010 147.000 163.000 56.000
-13.412 -11.598 166.990 162.000 176.000 67.000
-13.411 -11.167 166.970 175.000 190.000 79.000
-13.411 -10.737 166.950 205.000 218.000 118.000
-13.410 -10.307 166.930 209.000 221.000 137.000
-13.409 -9.876 166.910 166.000 170.000 127.000
-12.984 -12.458 167.063 103.000 127.000 30.000
-12.983 -12.028 167.043 133.000 150.000 41.000
-14.732 -10.719 167.281 160.000 166.000 115.000
-14.304 -11.149 167.334 193.000 204.000 115.000
-14.303 -10.719 167.314 203.000 213.000 134.000
-14.302 -10.288 167.294 152.000 157.000 112.000
-13.875 -11.579 167.386 180.000 194.000 93.000
-13.874 -11.148 167.366 194.000 208.000 107.000
-13.873 -10.718 167.346 206.000 219.000 130.000
-13.872 -10.288 167.327 204.000 210.000 151.000
-13.446 -12.008 167.439 118.000 130.000 41.000
-13.445 -11.578 167.419 170.000 184.000 75.000
-13.444 -11.148 167.399 189.000 204.000 93.000
-13.444 -10.717 167.379 210.000 223.000 126.000
-13.443 -10.287 167.359 212.000 221.000 147.000
-13.442 -9.856 167.339 128.000 131.000 101.000
-13.017 -12.438 167.492 110.000 131.000 33.000
-13.016 -12.008 167.472 135.000 149.000 41.000
-14.765 -10.699 167.710 200.000 211.000 137.000
-14.336 -11.129 167.763 199.000 212.000 116.000
-14.336 -10.699 167.743 213.000 223.000 140.000
-14.335 -10.268 167.723 160.000 164.000 118.000
-13.908 -11.559 167.816 185.000 200.000 99.000
-13.907 -11.128 167.796 192.000 206.000 103.000
-13.906 -10.698 167.776 218.000 230.000 146.000
-13.905 -10.268 167.756 213.000 220.000 158.000
-13.479 -11.988 167.868 205.000 213.000 116.000
-13.478 -11.558 167.848 176.000 186.000 79.000
-13.477 -11.128 167.828 169.000 180.000 71.000
-13.476 -10.697 167.808 214.000 225.000 134.000
-13.476 -10.267 167.789 218.000 229.000 149.000
-13.475 -9.836 167.769 137.000 140.000 109.000
-13.050 -12.418 167.921 120.000 132.000 35.000
-15.228 -10.680 168.106 99.000 104.000 72.000
-14.799 -11.110 168.159 177.000 190.000 107.000
-14.798 -10.680 168.139 186.000 196.000 129.000
-14.797 -10.249 168.119 125.000 128.000 94.000
-14.369 -11.109 168.192 195.000 207.000 116.000
-14.368 -10.679 168.172 203.000 214.000 132.000
-14.368 -10.248 168.152 190.000 197.000 137.000
-13.940 -11.539 168.245 180.000 192.000 97.000
-13.940 -11.108 168.225 198.000 211.000 113.000
-13.939 -10.678 168.205 212.000 223.000 137.000
-13.938 -10.248 168.185 219.000 227.000 159.000
-13.511 -11.968 168.297 206.000 215.000 119.000
-13.511 -11.538 168.277 187.000 200.000 94.000
-13.510 -11.108 168.258 194.000 208.000 98.000
-13.509 -10.677 168.238 219.000 231.000 140.000
-13.508 -10.247 168.218 228.000 236.000 163.000
-13.508 -9.816 168.198 132.000 134.000 106.000
-13.083 -12.398 168.350 173.000 178.000 82.000
-15.260 -10.660 168.535 117.000 120.000 88.000
-14.832 -11.090 168.588 144.000 153.000 88.000
-14.831 -10.660 168.568 179.000 186.000 126.000
-14.830 -10.229 168.548 110.000 113.000 82.000
-14.403 -11.520 168.641 166.000 178.000 91.000
-14.402 -11.089 168.621 202.000 215.000 125.000
-14.401 -10.659 168.601 200.000 210.000 130.000
-14.400 -10.228 168.581 165.000 170.000 118.000
-13.973 -11.519 168.674 184.000 197.000 104.000
-13.972 -11.088 168.654 205.000 219.000 122.000
-13.972 -10.658 168.634 217.000 229.000 143.000
-13.971 -10.228 168.614 207.000 214.000 150.000
-13.544 -11.949 168.727 197.000 207.000 115.000
-13.544 -11.518 168.707 198.000 212.000 111.000
-13.543 -11.088 168.687 201.000 216.000 108.000
-13.542 -10.657 168.667 225.000 236.000 146.000
-13.541 -10.227 168.647 223.000 231.000 160.000
-13.541 -9.797 168.627 121.000 124.000 95.000
-13.115 -12.378 168.779 157.000 165.000 69.000
-14.864 -11.070 169.017 123.000 129.000 82.000
-14.864 -10.640 168.997 157.000 162.000 116.000
-14.436 -11.500 169.070 162.000 175.000 94.000
-14.435 -11.069 169.050 203.000 216.000 130.000
-14.434 -10.639 169.030 218.000 228.000 151.000
-14.433 -10.209 169.010 151.000 156.000 108.000
-14.007 -11.929 169.123 118.000 129.000 64.000
-14.006 -11.499 169.103 180.000 193.000 106.000
-14.005 -11.069 169.083 208.000 222.000 127.000
-14.004 -10.638 169.063 220.000 231.000 147.000
-14.004 -10.208 169.043 189.000 195.000 137.000
-13.578 -12.359 169.176 106.000 127.000 42.000
-13.577 -11.929 169.156 170.000 180.000 95.000
-13.576 -11.498 169.136 202.000 216.000 120.000
-13.576 -11.068 169.116 213.000 227.000 126.000
-13.575 -10.637 169.096 224.000 235.000 147.000
-13.574 -10.207 169.076 220.000 225.000 166.000
-13.148 -12.358 169.208 106.000 126.000 33.000
-14.468 -11.480 169.499 184.000 194.000 127.000
-14.468 -11.049 169.479 210.000 219.000 150.000
-14.467 -10.619 169.459 195.000 200.000 147.000
-14.466 -10.189 169.439 126.000 129.000 97.000
-14.040 -11.909 169.552 143.000 152.000 90.000
-14.039 -11.479 169.532 193.000 205.000 128.000
-14.038 -11.049 169.512 222.000 231.000 153.000
-14.037 -10.618 169.492 222.000 230.000 159.000
-14.037 -10.188 169.472 180.000 184.000 138.000
-13.611 -12.339 169.605 75.000 86.000 35.000
-13.610 -11.909 169.585 139.000 148.000 81.000
-13.609 -11.478 169.565 208.000 221.000 133.000
-13.608 -11.048 169.545 217.000 229.000 141.000
-13.608 -10.617 169.525 230.000 238.000 162.000
-13.607 -10.187 169.505 182.000 185.000 141.000
-14.501 -11.460 169.928 95.000 99.000 69.000
-14.500 -11.029 169.908 116.000 119.000 89.000
-14.500 -10.599 169.889 131.000 134.000 105.000
-14.072 -11.889 169.981 87.000 91.000 58.000
-14.072 -11.459 169.961 176.000 184.000 124.000
-14.071 -11.029 169.941 223.000 230.000 166.000
-14.070 -10.598 169.921 225.000 231.000 174.000
-14.069 -10.168 169.901 140.000 143.000 112.000
-13.643 -11.889 170.014 107.000 113.000 70.000
-13.642 -11.458 169.994 210.000 219.000 148.000
-13.641 -11.028 169.974 230.000 238.000 168.000
-13.641 -10.598 169.954 234.000 240.000 177.000
-13.640 -10.167 169.934 161.000 164.000 124.000
-14.104 -11.009 170.370 104.000 107.000 79.000
-14.103 -10.578 170.350 147.000 150.000 122.000
-13.675 -11.438 170.423 168.000 174.000 123.000
-13.674 -11.008 170.403 232.000 237.000 180.000
-13.673 -10.578 170.383 230.000 234.000 188.000
