5.113184231576167 32.09115603004914 135.70734361535378 57.0 84.0 17.0
5.542786302623245 32.09191710676243 135.7401678821758 63.0 87.0 21.0
5.5435473793365375 32.52230967295819 135.72022769903288 63.0 86.0 17.0
5.54430845604983 32.952702239153936 135.70028751588995 74.0 87.0 32.0
5.0803599647541695 32.11109621319205 136.1364833452576 75.0 96.0 27.0
5.081121041467462 32.541488779387805 136.1165431621147 75.0 97.0 23.0
5.081882118180755 32.97188134558356 136.0966029789718 76.0 92.0 32.0
5.509962035801248 32.111857289905345 136.16930761207962 87.0 108.0 36.0
5.51072311251454 32.5422498561011 136.1493674289367 93.0 113.0 35.0
5.511484189227833 32.97264242229685 136.12942724579378 72.0 84.0 33.0
5.9395641068483265 32.11261836661864 136.2021318789016 87.0 104.0 38.0
5.940325183561619 32.54301093281439 136.1821916957587 80.0 94.0 32.0
4.617933626885095 32.130275319621674 136.53279880833944 74.0 95.0 22.0
4.618694703598387 32.56066788581742 136.51285862519654 98.0 119.0 34.0
4.61945578031168 32.99106045201318 136.4929184420536 80.0 100.0 28.0
5.045252467792295 30.839858697747704 136.62544362459016 69.0 87.0 27.0
5.047535697932173 32.13103639633496 136.56562307516145 106.0 124.0 44.0
5.048296774645466 32.56142896253072 136.5456828920185 119.0 135.0 52.0
5.049057851358758 32.991821528726476 136.5257427088756 85.0 100.0 37.0
5.477137768979252 32.13179747304826 136.59844734198342 109.0 125.0 50.0
5.477898845692544 32.562190039244015 136.57850715884052 127.0 141.0 61.0
5.4786599224058365 32.992582605439765 136.5585669756976 75.0 84.0 39.0
5.90673984002633 32.13255854976155 136.63127160880543 92.0 105.0 44.0
5.907500916739623 32.562951115957304 136.6113314256625 109.0 117.0 63.0
4.1547462123027294 31.71906185985554 136.94905445456416 70.0 86.0 24.0
4.155507289016023 32.14945442605129 136.92911427142127 85.0 108.0 25.0
4.156268365729315 32.57984699224704 136.90917408827838 102.0 125.0 32.0
4.1570294424426075 33.0102395584428 136.88923390513546 113.0 133.0 41.0
4.583587206636513 31.289430370373072 137.00181890452907 65.0 85.0 19.0
4.584348283349805 31.71982293656883 136.98187872138618 78.0 101.0 23.0
4.585109360063098 32.15021550276458 136.9619385382433 88.0 112.0 27.0
4.58587043677639 32.58060806896034 136.94199835510034 114.0 134.0 41.0
4.5866315134896825 33.011000635156094 136.92205817195745 110.0 129.0 42.0
4.587392590202978 33.44139320135185 136.90211798881452 99.0 113.0 43.0
5.012428200970298 30.85979888089061 137.05458335449399 72.0 94.0 25.0
5.014711431110176 32.15097657947788 136.99476280506525 88.0 107.0 31.0
5.0154725078234685 32.58136914567363 136.97482262192236 136.0 147.0 64.0
5.016233584536761 33.01176171186938 136.95488243877944 106.0 117.0 50.0
5.444313502157255 32.151737656191166 137.02758707188727 100.0 114.0 44.0
5.445074578870547 32.58213022238692 137.00764688874435 160.0 167.0 98.0
5.445835655583839 33.01252278858268 136.98770670560145 113.0 115.0 69.0
5.873915573204332 32.15249873290446 137.06041133870926 99.0 103.0 57.0
5.8746766499176255 32.58289129910022 137.04047115556637 152.0 153.0 109.0
5.875437726630918 33.01328386529597 137.02053097242342 107.0 108.0 78.0
6.303517644251411 32.15325980961776 137.09323560553125 100.0 104.0 69.0
3.6930809511469476 32.16863353248091 137.3254297345031 83.0 106.0 23.0
3.69384202786024 32.59902609867667 137.30548955136018 95.0 115.0 26.0
3.694603104573533 33.02941866487242 137.2855493682173 101.0 119.0 33.0
4.121921945480733 31.739002042998454 137.37819418446801 90.0 109.0 31.0
4.122683022194026 32.1693946091942 137.3582540013251 81.0 106.0 22.0
4.123444098907319 32.599787175389956 137.3383138181822 104.0 126.0 30.0
4.124205175620611 33.03017974158571 137.31837363503925 113.0 134.0 39.0
4.124966252333906 33.46057230778147 137.29843345189636 115.0 131.0 49.0
4.125727329047199 33.890964873977225 137.27849326875344 85.0 88.0 54.0
4.551524016527809 31.739763119711743 137.41101845129 76.0 97.0 22.0
4.552285093241101 32.170155685907496 137.39107826814708 81.0 105.0 22.0
4.553046169954394 32.60054825210325 137.37113808500416 116.0 137.0 36.0
4.553807246667686 33.03094081829901 137.35119790186127 126.0 145.0 46.0
4.554568323380982 33.461333384494765 137.33125771871835 104.0 120.0 42.0
4.98188716428818 32.17091676262079 137.42390253496907 92.0 110.0 30.0
4.982648241001472 32.60130932881654 137.40396235182618 135.0 149.0 56.0
4.983409317714765 33.0317018950123 137.38402216868326 130.0 142.0 59.0
4.98417039442806 33.46209446120805 137.36408198554034 98.0 108.0 47.0
5.40920600519538 30.880500140746822 137.51654735121983 76.0 95.0 27.0
5.4114892353352575 32.17167783933408 137.4567268017911 103.0 121.0 43.0
5.412250312048551 32.60207040552984 137.43678661864817 168.0 176.0 96.0
5.413011388761843 33.03246297172559 137.41684643550525 146.0 150.0 85.0
5.841091306382336 32.172438916047376 137.48955106861308 90.0 99.0 48.0
5.841852383095628 32.60283148224313 137.46961088547016 169.0 173.0 118.0
5.842613459808921 33.03322404843888 137.44967070232727 155.0 158.0 112.0
6.271454454142707 32.60359255895642 137.50243515229218 136.0 137.0 106.0
3.6602566843249513 32.18857371562382 137.75456946440693 90.0 114.0 25.0
3.6610177610382437 32.618966281819574 137.73462928126403 89.0 111.0 23.0
3.661778837751536 33.04935884801533 137.71468909812108 102.0 123.0 33.0
3.6625399144648316 33.47975141421109 137.6947489149782 110.0 126.0 47.0
3.6633009911781245 33.91014398040684 137.67480873183527 148.0 155.0 98.0
4.089097678658737 31.75894222614136 137.80733391437184 98.0 117.0 32.0
4.089858755372029 32.189334792337114 137.78739373122895 106.0 130.0 32.0
4.090619832085322 32.61972735853287 137.767453548086 109.0 132.0 30.0
4.091380908798614 33.05011992472863 137.7475133649431 116.0 139.0 37.0
4.09214198551191 33.480512490924376 137.72757318180018 118.0 136.0 48.0
4.0929030622252025 33.91090505712013 137.7076329986573 97.0 103.0 57.0
4.5179386729925195 31.3293107366589 137.86009836433675 67.0 82.0 24.0
4.518699749705812 31.759703302854657 137.84015818119383 124.0 145.0 48.0
4.519460826419104 32.19009586905041 137.8202179980509 109.0 132.0 32.0
4.520221903132398 32.62048843524616 137.80027781490801 119.0 138.0 33.0
4.52098297984569 33.050881001441915 137.7803376317651 125.0 146.0 40.0
4.521744056558985 33.48127356763767 137.7603974486222 122.0 142.0 48.0
4.522505133272278 33.91166613383343 137.74045726547925 95.0 105.0 52.0
4.94830182075289 31.760464379567946 137.87298244801582 109.0 129.0 41.0
4.949062897466183 32.1908569457637 137.85304226487293 114.0 134.0 39.0
4.949823974179475 32.621249511959455 137.83310208173 113.0 128.0 35.0
4.9505850508927685 33.05164207815521 137.81316189858708 117.0 133.0 43.0
4.9513461276060635 33.48203464435097 137.79322171544416 107.0 124.0 44.0
5.378664968513261 32.191618022476995 137.88586653169492 87.0 110.0 31.0
5.379426045226554 32.62201058867275 137.865926348552 138.0 149.0 64.0
5.380187121939846 33.0524031548685 137.84598616540907 139.0 148.0 71.0
5.380948198653142 33.48279572106426 137.82604598226618 90.0 102.0 46.0
5.80826703956034 32.19237909919029 137.9186907985169 65.0 80.0 27.0
5.809028116273632 32.62277166538604 137.89875061537398 142.0 147.0 86.0
5.8097891929869245 33.053164231581796 137.8788104322311 151.0 155.0 103.0
6.238630187320711 32.623532742099336 137.931574882196 117.0 118.0 84.0
3.197069269742583 31.77736025585769 138.17082511063165 101.0 117.0 33.0
3.1978303464558757 32.20775282205344 138.15088492748876 112.0 134.0 32.0
3.198591423169168 32.6381453882492 138.13094474434584 100.0 122.0 30.0
3.1993524998824605 33.06853795444495 138.11100456120292 100.0 124.0 35.0
3.2001135765957565 33.498930520640705 138.09106437806 115.0 135.0 52.0
3.200874653309049 33.92932308683646 138.0711241949171 168.0 179.0 111.0
3.6274324175029538 32.20851389876673 138.18370919431075 98.0 120.0 28.0
3.6281934942162466 32.63890646496249 138.16376901116783 82.0 105.0 19.0
3.628954570929539 33.069299031158245 138.1438288280249 99.0 123.0 32.0
3.6297156476428345 33.499691597354 138.12388864488202 105.0 126.0 42.0
3.6304767243561273 33.93008416354976 138.10394846173912 120.0 130.0 71.0
4.05627341183674 31.778882409284275 138.23647364427566 80.0 98.0 22.0
4.057034488550032 32.20927497548003 138.21653346113274 117.0 139.0 37.0
4.057795565263325 32.639667541675784 138.19659327798982 98.0 122.0 24.0
4.058556641976617 33.07006010787154 138.17665309484693 110.0 134.0 32.0
4.059317718689913 33.50045267406729 138.15671291170403 116.0 137.0 44.0
4.060078795403205 33.93084524026305 138.13677272856108 122.0 135.0 66.0
4.485875482883815 31.77964348599757 138.26929791109765 125.0 146.0 48.0
4.486636559597107 32.210036052193324 138.24935772795473 104.0 126.0 28.0
4.4873976363104005 32.64042861838907 138.22941754481184 80.0 105.0 12.0
4.488158713023693 33.07082118458483 138.20947736166895 122.0 145.0 34.0
4.488919789736988 33.501213750780586 138.189537178526 122.0 143.0 42.0
4.48968086645028 33.93160631697634 138.1695969953831 124.0 139.0 64.0
4.914716477217601 31.35001199651511 138.32206236106256 74.0 91.0 29.0
4.915477553930893 31.78040456271086 138.30212217791964 131.0 150.0 54.0
4.916238630644186 32.21079712890661 138.28218199477675 109.0 133.0 34.0
4.916999707357478 32.64118969510237 138.26224181163383 107.0 126.0 28.0
4.91776078407077 33.071582261298126 138.2423016284909 118.0 136.0 39.0
4.918521860784066 33.50197482749388 138.222361445348 110.0 130.0 41.0
4.919282937497359 33.93236739368963 138.2024212622051 114.0 126.0 61.0
5.345079624977972 31.781165639424156 138.33494644474166 65.0 81.0 23.0
5.345840701691264 32.21155820561991 138.31500626159874 100.0 122.0 36.0
5.3466017784045565 32.641950771815665 138.29506607845582 127.0 145.0 50.0
5.347362855117849 33.072343338011414 138.27512589531293 135.0 149.0 61.0
5.348123931831145 33.50273590420717 138.25518571217 108.0 124.0 51.0
5.775442772738343 32.2123192823332 138.34783052842073 67.0 83.0 27.0
5.776203849451635 32.642711848528954 138.32789034527784 111.0 124.0 54.0
5.776964926164927 33.07310441472471 138.30795016213492 133.0 140.0 78.0
5.777726002878223 33.50349698092047 138.288009978992 97.0 103.0 59.0
6.2058059204987135 32.64347292524225 138.36071461209983 100.0 104.0 62.0
6.206566997212006 33.073865491438006 138.3407744289569 113.0 114.0 83.0
2.7369261620133885 33.087717060874574 138.50732002428478 146.0 166.0 60.0
2.737687238726684 33.51810962707033 138.48737984114183 148.0 166.0 69.0
2.738448315439977 33.94850219326609 138.46743965799894 186.0 200.0 121.0
3.164245002920586 31.797300439000605 138.5999648405355 91.0 98.0 49.0
3.1650060796338786 32.22769300519636 138.58002465739258 112.0 131.0 43.0
3.1657671563471714 32.658085571392114 138.56008447424966 105.0 129.0 36.0
3.166528233060464 33.08847813758786 138.54014429110674 97.0 123.0 34.0
3.1672893097737593 33.51887070378362 138.52020410796385 110.0 135.0 44.0
3.168050386487052 33.949263269979376 138.50026392482093 142.0 157.0 77.0
3.5946081506809575 32.228454081909646 138.61284892421457 60.0 80.0 13.0
3.59536922739425 32.6588466481054 138.59290874107165 73.0 97.0 17.0
3.5961303041075423 33.08923921430116 138.57296855792876 89.0 114.0 26.0
3.5968913808208383 33.519631780496915 138.55302837478584 109.0 134.0 41.0
3.5976524575341307 33.95002434669267 138.53308819164292 109.0 127.0 51.0
4.024210221728036 32.22921515862294 138.64567319103656 90.0 112.0 24.0
4.024971298441328 32.6596077248187 138.62573300789367 78.0 102.0 14.0
4.025732375154621 33.090000291014455 138.60579282475075 105.0 132.0 29.0
4.026493451867917 33.520392857210204 138.58585264160783 111.0 135.0 36.0
4.027254528581209 33.95078542340596 138.5659124584649 118.0 135.0 54.0
4.4530512160618185 31.799583669140485 138.69843764100148 104.0 124.0 37.0
4.453812292775111 32.22997623533624 138.67849745785858 127.0 148.0 40.0
4.454573369488403 32.66036880153199 138.65855727471566 75.0 101.0 10.0
4.455334446201696 33.090761367727744 138.63861709157274 114.0 140.0 27.0
4.456095522914992 33.5211539339235 138.61867690842982 121.0 146.0 37.0
4.456856599628284 33.95154650011926 138.59873672528693 127.0 144.0 57.0
4.4576176763415765 34.38193906631501 138.578796542144 111.0 119.0 65.0
4.881892210395605 31.369952179658025 138.7512020909664 73.0 89.0 28.0
4.882653287108897 31.800344745853774 138.7312619078235 128.0 148.0 53.0
4.883414363822189 32.23073731204953 138.71132172468057 116.0 139.0 36.0
4.884175440535482 32.66112987824528 138.69138154153765 114.0 139.0 27.0
4.884936517248774 33.09152244444104 138.67144135839473 124.0 147.0 37.0
4.88569759396207 33.521915010636796 138.65150117525184 123.0 144.0 44.0
4.8864586706753625 33.952307576832546 138.63156099210892 127.0 141.0 61.0
4.887219747388655 34.3827001430283 138.611620808966 96.0 102.0 60.0
5.3122553581559755 31.80110582256707 138.76408617464548 99.0 116.0 42.0
5.313016434869268 32.23149838876282 138.74414599150256 122.0 144.0 47.0
5.31377751158256 32.66189095495858 138.72420580835964 128.0 149.0 45.0
5.314538588295853 33.09228352115433 138.70426562521675 132.0 150.0 52.0
5.315299665009149 33.522676087350085 138.68432544207383 125.0 142.0 55.0
5.316060741722441 33.95306865354584 138.6643852589309 119.0 133.0 63.0
5.742618505916346 32.23225946547611 138.77697025832455 94.0 114.0 38.0
5.743379582629639 32.66265203167187 138.75703007518166 114.0 132.0 49.0
5.744140659342931 33.093044597867625 138.73708989203874 126.0 141.0 62.0
5.744901736056226 33.52343716406338 138.71714970889582 125.0 137.0 66.0
6.172981653676717 32.663413108385164 138.78985434200362 88.0 102.0 47.0
6.17374273039001 33.09380567458092 138.76991415886073 100.0 108.0 61.0
6.174503807103305 33.52419824077667 138.74997397571784 76.0 80.0 52.0
2.2752609008576092 33.53728873349995 138.88369530422366 149.0 165.0 80.0
2.276021977570902 33.9676812996957 138.86375512108077 157.0 170.0 104.0
2.702579741764807 32.246872111625976 138.97634012047442 98.0 103.0 61.0
2.7033408184780994 32.67726467782173 138.9563999373315 189.0 206.0 101.0
2.704101895191392 33.10765724401748 138.93645975418858 145.0 163.0 64.0
2.7048629719046877 33.53804981021324 138.91651957104568 136.0 156.0 61.0
2.70562404861798 33.968442376408994 138.89657938790276 147.0 165.0 78.0
3.1321818128118823 32.247633188339265 139.0091643872964 72.0 81.0 35.0
3.1329428895251747 32.67802575453502 138.9892242041535 146.0 163.0 68.0
3.133703966238467 33.10841832073078 138.9692840210106 113.0 137.0 43.0
3.134465042951763 33.538810886926534 138.94934383786767 118.0 142.0 47.0
3.1352261196650555 33.96920345312229 138.92940365472478 136.0 156.0 62.0
3.5617838838589604 32.24839426505256 139.0419886541184 63.0 85.0 18.0
3.562544960572253 32.67878683124832 139.0220484709755 68.0 92.0 17.0
3.563306037285545 33.10917939744407 139.00210828783258 79.0 106.0 23.0
3.5640671139988407 33.53957196363982 138.98216810468966 100.0 129.0 33.0
3.5648281907121335 33.96996452983558 138.96222792154674 124.0 146.0 53.0
3.565589267425426 34.400357096031335 138.94228773840385 76.0 83.0 46.0
3.9913859549060384 32.24915534176585 139.0748129209404 96.0 121.0 29.0
3.9921470316193313 32.679547907961606 139.0548727377975 85.0 112.0 19.0
3.9929081083326237 33.10994047415736 139.03493255465457 91.0 119.0 22.0
3.993669185045919 33.54033304035312 139.01499237151165 113.0 138.0 35.0
3.9944302617592116 33.970725606548875 138.99505218836876 123.0 143.0 51.0
3.9951913384725044 34.40111817274463 138.97511200522584 130.0 142.0 71.0
4.419465872526529 31.389131286087636 139.14751755404822 78.0 92.0 32.0
4.420226949239821 31.819523852283393 139.1275773709053 115.0 134.0 45.0
4.420988025953114 32.249916418479145 139.1076371877624 136.0 158.0 44.0
4.421749102666406 32.6803089846749 139.08769700461949 119.0 145.0 25.0
4.422510179379699 33.11070155087066 139.06775682147656 140.0 162.0 39.0
4.4232712560929945 33.541094117066415 139.04781663833367 130.0 153.0 41.0
4.424032332806287 33.971486683262164 139.02787645519075 131.0 148.0 56.0
4.424793409519579 34.40187924945792 139.00793627204783 140.0 151.0 76.0
4.849067943573607 31.389892362800932 139.1803418208702 72.0 87.0 28.0
4.8498290202869 31.82028492899669 139.16040163772732 121.0 139.0 51.0
4.850590097000192 32.25067749519244 139.1404614545844 130.0 154.0 45.0
4.851351173713485 32.68107006138819 139.12052127144148 147.0 171.0 43.0
4.852112250426777 33.11146262758395 139.10058108829858 148.0 168.0 49.0
4.852873327140073 33.5418551937797 139.08064090515566 136.0 156.0 50.0
4.853634403853365 33.97224775997546 139.06070072201274 122.0 139.0 54.0
4.854395480566658 34.402640326171216 139.04076053886982 136.0 146.0 77.0
5.2794310913339775 31.821046005709977 139.1932259045493 109.0 124.0 50.0
5.280192168047271 32.25143857190573 139.1732857214064 132.0 152.0 53.0
5.280953244760563 32.68183113810149 139.1533455382635 134.0 156.0 47.0
5.2817143214738556 33.11222370429724 139.13340535512057 141.0 160.0 56.0
5.2824753981871515 33.542616270493 139.11346517197765 130.0 148.0 55.0
5.283236474900444 33.973008836688756 139.09352498883473 118.0 134.0 56.0
5.709033162381056 31.821807082423273 139.2260501713713 68.0 80.0 31.0
5.709794239094348 32.252199648619026 139.2061099882284 118.0 136.0 52.0
5.710555315807642 32.68259221481478 139.18616980508548 122.0 143.0 51.0
5.711316392520934 33.11298478101053 139.16622962194256 126.0 144.0 58.0
5.712077469234229 33.54337734720629 139.14628943879964 120.0 135.0 59.0
6.139396310141427 32.252960725332315 139.23893425505037 80.0 95.0 41.0
6.140157386854719 32.68335329152807 139.21899407190747 87.0 103.0 44.0
6.1409184635680125 33.11374585772383 139.19905388876455 86.0 98.0 49.0
2.241675557322317 33.12683635044711 139.3327752172704 161.0 178.0 83.0
2.2424366340356126 33.55722891664286 139.3128350341275 176.0 195.0 98.0
2.243197710748905 33.98762148283861 139.2928948509846 169.0 185.0 106.0
2.6705165516561027 32.697204860964646 139.38553966723532 177.0 194.0 96.0
2.671277628369395 33.127597427160396 139.3655994840924 166.0 186.0 82.0
2.672038705082691 33.55798999335615 139.3456593009495 157.0 177.0 76.0
2.6727997817959834 33.98838255955191 139.32571911780659 164.0 185.0 87.0
3.099357545989885 32.26757337148218 139.43830411720023 94.0 107.0 47.0
3.100118622703178 32.697965937677935 139.4183639340573 144.0 161.0 69.0
3.1008796994164705 33.12835850387369 139.39842375091442 125.0 145.0 52.0
3.101640776129766 33.55875107006945 139.3784835677715 136.0 157.0 57.0
3.102401852843059 33.989143636265204 139.35854338462858 149.0 171.0 67.0
3.103162929556351 34.419536202460954 139.33860320148565 113.0 126.0 68.0
3.529720693750256 32.69872701439123 139.45118820087933 117.0 139.0 42.0
3.530481770463549 33.12911958058699 139.4312480177364 122.0 146.0 43.0
3.5312428471768444 33.55951214678274 139.4113078345935 139.0 160.0 54.0
3.532003923890137 33.98990471297849 139.39136765145057 154.0 175.0 69.0
3.5327650006034297 34.42029727917425 139.37142746830767 130.0 143.0 71.0
3.9578006113707493 31.838702958713018 139.52389283398713 68.0 84.0 24.0
3.958561688084042 32.269095524908764 139.50395265084424 95.0 118.0 30.0
3.9593227647973346 32.69948809110452 139.48401246770132 83.0 109.0 18.0
3.960083841510627 33.129880657300276 139.4640722845584 131.0 156.0 42.0
3.960844918223923 33.56027322349603 139.44413210141548 148.0 168.0 57.0
3.9616059949372153 33.99066578969179 139.42419191827258 147.0 165.0 63.0
3.9623670716505077 34.421058355887546 139.40425173512966 141.0 156.0 72.0
4.386641605704532 31.40907146923055 139.57665728395204 72.0 86.0 31.0
4.387402682417825 31.839464035426307 139.55671710080915 113.0 132.0 45.0
4.388163759131118 32.26985660162206 139.5367769176662 135.0 158.0 46.0
4.38892483584441 32.700249167817816 139.5168367345233 101.0 129.0 19.0
4.389685912557702 33.13064173401357 139.4968965513804 150.0 171.0 45.0
4.390446989270998 33.56103430020933 139.4769563682375 150.0 169.0 52.0
4.391208065984291 33.99142686640508 139.45701618509457 143.0 159.0 58.0
4.391969142697583 34.421819432600834 139.43707600195165 148.0 161.0 78.0
4.81624367675161 31.409832545943846 139.60948155077406 85.0 104.0 37.0
4.817004753464903 31.840225112139603 139.5895413676311 133.0 151.0 60.0
4.817765830178196 32.270617678335356 139.56960118448822 147.0 167.0 59.0
4.818526906891488 32.701010244531105 139.5496610013453 165.0 186.0 56.0
4.819287983604781 33.13140281072686 139.5297208182024 162.0 181.0 58.0
4.820049060318076 33.56179537692262 139.50978063505949 137.0 157.0 49.0
4.820810137031369 33.992187943118374 139.48984045191656 135.0 150.0 60.0
4.821571213744662 34.42258050931413 139.46990026877367 149.0 160.0 86.0
5.245845747798689 31.410593622657142 139.64230581759603 77.0 95.0 35.0
5.246606824511981 31.84098618885289 139.62236563445313 121.0 136.0 59.0
5.247367901225274 32.271378755048644 139.6024254513102 134.0 153.0 58.0
5.248128977938566 32.7017713212444 139.58248526816732 134.0 157.0 49.0
5.248890054651859 33.13216388744016 139.5625450850244 145.0 164.0 59.0
5.249651131365154 33.562556453635914 139.54260490188148 140.0 157.0 61.0
5.250412208078447 33.99294901983167 139.52266471873858 127.0 140.0 62.0
5.25117328479174 34.42334158602742 139.50272453559566 99.0 107.0 56.0
5.67620889555906 31.841747265566188 139.65518990127512 67.0 82.0 30.0
5.676969972272352 32.27213983176194 139.6352497181322 89.0 109.0 38.0
5.6777310489856445 32.7025323979577 139.6153095349893 108.0 130.0 43.0
5.678492125698937 33.132924964153446 139.5953693518464 121.0 140.0 53.0
5.679253202412233 33.5633175303492 139.5754291687035 131.0 146.0 65.0
5.680014279125525 33.99371009654496 139.55548898556057 97.0 108.0 50.0
6.107333120032723 32.703293474670986 139.6481338018113 68.0 82.0 36.0
6.108094196746015 33.13368604086674 139.6281936186684 91.0 104.0 55.0
6.108855273459311 33.5640786070625 139.60825343552546 77.0 85.0 50.0
1.7800102961665374 33.57640802307248 139.70915049720932 110.0 120.0 63.0
1.78077137287983 34.00680058926823 139.68921031406643 91.0 99.0 59.0
2.2080902137870275 32.71638396739426 139.78185513031715 115.0 125.0 61.0
2.20885129050032 33.146776533590014 139.76191494717423 186.0 204.0 102.0
2.209612367213616 33.57716909978577 139.74197476403134 186.0 205.0 106.0
2.2103734439269083 34.00756166598153 139.72203458088842 188.0 205.0 116.0
2.637692284834106 32.71714504410755 139.81467939713914 153.0 166.0 82.0
2.6384533615473984 33.14753761030331 139.79473921399625 186.0 205.0 98.0
2.639214438260694 33.577930176499066 139.77479903085333 178.0 198.0 91.0
2.6399755149739867 34.00832274269482 139.7548588477104 185.0 205.0 102.0
2.640736591687279 34.43871530889057 139.7349186645675 143.0 154.0 96.0
3.067294355881181 32.71790612082085 139.84750366396116 83.0 97.0 28.0
3.0680554325944738 33.1482986870166 139.82756348081824 131.0 149.0 56.0
3.0688165093077693 33.578691253212355 139.80762329767532 161.0 181.0 75.0
3.0695775860210617 34.00908381940811 139.7876831145324 179.0 200.0 89.0
3.0703386627343545 34.43947638560387 139.7677429313895 158.0 172.0 95.0
3.4953742735016737 31.857882065142636 139.92020829706897 71.0 87.0 31.0
3.4961353502149666 32.28827463133838 139.90026811392607 91.0 109.0 36.0
3.496896426928259 32.71866719753414 139.88032793078315 132.0 152.0 52.0
3.4976575036415514 33.149059763729895 139.86038774764023 145.0 165.0 58.0
3.4984185803548473 33.57945232992565 139.8404475644973 159.0 179.0 66.0
3.4991796570681397 34.00984489612141 139.82050738135442 163.0 184.0 69.0
3.499940733781432 34.440237462317164 139.8005671982115 169.0 186.0 95.0
3.92421526783546 31.42825057566017 139.97297274703388 67.0 83.0 31.0
3.924976344548752 31.858643141855925 139.95303256389099 90.0 108.0 38.0
3.9257374212620446 32.28903570805168 139.93309238074806 130.0 150.0 53.0
3.9264984979753375 32.719428274247434 139.91315219760514 124.0 147.0 37.0
3.92725957468863 33.14982084044319 139.89321201446222 141.0 163.0 47.0
3.9280206514019254 33.58021340663894 139.87327183131933 157.0 176.0 60.0
3.928781728115218 34.010605972834696 139.8533316481764 164.0 183.0 71.0
3.9295428048285106 34.44099853903045 139.8333914650335 162.0 176.0 86.0
3.930303881541803 34.87139110522621 139.81345128189056 107.0 111.0 70.0
4.353817338882535 31.429011652373465 140.0057970138559 73.0 90.0 32.0
4.354578415595827 31.85940421856922 139.98585683071295 125.0 143.0 55.0
4.35533949230912 32.289796784764974 139.96591664757005 157.0 176.0 64.0
4.356100569022413 32.72018935096072 139.94597646442713 142.0 163.0 40.0
4.356861645735705 33.15058191715648 139.92603628128424 151.0 171.0 47.0
4.357622722449001 33.580974483352236 139.90609609814132 157.0 175.0 56.0
4.358383799162294 34.01136704954799 139.8861559149984 161.0 175.0 67.0
4.359144875875586 34.44175961574375 139.86621573185548 160.0 174.0 83.0
4.359905952588878 34.872152181939505 139.84627554871258 131.0 136.0 84.0
4.783419409929613 31.42977272908676 140.03862128067786 93.0 109.0 44.0
4.784180486642906 31.86016529528251 140.01868109753497 133.0 149.0 63.0
4.784941563356198 32.29055786147826 139.99874091439204 147.0 163.0 62.0
4.785702640069491 32.72095042767402 139.97880073124915 151.0 170.0 52.0
4.786463716782784 33.151342993869775 139.9588605481062 157.0 176.0 58.0
4.787224793496079 33.58173556006553 139.9389203649633 153.0 169.0 59.0
4.787985870209372 34.01212812626128 139.9189801818204 146.0 160.0 62.0
4.7887469469226644 34.44252069245704 139.8990399986775 152.0 166.0 79.0
5.213021480976692 31.43053380580005 140.07144554749988 73.0 91.0 34.0
5.213782557689984 31.860926371995806 140.05150536435696 96.0 111.0 45.0
5.2145436344032765 32.29131893819156 140.03156518121406 115.0 130.0 51.0
5.215304711116569 32.721711504387315 140.0116249980711 134.0 154.0 53.0
5.216065787829862 33.152104070583064 139.99168481492822 147.0 164.0 64.0
5.216826864543157 33.58249663677882 139.9717446317853 148.0 163.0 67.0
5.21758794125645 34.01288920297458 139.9518044486424 147.0 159.0 72.0
5.218349017969743 34.44328176917033 139.93186426549946 135.0 146.0 77.0
5.644906782163647 32.722472581100604 140.04444926489313 96.0 112.0 42.0
5.64566785887694 33.15286514729636 140.0245090817502 124.0 141.0 58.0
5.646428935590236 33.58325771349212 140.00456889860732 133.0 148.0 67.0
5.647190012303528 34.01365027968787 139.98462871546437 131.0 142.0 71.0
6.075269929924018 33.153626224009656 140.0573333485722 89.0 100.0 55.0
6.076031006637314 33.584018790205405 140.03739316542928 93.0 101.0 61.0
1.746424952631245 33.16595564001964 140.15823041025607 113.0 127.0 57.0
1.7471860293445405 33.596348206215396 140.13829022711315 131.0 143.0 76.0
1.747947106057833 34.026740772411145 140.11835004397025 93.0 100.0 58.0
2.175265946965031 32.73632415053717 140.21099486022098 122.0 130.0 71.0
2.1760270236783232 33.16671671673293 140.19105467707806 192.0 209.0 108.0
2.1767881003916187 33.597109282928685 140.17111449393516 198.0 216.0 115.0
2.1775491771049116 34.02750184912444 140.15117431079224 197.0 213.0 121.0
2.178310253818204 34.4578944153202 140.13123412764932 90.0 95.0 62.0
2.604868018012109 32.73708522725047 140.24381912704297 129.0 139.0 72.0
2.6056290947254017 33.167477793446224 140.22387894390008 190.0 208.0 103.0
2.6063901714386972 33.59787035964198 140.20393876075715 193.0 212.0 104.0
2.6071512481519896 34.02826292583774 140.18399857761423 201.0 218.0 114.0
2.6079123248652825 34.458655492033486 140.16405839447134 156.0 165.0 106.0
3.0352311657724766 33.16823887015951 140.25670321072204 142.0 157.0 62.0
3.0359922424857726 33.59863143635527 140.23676302757914 174.0 193.0 81.0
3.036753319199065 34.029024002551026 140.21682284443625 191.0 208.0 96.0
3.0375143959123574 34.45941656874678 140.19688266129333 193.0 207.0 118.0
3.4625500066796775 31.87782224828555 140.3493480269728 72.0 87.0 34.0
3.46331108339297 32.308214814481296 140.3294078438299 133.0 148.0 67.0
3.4640721601062627 32.73860738067705 140.30946766068695 158.0 173.0 72.0
3.464833236819555 33.16899994687281 140.28952747754406 162.0 181.0 70.0
3.4655943135328506 33.599392513068565 140.26958729440116 171.0 191.0 72.0
3.4663553902461435 34.02978507926432 140.24964711125824 173.0 194.0 72.0
3.467116466959436 34.46017764546008 140.22970692811532 170.0 185.0 89.0
3.4678775436727283 34.89057021165583 140.2097667449724 114.0 120.0 77.0
3.891391001013463 31.448190758803083 140.4021124769377 72.0 89.0 36.0
3.892152077726756 31.87858332499884 140.3821722937948 107.0 123.0 52.0
3.8929131544400484 32.30897589119459 140.36223211065186 152.0 169.0 74.0
3.8936742311533408 32.73936845739035 140.34229192750897 156.0 172.0 61.0
3.8944353078666336 33.169761023586105 140.32235174436605 152.0 171.0 54.0
3.895196384579929 33.600153589781854 140.30241156122315 162.0 182.0 61.0
3.8959574612932215 34.03054615597761 140.28247137808023 177.0 195.0 76.0
3.8967185380065144 34.46093872217337 140.2625311949373 186.0 200.0 104.0
3.8974796147198068 34.89133128836912 140.24259101179442 161.0 168.0 104.0
4.3209930720605385 31.44895183551638 140.4349367437597 77.0 94.0 36.0
4.321754148773831 31.879344401712135 140.41499656061677 128.0 143.0 61.0
4.322515225487123 32.30973696790789 140.39505637747388 149.0 165.0 63.0
4.323276302200416 32.74012953410364 140.37511619433096 150.0 168.0 50.0
4.324037378913709 33.170522100299394 140.35517601118806 157.0 176.0 53.0
4.324798455627004 33.60091466649515 140.33523582804514 165.0 182.0 59.0
4.325559532340296 34.03130723269091 140.31529564490222 172.0 186.0 71.0
4.32632060905359 34.46169979888666 140.29535546175933 171.0 185.0 86.0
4.327081685766882 34.89209236508242 140.2754152786164 167.0 176.0 105.0
4.750595143107617 31.449712912229675 140.46776101058168 74.0 88.0 34.0
4.751356219820909 31.880105478425424 140.4478208274388 107.0 122.0 50.0
4.752117296534202 32.31049804462118 140.42788064429587 139.0 155.0 59.0
4.752878373247494 32.74089061081693 140.40794046115295 145.0 163.0 52.0
4.753639449960787 33.17128317701269 140.38800027801005 169.0 189.0 71.0
4.7544005266740825 33.601675743208446 140.36806009486713 167.0 184.0 71.0
4.755161603387375 34.032068309404195 140.34811991172424 162.0 178.0 71.0
4.755922680100667 34.46246087559995 140.3281797285813 154.0 169.0 75.0
4.756683756813961 34.89285344179571 140.3082395454384 82.0 86.0 52.0
5.1801972141546955 31.450473988942964 140.5005852774037 72.0 90.0 33.0
5.180958290867988 31.88086655513872 140.48064509426078 88.0 103.0 42.0
5.18171936758128 32.31125912133447 140.46070491111786 102.0 116.0 46.0
5.182480444294573 32.74165168753023 140.44076472797497 132.0 149.0 56.0
5.183241521007865 33.17204425372598 140.42082454483204 148.0 164.0 68.0
5.184002597721161 33.602436819921735 140.40088436168915 153.0 166.0 72.0
5.184763674434453 34.03282938611749 140.3809441785462 154.0 165.0 76.0
5.185524751147746 34.46322195231325 140.3610039954033 149.0 161.0 84.0
5.610560361915066 31.881627631852016 140.51346936108277 67.0 82.0 34.0
5.612082515341651 32.74241276424352 140.47358899479696 100.0 114.0 49.0
5.6128435920549435 33.172805330439274 140.45364881165406 131.0 145.0 67.0
5.6136046687682395 33.60319789663503 140.4337086285111 143.0 157.0 76.0
5.614365745481532 34.03359046283079 140.41376844536822 144.0 156.0 82.0
6.042445663102022 33.17356640715257 140.48647307847602 76.0 83.0 49.0
6.043206739815318 33.60395897334832 140.46653289533313 108.0 113.0 73.0
1.7128396090959555 32.7555032569668 140.6073103233028 86.0 99.0 39.0
1.713600685809248 33.185895823162554 140.5873701401599 117.0 128.0 63.0
1.7143617625225436 33.61628838935831 140.567429957017 131.0 143.0 81.0
1.7151228392358362 34.04668095555406 140.54748977387408 98.0 105.0 66.0
2.1424416801430337 32.756264333680086 140.6401345901248 74.0 80.0 40.0
2.1432027568563266 33.18665689987584 140.6201944069819 175.0 190.0 102.0
2.143963833569622 33.6170494660716 140.600254223839 201.0 218.0 124.0
2.1447249102829145 34.047442032267355 140.58031404069607 208.0 223.0 136.0
2.1454859869962073 34.47783459846311 140.56037385755315 87.0 90.0 63.0
2.572043751190112 32.75702541039338 140.67295885694682 83.0 88.0 47.0
2.5728048279034046 33.18741797658914 140.6530186738039 187.0 203.0 107.0
2.5735659046167 33.617810542784895 140.63307849066098 193.0 210.0 108.0
2.574326981329993 34.04820310898065 140.61313830751806 206.0 222.0 123.0
2.5750880580432853 34.4785956751764 140.59319812437516 198.0 208.0 138.0
3.0008847455238947 32.32739392091092 140.72572330691173 69.0 86.0 25.0
3.0016458222371876 32.75778648710668 140.70578312376878 115.0 127.0 51.0
3.00240689895048 33.18817905330243 140.6858429406259 153.0 168.0 68.0
3.0031679756637755 33.618571619498184 140.66590275748297 175.0 193.0 84.0
3.0039290523770683 34.04896418569394 140.64596257434007 203.0 220.0 112.0
3.0046901290903607 34.479356751889696 140.62602239119715 208.0 221.0 137.0
3.429725739857681 31.897762431428465 140.77848775687664 76.0 93.0 34.0
3.430486816570973 32.32815499762421 140.7585475737337 141.0 155.0 74.0
3.4312478932842656 32.75854756381997 140.7386073905908 175.0 187.0 94.0
3.4320089699975584 33.18894013001572 140.71866720744788 180.0 196.0 89.0
3.432770046710854 33.61933269621148 140.698727024305 182.0 200.0 84.0
3.4335311234241463 34.049725262407236 140.67878684116204 194.0 212.0 94.0
3.434292200137439 34.48011782860299 140.65884665801914 185.0 200.0 103.0
3.4350532768507316 34.91051039479874 140.63890647487622 149.0 156.0 105.0
3.8593278109047593 31.898523508141754 140.8113120236986 88.0 103.0 41.0
3.8600888876180517 32.328916074337506 140.7913718405557 150.0 165.0 78.0
3.8608499643313445 32.75930864053326 140.7714316574128 167.0 182.0 77.0
3.861611041044637 33.18970120672902 140.7514914742699 163.0 181.0 68.0
3.8623721177579324 33.62009377292477 140.73155129112695 172.0 191.0 71.0
3.8631331944712253 34.050486339120525 140.71161110798406 188.0 206.0 87.0
3.8638942711845177 34.48087890531628 140.69167092484113 193.0 207.0 109.0
3.86465534789781 34.91127147151204 140.67173074169824 177.0 187.0 117.0
4.288929881951835 31.89928458485505 140.84413629052062 104.0 118.0 50.0
4.289690958665127 32.3296771510508 140.8241961073777 141.0 157.0 64.0
4.2904520353784195 32.76006971724655 140.80425592423478 149.0 167.0 58.0
4.291213112091712 33.19046228344231 140.78431574109186 159.0 178.0 61.0
4.291974188805008 33.620854849638064 140.76437555794897 167.0 187.0 66.0
4.2927352655183 34.05124741583382 140.74443537480605 182.0 199.0 81.0
4.293496342231593 34.48163998202958 140.72449519166315 190.0 205.0 103.0
4.294257418944886 34.91203254822533 140.70455500852023 172.0 181.0 113.0
4.718531952998913 31.90004566156834 140.8769605573426 81.0 94.0 38.0
4.7192930297122055 32.33043822776409 140.8570203741997 125.0 143.0 55.0
4.720054106425498 32.76083079395985 140.83708019105677 135.0 154.0 51.0
4.72081518313879 33.191223360155604 140.81714000791388 158.0 176.0 68.0
4.721576259852086 33.62161592635136 140.79719982477096 169.0 186.0 77.0
4.722337336565379 34.05200849254711 140.77725964162804 171.0 184.0 79.0
4.723098413278671 34.482401058742866 140.75731945848514 165.0 180.0 87.0
5.147372947332698 31.470414172085878 140.92972500730752 80.0 100.0 40.0
5.148134024045992 31.900806738281634 140.9097848241646 83.0 102.0 40.0
5.148895100759284 32.33119930447739 140.88984464102168 72.0 84.0 31.0
5.149656177472576 32.76159187067314 140.8699044578788 127.0 144.0 55.0
5.150417254185869 33.19198443686889 140.84996427473587 148.0 164.0 72.0
5.151178330899165 33.62237700306465 140.83002409159295 155.0 169.0 80.0
5.151939407612457 34.052769569260406 140.81008390845005 168.0 179.0 94.0
5.15270048432575 34.48316213545616 140.79014372530713 145.0 154.0 85.0
5.579258248519655 32.76235294738643 140.90272872470078 71.0 83.0 32.0
5.580019325232947 33.19274551358219 140.88278854155786 132.0 144.0 71.0
5.580780401946242 33.623138079777945 140.86284835841496 147.0 158.0 87.0
5.581541478659536 34.0535306459737 140.84290817527204 147.0 156.0 93.0
6.010382472993321 33.623899156491234 140.89567262523695 93.0 96.0 65.0
1.6807764189872514 33.20583600630546 141.01650987006371 82.0 87.0 51.0
1.6815374957005471 33.63622857250122 140.99656968692082 93.0 98.0 64.0
2.1103784900343294 33.20659708301876 141.04933413688573 166.0 178.0 106.0
2.111139566747625 33.63698964921451 141.02939395374278 211.0 223.0 140.0
2.1119006434609178 34.06738221541026 141.0094537705999 209.0 222.0 137.0
2.539980561081408 33.207358159732046 141.0821584037077 190.0 203.0 117.0
2.5407416377947034 33.6377507259278 141.0622182205648 206.0 219.0 130.0
2.541502714507996 34.06814329212356 141.0422780374219 221.0 232.0 147.0
2.5422637912212886 34.498535858319315 141.022337854279 172.0 175.0 132.0
2.9688215554151904 32.777726670249585 141.1349228536726 170.0 180.0 94.0
2.9695826321284833 33.20811923644534 141.1149826705297 190.0 204.0 107.0
2.970343708841779 33.6385118026411 141.09504248738682 196.0 211.0 111.0
2.971104785555071 34.068904368836854 141.0751023042439 211.0 224.0 129.0
2.971865862268364 34.4992969350326 141.05516212110098 217.0 226.0 154.0
3.398423626462269 32.77848774696288 141.16774712049462 173.0 188.0 95.0
3.3991847031755613 33.20888031315864 141.14780693735173 181.0 197.0 95.0
3.399945779888857 33.63927287935439 141.12786675420878 202.0 216.0 114.0
3.4007068566021497 34.06966544555014 141.1079265710659 211.0 223.0 122.0
3.401467933315442 34.5000580117459 141.08798638792297 203.0 214.0 127.0
3.4022290100287345 34.930450577941656 141.06804620478007 161.0 167.0 120.0
3.8272646207960546 32.34885625748041 141.22051157045954 118.0 136.0 54.0
3.828025697509347 32.77924882367617 141.20057138731664 151.0 166.0 72.0
3.82878677422264 33.209641389871926 141.1806312041737 156.0 172.0 67.0
3.8295478509359353 33.64003395606768 141.1606910210308 178.0 196.0 82.0
3.8303089276492277 34.07042652226344 141.14075083788788 196.0 209.0 101.0
3.8310700043625205 34.500819088459195 141.120810654745 205.0 217.0 125.0
3.831831081075813 34.931211654654945 141.10087047160204 216.0 223.0 161.0
4.25686669184313 32.34961733419371 141.25333583728153 109.0 126.0 48.0
4.257627768556422 32.780009900389466 141.2333956541386 132.0 152.0 56.0
4.258388845269715 33.21040246658522 141.2134554709957 135.0 157.0 50.0
4.259149921983011 33.64079503278098 141.1935152878528 166.0 183.0 69.0
4.259910998696303 34.07118759897673 141.1735751047099 187.0 202.0 87.0
4.2606720754095955 34.501580165172484 141.15363492156695 200.0 214.0 118.0
4.261433152122888 34.93197273136824 141.13369473842405 189.0 194.0 139.0
4.686468762890208 32.350378410907005 141.28616010410352 77.0 88.0 36.0
4.687229839603501 32.780770977102755 141.26621992096062 135.0 152.0 61.0
4.687990916316793 33.21116354329851 141.2462797378177 148.0 165.0 66.0
4.688751993030089 33.64155610949427 141.22633955467478 163.0 178.0 77.0
4.689513069743382 34.071948675690024 141.20639937153186 179.0 191.0 93.0
4.690274146456674 34.50234124188578 141.18645918838897 190.0 204.0 114.0
5.116831910650579 32.78153205381605 141.2990441877826 114.0 130.0 50.0
5.117592987363872 33.21192462001181 141.2791040046397 145.0 161.0 71.0
5.118354064077168 33.64231718620756 141.25916382149677 161.0 176.0 87.0
5.11911514079046 34.07270975240332 141.23922363835388 181.0 191.0 110.0
5.119876217503752 34.50310231859907 141.21928345521096 160.0 169.0 102.0
5.54719505841095 33.212685696725096 141.31192827146168 134.0 147.0 74.0
5.547956135124245 33.64307826292085 141.2919880883188 165.0 176.0 104.0
5.5487172118375385 34.07347082911661 141.27204790517587 146.0 150.0 103.0
5.977558206171324 33.64383933963415 141.32481235514078 85.0 87.0 61.0
2.077554223212333 33.22653726616167 141.47847386678953 128.0 134.0 82.0
2.0783152999256287 33.65692983235743 141.45853368364664 205.0 215.0 144.0
2.079076376638921 34.08732239855318 141.4385935005037 194.0 203.0 130.0
2.5071562942594112 33.22729834287496 141.51129813361155 188.0 200.0 118.0
2.507917370972707 33.657690909070716 141.49135795046863 220.0 230.0 153.0
2.5086784476859996 34.08808347526647 141.47141776732573 229.0 237.0 160.0
2.509439524399292 34.51847604146223 141.45147758418278 177.0 184.0 130.0
2.9367583653064866 33.228059419588256 141.54412240043354 194.0 206.0 120.0
2.937519442019782 33.65845198578401 141.52418221729064 217.0 227.0 143.0
2.938280518733075 34.08884455197977 141.5042420341477 221.0 232.0 147.0
2.9390415954463673 34.51923711817552 141.4843018510048 216.0 225.0 156.0
3.366360436353565 33.22882049630155 141.57694666725553 179.0 194.0 97.0
3.3671215130668606 33.6592130624973 141.5570064841126 210.0 221.0 129.0
3.367882589780153 34.08960562869306 141.5370663009697 225.0 235.0 151.0
3.368643666493446 34.519998194888814 141.51712611782682 221.0 231.0 157.0
3.7952014306873507 32.799189006819084 141.62971111722044 142.0 157.0 71.0
3.795962507400643 33.22958157301484 141.60977093407752 163.0 179.0 80.0
3.796723584113939 33.6599741392106 141.58983075093462 192.0 206.0 103.0
3.7974846608272315 34.09036670540635 141.5698905677917 224.0 234.0 145.0
3.798245737540524 34.52075927160211 141.54995038464878 225.0 234.0 158.0
3.7990068142538167 34.95115183779786 141.5300102015059 159.0 161.0 126.0
4.224803501734426 32.79995008353238 141.66253538404243 139.0 154.0 71.0
4.2255645784477185 33.23034264972814 141.64259520089954 150.0 168.0 70.0
4.226325655161014 33.66073521592389 141.6226550177566 185.0 200.0 94.0
4.227086731874307 34.09112778211964 141.6027148346137 212.0 224.0 125.0
4.227847808587599 34.5215203483154 141.5827746514708 223.0 234.0 150.0
4.228608885300892 34.951912914511155 141.56283446832788 177.0 178.0 151.0
4.654405572781505 32.80071116024567 141.69535965086445 119.0 136.0 56.0
4.655166649494797 33.231103726441425 141.67541946772153 150.0 167.0 76.0
4.655927726208092 33.66149629263718 141.6554792845786 182.0 196.0 102.0
4.656688802921385 34.09188885883294 141.6355391014357 212.0 223.0 136.0
4.657449879634678 34.522281425028694 141.6155989182928 216.0 227.0 150.0
5.08324656711529 32.37107967076321 141.74812410082936 82.0 95.0 40.0
5.084007643828582 32.801472236958965 141.72818391768644 93.0 109.0 42.0
5.0847687205418755 33.23186480315472 141.70824373454352 149.0 164.0 81.0
5.0855297972551705 33.66225736935048 141.68830355140062 181.0 193.0 114.0
5.086290873968463 34.092649935546234 141.6683633682577 213.0 220.0 155.0
5.087051950681756 34.52304250174198 141.64842318511478 170.0 177.0 120.0
5.515131868302249 33.66301844606377 141.7211278182226 150.0 156.0 107.0
5.515892945015541 34.09341101225952 141.7011876350797 150.0 152.0 123.0
2.045491033103632 33.676870015500334 141.88767341355046 150.0 157.0 106.0
2.0462521098169244 34.10726258169609 141.86773323040757 121.0 125.0 88.0
2.47509310415071 33.67763109221363 141.92049768037248 224.0 232.0 161.0
2.475854180864003 34.10802365840939 141.90055749722953 231.0 237.0 169.0
2.4766152575772953 34.538416224605136 141.88061731408663 150.0 153.0 114.0
2.9046951751977854 33.67839216892692 141.95332194719444 234.0 240.0 170.0
2.905456251911078 34.108784735122676 141.93338176405155 236.0 242.0 177.0
2.9062173286243707 34.53917730131843 141.91344158090862 220.0 223.0 171.0
3.333536169531568 33.24876067944446 142.00608639715935 186.0 199.0 104.0
3.334297246244864 33.679153245640215 141.98614621401646 234.0 241.0 167.0
3.3350583229581563 34.10954581183597 141.96620603087354 241.0 246.0 184.0
3.3358193996714487 34.53993837803173 141.94626584773061 238.0 242.0 183.0
3.763138240578646 33.249521756157755 142.03891066398137 166.0 182.0 87.0
3.7638993172919415 33.679914322353504 142.01897048083845 211.0 223.0 131.0
3.7646603940052343 34.11030688854926 141.99903029769553 240.0 245.0 177.0
3.7654214707185267 34.54069945474502 141.9790901145526 242.0 245.0 189.0
4.192740311625721 33.250282832871044 142.07173493080336 163.0 180.0 87.0
4.193501388339017 33.6806753990668 142.05179474766044 199.0 213.0 117.0
4.19426246505231 34.111067965262556 142.03185456451752 231.0 240.0 161.0
4.195023541765602 34.54146053145831 142.01191438137462 244.0 247.0 193.0
4.6223423826728 33.25104390958434 142.10455919762535 157.0 172.0 88.0
4.623103459386095 33.681436475780096 142.08461901448243 205.0 218.0 131.0
4.623864536099388 34.111829041975845 142.06467883133953 236.0 242.0 173.0
4.624625612812681 34.5422216081716 142.0447386481966 227.0 232.0 172.0
5.051944453719878 33.25180498629763 142.13738346444734 114.0 122.0 70.0
5.052705530433173 33.682197552493385 142.11744328130445 211.0 219.0 154.0
5.053466607146466 34.11259011868914 142.09750309816152 238.0 241.0 190.0
5.054227683859759 34.5429826848849 142.0775629150186 126.0 128.0 100.0
2.4422688373287134 33.697571275356545 142.34963741027627 154.0 162.0 104.0
2.4430299140420058 34.1279638415523 142.32969722713335 173.0 177.0 132.0
2.8718709083757887 33.69833235206983 142.38246167709826 228.0 235.0 167.0
2.872631985089081 34.12872491826559 142.36252149395537 242.0 244.0 197.0
3.3014729794228668 33.69909342878313 142.41528594392028 237.0 242.0 178.0
3.3022340561361596 34.129485994978886 142.39534576077736 249.0 250.0 212.0
3.302995132849452 34.55987856117464 142.37540557763444 219.0 221.0 180.0
3.7310750504699453 33.69985450549642 142.44811021074227 220.0 230.0 150.0
3.7318361271832377 34.130247071692175 142.42817002759935 240.0 244.0 185.0
3.7325972038965305 34.56063963788793 142.40822984445646 213.0 214.0 175.0
4.16067712151702 33.700615582209714 142.48093447756426 219.0 230.0 148.0
4.161438198230313 34.13100814840547 142.46099429442137 231.0 238.0 168.0
4.162199274943606 34.56140071460123 142.44105411127845 188.0 190.0 148.0
4.589518115850803 33.270984092727254 142.53369892752917 100.0 105.0 58.0
4.590279192564099 33.70137665892301 142.51375874438628 205.0 214.0 143.0
4.591040269277391 34.13176922511876 142.49381856124336 230.0 236.0 169.0
5.019881263611177 33.7021377356363 142.54658301120827 116.0 121.0 83.0
5.0206423403244695 34.132530301832055 142.52664282806535 126.0 130.0 93.0
3.6982507836479486 33.71979468863933 142.8772499406461 182.0 189.0 123.0
3.6990118603612414 34.15018725483509 142.85730975750317 247.0 248.0 214.0
3.699772937074534 34.580579821030845 142.83736957436028 200.0 202.0 162.0
4.127852854695024 33.72055576535263 142.91007420746809 210.0 219.0 147.0
4.128613931408316 34.150948331548385 142.8901340243252 250.0 251.0 216.0
4.129375008121609 34.58134089774414 142.87019384118227 168.0 170.0 136.0
4.557454925742102 33.721316842065924 142.9428984742901 126.0 130.0 94.0
4.558216002455395 34.151709408261674 142.92295829114715 235.0 238.0 181.0
3.666187593539244 34.170127437978 143.28644948740703 165.0 166.0 124.0
3.6669486702525367 34.60052000417376 143.2665093042641 129.0 130.0 93.0
4.095789664586319 34.17088851469129 143.31927375422902 172.0 174.0 140.0
4.525391735633398 34.17164959140459 143.352098021051 110.0 112.0 85.0
