-10.119 -8.598 129.468 174.000 186.000 96.000
-9.690 -9.027 129.521 153.000 170.000 60.000
-9.689 -8.597 129.501 206.000 218.000 130.000
-9.688 -8.166 129.481 177.000 180.000 135.000
-10.581 -8.578 129.865 111.000 122.000 48.000
-10.152 -9.008 129.917 144.000 160.000 62.000
-10.151 -8.578 129.898 107.000 118.000 46.000
-9.723 -9.438 129.970 156.000 175.000 55.000
-9.723 -9.007 129.950 163.000 181.000 74.000
-9.722 -8.577 129.930 197.000 210.000 121.000
-9.721 -8.147 129.910 143.000 148.000 101.000
-9.294 -9.867 130.023 152.000 170.000 52.000
-9.294 -9.437 130.003 166.000 185.000 67.000
-9.293 -9.007 129.983 175.000 193.000 81.000
-9.292 -8.576 129.963 211.000 222.000 137.000
-9.291 -8.146 129.943 202.000 207.000 152.000
-12.763 -8.993 130.150 90.000 95.000 45.000
-12.334 -9.422 130.202 141.000 150.000 67.000
-11.906 -10.713 130.295 78.000 84.000 31.000
-11.905 -9.852 130.255 139.000 151.000 58.000
-11.904 -9.422 130.235 166.000 181.000 76.000
-11.903 -8.991 130.215 182.000 197.000 96.000
-11.903 -8.561 130.195 156.000 164.000 105.000
-11.478 -11.142 130.348 65.000 81.000 15.000
-11.475 -9.851 130.288 130.000 149.000 49.000
-11.475 -9.421 130.268 156.000 175.000 64.000
-11.474 -8.990 130.248 170.000 187.000 77.000
-11.473 -8.560 130.228 159.000 169.000 91.000
-11.048 -11.142 130.381 68.000 89.000 16.000
-11.046 -9.850 130.321 132.000 151.000 48.000
-11.045 -9.420 130.301 151.000 170.000 61.000
-11.044 -8.990 130.281 156.000 174.000 67.000
-11.043 -8.559 130.261 133.000 142.000 70.000
-10.618 -11.141 130.413 63.000 84.000 17.000
-10.618 -10.710 130.394 63.000 81.000 13.000
-10.617 -10.280 130.374 121.000 138.000 37.000
-10.616 -9.850 130.354 148.000 165.000 57.000
-10.615 -9.419 130.334 147.000 164.000 58.000
-10.615 -8.989 130.314 143.000 159.000 61.000
-10.614 -8.558 130.294 89.000 98.000 39.000
-10.188 -10.710 130.426 76.000 95.000 19.000
-10.187 -10.279 130.406 170.000 189.000 64.000
-10.187 -9.849 130.386 164.000 181.000 62.000
-10.186 -9.418 130.367 151.000 168.000 60.000
-10.185 -8.988 130.347 132.000 151.000 55.000
-9.758 -10.709 130.459 103.000 121.000 35.000
-9.758 -10.279 130.439 138.000 158.000 44.000
-9.757 -9.848 130.419 150.000 166.000 53.000
-9.756 -9.418 130.399 156.000 172.000 65.000
-9.755 -8.987 130.379 163.000 181.000 80.000
-9.755 -8.557 130.359 149.000 163.000 79.000
-9.329 -10.708 130.492 79.000 97.000 25.000
-9.328 -10.278 130.472 126.000 146.000 44.000
-9.327 -9.847 130.452 141.000 159.000 52.000
-9.327 -9.417 130.432 162.000 178.000 70.000
-9.326 -8.987 130.412 202.000 218.000 115.000
-9.325 -8.556 130.392 207.000 219.000 134.000
-9.324 -8.126 130.372 147.000 154.000 101.000
-8.898 -10.277 130.505 108.000 129.000 40.000
-8.898 -9.847 130.485 130.000 148.000 50.000
-8.897 -9.416 130.465 160.000 172.000 71.000
-8.896 -8.986 130.445 224.000 233.000 143.000
-12.368 -10.263 130.671 157.000 168.000 73.000
-12.367 -9.833 130.652 101.000 110.000 38.000
-12.367 -9.402 130.632 93.000 100.000 37.000
-12.366 -8.972 130.612 180.000 191.000 104.000
-12.365 -8.542 130.592 86.000 88.000 60.000
-11.940 -11.123 130.744 102.000 121.000 24.000
-11.939 -10.693 130.724 146.000 167.000 50.000
-11.938 -10.262 130.704 123.000 143.000 43.000
-11.938 -9.832 130.684 118.000 138.000 40.000
-11.937 -9.402 130.664 143.000 159.000 59.000
-11.936 -8.971 130.644 191.000 205.000 104.000
-11.935 -8.541 130.625 177.000 187.000 114.000
-11.510 -11.122 130.777 96.000 121.000 22.000
-11.510 -10.692 130.757 88.000 115.000 21.000
-11.509 -10.262 130.737 66.000 94.000 15.000
-11.508 -9.831 130.717 102.000 128.000 30.000
-11.507 -9.401 130.697 147.000 165.000 59.000
-11.507 -8.970 130.677 171.000 187.000 82.000
-11.506 -8.540 130.657 177.000 188.000 103.000
-11.081 -11.122 130.810 96.000 122.000 26.000
-11.080 -10.691 130.790 69.000 93.000 16.000
-11.079 -10.261 130.770 60.000 81.000 12.000
-11.079 -9.830 130.750 103.000 125.000 31.000
-11.078 -9.400 130.730 139.000 157.000 53.000
-11.077 -8.970 130.710 150.000 168.000 63.000
-11.076 -8.539 130.690 166.000 178.000 89.000
-10.651 -11.121 130.843 76.000 101.000 23.000
-10.650 -10.260 130.803 112.000 127.000 38.000
-10.649 -9.830 130.783 138.000 154.000 55.000
-10.648 -9.399 130.763 131.000 150.000 48.000
-10.647 -8.969 130.743 135.000 154.000 53.000
-10.647 -8.539 130.723 131.000 144.000 65.000
-10.222 -11.120 130.875 72.000 91.000 27.000
-10.220 -10.259 130.836 144.000 156.000 63.000
-10.219 -9.829 130.816 163.000 177.000 75.000
-10.219 -9.399 130.796 142.000 160.000 59.000
-10.218 -8.968 130.776 137.000 156.000 57.000
-10.217 -8.538 130.756 121.000 135.000 58.000
-9.792 -11.119 130.908 65.000 82.000 26.000
-9.791 -10.689 130.888 86.000 98.000 30.000
-9.790 -10.259 130.868 132.000 144.000 53.000
-9.790 -9.828 130.848 142.000 157.000 58.000
-9.789 -9.398 130.829 141.000 158.000 56.000
-9.788 -8.967 130.809 129.000 150.000 51.000
-9.787 -8.537 130.789 102.000 116.000 46.000
-9.361 -10.258 130.901 115.000 133.000 43.000
-9.360 -9.827 130.881 125.000 142.000 47.000
-9.359 -9.397 130.861 123.000 141.000 45.000
-9.359 -8.967 130.841 125.000 139.000 49.000
-8.931 -10.257 130.934 111.000 129.000 44.000
-8.931 -9.827 130.914 105.000 124.000 36.000
-8.930 -9.396 130.894 74.000 84.000 21.000
-8.929 -8.966 130.874 97.000 101.000 38.000
-12.830 -9.814 131.048 120.000 131.000 55.000
-12.401 -10.243 131.101 149.000 165.000 68.000
-12.400 -9.813 131.081 143.000 157.000 67.000
-12.399 -9.382 131.061 140.000 151.000 69.000
-12.399 -8.952 131.041 174.000 186.000 106.000
-11.973 -11.103 131.173 89.000 102.000 24.000
-11.972 -10.673 131.153 116.000 143.000 32.000
-11.971 -10.242 131.133 140.000 162.000 48.000
-11.971 -9.812 131.113 119.000 144.000 39.000
-11.970 -9.382 131.094 141.000 159.000 55.000
-11.969 -8.951 131.074 177.000 193.000 88.000
-11.968 -8.521 131.054 169.000 178.000 110.000
-11.543 -11.102 131.206 123.000 155.000 30.000
-11.542 -10.672 131.186 112.000 144.000 27.000
-11.542 -10.242 131.166 88.000 119.000 19.000
-11.541 -9.811 131.146 119.000 148.000 34.000
-11.540 -9.381 131.126 153.000 174.000 58.000
-11.539 -8.951 131.106 184.000 203.000 88.000
-11.539 -8.520 131.086 182.000 197.000 103.000
-11.114 -11.102 131.239 112.000 143.000 29.000
-11.113 -10.671 131.219 107.000 139.000 27.000
-11.112 -10.241 131.199 103.000 134.000 25.000
-11.111 -9.811 131.179 120.000 149.000 34.000
-11.111 -9.380 131.159 147.000 169.000 53.000
-11.110 -8.950 131.139 160.000 181.000 68.000
-11.109 -8.519 131.119 178.000 192.000 98.000
-11.108 -8.089 131.099 118.000 124.000 80.000
-10.684 -11.101 131.272 103.000 128.000 34.000
-10.683 -10.671 131.252 87.000 113.000 23.000
-10.683 -10.240 131.232 127.000 152.000 42.000
-10.682 -9.810 131.212 125.000 150.000 39.000
-10.681 -9.379 131.192 132.000 155.000 45.000
-10.680 -8.949 131.172 136.000 157.000 49.000
-10.679 -8.519 131.152 160.000 176.000 83.000
-10.679 -8.088 131.132 160.000 167.000 114.000
-10.254 -11.100 131.305 82.000 105.000 31.000
-10.254 -10.670 131.285 69.000 92.000 20.000
-10.253 -10.239 131.265 105.000 125.000 35.000
-10.252 -9.809 131.245 147.000 168.000 56.000
-10.251 -9.379 131.225 140.000 160.000 50.000
-10.251 -8.948 131.205 144.000 165.000 55.000
-10.250 -8.518 131.185 146.000 163.000 70.000
-10.249 -8.087 131.165 125.000 132.000 83.000
-9.825 -11.099 131.337 89.000 112.000 41.000
-9.824 -10.669 131.317 76.000 97.000 27.000
-9.823 -10.239 131.298 127.000 146.000 51.000
-9.823 -9.808 131.278 134.000 153.000 53.000
-9.822 -9.378 131.258 128.000 150.000 47.000
-9.821 -8.947 131.238 133.000 154.000 50.000
-9.820 -8.517 131.218 147.000 163.000 73.000
-9.394 -10.668 131.350 70.000 89.000 25.000
-9.394 -10.238 131.330 115.000 134.000 48.000
-9.393 -9.807 131.310 116.000 134.000 46.000
-9.392 -9.377 131.290 121.000 141.000 46.000
-9.391 -8.947 131.271 126.000 145.000 48.000
-9.391 -8.516 131.251 116.000 125.000 64.000
-8.964 -10.237 131.363 100.000 115.000 47.000
-8.963 -9.807 131.343 99.000 113.000 43.000
-8.963 -9.376 131.323 85.000 98.000 33.000
-13.292 -9.794 131.444 126.000 137.000 64.000
-13.291 -9.364 131.424 93.000 101.000 52.000
-12.863 -9.794 131.477 98.000 108.000 48.000
-12.862 -9.363 131.457 116.000 125.000 61.000
-12.435 -11.084 131.570 103.000 120.000 36.000
-12.432 -9.362 131.490 112.000 123.000 55.000
-12.431 -8.932 131.470 110.000 117.000 66.000
-12.006 -11.083 131.602 113.000 141.000 29.000
-12.005 -10.653 131.582 97.000 131.000 21.000
-12.004 -10.223 131.563 93.000 121.000 23.000
-12.003 -9.792 131.543 107.000 131.000 33.000
-12.003 -9.362 131.523 144.000 164.000 55.000
-12.002 -8.931 131.503 186.000 203.000 96.000
-12.001 -8.501 131.483 204.000 215.000 137.000
-11.576 -11.083 131.635 105.000 139.000 22.000
-11.575 -10.652 131.615 85.000 124.000 14.000
-11.575 -10.222 131.595 66.000 98.000 10.000
-11.574 -9.791 131.575 79.000 107.000 15.000
-11.573 -9.361 131.555 147.000 171.000 49.000
-11.572 -8.931 131.536 183.000 203.000 86.000
-11.571 -8.500 131.516 188.000 203.000 112.000
-11.146 -11.082 131.668 96.000 129.000 21.000
-11.146 -10.651 131.648 95.000 130.000 19.000
-11.145 -10.221 131.628 90.000 123.000 18.000
-11.144 -9.791 131.608 114.000 147.000 26.000
-11.143 -9.360 131.588 145.000 172.000 46.000
-11.143 -8.930 131.568 170.000 191.000 72.000
-11.142 -8.499 131.548 189.000 204.000 112.000
-11.141 -8.069 131.528 134.000 141.000 95.000
-10.717 -11.081 131.701 87.000 115.000 25.000
-10.716 -10.651 131.681 107.000 137.000 32.000
-10.715 -10.220 131.661 121.000 150.000 36.000
-10.715 -9.790 131.641 123.000 153.000 35.000
-10.714 -9.359 131.621 140.000 165.000 44.000
-10.713 -8.929 131.601 149.000 170.000 53.000
-10.712 -8.499 131.581 178.000 193.000 98.000
-10.712 -8.068 131.561 157.000 162.000 117.000
-10.287 -11.080 131.734 78.000 102.000 30.000
-10.286 -10.650 131.714 90.000 119.000 30.000
-10.286 -10.219 131.694 111.000 136.000 38.000
-10.285 -9.789 131.674 134.000 157.000 46.000
-10.284 -9.359 131.654 143.000 165.000 48.000
-10.283 -8.928 131.634 144.000 165.000 48.000
-10.283 -8.498 131.614 159.000 174.000 78.000
-10.282 -8.068 131.594 172.000 178.000 124.000
-9.858 -11.079 131.767 87.000 112.000 40.000
-9.857 -10.649 131.747 84.000 111.000 33.000
-9.856 -10.219 131.727 129.000 149.000 55.000
-9.855 -9.788 131.707 136.000 156.000 54.000
-9.855 -9.358 131.687 135.000 157.000 49.000
-9.854 -8.928 131.667 147.000 169.000 55.000
-9.853 -8.497 131.647 160.000 177.000 81.000
-9.852 -8.067 131.627 94.000 99.000 63.000
-9.427 -10.648 131.779 71.000 92.000 29.000
-9.427 -10.218 131.759 126.000 143.000 61.000
-9.426 -9.788 131.740 130.000 149.000 58.000
-9.425 -9.357 131.720 129.000 150.000 53.000
-9.424 -8.927 131.700 137.000 156.000 56.000
-9.423 -8.496 131.680 144.000 158.000 78.000
-8.997 -10.217 131.792 77.000 87.000 42.000
-8.996 -9.787 131.772 117.000 133.000 60.000
-8.995 -9.356 131.752 110.000 128.000 51.000
-8.995 -8.926 131.733 119.000 133.000 58.000
-13.325 -9.774 131.873 111.000 121.000 57.000
-13.324 -9.344 131.853 79.000 86.000 46.000
-12.897 -10.634 131.946 103.000 119.000 44.000
-12.895 -9.774 131.906 94.000 105.000 46.000
-12.895 -9.343 131.886 81.000 89.000 45.000
-12.468 -11.064 131.999 150.000 172.000 60.000
-12.467 -10.634 131.979 88.000 110.000 29.000
-12.467 -10.203 131.959 72.000 92.000 22.000
-12.465 -9.343 131.919 91.000 101.000 46.000
-12.464 -8.912 131.899 102.000 111.000 59.000
-12.038 -11.063 132.032 106.000 137.000 26.000
-12.038 -10.633 132.012 99.000 133.000 22.000
-12.036 -9.772 131.972 119.000 141.000 40.000
-12.035 -9.342 131.952 147.000 168.000 58.000
-12.035 -8.911 131.932 187.000 204.000 102.000
-12.034 -8.481 131.912 195.000 205.000 136.000
-11.609 -11.063 132.064 107.000 141.000 22.000
-11.608 -10.632 132.044 99.000 134.000 19.000
-11.607 -10.202 132.025 99.000 126.000 23.000
-11.607 -9.771 132.005 108.000 137.000 26.000
-11.606 -9.341 131.985 148.000 173.000 49.000
-11.605 -8.911 131.965 189.000 207.000 93.000
-11.604 -8.480 131.945 200.000 213.000 129.000
-11.179 -11.062 132.097 77.000 107.000 15.000
-11.179 -10.631 132.077 83.000 115.000 16.000
-11.178 -10.201 132.057 87.000 121.000 15.000
-11.177 -9.771 132.037 123.000 156.000 29.000
-11.176 -9.340 132.017 144.000 172.000 43.000
-11.175 -8.910 131.998 175.000 196.000 77.000
-11.175 -8.479 131.978 201.000 215.000 127.000
-11.174 -8.049 131.958 116.000 121.000 86.000
-10.750 -11.061 132.130 62.000 86.000 15.000
-10.749 -10.631 132.110 78.000 109.000 18.000
-10.748 -10.200 132.090 93.000 125.000 22.000
-10.747 -9.770 132.070 128.000 158.000 37.000
-10.747 -9.340 132.050 146.000 171.000 47.000
-10.746 -8.909 132.030 160.000 182.000 62.000
-10.745 -8.479 132.010 188.000 202.000 109.000
-10.744 -8.048 131.990 160.000 166.000 117.000
-10.319 -10.630 132.143 79.000 108.000 25.000
-10.319 -10.200 132.123 105.000 133.000 36.000
-10.318 -9.769 132.103 130.000 154.000 45.000
-10.317 -9.339 132.083 146.000 168.000 49.000
-10.316 -8.908 132.063 161.000 183.000 61.000
-10.316 -8.478 132.043 172.000 187.000 91.000
-10.315 -8.048 132.023 184.000 191.000 131.000
-9.890 -11.060 132.196 73.000 100.000 30.000
-9.890 -10.629 132.176 79.000 104.000 29.000
-9.889 -10.199 132.156 120.000 142.000 52.000
-9.888 -9.768 132.136 139.000 159.000 59.000
-9.887 -9.338 132.116 148.000 168.000 59.000
-9.887 -8.908 132.096 161.000 182.000 65.000
-9.886 -8.477 132.076 172.000 189.000 91.000
-9.885 -8.047 132.056 122.000 128.000 81.000
-9.459 -10.198 132.189 91.000 105.000 43.000
-9.459 -9.768 132.169 137.000 154.000 66.000
-9.458 -9.337 132.149 137.000 156.000 60.000
-9.457 -8.907 132.129 148.000 167.000 65.000
-9.456 -8.476 132.109 158.000 174.000 87.000
-9.029 -9.767 132.202 126.000 138.000 72.000
-9.028 -9.336 132.182 135.000 150.000 72.000
-9.027 -8.906 132.162 133.000 148.000 68.000
-9.027 -8.476 132.142 77.000 84.000 45.000
-8.599 -9.336 132.214 77.000 83.000 48.000
-8.598 -8.905 132.194 79.000 84.000 49.000
-13.787 -9.755 132.270 90.000 99.000 54.000
-13.359 -10.185 132.322 85.000 98.000 37.000
-12.931 -11.045 132.395 130.000 151.000 52.000
-12.930 -10.615 132.375 92.000 114.000 30.000
-12.929 -10.184 132.355 116.000 136.000 47.000
-12.928 -9.754 132.335 131.000 146.000 69.000
-12.927 -9.323 132.315 87.000 96.000 52.000
-12.501 -11.044 132.428 140.000 164.000 52.000
-12.500 -10.614 132.408 124.000 145.000 48.000
-12.499 -10.183 132.388 129.000 151.000 51.000
-12.499 -9.753 132.368 136.000 154.000 61.000
-12.498 -9.323 132.348 135.000 150.000 72.000
-12.497 -8.892 132.328 109.000 119.000 67.000
-12.071 -11.043 132.461 131.000 160.000 38.000
-12.071 -10.613 132.441 105.000 133.000 26.000
-12.070 -10.183 132.421 98.000 122.000 28.000
-12.069 -9.752 132.401 129.000 153.000 45.000
-12.068 -9.322 132.381 154.000 172.000 65.000
-12.068 -8.891 132.361 182.000 199.000 101.000
-12.067 -8.461 132.341 162.000 167.000 119.000
-11.642 -11.043 132.494 118.000 153.000 26.000
-11.641 -10.612 132.474 121.000 150.000 31.000
-11.640 -10.182 132.454 127.000 155.000 36.000
-11.639 -9.751 132.434 138.000 163.000 44.000
-11.639 -9.321 132.414 160.000 180.000 64.000
-11.638 -8.891 132.394 197.000 213.000 108.000
-11.637 -8.460 132.374 211.000 221.000 148.000
-11.212 -11.042 132.526 102.000 134.000 22.000
-11.211 -10.611 132.506 113.000 147.000 27.000
-11.211 -10.181 132.486 120.000 150.000 31.000
-11.210 -9.751 132.467 135.000 161.000 41.000
-11.209 -9.320 132.447 149.000 170.000 53.000
-11.208 -8.890 132.427 186.000 204.000 92.000
-11.208 -8.460 132.407 211.000 223.000 145.000
-10.783 -11.041 132.559 66.000 92.000 14.000
-10.782 -10.611 132.539 80.000 112.000 18.000
-10.781 -10.180 132.519 87.000 116.000 21.000
-10.780 -9.750 132.499 123.000 149.000 38.000
-10.779 -9.320 132.479 144.000 165.000 51.000
-10.779 -8.889 132.459 173.000 194.000 78.000
-10.778 -8.459 132.440 198.000 211.000 124.000
-10.777 -8.028 132.420 176.000 183.000 129.000
-10.352 -10.610 132.572 79.000 108.000 23.000
-10.351 -10.180 132.552 84.000 108.000 26.000
-10.351 -9.749 132.532 138.000 159.000 53.000
-10.350 -9.319 132.512 160.000 181.000 65.000
-10.349 -8.888 132.492 183.000 204.000 86.000
-10.348 -8.458 132.472 190.000 204.000 110.000
-10.348 -8.028 132.452 170.000 178.000 123.000
-9.923 -11.040 132.625 57.000 81.000 16.000
-9.923 -10.609 132.605 69.000 91.000 21.000
-9.922 -10.179 132.585 99.000 120.000 38.000
-9.921 -9.748 132.565 149.000 164.000 70.000
-9.920 -9.318 132.545 162.000 179.000 75.000
-9.919 -8.888 132.525 174.000 192.000 83.000
-9.919 -8.457 132.505 190.000 205.000 110.000
-9.918 -8.027 132.485 146.000 153.000 103.000
-9.494 -11.039 132.658 63.000 84.000 25.000
-9.491 -9.748 132.598 136.000 150.000 69.000
-9.491 -9.317 132.578 160.000 176.000 83.000
-9.490 -8.887 132.558 167.000 185.000 84.000
-9.489 -8.456 132.538 175.000 191.000 101.000
-9.062 -9.747 132.631 80.000 87.000 41.000
-9.061 -9.317 132.611 156.000 170.000 91.000
-9.060 -8.886 132.591 155.000 171.000 86.000
-9.060 -8.456 132.571 98.000 105.000 56.000
-13.392 -10.595 132.771 105.000 119.000 48.000
-13.391 -10.165 132.751 94.000 107.000 47.000
-13.391 -9.735 132.732 89.000 98.000 53.000
-12.963 -11.025 132.824 119.000 146.000 38.000
-12.963 -10.595 132.804 129.000 152.000 49.000
-12.962 -10.164 132.784 129.000 149.000 54.000
-12.961 -9.734 132.764 104.000 120.000 46.000
-12.960 -9.303 132.744 83.000 92.000 45.000
-12.534 -11.024 132.857 143.000 168.000 49.000
-12.533 -10.594 132.837 106.000 130.000 30.000
-12.532 -10.163 132.817 131.000 150.000 50.000
-12.531 -9.733 132.797 131.000 149.000 55.000
-12.531 -9.303 132.777 111.000 125.000 52.000
-12.104 -11.023 132.890 147.000 172.000 47.000
-12.103 -10.593 132.870 112.000 140.000 31.000
-12.103 -10.163 132.850 122.000 147.000 40.000
-12.102 -9.732 132.830 143.000 161.000 57.000
-12.101 -9.302 132.810 155.000 172.000 70.000
-12.100 -8.872 132.790 155.000 171.000 81.000
-11.675 -11.023 132.923 124.000 154.000 32.000
-11.674 -10.592 132.903 105.000 133.000 27.000
-11.673 -10.162 132.883 101.000 125.000 29.000
-11.672 -9.732 132.863 155.000 173.000 65.000
-11.671 -9.301 132.843 169.000 186.000 80.000
-11.671 -8.871 132.823 172.000 189.000 87.000
-11.670 -8.440 132.803 204.000 215.000 141.000
-11.245 -11.022 132.955 104.000 134.000 24.000
-11.244 -10.592 132.936 106.000 132.000 27.000
-11.243 -10.161 132.916 106.000 123.000 30.000
-11.243 -9.731 132.896 129.000 147.000 47.000
-11.242 -9.300 132.876 155.000 172.000 67.000
-11.241 -8.870 132.856 197.000 212.000 110.000
-11.240 -8.440 132.836 235.000 239.000 183.000
-10.815 -11.021 132.988 85.000 115.000 19.000
-10.815 -10.591 132.968 123.000 147.000 40.000
-10.814 -10.160 132.948 147.000 163.000 64.000
-10.813 -9.730 132.929 96.000 118.000 29.000
-10.812 -9.300 132.909 134.000 152.000 51.000
-10.812 -8.869 132.889 201.000 215.000 115.000
-10.811 -8.439 132.869 231.000 237.000 171.000
-10.810 -8.008 132.849 187.000 188.000 157.000
-10.386 -11.020 133.021 97.000 125.000 28.000
-10.385 -10.590 133.001 130.000 154.000 49.000
-10.384 -10.160 132.981 116.000 139.000 46.000
-10.383 -9.729 132.961 94.000 116.000 30.000
-10.383 -9.299 132.941 142.000 159.000 57.000
-10.382 -8.868 132.921 202.000 217.000 115.000
-10.381 -8.438 132.902 224.000 234.000 158.000
-10.380 -8.008 132.882 183.000 185.000 145.000
-9.956 -11.020 133.054 59.000 83.000 14.000
-9.955 -10.589 133.034 121.000 143.000 48.000
-9.955 -10.159 133.014 96.000 116.000 38.000
-9.954 -9.728 132.994 93.000 110.000 32.000
-9.953 -9.298 132.974 172.000 187.000 87.000
-9.952 -8.868 132.954 206.000 221.000 121.000
-9.952 -8.437 132.934 211.000 224.000 139.000
-9.951 -8.007 132.914 156.000 157.000 122.000
-9.527 -11.019 133.087 60.000 82.000 20.000
-9.526 -10.589 133.067 80.000 99.000 31.000
-9.525 -10.158 133.047 95.000 108.000 43.000
-9.524 -9.728 133.027 113.000 123.000 52.000
-9.523 -9.297 133.007 188.000 201.000 111.000
-9.523 -8.867 132.987 206.000 221.000 129.000
-9.522 -8.437 132.967 193.000 207.000 121.000
-9.094 -9.297 133.040 139.000 147.000 90.000
-9.093 -8.866 133.020 172.000 185.000 108.000
-9.092 -8.436 133.000 120.000 128.000 65.000
-13.424 -10.145 133.181 98.000 108.000 52.000
-13.423 -9.715 133.161 118.000 130.000 71.000
-13.423 -9.284 133.141 104.000 111.000 67.000
-12.995 -10.575 133.233 126.000 149.000 43.000
-12.995 -10.144 133.213 151.000 171.000 66.000
-12.994 -9.714 133.194 162.000 181.000 81.000
-12.993 -9.283 133.174 124.000 135.000 71.000
-12.567 -11.004 133.286 146.000 173.000 45.000
-12.566 -10.574 133.266 142.000 167.000 48.000
-12.565 -10.144 133.246 143.000 164.000 52.000
-12.564 -9.713 133.226 145.000 165.000 60.000
-12.564 -9.283 133.206 143.000 160.000 67.000
-12.563 -8.852 133.186 94.000 105.000 52.000
-12.137 -11.004 133.319 144.000 171.000 42.000
-12.136 -10.573 133.299 134.000 160.000 40.000
-12.135 -10.143 133.279 129.000 153.000 41.000
-12.135 -9.712 133.259 138.000 159.000 50.000
-12.134 -9.282 133.239 136.000 157.000 53.000
-12.133 -8.852 133.219 149.000 165.000 71.000
-11.707 -11.003 133.352 115.000 145.000 27.000
-11.707 -10.572 133.332 102.000 130.000 23.000
-11.706 -10.142 133.312 115.000 137.000 33.000
-11.705 -9.712 133.292 147.000 164.000 57.000
-11.704 -9.281 133.272 129.000 149.000 47.000
-11.704 -8.851 133.252 126.000 145.000 50.000
-11.278 -11.002 133.385 106.000 134.000 25.000
-11.277 -10.572 133.365 83.000 108.000 16.000
-11.276 -10.141 133.345 116.000 136.000 38.000
-11.275 -9.711 133.325 130.000 146.000 48.000
-11.275 -9.280 133.305 123.000 140.000 44.000
-11.274 -8.850 133.285 125.000 140.000 50.000
-11.273 -8.420 133.265 93.000 98.000 54.000
-10.848 -11.001 133.417 105.000 133.000 26.000
-10.847 -10.571 133.398 97.000 124.000 26.000
-10.847 -10.140 133.378 130.000 148.000 50.000
-10.846 -9.710 133.358 119.000 137.000 43.000
-10.845 -9.280 133.338 140.000 154.000 58.000
-10.844 -8.849 133.318 155.000 166.000 74.000
-10.844 -8.419 133.298 115.000 120.000 79.000
-10.419 -11.431 133.470 61.000 89.000 11.000
-10.418 -10.570 133.430 78.000 104.000 20.000
-10.417 -10.140 133.410 106.000 126.000 39.000
-10.416 -9.709 133.390 133.000 151.000 56.000
-10.416 -9.279 133.371 149.000 165.000 66.000
-10.415 -8.849 133.351 188.000 203.000 104.000
-10.414 -8.418 133.331 225.000 233.000 163.000
-10.413 -7.988 133.311 133.000 135.000 104.000
-9.988 -10.569 133.463 114.000 136.000 44.000
-9.987 -10.139 133.443 148.000 163.000 72.000
-9.987 -9.709 133.423 111.000 124.000 46.000
-9.986 -9.278 133.403 148.000 160.000 72.000
-9.985 -8.848 133.383 212.000 225.000 139.000
-9.984 -8.417 133.363 243.000 245.000 197.000
-9.984 -7.987 133.344 141.000 143.000 114.000
-9.559 -10.569 133.496 108.000 126.000 48.000
-9.558 -10.138 133.476 148.000 159.000 80.000
-9.557 -9.708 133.456 90.000 98.000 35.000
-9.556 -9.277 133.436 115.000 121.000 57.000
-9.556 -8.847 133.416 220.000 228.000 156.000
-9.555 -8.417 133.396 240.000 243.000 192.000
-9.130 -10.998 133.549 72.000 88.000 36.000
-9.128 -10.137 133.509 136.000 142.000 83.000
-9.127 -9.707 133.489 100.000 105.000 49.000
-9.126 -8.846 133.449 164.000 172.000 110.000
-9.125 -8.416 133.429 212.000 216.000 163.000
-13.457 -10.125 133.610 117.000 131.000 58.000
-13.456 -9.695 133.590 147.000 161.000 85.000
-13.456 -9.264 133.570 86.000 91.000 56.000
-13.029 -10.985 133.682 99.000 122.000 27.000
-13.028 -10.555 133.663 120.000 139.000 44.000
-13.027 -10.124 133.643 179.000 200.000 85.000
-13.027 -9.694 133.623 184.000 203.000 98.000
-13.026 -9.264 133.603 187.000 203.000 114.000
-13.025 -8.833 133.583 113.000 121.000 76.000
-12.599 -10.984 133.715 181.000 203.000 67.000
-12.599 -10.554 133.695 182.000 205.000 72.000
-12.598 -10.124 133.675 174.000 197.000 69.000
-12.597 -9.693 133.655 164.000 185.000 70.000
-12.596 -9.263 133.636 162.000 181.000 78.000
-12.596 -8.832 133.616 138.000 150.000 81.000
-12.170 -10.984 133.748 151.000 179.000 35.000
-12.169 -10.553 133.728 120.000 148.000 26.000
-12.168 -10.123 133.708 101.000 128.000 20.000
-12.168 -9.692 133.688 137.000 161.000 45.000
-12.167 -9.262 133.668 148.000 168.000 60.000
-12.166 -8.832 133.648 152.000 168.000 76.000
-11.740 -10.983 133.781 110.000 136.000 20.000
-11.739 -10.552 133.761 94.000 122.000 15.000
-11.739 -10.122 133.741 115.000 142.000 28.000
-11.738 -9.692 133.721 139.000 161.000 46.000
-11.737 -9.261 133.701 145.000 165.000 55.000
-11.736 -8.831 133.681 144.000 161.000 65.000
-11.736 -8.400 133.661 119.000 129.000 63.000
-11.311 -10.982 133.814 114.000 141.000 28.000
-11.310 -10.552 133.794 108.000 134.000 25.000
-11.309 -10.121 133.774 103.000 128.000 24.000
-11.308 -9.691 133.754 132.000 152.000 44.000
-11.308 -9.261 133.734 139.000 158.000 54.000
-11.307 -8.830 133.714 135.000 152.000 59.000
-11.306 -8.400 133.694 117.000 125.000 61.000
-10.882 -11.412 133.867 99.000 125.000 27.000
-10.881 -10.981 133.847 124.000 151.000 37.000
-10.880 -10.551 133.827 109.000 136.000 31.000
-10.879 -10.121 133.807 96.000 121.000 24.000
-10.879 -9.690 133.787 125.000 145.000 44.000
-10.878 -9.260 133.767 138.000 155.000 57.000
-10.877 -8.829 133.747 138.000 152.000 62.000
-10.876 -8.399 133.727 103.000 111.000 57.000
-10.452 -11.411 133.899 76.000 102.000 19.000
-10.451 -10.981 133.879 77.000 103.000 19.000
-10.451 -10.550 133.859 75.000 102.000 18.000
-10.450 -10.120 133.840 133.000 156.000 51.000
-10.449 -9.689 133.820 141.000 160.000 60.000
-10.448 -9.259 133.800 143.000 159.000 63.000
-10.448 -8.829 133.780 155.000 169.000 80.000
-10.447 -8.398 133.760 154.000 163.000 94.000
-10.023 -11.410 133.932 59.000 85.000 16.000
-10.022 -10.980 133.912 67.000 91.000 18.000
-10.021 -10.549 133.892 108.000 132.000 40.000
-10.020 -10.119 133.872 147.000 164.000 67.000
-10.019 -9.689 133.852 140.000 155.000 65.000
-10.019 -9.258 133.832 133.000 146.000 63.000
-10.018 -8.828 133.813 176.000 188.000 107.000
-10.017 -8.397 133.793 221.000 227.000 171.000
-9.592 -10.979 133.945 67.000 89.000 24.000
-9.591 -10.549 133.925 87.000 105.000 34.000
-9.591 -10.118 133.905 156.000 169.000 83.000
-9.590 -9.688 133.885 146.000 152.000 79.000
-9.589 -9.257 133.865 115.000 120.000 61.000
-9.588 -8.827 133.845 163.000 169.000 109.000
-9.588 -8.397 133.825 242.000 244.000 207.000
-9.161 -10.117 133.938 131.000 135.000 76.000
-9.160 -9.687 133.918 140.000 142.000 83.000
-9.159 -8.826 133.878 100.000 101.000 67.000
-9.158 -8.396 133.858 225.000 225.000 199.000
-13.919 -10.106 134.006 118.000 133.000 52.000
-13.919 -9.676 133.986 107.000 116.000 56.000
-13.490 -10.105 134.039 143.000 158.000 69.000
-13.489 -9.675 134.019 169.000 184.000 95.000
-13.488 -9.244 133.999 162.000 174.000 101.000
-13.062 -10.965 134.112 102.000 121.000 31.000
-13.061 -10.535 134.092 135.000 149.000 56.000
-13.060 -10.104 134.072 208.000 225.000 107.000
-13.060 -9.674 134.052 203.000 222.000 110.000
-13.059 -9.244 134.032 196.000 213.000 115.000
-13.058 -8.813 134.012 142.000 151.000 98.000
-12.632 -10.964 134.144 181.000 190.000 78.000
-12.631 -10.534 134.125 215.000 230.000 99.000
-12.631 -10.104 134.105 203.000 223.000 89.000
-12.630 -9.673 134.085 188.000 210.000 86.000
-12.629 -9.243 134.065 183.000 202.000 96.000
-12.628 -8.812 134.045 175.000 190.000 107.000
-12.203 -10.964 134.177 106.000 130.000 17.000
-12.202 -10.533 134.157 84.000 116.000 9.000
-12.201 -10.103 134.137 88.000 118.000 12.000
-12.200 -9.672 134.117 145.000 169.000 45.000
-12.200 -9.242 134.098 165.000 185.000 71.000
-12.199 -8.812 134.078 164.000 181.000 87.000
-11.773 -10.963 134.210 107.000 136.000 15.000
-11.772 -10.532 134.190 107.000 137.000 18.000
-11.771 -10.102 134.170 110.000 140.000 22.000
-11.771 -9.672 134.150 125.000 153.000 33.000
-11.770 -9.241 134.130 145.000 168.000 53.000
-11.769 -8.811 134.110 155.000 174.000 74.000
-11.768 -8.381 134.090 147.000 161.000 78.000
-11.343 -10.962 134.243 120.000 145.000 29.000
-11.343 -10.532 134.223 117.000 145.000 27.000
-11.342 -10.101 134.203 105.000 134.000 23.000
-11.341 -9.671 134.183 124.000 150.000 35.000
-11.340 -9.241 134.163 140.000 162.000 52.000
-11.340 -8.810 134.143 148.000 166.000 69.000
-11.339 -8.380 134.123 149.000 164.000 79.000
-10.915 -11.392 134.296 70.000 88.000 19.000
-10.914 -10.961 134.276 120.000 147.000 36.000
-10.913 -10.531 134.256 119.000 147.000 34.000
-10.912 -10.101 134.236 103.000 131.000 26.000
-10.912 -9.670 134.216 129.000 153.000 43.000
-10.911 -9.240 134.196 141.000 160.000 59.000
-10.910 -8.809 134.176 141.000 156.000 70.000
-10.909 -8.379 134.156 131.000 142.000 72.000
-10.483 -10.100 134.269 128.000 154.000 44.000
-10.482 -9.669 134.249 137.000 158.000 54.000
-10.481 -9.239 134.229 138.000 155.000 64.000
-10.480 -8.809 134.209 133.000 145.000 70.000
-10.480 -8.378 134.189 132.000 140.000 82.000
-10.052 -9.238 134.262 125.000 138.000 60.000
-10.051 -8.808 134.242 132.000 137.000 78.000
