22.13402108959853 29.23045069872868 153.80845784280075 72.0 80.0 39.0
22.58782196536643 28.776636923150118 153.8055105577937 73.0 84.0 36.0
22.587820011322865 29.230448744685113 153.80499796436925 78.0 88.0 41.0
21.6836820463057 29.230965246196675 154.26571635345803 72.0 82.0 35.0
21.683680092262136 29.684777067731673 154.2652037600336 74.0 82.0 42.0
22.137480968030037 29.230963292153113 154.2622564750265 78.0 90.0 35.0
22.591281843797937 28.777149516574546 154.25930919001942 79.0 90.0 36.0
22.59127988975437 29.230961338109545 154.258796596595 77.0 89.0 33.0
23.045078811478703 29.23095938406598 154.2553367181635 68.0 81.0 28.0
21.68714387878077 28.77766601808611 154.7200275791082 79.0 89.0 35.0
21.687141924737205 29.231477839621107 154.71951498568376 83.0 95.0 36.0
21.68713997069364 29.685289661156105 154.71900239225934 95.0 104.0 51.0
22.14094475454867 28.32385224250755 154.71708029410115 89.0 99.0 44.0
22.140942800505105 28.777664064042543 154.7165677006767 81.0 93.0 34.0
22.14094084646154 29.23147588557754 154.71605510725226 82.0 94.0 31.0
22.140938892417974 29.685287707112536 154.71554251382784 92.0 102.0 45.0
22.594745630316574 27.870038466928985 154.71413300909407 85.0 94.0 45.0
22.594743676273005 28.323850288463984 154.71362041566962 109.0 120.0 52.0
22.59474172222944 28.77766210999898 154.71310782224518 89.0 102.0 35.0
21.236806789531506 28.324368744019115 155.17779868318988 85.0 94.0 45.0
21.23680483548794 28.77818056555411 155.1772860897655 105.0 116.0 54.0
21.236802881444376 29.231992387089107 155.17677349634104 105.0 115.0 53.0
21.23680092740081 29.6858042086241 155.1762609029166 112.0 120.0 67.0
21.236798973357246 30.139616030159097 155.17574830949218 83.0 88.0 57.0
21.69060571125584 28.32436678997555 155.1743388047584 109.0 119.0 54.0
21.690603757212276 28.778178611510544 155.17382621133396 108.0 119.0 50.0
21.69060180316871 29.231990433045535 155.1733136179095 102.0 113.0 44.0
21.690599849125142 29.685802254580537 155.1728010244851 114.0 125.0 58.0
21.690597895081577 30.139614076115528 155.17228843106068 99.0 108.0 62.0
22.144406587023745 27.870553014396986 155.17139151975132 113.0 124.0 56.0
22.144404632980176 28.324364835931984 155.17087892632688 102.0 114.0 46.0
22.14440267893661 28.77817665746698 155.17036633290246 93.0 105.0 38.0
22.144400724893043 29.231988479001974 155.16985373947804 98.0 109.0 40.0
22.144398770849477 29.685800300536968 155.1693411460536 101.0 112.0 49.0
22.598207462791645 27.416739238818426 155.16844423474427 83.0 90.0 46.0
22.59820550874808 27.87055106035342 155.16793164131983 135.0 145.0 68.0
22.59820355470451 28.324362881888415 155.16741904789538 117.0 128.0 52.0
22.598201600660943 28.778174703423414 155.16690645447096 86.0 99.0 33.0
22.598199646617378 29.231986524958405 155.16639386104652 69.0 82.0 24.0
23.05200443047241 27.870549106309856 155.1644717628883 87.0 94.0 47.0
23.052002476428843 28.32436092784485 155.16395916946388 82.0 91.0 39.0
20.786467746238674 28.32488329148711 155.63505719384716 85.0 92.0 48.0
20.786465792195106 28.778695113022106 155.63454460042274 100.0 109.0 54.0
20.78646383815154 29.2325069345571 155.6340320069983 122.0 130.0 69.0
20.786461884107975 29.6863187560921 155.63351941357385 99.0 105.0 62.0
21.240268622006578 27.871069515908548 155.63210990884008 102.0 110.0 54.0
21.24026666796301 28.324881337443546 155.63159731541566 130.0 141.0 67.0
21.240264713919444 28.77869315897854 155.63108472199121 127.0 138.0 65.0
21.24026275987588 29.232504980513536 155.6305721285668 125.0 135.0 62.0
21.240260805832314 29.68631680204853 155.63005953514235 124.0 134.0 66.0
21.240258851788745 30.14012862358353 155.62954694171793 111.0 119.0 73.0
21.694067543730913 27.871067561864983 155.6286500304086 120.0 131.0 58.0
21.694065589687344 28.324879383399978 155.62813743698416 119.0 131.0 56.0
21.69406363564378 28.778691204934976 155.62762484355972 120.0 131.0 54.0
21.69406168160021 29.232503026469967 155.62711225013527 123.0 133.0 53.0
21.694059727556645 29.686314848004965 155.62659965671085 113.0 123.0 51.0
21.69405777351308 30.14012666953996 155.62608706328643 113.0 123.0 67.0
22.147868419498813 27.417253786286423 155.62570274540153 112.0 121.0 57.0
22.147866465455248 27.871065607821418 155.62519015197708 120.0 131.0 56.0
22.14786451141168 28.324877429356413 155.62467755855263 117.0 128.0 52.0
22.14786255736811 28.77868925089141 155.62416496512822 107.0 117.0 46.0
22.147860603324546 29.232501072426405 155.6236523717038 105.0 116.0 45.0
22.14785864928098 29.686312893961396 155.62313977827935 91.0 102.0 44.0
22.147856695237415 30.140124715496395 155.6226271848549 82.0 92.0 51.0
22.60166734122315 27.417251832242854 155.62224286697 138.0 147.0 77.0
22.60166538717958 27.871063653777853 155.62173027354558 135.0 145.0 67.0
22.60166343313601 28.324875475312847 155.62121768012113 121.0 132.0 53.0
22.601661479092446 28.778687296847842 155.62070508669672 98.0 109.0 41.0
22.60165952504888 29.232499118382837 155.62019249327227 81.0 93.0 35.0
22.601657571005315 29.686310939917835 155.61967989984785 79.0 89.0 40.0
23.05546626294748 27.41724987819929 155.6187829885385 125.0 133.0 77.0
23.055464308903915 27.871061699734284 155.61827039511405 120.0 127.0 66.0
23.055462354860346 28.324873521269282 155.61775780168963 93.0 103.0 43.0
20.789929578713746 27.871584063376545 156.08936841949733 87.0 93.0 47.0
20.789927624670177 28.325395884911543 156.08885582607292 113.0 122.0 61.0
20.789925670626612 28.779207706446538 156.0883432326485 125.0 136.0 65.0
20.789923716583047 29.23301952798153 156.08783063922405 132.0 142.0 70.0
20.789921762539482 29.686831349516527 156.0873180457996 115.0 122.0 70.0
20.789919808495913 30.140643171051522 156.0868054523752 93.0 100.0 60.0
21.243728500438085 27.87158210933298 156.08590854106583 136.0 146.0 67.0
21.243726546394516 28.325393930867975 156.08539594764142 141.0 150.0 72.0
21.24372459235095 28.779205752402973 156.08488335421697 138.0 147.0 68.0
21.243722638307382 29.233017573937968 156.08437076079255 131.0 141.0 58.0
21.243720684263817 29.68682939547296 156.08385816736813 120.0 128.0 54.0
21.24371873022025 30.14064121700796 156.0833455739437 120.0 129.0 68.0
21.243716776176687 30.59445303854295 156.08283298051924 83.0 88.0 60.0
21.697529376205985 27.417768333754417 156.08296125605875 125.0 135.0 54.0
21.69752742216242 27.871580155289415 156.08244866263433 131.0 141.0 61.0
21.69752546811885 28.32539197682441 156.08193606920992 135.0 145.0 63.0
21.697523514075282 28.779203798359404 156.08142347578547 132.0 143.0 58.0
21.697521560031717 29.2330156198944 156.08091088236105 122.0 132.0 48.0
21.697519605988152 29.686827441429397 156.0803982889366 114.0 124.0 49.0
21.697517651944587 30.140639262964388 156.0798856955122 119.0 128.0 64.0
21.697515697901018 30.59445108449939 156.07937310208774 89.0 98.0 59.0
22.151330251973885 26.963954558175857 156.0800139710517 106.0 113.0 57.0
22.15132829793032 27.41776637971085 156.07950137762728 132.0 141.0 64.0
22.15132634388675 27.87157820124585 156.07898878420283 127.0 137.0 57.0
22.151324389843182 28.325390022780844 156.0784761907784 129.0 140.0 58.0
22.151322435799617 28.77920184431584 156.07796359735397 118.0 129.0 53.0
22.151320481756052 29.233013665850837 156.07745100392955 107.0 118.0 47.0
22.151318527712487 29.68682548738583 156.0769384105051 88.0 99.0 42.0
22.151316573668918 30.140637308920827 156.07642581708066 94.0 104.0 57.0
22.605129173698217 26.96395260413229 156.0765540926202 135.0 141.0 88.0
22.60512721965465 27.417764425667286 156.07604149919575 141.0 149.0 76.0
22.605125265611086 27.87157624720228 156.07552890577134 136.0 145.0 65.0
22.605123311567517 28.32538806873728 156.07501631234692 129.0 140.0 57.0
22.605121357523952 28.779199890272274 156.07450371892247 112.0 122.0 51.0
22.605119403480384 29.233011711807265 156.07399112549803 88.0 99.0 42.0
22.60511744943682 29.686823533342267 156.0734785320736 74.0 85.0 39.0
23.05892809542255 26.963950650088726 156.0730942141887 124.0 130.0 92.0
23.058926141378986 27.41776247162372 156.07258162076425 156.0 163.0 99.0
23.05892418733542 27.871574293158716 156.07206902733984 131.0 140.0 66.0
23.058922233291852 28.32538611469371 156.0715564339154 113.0 123.0 52.0
23.058920279248284 28.77919793622871 156.07104384049097 83.0 95.0 40.0
23.05891832520472 29.233009757763703 156.07053124706653 70.0 81.0 36.0
20.339588581377345 28.325910432379537 156.54611433673017 101.0 110.0 53.0
20.33958662733378 28.779722253914535 156.54560174330575 111.0 121.0 59.0
20.339584673290215 29.23353407544953 156.5450891498813 93.0 100.0 53.0
20.79338945714525 27.872096656800977 156.5431670517231 118.0 126.0 62.0
20.79338750310168 28.325908478335972 156.54265445829867 148.0 158.0 76.0
20.793385549058115 28.77972029987097 156.54214186487425 140.0 151.0 71.0
20.79338359501455 29.23353212140597 156.5416292714498 130.0 141.0 62.0
20.79338164097098 29.68734394294096 156.5411166780254 109.0 117.0 59.0
20.793379686927416 30.141155764475954 156.54060408460094 118.0 127.0 70.0
21.247190332913153 27.418282881222414 156.54021976671604 111.0 120.0 50.0
21.247188378869588 27.872094702757412 156.53970717329162 142.0 151.0 69.0
21.24718642482602 28.325906524292407 156.53919457986717 150.0 157.0 73.0
21.24718447078245 28.7797183458274 156.53868198644273 147.0 155.0 69.0
21.247182516738885 29.2335301673624 156.5381693930183 133.0 143.0 54.0
21.24718056269532 29.68734198889739 156.5376567995939 128.0 137.0 56.0
21.247178608651755 30.14115381043239 156.53714420616944 124.0 134.0 64.0
21.247176654608186 30.594965631967384 156.536631612745 120.0 126.0 78.0
21.700991208681053 26.964469105643854 156.53727248170895 118.0 123.0 58.0
21.700989254637488 27.41828092717885 156.53675988828454 121.0 131.0 49.0
21.70098730059392 27.872092748713843 156.5362472948601 138.0 147.0 58.0
21.70098534655035 28.32590457024884 156.53573470143567 147.0 156.0 62.0
21.700983392506785 28.779716391783836 156.53522210801123 136.0 147.0 53.0
21.70098143846322 29.233528213318834 156.5347095145868 129.0 139.0 46.0
21.700979484419655 29.68734003485383 156.53419692116236 127.0 136.0 52.0
21.700977530376086 30.14115185638882 156.53368432773792 116.0 126.0 55.0
21.70097557633252 30.59496367792382 156.53317173431353 93.0 102.0 54.0
22.154790130405388 26.96446715160029 156.53381260327745 133.0 140.0 70.0
22.15478817636182 27.418278973135283 156.53330000985304 135.0 144.0 64.0
22.154786222318254 27.872090794670278 156.5327874164286 140.0 149.0 61.0
22.154784268274685 28.325902616205276 156.53227482300417 138.0 148.0 58.0
22.15478231423112 28.77971443774027 156.53176222957973 130.0 140.0 55.0
22.154780360187555 29.233526259275266 156.5312496361553 124.0 133.0 52.0
22.154778406143986 29.68733808081026 156.53073704273086 97.0 108.0 44.0
22.15477645210042 30.14114990234526 156.53022444930644 95.0 104.0 52.0
22.608591006173285 26.510653376021725 156.5308653182704 115.0 121.0 72.0
22.60858905212972 26.96446519755672 156.53035272484595 139.0 146.0 82.0
22.608587098086154 27.418277019091718 156.5298401314215 154.0 161.0 81.0
22.60858514404259 27.872088840626713 156.5293275379971 151.0 160.0 73.0
22.60858318999902 28.325900662161708 156.52881494457267 139.0 148.0 63.0
22.60858123595545 28.779712483696706 156.52830235114823 124.0 134.0 58.0
22.608579281911886 29.233524305231704 156.52778975772378 116.0 126.0 58.0
22.60857732786832 29.687336126766695 156.52727716429936 72.0 84.0 37.0
23.06238992789762 26.51065142197816 156.52740543983887 79.0 85.0 54.0
23.062387973854054 26.964463243513155 156.52689284641446 152.0 159.0 101.0
23.06238601981049 27.418275065048153 156.52638025299 152.0 159.0 92.0
23.06238406576692 27.872086886583148 156.5258676595656 149.0 157.0 76.0
23.062382111723352 28.325898708118142 156.52535506614115 126.0 136.0 59.0
23.062380157679787 28.779710529653137 156.5248424727167 103.0 114.0 53.0
23.06237820363622 29.233522351188135 156.5243298792923 72.0 82.0 41.0
23.516181033447687 28.325896754074577 156.52189518770965 69.0 80.0 37.0
20.343048459808852 28.32642302580397 156.99991296895595 118.0 127.0 62.0
20.343046505765287 28.780234847338964 156.9994003755315 124.0 134.0 67.0
20.343044551721718 29.23404666887396 156.99888778210706 130.0 139.0 73.0
20.343042597678153 29.687858490408953 156.99837518868262 107.0 113.0 65.0
20.79685128962032 27.41879742869041 156.9974782773733 101.0 107.0 58.0
20.796849335576756 27.87260925022541 156.99696568394887 147.0 157.0 75.0
20.796847381533187 28.326421071760404 156.99645309052443 149.0 158.0 75.0
20.796845427489618 28.7802328932954 156.9959404971 144.0 153.0 70.0
20.796843473446053 29.234044714830397 156.99542790367556 137.0 148.0 64.0
20.796841519402488 29.68785653636539 156.99491531025114 135.0 144.0 69.0
20.796839565358923 30.141668357900382 156.9944027168267 122.0 129.0 73.0
21.25065021134466 27.418795474646846 156.9940183989418 132.0 141.0 61.0
21.25064825730109 27.87260729618184 156.99350580551737 150.0 158.0 67.0
21.250646303257522 28.32641911771684 156.99299321209293 149.0 158.0 62.0
21.250644349213957 28.780230939251833 156.99248061866848 136.0 146.0 51.0
21.25064239517039 29.234042760786828 156.99196802524406 126.0 135.0 44.0
21.250640441126826 29.687854582321823 156.99145543181965 130.0 138.0 54.0
21.250638487083258 30.14166640385682 156.9909428383952 124.0 132.0 63.0
21.250636533039692 30.595478225391812 156.99043024497078 96.0 101.0 62.0
21.704451087112556 26.964981699068286 156.9910711139347 126.0 134.0 61.0
21.70444913306899 27.41879352060328 156.9905585205103 139.0 148.0 61.0
21.704447179025426 27.872605342138275 156.99004592708584 152.0 160.0 60.0
21.704445224981857 28.32641716367327 156.9895333336614 153.0 162.0 55.0
21.70444327093829 28.780228985208268 156.989020740237 144.0 154.0 50.0
21.704441316894723 29.234040806743266 156.98850814681256 140.0 149.0 49.0
21.704439362851158 29.687852628278257 156.98799555338812 130.0 139.0 48.0
21.704437408807593 30.141664449813252 156.9874829599637 118.0 127.0 51.0
21.704435454764027 30.59547627134825 156.98697036653928 104.0 112.0 60.0
22.158251962880456 26.511167923489722 156.98812382892766 112.0 121.0 56.0
22.15825000883689 26.964979745024717 156.9876112355032 132.0 142.0 65.0
22.158248054793326 27.418791566559715 156.9870986420788 146.0 155.0 69.0
22.15824610074976 27.87260338809471 156.98658604865435 152.0 161.0 63.0
22.158244146706192 28.326415209629705 156.98607345522993 147.0 157.0 58.0
22.158242192662623 28.780227031164703 156.98556086180548 135.0 144.0 54.0
22.158240238619058 29.234038852699697 156.98504826838104 121.0 131.0 49.0
22.158238284575493 29.68785067423469 156.98453567495665 109.0 118.0 44.0
22.158236330531928 30.14166249576969 156.9840230815322 98.0 107.0 51.0
22.61205088460479 26.511165969446157 156.98466395049616 120.0 129.0 64.0
22.612048930561226 26.964977790981152 156.9841513570717 142.0 152.0 73.0
22.61204697651766 27.418789612516147 156.98363876364726 154.0 163.0 78.0
22.612045022474092 27.872601434051145 156.98312617022285 153.0 162.0 70.0
22.612043068430523 28.32641325558614 156.98261357679843 145.0 154.0 64.0
22.612041114386958 28.780225077121134 156.98210098337398 109.0 120.0 46.0
22.612039160343393 29.234036898656136 156.98158838994956 78.0 91.0 34.0
22.612037206299828 29.687848720191127 156.98107579652512 68.0 80.0 30.0
23.065849806329126 26.511164015402592 156.98120407206463 132.0 140.0 81.0
23.06584785228556 26.964975836937587 156.98069147864018 161.0 170.0 95.0
23.065845898241992 27.41878765847258 156.9801788852158 160.0 169.0 90.0
23.065843944198427 27.87259948000758 156.97966629179135 150.0 159.0 75.0
23.06584199015486 28.326411301542574 156.9791536983669 127.0 138.0 56.0
23.065840036111293 28.78022312307757 156.97864110494248 98.0 109.0 50.0
20.346510292283924 27.873123797693403 157.4542241946061 122.0 130.0 65.0
20.346508338240355 28.3269356192284 157.4537116011817 138.0 147.0 73.0
20.346506384196786 28.780747440763395 157.45319900775726 140.0 149.0 76.0
20.34650443015322 29.23455926229839 157.45268641433282 146.0 155.0 79.0
20.346502476109656 29.688371083833385 157.4521738209084 123.0 130.0 71.0
20.800311168051824 27.419310022114843 157.45127690959904 138.0 146.0 74.0
20.800309214008255 27.873121843649837 157.45076431617463 154.0 163.0 75.0
20.800307259964686 28.326933665184836 157.45025172275018 150.0 158.0 71.0
20.80030530592112 28.78074548671983 157.44973912932574 143.0 152.0 64.0
20.800303351877556 29.23455730825483 157.44922653590135 140.0 150.0 62.0
20.80030139783399 29.688369129789823 157.4487139424769 131.0 141.0 65.0
20.800299443790422 30.142180951324814 157.44820134905245 119.0 128.0 67.0
20.800297489746857 30.595992772859812 157.447688755628 81.0 85.0 55.0
21.254112043819724 26.96549624653628 157.44832962459196 107.0 117.0 51.0
21.25411008977616 27.419308068071278 157.44781703116755 137.0 146.0 62.0
21.254108135732594 27.873119889606272 157.44730443774313 154.0 161.0 69.0
21.254106181689025 28.326931711141267 157.44679184431868 153.0 161.0 64.0
21.25410422764546 28.780743532676265 157.44627925089426 148.0 156.0 57.0
21.25410227360189 29.23455535421126 157.44576665746982 143.0 152.0 55.0
21.254100319558326 29.68836717574625 157.44525406404537 138.0 146.0 58.0
21.25409836551476 30.142178997281253 157.44474147062095 127.0 135.0 65.0
21.254096411471195 30.595990818816244 157.44422887719654 103.0 109.0 63.0
21.707912919587624 26.51168247095772 157.44538233958488 94.0 103.0 46.0
21.70791096554406 26.965494292492714 157.4448697461605 131.0 139.0 62.0
21.707909011500494 27.419306114027712 157.44435715273605 144.0 153.0 60.0
21.70790705745693 27.873117935562707 157.4438445593116 156.0 165.0 60.0
21.70790510341336 28.3269297570977 157.44333196588718 156.0 165.0 57.0
21.70790314936979 28.780741578632696 157.44281937246276 149.0 158.0 51.0
21.707901195326226 29.234553400167698 157.44230677903832 136.0 145.0 45.0
21.70789924128266 29.68836522170269 157.44179418561387 131.0 139.0 49.0
21.707897287239096 30.14217704323768 157.44128159218945 127.0 135.0 60.0
21.70789533319553 30.595988864772682 157.440768998765 83.0 88.0 48.0
22.16171184131196 26.511680516914154 157.4419224611534 125.0 135.0 64.0
22.161709887268394 26.96549233844915 157.44140986772896 142.0 151.0 72.0
22.16170793322483 27.419304159984144 157.44089727430452 152.0 161.0 68.0
22.16170597918126 27.873115981519142 157.44038468088013 161.0 171.0 66.0
22.16170402513769 28.326927803054136 157.43987208745568 154.0 164.0 60.0
22.161702071094126 28.78073962458913 157.43935949403124 137.0 147.0 53.0
22.16170011705056 29.23455144612413 157.4388469006068 110.0 120.0 42.0
22.161698163006996 29.68836326765912 157.4383343071824 102.0 112.0 43.0
22.161696208963427 30.14217508919412 157.43782171375796 86.0 93.0 47.0
22.61551271707986 26.05786674133559 157.43897517614633 81.0 90.0 45.0
22.615510763036294 26.511678562870586 157.4384625827219 135.0 145.0 70.0
22.61550880899273 26.965490384405584 157.43794998929746 154.0 162.0 78.0
22.61550685494916 27.41930220594058 157.43743739587305 170.0 179.0 83.0
22.615504900905595 27.873114027475573 157.4369248024486 172.0 181.0 80.0
22.615502946862026 28.32692584901057 157.43641220902416 154.0 164.0 67.0
22.61550099281846 28.780737670545566 157.43589961559974 125.0 135.0 55.0
22.615499038774896 29.234549492080564 157.43538702217532 85.0 97.0 40.0
22.615497084731327 29.68836131361556 157.43487442875087 70.0 81.0 35.0
23.06930968476063 26.51167660882702 157.43500270429038 156.0 164.0 97.0
23.06930773071706 26.96548843036202 157.43449011086597 170.0 178.0 100.0
23.069305776673495 27.419300251897013 157.43397751744155 171.0 180.0 95.0
23.06930382262993 27.873112073432008 157.4334649240171 161.0 171.0 77.0
23.06930186858636 28.326923894967006 157.43295233059266 146.0 156.0 71.0
23.069299914542796 28.780735716502 157.43243973716824 92.0 103.0 47.0
20.349970170715427 27.873636391117838 157.90802282683188 137.0 145.0 72.0
20.349968216671858 28.327448212652833 157.90751023340746 143.0 151.0 71.0
20.349966262628293 28.78126003418783 157.90699763998302 144.0 153.0 74.0
20.349964308584727 29.235071855722822 157.90648504655857 150.0 158.0 80.0
20.349962354541162 29.688883677257817 157.90597245313415 131.0 139.0 75.0
20.803773000526895 26.96601079400428 157.90558813524922 86.0 95.0 49.0
20.803771046483327 27.419822615539278 157.90507554182483 149.0 158.0 78.0
20.80376909243976 27.873634437074273 157.90456294840038 155.0 163.0 74.0
20.803767138396193 28.327446258609267 157.90405035497594 151.0 159.0 68.0
20.803765184352628 28.781258080144262 157.90353776155152 149.0 157.0 68.0
20.803763230309062 29.23506990167926 157.9030251681271 149.0 157.0 70.0
20.803761276265494 29.68888172321425 157.90251257470266 134.0 143.0 63.0
20.80375932222193 30.142693544749246 157.9019999812782 121.0 130.0 68.0
21.257573876294796 26.51219701842572 157.90264085024216 78.0 87.0 40.0
21.25757192225123 26.966008839960715 157.90212825681775 124.0 135.0 58.0
21.257569968207665 27.41982066149571 157.9016156633933 142.0 151.0 61.0
21.2575680141641 27.873632483030708 157.90110306996885 158.0 166.0 69.0
21.25756606012053 28.327444304565702 157.90059047654444 156.0 163.0 62.0
21.257564106076963 28.781256126100697 157.90007788312002 153.0 161.0 61.0
21.257562152033397 29.23506794763569 157.89956528969557 147.0 156.0 58.0
21.257560197989832 29.688879769170683 157.89905269627113 142.0 149.0 63.0
21.257558243946267 30.14269159070568 157.89854010284674 122.0 131.0 62.0
21.2575562899027 30.596503412240676 157.8980275094223 98.0 104.0 62.0
21.71137279801913 26.51219506438215 157.89918097181067 122.0 131.0 60.0
21.711370843975565 26.96600688591715 157.89866837838625 134.0 144.0 61.0
21.711368889932 27.419818707452144 157.8981557849618 152.0 161.0 63.0
21.71136693588843 27.87363052898714 157.89764319153736 158.0 167.0 61.0
21.711364981844863 28.327442350522137 157.89713059811294 157.0 166.0 57.0
21.711363027801298 28.78125417205713 157.8966180046885 153.0 161.0 56.0
21.711361073757732 29.235065993592126 157.89610541126407 139.0 148.0 48.0
21.711359119714167 29.68887781512712 157.89559281783966 130.0 139.0 50.0
21.7113571656706 30.142689636662112 157.8950802244152 124.0 131.0 59.0
22.16517367378703 26.05838128880359 157.8962336868036 75.0 83.0 39.0
22.165171719743466 26.512193110338586 157.89572109337917 134.0 143.0 69.0
22.1651697656999 26.966004931873584 157.89520849995472 148.0 156.0 72.0
22.16516781165633 27.41981675340858 157.89469590653027 158.0 167.0 70.0
22.165165857612767 27.873628574943574 157.89418331310588 161.0 170.0 66.0
22.165163903569198 28.327440396478572 157.89367071968144 155.0 164.0 62.0
22.165161949525633 28.781252218013567 157.893158126257 140.0 150.0 57.0
22.165159995482068 29.235064039548558 157.89264553283257 110.0 121.0 44.0
22.1651580414385 29.688875861083552 157.89213293940813 100.0 109.0 45.0
22.618972595511366 26.058379334760026 157.89277380837208 94.0 103.0 53.0
22.618970641467797 26.51219115629502 157.89226121494764 143.0 153.0 77.0
22.618968687424232 26.966002977830016 157.89174862152322 157.0 166.0 79.0
22.618966733380667 27.419814799365014 157.8912360280988 182.0 191.0 91.0
22.6189647793371 27.87362662090001 157.89072343467436 175.0 185.0 78.0
22.618962825293533 28.327438442435003 157.8902108412499 156.0 165.0 69.0
22.618960871249964 28.78125026397 157.88969824782552 127.0 137.0 58.0
22.6189589172064 29.235062085504996 157.88918565440107 82.0 94.0 41.0
23.072769563192132 26.512189202251456 157.88880133651614 173.0 180.0 114.0
23.072767609148567 26.96600102378645 157.88828874309172 187.0 195.0 112.0
23.072765655105 27.419812845321445 157.88777614966727 179.0 188.0 96.0
23.072763701061437 27.873624666856443 157.88726355624286 168.0 178.0 79.0
23.072761747017864 28.327436488391438 157.88675096281844 153.0 162.0 76.0
23.0727597929743 28.781248309926433 157.886238369394 95.0 106.0 52.0
23.072753930843604 30.142683774531417 157.8847005891207 73.0 81.0 54.0
23.072751976800035 30.59649559606641 157.88418799569627 79.0 87.0 59.0
23.526566530872902 26.965999069742885 157.88482886466022 92.0 95.0 58.0
19.899629173379026 28.32796276012083 158.36476874406472 74.0 82.0 39.0
19.89962721933546 28.781774581655828 158.36425615064027 76.0 82.0 44.0
19.899625265291895 29.235586403190823 158.36374355721583 81.0 87.0 49.0
20.353432003190495 27.42033716300727 158.36233405248205 123.0 129.0 76.0
20.35343004914693 27.87414898454227 158.36182145905764 145.0 153.0 74.0
20.35342809510336 28.327960806077265 158.3613088656332 145.0 154.0 70.0
20.353426141059796 28.78177262761226 158.36079627220877 148.0 156.0 75.0
20.35342418701623 29.235584449147254 158.36028367878436 153.0 161.0 79.0
20.35342223297266 29.689396270682245 158.3597710853599 133.0 141.0 71.0
20.353420278929097 30.143208092217243 158.35925849193546 81.0 86.0 50.0
20.807232878958395 26.966523387428712 158.359386767475 127.0 136.0 72.0
20.80723092491483 27.420335208963706 158.35887417405058 153.0 162.0 78.0
20.807228970871265 27.874147030498705 158.35836158062614 154.0 161.0 71.0
20.807227016827696 28.3279588520337 158.3578489872017 152.0 160.0 65.0
20.807225062784127 28.781770673568694 158.35733639377727 151.0 159.0 68.0
20.807223108740562 29.23558249510369 158.35682380035283 153.0 161.0 72.0
20.807221154696997 29.689394316638683 158.3563112069284 138.0 147.0 67.0
20.80721920065343 30.143206138173674 158.355798613504 122.0 130.0 68.0
21.2610337547263 26.51270961185015 158.35643948246792 91.0 102.0 46.0
21.261031800682733 26.966521433385147 158.3559268890435 144.0 153.0 70.0
21.26102984663917 27.42033325492014 158.35541429561906 153.0 162.0 67.0
21.2610278925956 27.874145076455136 158.3549017021946 162.0 171.0 67.0
21.26102593855203 28.327956897990134 158.35438910877022 160.0 168.0 63.0
21.261023984508466 28.78176871952513 158.35387651534577 155.0 163.0 60.0
21.2610220304649 29.23558054106012 158.35336392192133 151.0 160.0 61.0
21.261020076421335 29.689392362595115 158.3528513284969 140.0 149.0 60.0
21.261018122377767 30.143204184130113 158.35233873507246 130.0 138.0 67.0
21.2610161683342 30.597016005665104 158.35182614164805 82.0 85.0 54.0
21.714832676450634 26.512707657806583 158.35297960403642 129.0 138.0 62.0
21.71483072240707 26.966519479341578 158.35246701061197 145.0 154.0 65.0
21.7148287683635 27.420331300876576 158.35195441718756 156.0 164.0 66.0
21.714826814319935 27.87414312241157 158.35144182376314 162.0 171.0 62.0
21.714824860276366 28.327954943946565 158.3509292303387 159.0 167.0 59.0
21.7148229062328 28.781766765481564 158.35041663691425 155.0 163.0 58.0
21.714820952189235 29.23557858701656 158.34990404348983 142.0 151.0 52.0
21.714818998145667 29.68939040855155 158.3493914500654 136.0 144.0 55.0
21.7148170441021 30.143202230086544 158.34887885664097 116.0 124.0 59.0
22.168633552218534 26.058893882228023 158.35003231902937 120.0 130.0 67.0
22.168631598174965 26.512705703763018 158.34951972560492 146.0 154.0 78.0
22.1686296441314 26.966517525298013 158.34900713218047 156.0 164.0 74.0
22.168627690087835 27.42032934683301 158.34849453875606 167.0 175.0 76.0
22.16862573604427 27.874141168368006 158.3479819453316 162.0 171.0 67.0
22.1686237820007 28.327952989903 158.3474693519072 156.0 164.0 63.0
22.168621827957132 28.781764811438 158.34695675848278 144.0 153.0 63.0
22.168619873913567 29.23557663297299 158.34644416505833 111.0 122.0 50.0
22.16861791987 29.68938845450798 158.34593157163388 84.0 92.0 41.0
22.622432473942865 26.058891928184455 158.34657244059784 136.0 144.0 83.0
22.6224305198993 26.512703749719453 158.3460598471734 156.0 164.0 87.0
22.622428565855735 26.966515571254448 158.345547253749 184.0 192.0 98.0
22.62242661181217 27.420327392789442 158.34503466032456 201.0 208.0 110.0
22.622424657768605 27.87413921432444 158.3445220669001 180.0 188.0 81.0
22.622422703725032 28.327951035859435 158.3440094734757 156.0 166.0 67.0
22.622420749681467 28.78176285739443 158.34349688005125 125.0 136.0 61.0
22.622418795637902 29.235574678929428 158.34298428662683 82.0 94.0 46.0
23.076229441623635 26.512701795675888 158.34259996874192 187.0 193.0 128.0
23.07622748758007 26.966513617210882 158.34208737531748 180.0 189.0 112.0
23.0762255335365 27.420325438745877 158.34157478189303 179.0 189.0 99.0
23.076223579492936 27.87413726028087 158.3410621884686 164.0 174.0 78.0
23.076221625449367 28.32794908181587 158.3405495950442 145.0 155.0 68.0
23.076219671405802 28.781760903350865 158.34003700161975 75.0 87.0 40.0
23.076213809275103 30.14319636795585 158.33849922134647 77.0 84.0 57.0
19.903089051810532 28.32847535354526 158.81856737629047 77.0 83.0 44.0
19.903087097766967 28.782287175080256 158.81805478286603 85.0 90.0 50.0
19.9030851437234 29.236098996615254 158.8175421894416 76.0 82.0 46.0
20.356891881622 27.420849756431704 158.81613268470784 142.0 150.0 81.0
20.356889927578436 27.874661577966698 158.8156200912834 144.0 153.0 72.0
20.356887973534867 28.328473399501696 158.81510749785895 150.0 158.0 73.0
20.3568860194913 28.78228522103669 158.81459490443456 154.0 163.0 78.0
20.356884065447733 29.236097042571682 158.8140823110101 154.0 162.0 81.0
20.35688211140417 29.689908864106677 158.81356971758566 130.0 138.0 73.0
20.356880157360603 30.143720685641675 158.81305712416122 79.0 84.0 52.0
20.8106927573899 26.967035980853144 158.81318539970076 145.0 153.0 82.0
20.810690803346336 27.42084780238814 158.8126728062763 153.0 162.0 75.0
20.810688849302768 27.874659623923133 158.8121602128519 153.0 160.0 70.0
20.8106868952592 28.32847144545813 158.81164761942748 153.0 161.0 66.0
20.810684941215634 28.782283266993126 158.81113502600303 156.0 164.0 72.0
20.81068298717207 29.23609508852812 158.81062243257858 156.0 164.0 75.0
20.810681033128503 29.689906910063115 158.81010983915417 140.0 148.0 74.0
20.810679079084935 30.143718731598106 158.80959724572975 118.0 125.0 75.0
21.264493633157805 26.51322220527458 158.8102381146937 104.0 116.0 53.0
21.264491679114236 26.967034026809575 158.80972552126926 150.0 158.0 74.0
21.26448972507067 27.420845848344573 158.8092129278448 156.0 165.0 70.0
21.264487771027106 27.874657669879568 158.8087003344204 161.0 169.0 65.0
21.264485816983537 28.328469491414562 158.80818774099595 159.0 167.0 61.0
21.264483862939972 28.78228131294956 158.80767514757153 155.0 164.0 63.0
21.264481908896403 29.236093134484552 158.80716255414708 152.0 160.0 66.0
21.26447995485284 29.689904956019543 158.80664996072267 145.0 153.0 72.0
21.264478000809273 30.143716777554545 158.80613736729822 137.0 144.0 86.0
21.718294508925705 26.05940842969602 158.80729082968662 110.0 117.0 63.0
21.718292554882137 26.513220251231015 158.80677823626218 138.0 147.0 71.0
21.71829060083857 26.96703207276601 158.80626564283773 152.0 160.0 68.0
21.718288646795006 27.420843894301004 158.80575304941334 157.0 165.0 66.0
21.71828669275144 27.874655715836003 158.8052404559889 161.0 169.0 61.0
21.718284738707872 28.328467537370997 158.80472786256445 159.0 167.0 59.0
21.718282784664304 28.782279358905992 158.80421526914 155.0 163.0 60.0
21.71828083062074 29.23609118044099 158.80370267571558 145.0 154.0 60.0
21.718278876577173 29.68990300197598 158.80319008229117 134.0 143.0 65.0
21.718276922533608 30.143714823510976 158.80267748886672 96.0 102.0 57.0
22.172093430650037 26.05940647565245 158.8038309512551 127.0 136.0 74.0
22.17209147660647 26.51321829718745 158.80331835783068 148.0 157.0 78.0
22.172089522562906 26.967030118722445 158.80280576440626 154.0 163.0 72.0
22.17208756851934 27.42084194025744 158.8022931709818 161.0 170.0 70.0
22.172085614475773 27.874653761792437 158.80178057755737 157.0 164.0 64.0
22.172083660432204 28.328465583327432 158.80126798413295 154.0 162.0 64.0
22.17208170638864 28.782277404862427 158.80075539070853 140.0 150.0 64.0
22.172079752345073 29.23608922639742 158.80024279728408 112.0 123.0 54.0
22.17207779830151 29.689901047932413 158.79973020385964 74.0 80.0 42.0
22.625892352374372 26.059404521608887 158.8003710728236 144.0 153.0 90.0
22.625890398330807 26.51321634314388 158.79985847939918 161.0 169.0 89.0
22.62588844428724 26.96702816467888 158.79934588597473 172.0 180.0 87.0
22.625886490243673 27.420839986213874 158.7988332925503 178.0 186.0 86.0
22.625884536200108 27.87465180774887 158.79832069912587 155.0 163.0 66.0
22.62588258215654 28.328463629283867 158.79780810570145 142.0 151.0 62.0
22.625880628112974 28.78227545081886 158.797295512277 108.0 119.0 53.0
22.62587867406941 29.236087272353856 158.79678291885259 79.0 90.0 47.0
23.079691274098707 26.05940256756532 158.7969111943921 81.0 86.0 58.0
23.07968932005514 26.513214389100316 158.79639860096768 182.0 190.0 116.0
23.079687366011573 26.967026210635314 158.79588600754323 176.0 185.0 97.0
23.079685411968008 27.42083803217031 158.79537341411879 159.0 170.0 81.0
23.079683457924443 27.874649853705304 158.79486082069437 120.0 132.0 52.0
23.079681503880874 28.3284616752403 158.79434822726995 82.0 96.0 33.0
19.906548930242035 28.328987946969693 159.27236600851623 82.0 88.0 47.0
19.906546976198467 28.782799768504688 159.27185341509178 96.0 103.0 56.0
19.9065450221549 29.236611590039683 159.27134082166737 79.0 87.0 47.0
20.360351760053504 27.421362349856135 159.2699313169336 137.0 147.0 77.0
20.360349806009935 27.87517417139113 159.26941872350915 148.0 157.0 75.0
20.360347851966367 28.328985992926125 159.2689061300847 155.0 164.0 79.0
20.3603458979228 28.782797814461123 159.26839353666028 159.0 167.0 82.0
20.360343943879236 29.23660963599612 159.26788094323587 150.0 159.0 77.0
20.36034198983567 29.690421457531112 159.26736834981142 139.0 147.0 81.0
20.814152635821404 26.967548574277572 159.2669840319265 154.0 162.0 85.0
20.814150681777836 27.42136039581257 159.26647143850207 154.0 163.0 77.0
20.81414872773427 27.875172217347565 159.26595884507765 155.0 163.0 72.0
20.8141467736907 28.32898403888256 159.26544625165323 159.0 168.0 72.0
20.814144819647137 28.782795860417558 159.26493365822878 162.0 170.0 75.0
20.81414286560357 29.236607681952552 159.26442106480434 153.0 161.0 74.0
20.814140911560003 29.69041950348755 159.26390847137992 143.0 151.0 79.0
20.814138957516438 30.14423132502254 159.2633958779555 113.0 118.0 79.0
21.267953511589305 26.513734798699012 159.26403674691943 130.0 140.0 70.0
21.26795155754574 26.967546620234007 159.263524153495 152.0 160.0 72.0
21.267949603502174 27.421358441769 159.26301156007057 157.0 164.0 70.0
21.26794764945861 27.875170263304 159.26249896664615 159.0 166.0 63.0
21.26794569541504 28.328982084838994 159.2619863732217 160.0 168.0 63.0
21.26794374137147 28.78279390637399 159.26147377979729 156.0 164.0 67.0
21.267941787327906 29.23660572790899 159.26096118637287 152.0 159.0 70.0
21.26793983328434 29.690417549443982 159.26044859294842 144.0 151.0 82.0
21.267937879240776 30.14422937097898 159.25993599952398 124.0 129.0 86.0
21.721754387357205 26.05992102312045 159.26108946191238 114.0 121.0 71.0
21.72175243331364 26.513732844655447 159.26057686848793 141.0 150.0 74.0
21.721750479270074 26.96754466619044 159.26006427506348 154.0 162.0 67.0
21.72174852522651 27.421356487725436 159.25955168163907 157.0 166.0 62.0
21.72174657118294 27.87516830926043 159.25903908821465 161.0 167.0 57.0
21.72174461713937 28.32898013079543 159.2585264947902 160.0 167.0 59.0
21.721742663095807 28.782791952330424 159.25801390136579 155.0 163.0 63.0
21.72174070905224 29.23660377386542 159.25750130794134 150.0 159.0 68.0
21.721738755008676 29.69041559540042 159.25698871451692 132.0 140.0 75.0
22.17555330908154 26.059919069076884 159.25762958348085 122.0 130.0 74.0
22.175551355037975 26.51373089061188 159.25711699005643 145.0 154.0 75.0
22.17554940099441 26.967542712146876 159.256604396632 152.0 161.0 69.0
22.17554744695084 27.42135453368187 159.25609180320757 153.0 162.0 64.0
22.175545492907276 27.875166355216866 159.25557920978312 152.0 161.0 62.0
22.175543538863707 28.328978176751864 159.2550666163587 151.0 160.0 65.0
22.17554158482014 28.78278999828686 159.2545540229343 142.0 151.0 70.0
22.175539630776576 29.236601819821857 159.25404142950984 126.0 135.0 71.0
22.175537676733008 29.69041364135685 159.2535288360854 74.0 81.0 46.0
22.629352230805875 26.05991711503332 159.25416970504935 133.0 142.0 82.0
22.62935027676231 26.513728936568313 159.25365711162493 158.0 167.0 85.0
22.62934832271874 26.967540758103308 159.2531445182005 156.0 165.0 71.0
22.629346368675176 27.421352579638306 159.25263192477607 135.0 147.0 57.0
22.62934441463161 27.8751644011733 159.25211933135165 119.0 132.0 46.0
22.62934246058804 28.328976222708295 159.2516067379272 125.0 136.0 58.0
22.629340506544477 28.782788044243294 159.25109414450276 103.0 114.0 56.0
23.08314919848664 26.513726982524748 159.25019723319343 147.0 156.0 82.0
23.083147244443076 26.967538804059743 159.249684639769 144.0 155.0 70.0
23.08314529039951 27.42135062559474 159.24917204634457 89.0 101.0 39.0
23.083143336355946 27.875162447129735 159.24865945292012 68.0 80.0 28.0
23.083141382312373 28.32897426866473 159.2481468594957 70.0 83.0 30.0
19.91000880867354 28.329500540394122 159.72616464074198 95.0 100.0 60.0
19.910006854629973 28.78331236192912 159.72565204731757 106.0 113.0 64.0
19.910004900586408 29.237124183464115 159.72513945389312 79.0 87.0 46.0
20.363811638485007 27.421874943280567 159.72372994915935 82.0 90.0 44.0
20.363809684441442 27.875686764815562 159.7232173557349 148.0 155.0 81.0
20.363807730397873 28.329498586350557 159.72270476231049 159.0 167.0 86.0
20.363805776354308 28.78331040788555 159.72219216888604 153.0 162.0 82.0
20.363803822310743 29.237122229420553 159.72167957546162 143.0 153.0 76.0
20.363801868267174 29.690934050955544 159.72116698203718 116.0 123.0 69.0
20.817612514252907 26.968061167702004 159.72078266415227 146.0 156.0 78.0
20.817610560209342 27.421872989237 159.72027007072782 153.0 161.0 77.0
20.817608606165777 27.875684810771997 159.7197574773034 155.0 163.0 74.0
20.81760665212221 28.32949663230699 159.71924488387899 157.0 165.0 76.0
20.81760469807864 28.783308453841986 159.71873229045454 154.0 163.0 76.0
20.817602744035074 29.237120275376984 159.71821969703012 146.0 155.0 73.0
20.81760078999151 29.690932096911983 159.71770710360568 134.0 142.0 80.0
21.27141339002081 26.51424739212344 159.71783537914519 129.0 138.0 73.0
21.271411435977246 26.96805921365844 159.71732278572077 155.0 162.0 77.0
21.27140948193368 27.421871035193433 159.71681019229635 158.0 166.0 74.0
21.271407527890112 27.875682856728428 159.7162975988719 156.0 164.0 67.0
21.271405573846543 28.329494678263426 159.71578500544746 158.0 166.0 69.0
21.271403619802978 28.78330649979842 159.71527241202304 155.0 163.0 72.0
21.271401665759413 29.23711832133342 159.71475981859862 148.0 157.0 74.0
21.271399711715848 29.690930142868414 159.71424722517418 124.0 133.0 76.0
21.72521426578871 26.06043361654488 159.71488809413813 85.0 92.0 53.0
21.725212311745146 26.514245438079875 159.7143755007137 147.0 154.0 82.0
21.72521035770158 26.968057259614874 159.71386290728927 155.0 162.0 72.0
21.725208403658012 27.421869081149868 159.71335031386482 157.0 165.0 69.0
21.725206449614447 27.875680902684863 159.7128377204404 157.0 165.0 62.0
21.72520449557088 28.329492724219858 159.71232512701596 156.0 163.0 64.0
21.725202541527313 28.783304545754856 159.71181253359154 151.0 159.0 70.0
21.725200587483748 29.23711636728985 159.7112999401671 138.0 148.0 71.0
22.179013187513046 26.060431662501315 159.7114282157066 98.0 107.0 61.0
22.179011233469478 26.51424348403631 159.7109156222822 141.0 150.0 74.0
22.179009279425912 26.968055305571305 159.71040302885777 150.0 159.0 70.0
22.179007325382347 27.421867127106303 159.70989043543332 150.0 159.0 69.0
22.179005371338782 27.875678948641298 159.7093778420089 151.0 159.0 70.0
22.179003417295213 28.329490770176292 159.70886524858446 149.0 157.0 72.0
22.179001463251645 28.78330259171129 159.70835265516004 135.0 143.0 71.0
22.17899950920808 29.23711441324629 159.7078400617356 93.0 102.0 54.0
22.632812109237378 26.060429708457747 159.70796833727513 72.0 81.0 42.0
22.632810155193813 26.514241529992745 159.7074557438507 133.0 143.0 69.0
22.632808201150247 26.96805335152774 159.70694315042624 143.0 154.0 68.0
22.632806247106682 27.421865173062734 159.70643055700182 126.0 138.0 59.0
22.632804293063117 27.875676994597733 159.7059179635774 136.0 145.0 69.0
22.632802339019545 28.329488816132727 159.70540537015296 124.0 135.0 63.0
22.63280038497598 28.783300637667722 159.7048927767285 90.0 101.0 49.0
19.91346673306148 28.78382495535355 160.17945067954332 78.0 85.0 48.0
19.91346477901791 29.237636776888547 160.17893808611888 78.0 84.0 51.0
20.36726956287295 27.876199358239994 160.1770159879607 134.0 142.0 75.0
20.36726760882938 28.33001117977499 160.17650339453624 159.0 167.0 86.0
20.36726565478581 28.783823001309983 160.1759908011118 149.0 157.0 85.0
20.367263700742246 29.23763482284498 160.17547820768735 144.0 152.0 86.0
20.36726174669868 29.691446644379976 160.17496561426296 103.0 108.0 68.0
20.821072392684414 26.968573761126436 160.17458129637802 143.0 153.0 84.0
20.82107043864085 27.42238558266143 160.1740687029536 147.0 157.0 78.0
20.82106848459728 27.876197404196425 160.17355610952916 150.0 159.0 75.0
20.82106653055371 28.330009225731423 160.17304351610474 154.0 164.0 79.0
20.821064576510146 28.783821047266418 160.1725309226803 152.0 162.0 83.0
20.82106262246658 29.237632868801413 160.17201832925588 142.0 151.0 82.0
20.821060668423016 29.69144469033641 160.17150573583143 100.0 106.0 63.0
21.274873268452318 26.514759985547872 160.17163401137094 142.0 150.0 90.0
21.27487131440875 26.968571807082867 160.17112141794652 153.0 161.0 80.0
21.274869360365184 27.422383628617865 160.1706088245221 149.0 159.0 73.0
21.27486740632162 27.87619545015286 160.17009623109766 139.0 150.0 62.0
21.27486545227805 28.330007271687855 160.1695836376732 147.0 156.0 70.0
21.274863498234485 28.783819093222853 160.1690710442488 144.0 153.0 74.0
21.27486154419092 29.23763091475785 160.16855845082438 115.0 123.0 66.0
21.728674144220218 26.060946209969313 160.1686867263639 88.0 92.0 61.0
21.72867219017665 26.514758031504307 160.16817413293944 148.0 155.0 93.0
21.728670236133084 26.968569853039302 160.16766153951502 152.0 160.0 80.0
21.72866828208952 27.4223816745743 160.16714894609058 150.0 158.0 74.0
21.728666328045954 27.876193496109295 160.16663635266613 141.0 151.0 63.0
21.728664374002385 28.33000531764429 160.16612375924174 138.0 148.0 65.0
21.728662419958816 28.783817139179284 160.1656111658173 128.0 138.0 66.0
21.72866046591525 29.237628960714282 160.16509857239285 76.0 84.0 41.0
22.182471111900984 26.514756077460742 160.16471425450794 131.0 140.0 76.0
22.18246915785742 26.968567898995737 160.16420166108352 140.0 150.0 74.0
22.182467203813854 27.42237972053073 160.16368906765908 127.0 139.0 62.0
22.182465249770285 27.87619154206573 160.16317647423466 123.0 135.0 56.0
22.182463295726716 28.330003363600724 160.16266388081021 115.0 126.0 52.0
22.18246134168315 28.78381518513572 160.16215128738577 92.0 104.0 44.0
22.63627003362532 26.514754123417173 160.16125437607644 79.0 90.0 42.0
22.636268079581754 26.96856594495217 160.160741782652 99.0 111.0 48.0
22.636266125538185 27.422377766487166 160.16022918922758 71.0 82.0 33.0
22.63626417149462 27.87618958802216 160.15971659580316 90.0 101.0 42.0
20.370729441304448 27.876711951664426 160.63081462018644 90.0 97.0 48.0
20.37072748726088 28.33052377319942 160.630302026762 135.0 144.0 75.0
20.370725533217314 28.78433559473442 160.62978943333755 135.0 143.0 82.0
20.37072357917375 29.238147416269413 160.62927683991313 130.0 135.0 86.0
20.824532271115917 26.969086354550868 160.62837992860378 109.0 117.0 65.0
20.824530317072348 27.422898176085866 160.62786733517936 154.0 164.0 89.0
20.824528363028783 27.87670999762086 160.6273547417549 152.0 162.0 83.0
20.824526408985214 28.330521819155855 160.62684214833047 151.0 161.0 87.0
20.82452445494165 28.784333640690853 160.62632955490608 146.0 155.0 90.0
20.824522500898084 29.238145462225845 160.62581696148163 117.0 123.0 77.0
21.278333146883817 26.515272578972308 160.6254326435967 116.0 124.0 74.0
21.278331192840252 26.969084400507302 160.62492005017228 159.0 166.0 95.0
21.278329238796687 27.422896222042297 160.62440745674786 154.0 164.0 85.0
21.27832728475312 27.876708043577295 160.62389486332341 150.0 158.0 85.0
21.278325330709553 28.33051986511229 160.623382269899 146.0 154.0 83.0
21.278323376665984 28.784331686647285 160.62286967647455 129.0 137.0 77.0
21.27832142262242 29.238143508182283 160.6223570830501 92.0 100.0 61.0
21.732132068608152 26.515270624928743 160.62197276516522 129.0 137.0 80.0
21.732130114564587 26.969082446463737 160.62146017174078 148.0 155.0 84.0
21.73212816052102 27.422894267998732 160.62094757831633 144.0 153.0 80.0
21.732126206477457 27.876706089533727 160.62043498489192 115.0 126.0 60.0
21.732124252433884 28.330517911068725 160.6199223914675 87.0 100.0 46.0
22.185930990332487 26.515268670885174 160.6185128867337 82.0 93.0 49.0
22.185929036288922 26.969080492420172 160.61800029330925 105.0 117.0 56.0
22.185927082245353 27.422892313955167 160.61748769988486 99.0 112.0 51.0
22.185925128201788 27.87670413549016 160.61697510646042 84.0 97.0 41.0
20.827990195503855 27.423410769510294 161.08166596740512 132.0 140.0 86.0
20.82798824146029 27.877222591045292 161.08115337398067 117.0 127.0 71.0
20.82798628741672 28.331034412580287 161.08064078055625 110.0 119.0 69.0
20.827984333373152 28.78484623411528 161.08012818713183 89.0 95.0 58.0
21.281793025315324 26.515785172396736 161.07923127582248 80.0 86.0 55.0
21.28179107127176 26.969596993931734 161.07871868239803 172.0 178.0 122.0
21.281789117228193 27.42340881546673 161.0782060889736 162.0 170.0 105.0
21.281787163184624 27.877220637001724 161.07769349554917 134.0 142.0 79.0
21.281785209141056 28.331032458536722 161.07718090212475 80.0 88.0 46.0
21.73559194703966 26.51578321835317 161.07577139739098 109.0 117.0 69.0
21.735589992996093 26.96959503988817 161.07525880396653 149.0 157.0 93.0
21.735588038952525 27.423406861423164 161.0747462105421 147.0 154.0 90.0
21.73558608490896 27.87721868295816 161.07423361711767 90.0 101.0 49.0
22.18939086876399 26.515781264309606 161.07231151895945 74.0 85.0 42.0
21.28525094970326 26.970109587356163 161.5325173146238 146.0 152.0 109.0
21.285248995659693 27.42392140889116 161.53200472119934 119.0 128.0 79.0
21.73905182547116 26.516295811777603 161.5295700296167 82.0 89.0 54.0
