22.078663034694472 29.222249203937775 146.54767972718864 85.0 97.0 47.0
22.078659126607338 30.129872847007768 146.54665454033977 81.0 90.0 49.0
22.078657172563773 30.583684668542762 146.54614194691536 78.0 85.0 49.0
22.532460002375238 29.676059071429208 146.54370725533272 76.0 87.0 42.0
22.532458048331673 30.1298708929642 146.54319466190827 104.0 113.0 61.0
22.532456094288108 30.583682714499197 146.54268206848383 81.0 92.0 47.0
22.986258924099573 29.676057117385636 146.5402473769012 69.0 83.0 36.0
21.628322037358075 29.67657557294077 147.00442564442145 76.0 87.0 39.0
21.62832008331451 30.13038739447576 147.00391305099703 103.0 112.0 57.0
21.628318129270944 30.58419921601076 147.0034004575726 114.0 119.0 68.0
22.082122913125975 29.222761797362207 147.0014783594144 80.0 93.0 37.0
22.08212095908241 29.6765736188972 147.00096576598997 84.0 94.0 43.0
22.082119005038845 30.1303854404322 147.00045317256553 120.0 128.0 67.0
22.08211705099528 30.58419726196719 146.99994057914108 113.0 120.0 66.0
22.535923788893875 28.768948021783647 146.9985310744073 75.0 89.0 34.0
22.53592183485031 29.222759843318645 146.9980184809829 92.0 104.0 44.0
22.535919880806745 29.676571664853636 146.99750588755848 104.0 114.0 53.0
22.535917926763176 30.13038348638863 146.99699329413403 98.0 108.0 54.0
22.53591597271961 30.58419530792363 146.99648070070958 80.0 91.0 45.0
22.989720756574645 29.222757889275076 146.9945586025514 88.0 101.0 41.0
22.989718802531076 29.676569710810067 146.99404600912695 91.0 102.0 45.0
22.98971684848751 30.130381532345066 146.9935334157025 79.0 89.0 42.0
21.177982994065243 29.677090120408764 147.46168415507873 93.0 104.0 48.0
21.177981040021677 30.130901941943762 147.46117156165428 96.0 106.0 51.0
21.177979085978112 30.584713763478753 147.46065896822986 112.0 119.0 66.0
21.631783869833143 29.223276344830207 147.45873687007165 75.0 89.0 34.0
21.631781915789578 29.6770881663652 147.4582242766472 117.0 127.0 62.0
21.631779961746012 30.130899987900193 147.4577116832228 134.0 143.0 70.0
21.631778007702447 30.58471180943519 147.45719908979837 146.0 152.0 80.0
22.085582791557478 29.22327439078664 147.45527699164015 83.0 96.0 33.0
22.085580837513913 29.67708621232163 147.45476439821573 127.0 136.0 64.0
22.085578883470344 30.130898033856628 147.45425180479128 130.0 138.0 68.0
22.08557692942678 30.584709855391623 147.45373921136684 117.0 126.0 62.0
22.539383667325378 28.76946061520808 147.45232970663307 89.0 102.0 36.0
22.539381713281813 29.223272436743077 147.45181711320865 114.0 124.0 48.0
22.539379759238244 29.677084258278068 147.4513045197842 130.0 138.0 62.0
22.53937780519468 30.13089607981306 147.45079192635978 117.0 126.0 59.0
22.539375851151114 30.58470790134806 147.45027933293537 82.0 94.0 42.0
22.993182589049713 28.769458661164514 147.4488698282016 85.0 97.0 36.0
22.993180635006144 29.223270482699505 147.44835723477715 133.0 141.0 58.0
22.99317868096258 29.6770823042345 147.4478446413527 132.0 140.0 64.0
22.993176726919014 30.130894125769498 147.44733204792828 93.0 104.0 48.0
23.44697955673048 29.223268528655943 147.44489735634562 82.0 90.0 45.0
20.72764395077241 29.677604667876764 147.91894266573598 82.0 89.0 41.0
20.727641996728845 30.131416489411755 147.91843007231154 87.0 97.0 48.0
20.72764004268528 30.585228310946754 147.91791747888715 75.0 83.0 46.0
21.181444826540314 29.2237908922982 147.9159953807289 86.0 100.0 36.0
21.18144287249675 29.677602713833192 147.91548278730448 138.0 146.0 70.0
21.181440918453184 30.131414535368194 147.91497019388007 130.0 140.0 71.0
21.181438964409615 30.585226356903185 147.91445760045562 133.0 141.0 81.0
21.63524374826465 29.22378893825464 147.9125355022974 88.0 102.0 38.0
21.635241794221084 29.67760075978963 147.91202290887298 133.0 142.0 65.0
21.635239840177515 30.13141258132462 147.91151031544854 140.0 148.0 71.0
21.63523788613395 30.585224402859623 147.91099772202412 143.0 149.0 76.0
22.08904462403255 28.769975162676076 147.90958821729032 100.0 113.0 43.0
22.089042669988984 29.22378698421107 147.90907562386593 112.0 124.0 47.0
22.089040715945416 29.67759880574606 147.90856303044148 134.0 143.0 61.0
22.08903876190185 30.13141062728106 147.90805043701704 126.0 136.0 62.0
22.089036807858285 30.585222448816054 147.9075378435926 117.0 125.0 63.0
22.54284354575688 28.76997320863251 147.90612833885885 117.0 127.0 49.0
22.542841591713316 29.223785030167505 147.9056157454344 142.0 150.0 58.0
22.54283963766975 29.6775968517025 147.90510315200996 145.0 152.0 67.0
22.542837683626185 30.13140867323749 147.90459055858554 119.0 128.0 55.0
22.54283572958262 30.58522049477249 147.90407796516112 87.0 97.0 46.0
22.99664442152478 28.316159433053947 147.90318105385177 72.0 85.0 29.0
22.996642467481216 28.769971254588945 147.90266846042732 102.0 113.0 42.0
22.99664051343765 29.223783076123937 147.9021558670029 141.0 149.0 58.0
22.996638559394086 29.67759489765893 147.90164327357846 141.0 149.0 66.0
22.99663660535052 30.13140671919393 147.90113068015404 98.0 108.0 50.0
23.450439435161986 29.223781122080375 147.89869598857138 80.0 88.0 41.0
23.450437481118417 29.677592943615366 147.89818339514696 91.0 98.0 51.0
20.73110578324748 29.2243054397662 148.37325389138618 84.0 91.0 45.0
20.731103829203914 29.678117261301193 148.37274129796174 135.0 144.0 68.0
20.73110187516035 30.131929082836187 148.37222870453732 115.0 125.0 61.0
20.731099921116783 30.585740904371185 148.3717161111129 105.0 113.0 62.0
21.184904704971817 29.224303485722633 148.36979401295466 107.0 120.0 45.0
21.184902750928252 29.678115307257624 148.36928141953024 148.0 155.0 72.0
21.184900796884683 30.131927128792622 148.36876882610582 125.0 135.0 61.0
21.18489884284112 30.585738950327617 148.36825623268138 117.0 126.0 61.0
21.638705580739718 28.770489710144073 148.3668467279476 92.0 108.0 35.0
21.638703626696152 29.224301531679068 148.36633413452316 112.0 124.0 45.0
21.638701672652584 29.678113353214062 148.36582154109874 134.0 144.0 59.0
21.63869971860902 30.131925174749053 148.3653089476743 133.0 142.0 65.0
21.638697764565453 30.58573699628405 148.36479635424988 128.0 134.0 72.0
22.09250450246405 28.770487756100508 148.3633868495161 117.0 129.0 46.0
22.092502548420484 29.2242995776355 148.36287425609166 132.0 143.0 49.0
22.09250059437692 29.678111399170493 148.36236166266724 132.0 143.0 53.0
22.092498640333353 30.13192322070549 148.3618490692428 124.0 134.0 62.0
22.09249668628979 30.585735042240483 148.36133647581838 112.0 120.0 66.0
22.54630537823195 28.316673980521944 148.36043956450902 87.0 100.0 35.0
22.546303424188384 28.770485802056943 148.3599269710846 130.0 140.0 52.0
22.54630147014482 29.224297623591937 148.35941437766016 145.0 155.0 55.0
22.546299516101254 29.67810944512693 148.3589017842357 132.0 143.0 50.0
22.54629756205769 30.131921266661923 148.35838919081132 114.0 124.0 57.0
22.54629560801412 30.58573308819692 148.35787659738688 80.0 90.0 45.0
23.000104299956284 28.31667202647838 148.35697968607752 84.0 96.0 35.0
23.00010234591272 28.770483848013374 148.35646709265308 105.0 115.0 42.0
23.000100391869154 29.22429566954837 148.35595449922866 123.0 134.0 43.0
23.000098437825585 29.67810749108336 148.35544190580424 140.0 149.0 65.0
23.00009648378202 30.131919312618358 148.3549293123798 103.0 113.0 55.0
23.453901267637054 28.77048189396981 148.35300721422158 73.0 81.0 34.0
23.453899313593485 29.224293715504803 148.35249462079716 102.0 108.0 56.0
23.45389735954992 29.678105537039798 148.3519820273727 91.0 96.0 55.0
23.453895405506355 30.13191735857479 148.3514694339483 84.0 93.0 55.0
20.28076673995465 29.224819987234202 148.83051240204344 81.0 88.0 47.0
20.280764785911085 29.678631808769193 148.829999808619 111.0 120.0 62.0
20.28076283186752 30.13244363030419 148.82948721519458 86.0 95.0 48.0
20.280760877823955 30.586255451839186 148.82897462177016 72.0 80.0 40.0
20.734565661678985 29.22481803319063 148.82705252361194 134.0 144.0 66.0
20.73456370763542 29.67862985472563 148.8265399301875 140.0 149.0 72.0
20.73456175359185 30.132441676260623 148.82602733676308 124.0 135.0 65.0
20.734559799548286 30.58625349779562 148.82551474333863 116.0 124.0 63.0
21.18836653744689 28.77100425761207 148.82410523860486 112.0 126.0 45.0
21.18836458340332 29.224816079147068 148.8235926451804 140.0 150.0 60.0
21.188362629359755 29.678627900682063 148.823080051756 152.0 159.0 70.0
21.18836067531619 30.13243972221706 148.82256745833158 134.0 143.0 63.0
21.188358721272625 30.586251543752052 148.82205486490713 125.0 133.0 69.0
21.64216545917122 28.771002303568505 148.82064536017336 108.0 122.0 39.0
21.642163505127655 29.2248141251035 148.82013276674894 138.0 148.0 52.0
21.64216155108409 29.678625946638498 148.8196201733245 150.0 159.0 64.0
21.642159597040525 30.132437768173492 148.81910757990005 133.0 142.0 60.0
21.64215764299696 30.58624958970849 148.81859498647563 116.0 125.0 60.0
22.09596633493912 28.31718852798994 148.81769807516628 99.0 111.0 38.0
22.095964380895555 28.77100034952494 148.81718548174186 126.0 138.0 48.0
22.09596242685199 29.224812171059938 148.8166728883174 148.0 158.0 54.0
22.095960472808425 29.67862399259493 148.816160294893 146.0 156.0 60.0
22.095958518764856 30.132435814129927 148.81564770146858 105.0 116.0 48.0
22.09595656472129 30.58624763566492 148.81513510804413 87.0 96.0 47.0
22.549765256663456 28.317186573946376 148.81423819673478 105.0 116.0 41.0
22.54976330261989 28.77099839548137 148.81372560331036 142.0 153.0 55.0
22.549761348576325 29.22481021701637 148.8132130098859 157.0 167.0 56.0
22.549759394532757 29.678622038551367 148.8127004164615 151.0 161.0 63.0
22.54975744048919 30.13243386008636 148.81218782303705 109.0 119.0 53.0
22.549755486445626 30.586245681621357 148.81167522961263 71.0 82.0 43.0
23.00356417838779 28.31718461990281 148.81077831830328 84.0 95.0 32.0
23.003562224344225 28.770996441437806 148.81026572487883 129.0 141.0 49.0
23.003560270300657 29.224808262972804 148.8097531314544 150.0 160.0 54.0
23.00355831625709 29.6786200845078 148.80924053803 155.0 164.0 72.0
23.003556362213526 30.132431906042797 148.80872794460555 113.0 120.0 64.0
23.457365054155694 27.863370844324248 148.8078310332962 76.0 87.0 30.0
23.457363100112122 28.317182665859246 148.80731843987178 99.0 108.0 42.0
23.457361146068557 28.77099448739424 148.80680584644736 118.0 128.0 54.0
23.45735919202499 29.224806308929235 148.80629325302291 162.0 170.0 85.0
23.457357237981427 29.678618130464233 148.80578065959847 128.0 136.0 75.0
23.45735528393786 30.132429951999228 148.80526806617405 76.0 85.0 48.0
20.28422466434259 29.679144402193625 149.28379844084475 105.0 114.0 57.0
20.284222710299023 30.132956223728623 149.28328584742033 87.0 96.0 49.0
20.284220756255458 30.586768045263614 149.2827732539959 79.0 85.0 46.0
20.738027494154057 28.771518805080067 149.2813637492621 121.0 132.0 63.0
20.738025540110492 29.22533062661506 149.2808511558377 146.0 155.0 76.0
20.738023586066923 29.67914244815006 149.28033856241328 139.0 148.0 70.0
20.738021632023358 30.132954269685055 149.27982596898883 126.0 136.0 67.0
20.738019677979793 30.586766091220053 149.27931337556439 122.0 132.0 69.0
21.19182836992196 28.317705029501504 149.27841646425506 105.0 120.0 46.0
21.191826415878392 28.771516851036502 149.2779038708306 128.0 140.0 56.0
21.191824461834827 29.2253286725715 149.2773912774062 144.0 154.0 66.0
21.19182250779126 29.67914049410649 149.27687868398175 153.0 161.0 74.0
21.191820553747696 30.13295231564149 149.27636609055733 136.0 146.0 68.0
21.191818599704128 30.586764137176484 149.27585349713289 127.0 137.0 71.0
21.645627291646292 28.31770307545794 149.27495658582353 110.0 122.0 46.0
21.645625337602727 28.771514896992933 149.2744439923991 133.0 143.0 56.0
21.645623383559162 29.22532671852793 149.2739313989747 144.0 153.0 58.0
21.645621429515597 29.67913854006293 149.27341880555025 141.0 151.0 60.0
21.645619475472028 30.13295036159792 149.2729062121258 126.0 136.0 58.0
21.645617521428463 30.586762183132922 149.2723936187014 100.0 111.0 50.0
22.099426213370627 28.317701121414373 149.27149670739206 122.0 133.0 52.0
22.099424259327062 28.771512942949368 149.27098411396761 141.0 151.0 59.0
22.099422305283497 29.225324764484366 149.27047152054317 154.0 163.0 61.0
22.099420351239928 29.67913658601936 149.26995892711872 140.0 151.0 57.0
22.099418397196363 30.13294840755436 149.26944633369433 95.0 108.0 40.0
22.099416443152798 30.58676022908935 149.2689337402699 76.0 89.0 36.0
22.55322708913853 27.86388734583581 149.26854942238498 99.0 111.0 38.0
22.553225135094962 28.317699167370808 149.26803682896053 115.0 127.0 45.0
22.553223181051393 28.771510988905803 149.26752423553611 148.0 158.0 60.0
22.55322122700783 29.225322810440797 149.26701164211167 159.0 169.0 62.0
22.553219272964263 29.6791346319758 149.26649904868725 152.0 161.0 65.0
22.553217318920698 30.13294645351079 149.2659864552628 95.0 107.0 41.0
23.007026010862866 27.863885391792245 149.26508954395348 103.0 113.0 42.0
23.007024056819294 28.31769721332724 149.26457695052903 115.0 127.0 44.0
23.00702210277573 28.771509034862238 149.2640643571046 138.0 150.0 53.0
23.007020148732163 29.225320856397236 149.26355176368017 158.0 169.0 64.0
23.007018194688598 29.679132677932227 149.26303917025575 170.0 179.0 87.0
23.007016240645033 30.13294449946723 149.2625265768313 98.0 108.0 48.0
23.460826886630763 27.410071616213685 149.2621422589464 86.0 98.0 32.0
23.460824932587197 27.86388343774868 149.26162966552195 110.0 121.0 45.0
23.46082297854363 28.317695259283674 149.2611170720975 102.0 113.0 39.0
23.460821024500063 28.771507080818672 149.26060447867312 104.0 115.0 42.0
23.4608190704565 29.225318902353667 149.26009188524867 154.0 165.0 78.0
23.46081711641293 29.679130723888665 149.25957929182422 161.0 169.0 98.0
23.914623854311536 27.863881483705114 149.25816978709045 101.0 109.0 41.0
23.914621900267967 28.31769330524011 149.25765719366603 73.0 82.0 28.0
20.28768649681766 29.225845174083062 149.73810966649495 93.0 100.0 54.0
20.28768454277409 29.679656995618053 149.7375970730705 98.0 106.0 54.0
20.287682588730526 30.133468817153055 149.7370844796461 96.0 105.0 55.0
20.28768063468696 30.587280638688046 149.73657188622167 79.0 86.0 47.0
20.741487372585556 28.7720313985045 149.73516238148787 106.0 117.0 56.0
20.74148541854199 29.225843220039494 149.73464978806342 147.0 156.0 79.0
20.741483464498426 29.67965504157449 149.73413719463903 140.0 149.0 74.0
20.74148151045486 30.133466863109483 149.7336246012146 133.0 143.0 74.0
20.741479556411296 30.587278684644485 149.73311200779014 120.0 129.0 70.0
21.19528824835346 28.318217622925935 149.73221509648081 108.0 120.0 52.0
21.195286294309895 28.77202944446093 149.73170250305637 132.0 144.0 62.0
21.19528434026633 29.225841265995932 149.73118990963195 151.0 159.0 72.0
21.195282386222765 29.679653087530923 149.7306773162075 153.0 161.0 77.0
21.195280432179196 30.13346490906592 149.7301647227831 133.0 142.0 67.0
21.19527847813563 30.587276730600916 149.72965212935867 124.0 133.0 69.0
21.649089124121364 27.864403847347372 149.72926781147373 111.0 122.0 54.0
21.649087170077795 28.31821566888237 149.7287552180493 131.0 142.0 61.0
21.64908521603423 28.772027490417365 149.72824262462487 142.0 151.0 63.0
21.649083261990665 29.22583931195236 149.72773003120045 154.0 163.0 67.0
21.649081307947096 29.67965113348736 149.727217437776 147.0 156.0 66.0
21.64907935390353 30.133462955022353 149.7267048443516 134.0 144.0 67.0
21.649077399859966 30.58727477655735 149.72619225092714 100.0 111.0 55.0
22.1028880458457 27.864401893303807 149.7258079330422 127.0 139.0 57.0
22.10288609180213 28.318213714838805 149.72529533961782 137.0 147.0 62.0
22.10288413775856 28.7720255363738 149.72478274619337 151.0 160.0 66.0
22.102882183714996 29.225837357908798 149.72427015276892 159.0 168.0 68.0
22.10288022967143 29.679649179443793 149.7237575593445 151.0 160.0 67.0
22.102878275627866 30.13346100097879 149.7232449659201 123.0 133.0 57.0
22.1028763215843 30.587272822513782 149.72273237249564 77.0 88.0 35.0
22.556686967570034 27.86439993926024 149.72234805461073 133.0 145.0 56.0
22.55668501352646 28.318211760795236 149.7218354611863 137.0 149.0 57.0
22.556683059482896 28.772023582330235 149.72132286776184 154.0 164.0 64.0
22.55668110543933 29.22583540386523 149.72081027433745 162.0 172.0 68.0
22.556679151395766 29.679647225400227 149.720297680913 163.0 172.0 76.0
22.5566771973522 30.133459046935222 149.71978508748856 104.0 115.0 43.0
23.01048784333793 27.410586163681682 149.71940076960365 105.0 116.0 41.0
23.010485889294365 27.864397985216677 149.71888817617923 127.0 138.0 50.0
23.010483935250797 28.31820980675167 149.7183755827548 128.0 140.0 46.0
23.01048198120723 28.772021628286666 149.71786298933037 142.0 154.0 55.0
23.010480027163666 29.225833449821668 149.71735039590592 167.0 179.0 74.0
23.010478073120098 29.67964527135666 149.7168378024815 168.0 177.0 82.0
23.010476119076532 30.133457092891657 149.71632520905706 75.0 89.0 29.0
23.464286765062266 27.410584209638113 149.71594089117215 88.0 99.0 35.0
23.4642848110187 27.86439603117311 149.7154282977477 111.0 123.0 41.0
23.46428285697513 28.318207852708106 149.7149157043233 116.0 128.0 43.0
23.464280902931566 28.7720196742431 149.71440311089887 122.0 134.0 51.0
23.464278948887998 29.2258314957781 149.71389051747443 148.0 158.0 76.0
23.464276994844433 29.679643317313097 149.71337792404998 112.0 124.0 58.0
23.91808373274304 27.864394077129543 149.71196841931624 106.0 115.0 40.0
23.918081778699467 28.31820589866454 149.7114558258918 89.0 97.0 38.0
20.291146375249163 29.226357767507494 150.1919082987207 76.0 83.0 44.0
20.291144421205598 29.680169589042485 150.1913957052963 100.0 111.0 56.0
20.291142467162032 30.133981410577483 150.19088311187184 95.0 105.0 53.0
20.744947251017063 28.77254399192893 150.18896101371362 97.0 107.0 52.0
20.744945296973498 29.226355813463925 150.1884484202892 151.0 159.0 85.0
20.744943342929933 29.680167634998924 150.1879358268648 143.0 152.0 76.0
20.744941388886364 30.133979456533915 150.18742323344034 132.0 142.0 74.0
20.7449394348428 30.587791278068913 150.18691064001592 120.0 130.0 70.0
21.198750080828535 27.864918394815373 150.186526322131 115.0 124.0 62.0
21.198748126784967 28.31873021635037 150.18601372870654 104.0 117.0 51.0
21.1987461727414 28.772542037885366 150.18550113528215 136.0 148.0 66.0
21.198744218697836 29.22635385942036 150.1849885418577 154.0 162.0 75.0
21.198742264654268 29.680165680955355 150.18447594843326 152.0 160.0 78.0
21.198740310610702 30.133977502490353 150.18396335500884 137.0 147.0 74.0
21.198738356567137 30.587789324025344 150.18345076158442 122.0 131.0 71.0
21.65254900255287 27.864916440771808 150.1830664436995 143.0 153.0 73.0
21.6525470485093 28.318728262306802 150.18255385027507 138.0 148.0 64.0
21.652545094465733 28.7725400838418 150.18204125685062 146.0 156.0 66.0
21.652543140422168 29.22635190537679 150.18152866342618 161.0 170.0 76.0
21.652541186378603 29.68016372691179 150.18101607000176 157.0 165.0 76.0
21.652539232335037 30.133975548446784 150.18050347657734 152.0 160.0 84.0
21.652537278291472 30.587787369981783 150.1799908831529 119.0 128.0 72.0
22.10634987832077 27.411102665193248 150.1801191586924 101.0 113.0 45.0
22.106347924277202 27.864914486728242 150.179606565268 150.0 159.0 72.0
22.106345970233633 28.318726308263237 150.17909397184357 141.0 151.0 62.0
22.106344016190068 28.77253812979823 150.17858137841912 156.0 165.0 71.0
22.106342062146503 29.22634995133323 150.1780687849947 168.0 177.0 82.0
22.106340108102938 29.68016177286822 150.17755619157026 167.0 175.0 85.0
22.10633815405937 30.13397359440322 150.17704359814584 141.0 150.0 71.0
22.560148800045102 27.41110071114968 150.17665928026094 121.0 133.0 52.0
22.560146846001537 27.864912532684677 150.1761466868365 144.0 155.0 61.0
22.560144891957968 28.318724354219672 150.17563409341204 140.0 152.0 55.0
22.560142937914403 28.772536175754666 150.17512149998763 155.0 166.0 66.0
22.560140983870838 29.22634799728966 150.1746089065632 175.0 184.0 88.0
22.56013902982727 29.68015981882466 150.17409631313876 179.0 186.0 94.0
22.560137075783704 30.13397164035965 150.17358371971432 102.0 112.0 41.0
23.013947721769437 27.411098757106114 150.1731994018294 128.0 138.0 58.0
23.013945767725872 27.86491057864111 150.17268680840496 141.0 152.0 55.0
23.013943813682303 28.318722400176107 150.17217421498054 138.0 150.0 51.0
23.013941859638738 28.7725342217111 150.17166162155613 152.0 163.0 63.0
23.01393990559517 29.226346043246096 150.17114902813168 182.0 193.0 92.0
23.013937951551604 29.68015786478109 150.17063643470723 146.0 160.0 66.0
23.01393599750804 30.13396968631609 150.17012384128284 68.0 81.0 24.0
23.467746643493772 27.41109680306255 150.1697395233979 121.0 131.0 54.0
23.467744689450207 27.864908624597543 150.1692269299735 121.0 134.0 42.0
23.467742735406635 28.31872044613254 150.16871433654904 138.0 150.0 55.0
23.46774078136307 28.772532267667536 150.1682017431246 164.0 175.0 85.0
23.467738827319504 29.226344089202527 150.16768914970018 109.0 116.0 62.0
23.921543611174542 27.864906670553978 150.165767051542 106.0 118.0 38.0
23.921541657130973 28.318718492088973 150.16525445811754 116.0 126.0 50.0
20.2946042996371 29.680682182466917 150.64519433752204 81.0 92.0 43.0
20.748407129448566 28.773056585353363 150.6427596459394 91.0 99.0 50.0
20.748405175405 29.226868406888354 150.64224705251496 155.0 163.0 88.0
20.748403221361432 29.680680228423352 150.64173445909054 150.0 160.0 81.0
20.748401267317867 30.134492049958347 150.6412218656661 135.0 146.0 75.0
20.7483993132743 30.588303871493345 150.64070927224168 119.0 127.0 73.0
21.20220995926004 27.865430988239805 150.64032495435674 131.0 143.0 66.0
21.20220800521647 28.3192428097748 150.63981236093232 130.0 142.0 62.0
21.2022060511729 28.773054631309797 150.6392997675079 150.0 160.0 73.0
21.202204097129336 29.226866452844792 150.63878717408346 157.0 166.0 76.0
21.20220214308577 29.680678274379783 150.63827458065902 154.0 162.0 76.0
21.202200189042205 30.134490095914785 150.6377619872346 152.0 161.0 84.0
21.20219823499864 30.588301917449776 150.63724939381018 126.0 133.0 76.0
21.65601083502794 27.41161721266124 150.63737766934966 132.0 142.0 70.0
21.656008880984373 27.86542903419624 150.63686507592524 153.0 163.0 74.0
21.6560069269408 28.319240855731234 150.63635248250083 144.0 154.0 61.0
21.656004972897236 28.77305267726623 150.63583988907638 153.0 163.0 67.0
21.65600301885367 29.226864498801223 150.63532729565193 162.0 171.0 76.0
21.656001064810106 29.68067632033622 150.63481470222754 157.0 166.0 77.0
21.65599911076654 30.134488141871213 150.6343021088031 151.0 160.0 80.0
22.10980975675227 27.411615258617676 150.6339177909182 147.0 156.0 73.0
22.109807802708705 27.865427080152674 150.63340519749374 155.0 165.0 70.0
22.109805848665136 28.31923890168767 150.6328926040693 148.0 159.0 63.0
22.10980389462157 28.773050723222664 150.63238001064488 159.0 168.0 72.0
22.109801940578006 29.226862544757658 150.63186741722046 174.0 183.0 91.0
22.109799986534437 29.680674366292653 150.63135482379602 161.0 170.0 82.0
22.109798032490872 30.13448618782765 150.63084223037157 127.0 137.0 60.0
22.563608678476605 27.41161330457411 150.6304579124867 142.0 152.0 63.0
22.56360672443304 27.865425126109105 150.62994531906224 151.0 161.0 61.0
22.56360477038947 28.319236947644104 150.6294327256378 151.0 162.0 59.0
22.563602816345906 28.7730487691791 150.62892013221338 163.0 172.0 77.0
22.563600862302337 29.22686059071409 150.62840753878896 193.0 201.0 114.0
22.563598908258772 29.68067241224909 150.62789494536452 164.0 175.0 89.0
22.563596954215207 30.134484233784082 150.6273823519401 90.0 102.0 38.0
23.01740760020094 27.411611350530546 150.62699803405516 141.0 150.0 64.0
23.017405646157375 27.86542317206554 150.62648544063072 153.0 163.0 64.0
23.017403692113803 28.319234993600535 150.62597284720633 148.0 160.0 57.0
23.017401738070237 28.773046815135533 150.62546025378188 155.0 167.0 69.0
23.017399784026672 29.226858636670528 150.62494766035744 187.0 197.0 108.0
23.471206521925275 27.41160939648698 150.62353815562366 144.0 154.0 69.0
23.471204567881706 27.865421218021975 150.62302556219925 140.0 151.0 56.0
23.471202613838138 28.31923303955697 150.6225129687748 159.0 169.0 71.0
23.471200659794572 28.773044861091968 150.62200037535035 168.0 176.0 94.0
23.92500544364961 27.41160744244341 150.62007827719216 84.0 94.0 37.0
23.925003489606045 27.86541926397841 150.61956568376772 115.0 127.0 51.0
23.925001535562476 28.319231085513405 150.6190530903433 98.0 102.0 49.0
20.298064178068604 29.681194775891345 151.0989929697478 111.0 123.0 61.0
20.29806222402504 30.135006597426347 151.09848037632335 85.0 94.0 51.0
20.75186700788007 28.77356917877779 151.09655827816516 122.0 130.0 66.0
20.751865053836504 29.227381000312793 151.09604568474072 157.0 167.0 83.0
20.75186309979294 29.681192821847784 151.09553309131627 150.0 161.0 78.0
20.751861145749373 30.13500464338278 151.09502049789188 145.0 155.0 82.0
20.751859191705808 30.588816464917777 151.09450790446743 94.0 101.0 60.0
21.20566983769154 27.865943581664236 151.0941235865825 110.0 123.0 48.0
21.205667883647973 28.31975540319923 151.09361099315808 143.0 154.0 66.0
21.205665929604407 28.773567224734226 151.09309839973363 164.0 173.0 79.0
21.205663975560842 29.227379046269224 151.09258580630922 162.0 171.0 78.0
21.205662021517277 29.681190867804215 151.0920732128848 152.0 162.0 77.0
21.20566006747371 30.135002689339213 151.09156061946035 140.0 149.0 76.0
21.65947071345944 27.412129806085673 151.09117630157542 149.0 160.0 80.0
21.659468759415876 27.865941627620668 151.09066370815103 142.0 154.0 63.0
21.659466805372308 28.319753449155666 151.09015111472658 148.0 159.0 62.0
21.659464851328742 28.77356527069066 151.08963852130213 156.0 165.0 68.0
21.659462897285177 29.22737709222566 151.08912592787772 159.0 169.0 72.0
21.65946094324161 29.681188913760653 151.0886133344533 149.0 160.0 66.0
21.659458989198043 30.135000735295645 151.08810074102885 111.0 122.0 56.0
22.113269635183777 27.412127852042108 151.08771642314395 157.0 168.0 80.0
22.11326768114021 27.865939673577103 151.0872038297195 159.0 169.0 68.0
22.113265727096643 28.3197514951121 151.08669123629505 156.0 166.0 67.0
22.113263773053077 28.773563316647095 151.08617864287066 159.0 168.0 73.0
22.11326181900951 29.22737513818209 151.08566604944622 169.0 178.0 88.0
22.113259864965944 29.681186959717085 151.08515345602177 140.0 151.0 69.0
22.567070510951677 26.958314076463544 151.08476913813686 79.0 87.0 37.0
22.56706855690811 27.412125897998543 151.08425654471242 155.0 164.0 71.0
22.567066602864546 27.865937719533537 151.083743951288 160.0 171.0 65.0
22.567064648820974 28.319749541068532 151.08323135786358 161.0 172.0 68.0
22.56706269477741 28.77356136260353 151.08271876443914 175.0 185.0 87.0
22.567060740733844 29.22737318413853 151.0822061710147 191.0 200.0 117.0
22.56705878669028 29.68118500567352 151.08169357759027 130.0 144.0 70.0
23.02086943267601 26.95831212241998 151.08130925970536 99.0 108.0 49.0
23.020867478632443 27.412123943954974 151.08079666628092 153.0 163.0 70.0
23.020865524588878 27.865935765489972 151.0802840728565 155.0 165.0 60.0
23.02086357054531 28.319747587024967 151.07977147943205 165.0 175.0 68.0
23.020861616501744 28.77355940855996 151.07925888600764 190.0 200.0 103.0
23.02085966245818 29.22737123009496 151.0787462925832 175.0 188.0 103.0
23.474668354400343 26.958310168376414 151.07784938127384 106.0 117.0 51.0
23.474666400356778 27.41212198991141 151.07733678784945 138.0 150.0 61.0
23.474664446313213 27.865933811446407 151.076824194425 154.0 165.0 68.0
23.474662492269644 28.3197456329814 151.07631160100055 175.0 186.0 91.0
23.47466053822608 28.773557454516396 151.0757990075761 142.0 146.0 90.0
23.928465322081117 27.412120035867844 151.07387690941792 90.0 104.0 40.0
23.92846336803755 27.86593185740284 151.07336431599347 97.0 101.0 55.0
20.30152601054367 29.227895547780786 151.553304195398 73.0 83.0 41.0
20.301524056500106 29.681707369315777 151.55279160197355 98.0 106.0 61.0
20.755326886311572 28.774081772202223 151.55035691039092 144.0 153.0 81.0
20.755324932268007 29.22789359373722 151.54984431696647 140.0 151.0 74.0
20.75532297822444 29.681705415272216 151.54933172354205 151.0 160.0 88.0
20.755321024180876 30.135517236807207 151.54881913011764 95.0 104.0 56.0
21.209129716123044 27.866456175088665 151.54792221880828 92.0 102.0 43.0
21.209127762079476 28.320267996623663 151.54740962538384 155.0 164.0 78.0
21.20912580803591 28.774079818158658 151.5468970319594 159.0 167.0 82.0
21.209123853992345 29.227891639693652 151.54638443853497 152.0 162.0 74.0
21.209121899948777 29.681703461228647 151.54587184511055 149.0 160.0 79.0
21.662930591890944 27.412642399510105 151.5449749338012 115.0 125.0 59.0
21.66292863784738 27.8664542210451 151.54446234037675 147.0 157.0 66.0
21.66292668380381 28.320266042580094 151.54394974695234 156.0 166.0 69.0
21.662924729760245 28.774077864115092 151.5434371535279 157.0 167.0 71.0
21.662922775716677 29.22788968565009 151.54292456010347 156.0 166.0 69.0
21.66292082167311 29.681701507185082 151.54241196667903 144.0 156.0 74.0
22.11672951361528 27.41264044546654 151.5415150553697 153.0 164.0 77.0
22.116727559571714 27.866452267001534 151.54100246194525 158.0 168.0 70.0
22.116725605528142 28.32026408853653 151.5404898685208 161.0 172.0 72.0
22.116723651484577 28.774075910071527 151.53997727509642 169.0 180.0 86.0
22.11672169744101 29.227887731606522 151.53946468167197 167.0 178.0 92.0
22.116719743397447 29.681699553141513 151.53895208824753 73.0 82.0 37.0
22.57053038938318 26.958826669887976 151.53856777036262 132.0 143.0 67.0
22.57052843533961 27.41263849142297 151.53805517693817 156.0 168.0 72.0
22.570526481296046 27.86645031295797 151.53754258351375 163.0 173.0 70.0
22.570524527252477 28.320262134492964 151.53702999008934 181.0 190.0 92.0
22.570522573208912 28.77407395602796 151.5365173966649 191.0 200.0 121.0
22.570520619165347 29.22788577756296 151.53600480324044 192.0 200.0 132.0
23.02432931110751 26.95882471584441 151.53510789193112 136.0 145.0 69.0
23.024327357063946 27.412636537379406 151.53459529850667 149.0 160.0 65.0
23.02432540302038 27.8664483589144 151.53408270508226 169.0 180.0 76.0
23.024323448976812 28.3202601804494 151.5335701116578 195.0 204.0 104.0
23.024321494933247 28.774072001984393 151.5330575182334 191.0 201.0 115.0
23.478128232831846 26.958822761800846 151.5316480134996 104.0 115.0 50.0
23.47812627878828 27.41263458333584 151.53113542007517 136.0 148.0 64.0
23.478124324744716 27.866446404870835 151.53062282665076 174.0 185.0 91.0
23.478122370701147 28.320258226405834 151.5301102332263 188.0 197.0 108.0
23.47812041665758 28.77407004794083 151.5295976398019 77.0 87.0 41.0
23.93192520051262 27.412632629292276 151.52767554164367 81.0 91.0 41.0
20.758788718786644 28.32078254409166 152.0046681360411 82.0 87.0 49.0
20.75878676474308 28.774594365626655 152.00415554261667 145.0 155.0 87.0
20.758784810699513 29.228406187161653 152.00364294919223 147.0 157.0 90.0
20.758782856655944 29.682218008696644 152.0031303557678 133.0 141.0 90.0
21.21258959455455 27.866968768513097 152.00172085103404 109.0 118.0 58.0
21.212587640510982 28.32078059004809 152.0012082576096 175.0 184.0 94.0
21.212585686467413 28.77459241158309 152.00069566418514 159.0 168.0 85.0
21.212583732423848 29.228404233118084 152.00018307076076 151.0 161.0 84.0
21.212581778380283 29.682216054653075 151.9996704773363 111.0 117.0 71.0
21.66639047032245 27.413154992934533 151.99877356602695 103.0 115.0 49.0
21.666388516278886 27.86696681446953 151.9982609726025 155.0 166.0 73.0
21.666386562235314 28.320778636004526 151.9977483791781 162.0 173.0 77.0
21.66638460819175 28.77459045753952 151.99723578575367 161.0 171.0 81.0
21.666382654148183 29.228402279074523 151.99672319232923 156.0 168.0 87.0
22.12019134609035 26.959341217355973 151.99582628101987 82.0 91.0 43.0
22.120189392046782 27.413153038890968 151.99531368759546 161.0 172.0 83.0
22.120187438003217 27.866964860425966 151.994801094171 149.0 161.0 65.0
22.12018548395965 28.32077668196096 151.9942885007466 168.0 180.0 84.0
22.120183529916083 28.774588503495956 151.99377590732215 169.0 180.0 95.0
22.120181575872518 29.228400325030954 151.99326331389773 125.0 133.0 78.0
22.573990267814683 26.95933926331241 151.99236640258837 159.0 169.0 89.0
22.573988313771117 27.413151084847403 151.99185380916393 173.0 183.0 89.0
22.573986359727552 27.866962906382398 151.9913412157395 171.0 183.0 82.0
22.573984405683984 28.320774727917396 151.9908286223151 188.0 199.0 103.0
22.57398245164042 28.77458654945239 151.99031602889065 191.0 200.0 125.0
23.027789189539018 26.959337309268843 151.98890652415687 168.0 177.0 99.0
23.027787235495452 27.413149130803838 151.98839393073246 189.0 199.0 106.0
23.027785281451887 27.866960952338832 151.987881337308 193.0 204.0 108.0
23.02778332740832 28.320772773873827 151.98736874388356 204.0 212.0 127.0
23.02778137336475 28.774584595408825 151.98685615045915 161.0 171.0 102.0
23.481586157219787 27.413147176760273 151.98493405230093 159.0 166.0 94.0
23.48158420317622 27.866958998295267 151.9844214588765 169.0 171.0 104.0
23.48158224913265 28.320770819830262 151.9839088654521 84.0 96.0 43.0
20.76224664317458 28.775106959051087 152.45795417484243 113.0 123.0 70.0
20.762244689131013 29.228918780586085 152.457441581418 99.0 106.0 68.0
21.216049472986054 27.867481361937532 152.4555194832598 142.0 151.0 81.0
21.21604751894248 28.321293183472527 152.45500688983535 175.0 184.0 102.0
21.216045564898916 28.77510500500752 152.45449429641093 168.0 178.0 102.0
21.21604361085535 29.228916826542516 152.45398170298648 129.0 136.0 86.0
21.66985034875395 27.41366758635897 152.4525721982527 128.0 139.0 69.0
21.669848394710385 27.867479407893963 152.45205960482826 176.0 187.0 99.0
21.669846440666817 28.32129122942896 152.45154701140387 182.0 192.0 102.0
21.66984448662325 28.775103050963956 152.45103441797943 171.0 182.0 100.0
21.669842532579686 29.22891487249895 152.45052182455498 106.0 110.0 66.0
22.12365122452185 26.95985381078041 152.44962491324563 72.0 81.0 39.0
22.123649270478285 27.413665632315404 152.4491123198212 186.0 196.0 113.0
22.12364731643472 27.867477453850398 152.4485997263968 189.0 200.0 107.0
22.12364536239115 28.321289275385393 152.44808713297235 195.0 205.0 116.0
22.123643408347586 28.77510109692039 152.4475745395479 160.0 168.0 96.0
22.577450146246186 26.95985185673684 152.44616503481413 159.0 165.0 98.0
22.57744819220262 27.41366367827184 152.4456524413897 201.0 210.0 122.0
22.577446238159055 27.867475499806833 152.44513984796527 204.0 210.0 120.0
22.577444284115487 28.321287321341828 152.44462725454085 228.0 231.0 161.0
22.577442330071918 28.775099142876826 152.4441146611164 86.0 98.0 52.0
23.03124906797052 26.959849902693275 152.44270515638263 87.0 89.0 57.0
23.031247113926955 27.41366172422827 152.4421925629582 222.0 224.0 162.0
23.031245159883387 27.867473545763268 152.44167996953377 215.0 218.0 142.0
23.031243205839818 28.321285367298263 152.44116737610932 85.0 102.0 39.0
21.673308273141892 27.867992001318395 152.90585823705402 144.0 149.0 94.0
21.673306319098323 28.32180382285339 152.9053456436296 99.0 103.0 59.0
22.127109148909792 27.414178225739835 152.90291095204694 203.0 211.0 139.0
22.127107194866227 27.86799004727483 152.90239835862255 210.0 216.0 142.0
22.127105240822655 28.321801868809825 152.9018857651981 136.0 142.0 81.0
22.580910024677692 26.960364450161272 152.89996366703988 139.0 143.0 90.0
22.580908070634127 27.414176271696267 152.89945107361547 229.0 232.0 168.0
22.58090611659056 27.867988093231265 152.89893848019102 209.0 212.0 132.0
23.03470699235846 27.4141743176527 152.89599119518397 160.0 161.0 116.0
23.034705038314893 27.867986139187696 152.89547860175952 85.0 95.0 44.0
22.584367949065626 27.4146888651207 153.35324970584122 181.0 186.0 120.0
