-4.869 8.029 168.823 73.000 81.000 19.000
-3.496 8.955 167.461 103.000 115.000 32.000
-3.039 8.498 167.458 86.000 89.000 34.000
-3.039 8.955 167.462 105.000 112.000 35.000
-3.497 8.951 167.918 137.000 148.000 47.000
-3.497 9.408 167.922 128.000 137.000 48.000
-3.497 9.865 167.926 84.000 89.000 31.000
-3.040 8.494 167.915 122.000 124.000 41.000
-3.040 8.951 167.919 147.000 152.000 51.000
-3.040 9.408 167.923 132.000 137.000 50.000
-3.040 9.865 167.927 85.000 88.000 31.000
-3.954 9.404 168.379 101.000 110.000 27.000
-3.497 8.947 168.375 153.000 161.000 53.000
-3.497 9.404 168.379 155.000 161.000 59.000
-3.497 9.861 168.383 115.000 119.000 43.000
-3.040 8.490 168.372 155.000 162.000 56.000
-3.040 8.947 168.376 160.000 166.000 57.000
-3.040 9.404 168.380 157.000 162.000 65.000
-3.040 9.861 168.384 152.000 157.000 68.000
-3.955 9.400 168.836 92.000 102.000 25.000
-3.955 9.857 168.840 77.000 82.000 21.000
-3.498 8.943 168.832 142.000 151.000 41.000
-3.498 9.400 168.836 149.000 156.000 49.000
-3.498 9.857 168.840 154.000 160.000 58.000
-3.041 8.486 168.829 161.000 167.000 57.000
-3.041 8.943 168.833 164.000 168.000 53.000
-3.041 9.400 168.837 162.000 166.000 57.000
-3.955 9.396 169.293 89.000 97.000 23.000
-3.955 9.853 169.297 114.000 119.000 32.000
-3.498 8.939 169.289 134.000 140.000 36.000
-3.498 9.396 169.293 144.000 149.000 45.000
-3.498 9.853 169.297 150.000 156.000 54.000
-3.041 8.482 169.286 166.000 172.000 52.000
-3.041 8.939 169.290 171.000 175.000 53.000
-3.041 9.396 169.294 166.000 169.000 57.000
-3.499 8.935 169.746 121.000 128.000 31.000
-3.499 9.392 169.750 129.000 135.000 35.000
-3.499 9.849 169.754 131.000 134.000 39.000
-3.042 8.478 169.743 135.000 142.000 38.000
-3.042 8.935 169.747 155.000 162.000 46.000
-3.042 9.392 169.751 167.000 171.000 58.000
-3.956 9.388 170.207 77.000 86.000 18.000
-3.956 9.845 170.211 82.000 88.000 15.000
-3.499 8.931 170.203 125.000 133.000 30.000
-3.499 9.388 170.207 115.000 120.000 26.000
-3.499 9.845 170.211 126.000 130.000 34.000
-3.042 8.474 170.200 129.000 139.000 37.000
-3.042 8.931 170.204 135.000 143.000 35.000
-4.413 9.841 170.667 84.000 90.000 19.000
-3.957 9.384 170.664 95.000 103.000 23.000
-3.957 9.841 170.668 116.000 121.000 29.000
-3.500 8.927 170.660 121.000 128.000 31.000
-3.500 9.384 170.664 108.000 114.000 25.000
-3.043 8.470 170.657 134.000 142.000 43.000
-4.414 9.837 171.124 89.000 95.000 20.000
-3.957 9.380 171.121 100.000 108.000 25.000
-3.957 9.837 171.125 135.000 143.000 42.000
-3.500 8.923 171.117 86.000 94.000 19.000
-3.500 9.380 171.121 102.000 110.000 26.000
-4.414 9.833 171.581 102.000 107.000 29.000
-3.957 9.376 171.578 135.000 145.000 48.000
-3.957 9.833 171.582 150.000 158.000 56.000
-3.500 8.919 171.574 75.000 87.000 17.000
-3.500 9.376 171.578 116.000 124.000 37.000
-4.415 9.829 172.038 109.000 115.000 48.000
-3.958 9.372 172.035 144.000 154.000 57.000
-3.958 9.829 172.039 143.000 152.000 57.000
-3.501 8.915 172.031 84.000 94.000 25.000
-3.501 9.372 172.035 124.000 132.000 43.000
-4.415 9.368 172.491 96.000 98.000 40.000
-4.415 9.825 172.495 123.000 127.000 59.000
-3.958 9.368 172.492 130.000 134.000 55.000
-3.501 8.911 172.488 92.000 105.000 31.000
-3.501 9.368 172.492 148.000 158.000 60.000
-4.416 9.364 172.948 120.000 123.000 65.000
-4.416 9.821 172.952 98.000 98.000 57.000
-3.959 9.364 172.949 157.000 161.000 85.000
-3.502 9.364 172.949 142.000 147.000 60.000
-3.959 9.360 173.406 85.000 88.000 38.000
-3.502 9.360 173.406 97.000 100.000 36.000
-2.582 8.498 167.458 99.000 103.000 45.000
-2.583 8.037 167.911 121.000 127.000 65.000
-2.583 8.494 167.915 135.000 141.000 62.000
-2.583 8.951 167.919 144.000 148.000 61.000
-2.583 9.408 167.923 130.000 134.000 57.000
-2.583 8.490 168.372 147.000 152.000 61.000
-2.583 8.947 168.376 151.000 154.000 59.000
-2.583 9.404 168.380 154.000 157.000 64.000
-2.126 8.490 168.373 130.000 135.000 63.000
-2.126 8.947 168.377 142.000 145.000 68.000
-2.126 9.404 168.381 133.000 134.000 62.000
-2.584 8.486 168.829 164.000 168.000 65.000
-2.584 8.943 168.833 168.000 171.000 61.000
-2.584 9.400 168.837 161.000 159.000 55.000
-2.127 8.029 168.826 86.000 89.000 37.000
-2.127 8.486 168.830 143.000 148.000 70.000
-2.127 8.943 168.834 161.000 164.000 76.000
-2.584 8.482 169.286 173.000 177.000 67.000
-2.584 8.939 169.290 180.000 183.000 66.000
-2.584 9.396 169.294 173.000 175.000 65.000
-2.127 8.025 169.283 89.000 95.000 44.000
-2.127 8.482 169.287 156.000 160.000 80.000
-2.127 8.939 169.291 177.000 181.000 85.000
-1.670 8.939 169.291 142.000 144.000 85.000
-2.585 8.478 169.743 169.000 176.000 67.000
-2.585 8.935 169.747 177.000 180.000 65.000
-2.585 9.392 169.751 178.000 180.000 68.000
-2.128 8.021 169.740 117.000 124.000 58.000
-2.128 8.478 169.744 160.000 165.000 82.000
-2.128 8.935 169.748 187.000 191.000 94.000
-1.671 8.478 169.744 84.000 86.000 51.000
-1.671 8.935 169.748 167.000 169.000 98.000
-3.042 9.388 170.208 145.000 150.000 43.000
-2.585 8.474 170.200 146.000 155.000 51.000
-2.585 8.931 170.204 159.000 165.000 54.000
-2.585 9.388 170.208 167.000 172.000 66.000
-2.128 8.017 170.197 112.000 120.000 52.000
-2.128 8.474 170.201 145.000 152.000 65.000
-2.128 8.931 170.205 174.000 179.000 80.000
-1.671 8.474 170.201 101.000 103.000 59.000
-1.671 8.931 170.205 178.000 181.000 101.000
-3.043 8.927 170.661 134.000 142.000 38.000
-3.043 9.384 170.665 114.000 119.000 29.000
-2.586 8.013 170.653 103.000 110.000 43.000
-2.586 8.470 170.657 130.000 137.000 41.000
-2.586 8.927 170.661 154.000 161.000 48.000
-2.129 8.470 170.658 106.000 110.000 41.000
-2.129 8.927 170.662 177.000 182.000 77.000
-1.672 8.470 170.658 81.000 83.000 41.000
-3.043 8.466 171.114 91.000 94.000 32.000
-3.043 8.923 171.118 108.000 112.000 34.000
-3.043 9.380 171.122 113.000 118.000 32.000
-2.586 8.466 171.114 109.000 114.000 36.000
-2.586 8.923 171.118 143.000 150.000 45.000
-2.129 8.923 171.118 131.000 132.000 55.000
-3.043 9.376 171.579 107.000 113.000 32.000
-2.586 8.462 171.571 88.000 92.000 35.000
-2.586 8.919 171.575 116.000 119.000 40.000
-2.129 8.462 171.571 81.000 85.000 29.000
-1.672 8.462 171.572 79.000 84.000 32.000
-3.044 9.372 172.036 115.000 121.000 39.000
-4.867 8.041 167.452 96.000 108.000 29.000
-4.867 8.498 167.456 80.000 89.000 18.000
-4.410 8.041 167.453 95.000 109.000 29.000
-4.410 8.498 167.457 66.000 81.000 16.000
-3.953 8.041 167.453 79.000 92.000 26.000
-3.953 8.498 167.457 66.000 83.000 18.000
-3.953 8.955 167.461 64.000 81.000 16.000
-3.496 8.041 167.453 93.000 101.000 41.000
-3.496 8.498 167.457 106.000 118.000 38.000
-4.868 8.037 167.909 101.000 111.000 27.000
-4.868 8.494 167.913 94.000 104.000 22.000
-4.411 8.037 167.910 104.000 116.000 34.000
-4.411 8.494 167.914 81.000 96.000 21.000
-4.411 8.951 167.918 65.000 80.000 14.000
-3.954 8.037 167.910 97.000 110.000 34.000
-3.954 8.494 167.914 95.000 108.000 31.000
-3.954 8.951 167.918 79.000 94.000 20.000
-3.497 7.580 167.906 84.000 93.000 37.000
-3.497 8.037 167.910 104.000 115.000 40.000
-3.497 8.494 167.914 118.000 128.000 40.000
-3.040 7.580 167.907 92.000 96.000 47.000
-3.040 8.037 167.911 91.000 95.000 37.000
-4.868 8.033 168.366 89.000 96.000 24.000
-4.868 8.490 168.370 74.000 83.000 15.000
-4.411 7.576 168.363 86.000 97.000 33.000
-4.411 8.033 168.367 75.000 86.000 20.000
-4.411 8.490 168.371 71.000 85.000 16.000
-4.411 8.947 168.375 69.000 85.000 15.000
-4.411 9.404 168.378 66.000 81.000 14.000
-3.954 7.576 168.363 95.000 105.000 43.000
-3.954 8.033 168.367 85.000 98.000 26.000
-3.954 8.490 168.371 96.000 109.000 27.000
-3.954 8.947 168.375 112.000 123.000 30.000
-3.497 7.576 168.363 102.000 112.000 42.000
-3.497 8.033 168.367 116.000 125.000 44.000
-3.497 8.490 168.371 127.000 137.000 40.000
-3.040 7.576 168.364 128.000 135.000 70.000
-3.040 8.033 168.368 141.000 148.000 61.000
-4.412 8.943 168.831 70.000 82.000 15.000
-3.955 8.029 168.824 76.000 88.000 19.000
-3.955 8.486 168.828 90.000 103.000 25.000
-3.955 8.943 168.832 90.000 101.000 24.000
-3.498 7.572 168.820 82.000 92.000 33.000
-3.498 8.029 168.824 150.000 157.000 57.000
-3.498 8.486 168.828 145.000 155.000 46.000
-3.041 7.572 168.821 99.000 106.000 43.000
-3.041 8.029 168.825 152.000 159.000 60.000
-3.955 8.939 169.289 70.000 83.000 14.000
-3.498 8.025 169.281 131.000 139.000 46.000
-3.498 8.482 169.285 128.000 136.000 35.000
-3.041 7.568 169.278 104.000 113.000 38.000
-3.041 8.025 169.282 143.000 150.000 44.000
-3.499 8.021 169.738 79.000 92.000 18.000
-3.499 8.478 169.742 105.000 116.000 23.000
-3.042 7.564 169.735 85.000 93.000 22.000
-3.042 8.021 169.739 119.000 126.000 34.000
-3.499 8.474 170.199 113.000 121.000 26.000
-3.042 8.017 170.196 117.000 124.000 39.000
-4.413 9.384 170.663 72.000 80.000 17.000
-3.957 8.927 170.660 75.000 86.000 17.000
-3.500 8.470 170.656 113.000 120.000 32.000
-3.043 8.013 170.653 107.000 113.000 40.000
-4.414 9.380 171.120 73.000 81.000 15.000
-3.957 8.923 171.117 70.000 81.000 16.000
-3.500 8.466 171.113 79.000 87.000 21.000
-4.414 8.919 171.573 68.000 82.000 17.000
-4.414 9.376 171.577 87.000 97.000 22.000
-3.957 8.919 171.574 89.000 99.000 25.000
-4.415 9.372 172.034 130.000 139.000 48.000
-4.416 8.907 172.944 85.000 91.000 34.000
-2.583 7.580 167.907 76.000 80.000 43.000
-2.583 7.576 168.364 96.000 99.000 45.000
-2.583 8.033 168.368 128.000 132.000 60.000
-2.584 7.115 168.817 78.000 86.000 30.000
-2.584 7.572 168.821 112.000 119.000 49.000
-2.584 8.029 168.825 152.000 159.000 68.000
-2.584 7.568 169.278 113.000 118.000 46.000
-2.584 8.025 169.282 153.000 160.000 68.000
-2.585 8.021 169.739 149.000 157.000 63.000
-2.585 7.560 170.192 86.000 93.000 42.000
-2.585 8.017 170.196 129.000 137.000 54.000
-4.873 8.907 172.944 94.000 102.000 40.000
-4.873 9.364 172.948 77.000 80.000 36.000
-3.498 10.314 168.844 94.000 97.000 33.000
-3.041 9.857 168.841 163.000 166.000 65.000
-3.041 10.314 168.845 152.000 156.000 68.000
-3.498 10.310 169.301 121.000 124.000 49.000
-3.041 9.853 169.298 165.000 168.000 63.000
-3.041 10.310 169.302 150.000 156.000 68.000
-3.499 10.306 169.758 113.000 116.000 45.000
-3.042 9.849 169.755 171.000 175.000 67.000
-3.499 10.302 170.215 98.000 101.000 34.000
-3.957 10.298 170.672 92.000 96.000 24.000
-3.500 9.841 170.668 135.000 142.000 42.000
-3.500 10.298 170.672 123.000 128.000 44.000
-3.957 10.294 171.129 110.000 116.000 35.000
-3.500 9.837 171.125 135.000 142.000 47.000
-3.500 10.294 171.129 143.000 151.000 60.000
-3.957 10.290 171.586 133.000 141.000 48.000
-3.500 9.833 171.582 143.000 152.000 50.000
-3.500 10.290 171.586 139.000 145.000 61.000
-3.958 10.286 172.043 126.000 132.000 48.000
-3.501 9.829 172.039 137.000 144.000 42.000
-3.501 10.286 172.043 140.000 147.000 56.000
-3.958 9.825 172.496 153.000 157.000 70.000
-3.958 10.282 172.500 136.000 139.000 69.000
-3.501 9.825 172.496 163.000 170.000 72.000
-3.959 9.821 172.953 169.000 172.000 100.000
-3.959 10.278 172.957 139.000 140.000 80.000
-3.502 9.821 172.953 159.000 163.000 71.000
-3.959 9.817 173.410 161.000 163.000 93.000
-3.502 9.817 173.410 180.000 184.000 92.000
-3.960 9.813 173.867 98.000 100.000 56.000
-3.503 9.813 173.867 185.000 189.000 97.000
-3.960 9.809 174.324 114.000 115.000 81.000
-3.498 10.767 169.305 81.000 83.000 37.000
-3.500 10.755 170.676 108.000 113.000 43.000
-3.500 10.751 171.133 128.000 135.000 58.000
-3.500 10.747 171.590 95.000 98.000 47.000
-3.501 10.743 172.047 93.000 94.000 50.000
-5.329 11.196 172.506 76.000 81.000 25.000
-3.501 10.282 172.500 166.000 168.000 82.000
-3.501 10.739 172.504 83.000 84.000 47.000
-3.502 10.278 172.957 182.000 186.000 98.000
-3.502 10.735 172.961 140.000 144.000 82.000
-3.959 10.274 173.414 137.000 138.000 79.000
-3.959 10.731 173.418 94.000 95.000 48.000
-3.502 10.274 173.414 205.000 206.000 128.000
-3.502 10.731 173.418 153.000 153.000 97.000
-3.960 10.270 173.871 119.000 120.000 69.000
-3.503 10.270 173.871 203.000 206.000 129.000
-3.503 10.727 173.875 133.000 132.000 83.000
-3.960 10.266 174.327 171.000 171.000 119.000
-3.503 10.266 174.328 220.000 220.000 162.000
-4.417 10.262 174.784 130.000 130.000 99.000
-3.960 10.262 174.784 227.000 226.000 186.000
-3.960 10.719 174.788 113.000 116.000 68.000
-3.961 10.715 175.245 116.000 117.000 77.000
-2.583 9.861 168.384 147.000 153.000 67.000
-2.583 10.318 168.388 88.000 90.000 46.000
-2.126 9.861 168.385 118.000 119.000 57.000
-2.584 9.857 168.841 151.000 153.000 64.000
-2.584 10.314 168.845 135.000 137.000 72.000
-2.127 9.400 168.838 157.000 159.000 73.000
-2.127 9.857 168.842 144.000 145.000 71.000
-1.670 9.400 168.838 112.000 113.000 65.000
-1.670 9.857 168.842 153.000 154.000 84.000
-2.584 9.853 169.298 165.000 166.000 68.000
-2.584 10.310 169.302 169.000 171.000 83.000
-2.127 9.396 169.295 174.000 176.000 77.000
-2.127 9.853 169.299 162.000 163.000 72.000
-1.670 9.396 169.295 165.000 169.000 90.000
-1.670 9.853 169.299 162.000 165.000 83.000
-1.213 9.853 169.299 83.000 85.000 52.000
-3.042 10.306 169.759 163.000 168.000 74.000
-2.585 9.849 169.755 181.000 183.000 72.000
-2.128 9.392 169.752 181.000 184.000 81.000
-2.128 9.849 169.756 171.000 175.000 72.000
-1.671 9.392 169.752 176.000 180.000 91.000
-1.671 9.849 169.756 167.000 170.000 76.000
-1.214 9.392 169.752 91.000 94.000 53.000
-1.214 9.849 169.756 120.000 123.000 66.000
-3.042 9.845 170.212 164.000 168.000 62.000
-3.042 10.302 170.216 158.000 163.000 73.000
-2.585 9.845 170.212 177.000 181.000 76.000
-2.128 9.388 170.209 174.000 179.000 78.000
-2.128 9.845 170.213 169.000 174.000 73.000
-1.671 9.388 170.209 181.000 185.000 89.000
-1.671 9.845 170.213 165.000 169.000 71.000
-1.214 9.388 170.209 152.000 156.000 84.000
-1.214 9.845 170.213 155.000 158.000 81.000
-3.043 9.841 170.669 111.000 117.000 34.000
-3.043 10.298 170.673 144.000 152.000 65.000
-2.586 9.384 170.665 168.000 174.000 68.000
-2.586 9.841 170.669 179.000 183.000 84.000
-2.129 9.384 170.666 181.000 184.000 80.000
-2.129 9.841 170.670 176.000 180.000 76.000
-1.672 8.927 170.662 186.000 189.000 101.000
-1.672 9.384 170.666 184.000 188.000 87.000
-1.672 9.841 170.670 169.000 173.000 70.000
-1.215 9.384 170.666 167.000 171.000 84.000
-3.043 9.837 171.126 115.000 121.000 37.000
-2.586 9.380 171.122 172.000 177.000 67.000
-2.586 9.837 171.126 178.000 183.000 82.000
-2.129 9.380 171.122 194.000 197.000 93.000
-2.129 9.837 171.126 184.000 188.000 79.000
-1.672 8.923 171.119 126.000 128.000 63.000
-1.672 9.380 171.123 192.000 195.000 94.000
-1.672 9.837 171.127 178.000 182.000 75.000
-1.215 9.380 171.123 167.000 171.000 83.000
-3.043 9.833 171.583 143.000 151.000 53.000
-2.586 9.376 171.579 165.000 171.000 63.000
-2.586 9.833 171.583 176.000 179.000 78.000
-2.129 9.376 171.579 188.000 191.000 87.000
-2.129 9.833 171.583 186.000 190.000 83.000
-1.672 8.919 171.576 92.000 94.000 40.000
-1.672 9.376 171.580 189.000 192.000 96.000
-1.215 9.376 171.580 161.000 165.000 82.000
-3.044 9.829 172.040 150.000 156.000 49.000
-2.587 9.372 172.036 112.000 115.000 36.000
-2.587 9.829 172.040 175.000 179.000 76.000
-2.130 9.372 172.036 165.000 169.000 72.000
-2.130 9.829 172.040 190.000 194.000 90.000
-1.673 8.915 172.033 94.000 98.000 34.000
-1.673 9.372 172.037 182.000 185.000 90.000
-1.216 9.372 172.037 125.000 128.000 63.000
-3.044 9.368 172.493 121.000 128.000 48.000
-3.044 9.825 172.497 151.000 156.000 54.000
-2.587 9.368 172.493 130.000 136.000 39.000
-2.587 9.825 172.497 174.000 181.000 73.000
-2.130 8.911 172.489 75.000 81.000 20.000
-2.130 9.368 172.493 111.000 113.000 32.000
-2.130 9.825 172.497 185.000 189.000 87.000
-1.673 9.368 172.494 140.000 144.000 57.000
-3.045 9.364 172.949 75.000 86.000 20.000
-3.045 9.821 172.953 164.000 169.000 63.000
-2.588 9.364 172.950 100.000 108.000 24.000
-2.588 9.821 172.954 175.000 182.000 69.000
-2.131 9.364 172.950 114.000 121.000 31.000
-3.045 9.360 173.406 80.000 91.000 21.000
-3.045 9.817 173.410 183.000 190.000 84.000
-2.588 9.817 173.411 177.000 185.000 75.000
-3.046 9.813 173.867 189.000 193.000 87.000
-2.589 9.813 173.868 169.000 175.000 74.000
-2.584 10.767 169.306 91.000 92.000 55.000
-2.127 10.310 169.303 151.000 152.000 82.000
-1.670 10.310 169.303 89.000 89.000 53.000
-3.042 10.763 169.763 104.000 105.000 46.000
-2.585 10.306 169.759 185.000 188.000 92.000
-2.585 10.763 169.763 131.000 133.000 78.000
-2.128 10.306 169.760 175.000 178.000 86.000
-2.128 10.763 169.764 149.000 149.000 91.000
-1.671 10.306 169.760 154.000 155.000 80.000
-1.671 10.763 169.764 92.000 92.000 59.000
-3.042 10.759 170.220 118.000 121.000 54.000
-2.585 10.302 170.216 182.000 187.000 90.000
-2.585 10.759 170.220 153.000 155.000 90.000
-2.128 10.302 170.217 177.000 180.000 87.000
-2.128 10.759 170.221 167.000 168.000 100.000
-1.671 10.302 170.217 170.000 172.000 85.000
-1.671 10.759 170.221 101.000 101.000 63.000
-1.214 10.302 170.217 113.000 113.000 65.000
-3.043 10.755 170.677 129.000 134.000 61.000
-3.043 11.212 170.681 93.000 95.000 51.000
-2.586 10.298 170.673 180.000 185.000 90.000
-2.586 10.755 170.677 162.000 165.000 91.000
-2.129 10.298 170.673 182.000 185.000 90.000
-2.129 10.755 170.677 177.000 177.000 106.000
-1.672 10.298 170.674 171.000 173.000 83.000
-1.672 10.755 170.678 127.000 127.000 77.000
-1.215 9.841 170.670 166.000 169.000 81.000
-1.215 10.298 170.674 154.000 154.000 81.000
-3.043 10.294 171.130 142.000 150.000 61.000
-3.043 10.751 171.134 129.000 134.000 66.000
-2.586 10.294 171.130 178.000 182.000 89.000
-2.586 10.751 171.134 163.000 166.000 90.000
-2.129 10.294 171.130 184.000 187.000 90.000
-2.129 10.751 171.134 179.000 180.000 107.000
-1.672 10.294 171.131 173.000 175.000 84.000
-1.672 10.751 171.135 165.000 165.000 99.000
-1.215 9.837 171.127 172.000 175.000 81.000
-1.215 10.294 171.131 169.000 170.000 86.000
-1.215 10.751 171.135 90.000 91.000 50.000
-0.758 9.837 171.128 113.000 114.000 56.000
-0.758 10.294 171.132 82.000 83.000 42.000
-3.043 10.290 171.587 139.000 144.000 57.000
-3.043 10.747 171.591 89.000 91.000 44.000
-2.586 10.290 171.587 173.000 176.000 84.000
-2.586 10.747 171.591 162.000 164.000 89.000
-2.129 10.290 171.587 183.000 185.000 90.000
-2.129 10.747 171.591 180.000 180.000 104.000
-1.672 9.833 171.584 184.000 188.000 83.000
-1.672 10.290 171.588 183.000 185.000 92.000
-1.672 10.747 171.592 176.000 177.000 103.000
-1.215 9.833 171.584 182.000 185.000 91.000
-1.215 10.290 171.588 186.000 188.000 99.000
-1.215 10.747 171.592 113.000 115.000 61.000
-0.758 9.833 171.585 139.000 142.000 74.000
-0.758 10.290 171.589 141.000 142.000 76.000
-3.044 10.286 172.044 152.000 157.000 64.000
-3.044 10.743 172.048 149.000 151.000 82.000
-2.587 10.286 172.044 175.000 179.000 82.000
-2.587 10.743 172.048 159.000 161.000 88.000
-2.130 10.286 172.044 187.000 189.000 92.000
-2.130 10.743 172.048 183.000 184.000 105.000
-1.673 9.829 172.041 192.000 195.000 95.000
-1.673 10.286 172.045 191.000 193.000 98.000
-1.673 10.743 172.049 188.000 188.000 108.000
-1.216 9.829 172.041 189.000 192.000 102.000
-1.216 10.286 172.045 193.000 195.000 106.000
-1.216 10.743 172.049 162.000 164.000 91.000
-0.759 9.829 172.042 89.000 91.000 49.000
-0.759 10.286 172.046 95.000 96.000 55.000
-3.044 10.282 172.500 152.000 157.000 69.000
-3.044 10.739 172.504 151.000 156.000 87.000
-2.587 10.282 172.501 175.000 179.000 87.000
-2.587 10.739 172.505 160.000 163.000 92.000
-2.130 10.282 172.501 192.000 197.000 98.000
-2.130 10.739 172.505 180.000 183.000 103.000
-2.130 11.196 172.509 90.000 91.000 56.000
-1.673 9.825 172.498 188.000 191.000 94.000
-1.673 10.282 172.502 194.000 197.000 103.000
-1.673 10.739 172.506 193.000 195.000 113.000
-1.673 11.196 172.510 104.000 105.000 63.000
-1.216 9.825 172.498 192.000 194.000 107.000
-1.216 10.282 172.502 202.000 203.000 117.000
-1.216 10.739 172.506 180.000 181.000 107.000
-0.759 10.282 172.503 122.000 122.000 77.000
-3.045 10.278 172.957 185.000 188.000 95.000
-3.045 10.735 172.961 162.000 163.000 102.000
-2.588 10.278 172.958 191.000 195.000 97.000
-2.588 10.735 172.962 170.000 172.000 105.000
-2.131 9.821 172.954 185.000 190.000 83.000
-2.131 10.278 172.958 201.000 205.000 108.000
-2.131 10.735 172.962 190.000 192.000 112.000
-1.674 9.821 172.955 181.000 186.000 88.000
-1.674 10.278 172.959 209.000 212.000 119.000
-1.674 10.735 172.963 200.000 202.000 118.000
-1.674 11.192 172.967 100.000 100.000 64.000
-1.217 9.821 172.955 147.000 149.000 77.000
-1.217 10.278 172.959 197.000 197.000 115.000
-1.217 10.735 172.963 172.000 174.000 103.000
-0.760 10.278 172.960 101.000 101.000 64.000
-3.045 10.274 173.414 214.000 216.000 134.000
-3.045 10.731 173.418 181.000 181.000 122.000
-2.588 10.274 173.415 211.000 215.000 123.000
-2.588 10.731 173.419 199.000 201.000 134.000
-2.588 11.188 173.423 132.000 131.000 95.000
-2.131 9.817 173.411 171.000 178.000 77.000
-2.131 10.274 173.415 212.000 215.000 126.000
-2.131 10.731 173.419 212.000 214.000 139.000
-2.131 11.188 173.423 112.000 111.000 80.000
-1.674 9.817 173.412 155.000 160.000 73.000
-1.674 10.274 173.416 208.000 210.000 123.000
-1.674 10.731 173.420 210.000 211.000 134.000
-1.217 10.274 173.416 146.000 145.000 86.000
-1.217 10.731 173.420 154.000 154.000 98.000
-3.046 10.270 173.871 225.000 226.000 164.000
-3.046 10.727 173.875 197.000 192.000 147.000
-2.589 10.270 173.872 217.000 219.000 146.000
-2.589 10.727 173.876 211.000 212.000 158.000
-2.132 10.270 173.872 199.000 201.000 122.000
-2.132 10.727 173.876 202.000 203.000 139.000
-1.675 10.270 173.873 153.000 154.000 87.000
-1.675 10.727 173.877 159.000 159.000 107.000
-1.218 10.727 173.877 97.000 96.000 66.000
-3.503 10.723 174.332 182.000 183.000 131.000
-3.046 10.266 174.328 228.000 227.000 179.000
-3.046 10.723 174.332 206.000 202.000 167.000
-2.589 10.266 174.329 157.000 157.000 100.000
-2.589 10.723 174.333 164.000 162.000 130.000
-2.132 10.266 174.329 121.000 122.000 69.000
-3.503 10.262 174.785 235.000 234.000 197.000
-3.503 10.719 174.789 170.000 168.000 126.000
