35.81959563648873 26.19159813674597 109.03724768135422 80.0 102.0 32.0
36.21988495002045 26.19158174028438 109.03013977626244 98.0 123.0 43.0
36.620174263552165 26.19156534382279 109.02303187117064 70.0 88.0 31.0
35.82670354158053 26.19344504119126 109.43753273446076 116.0 142.0 49.0
35.82668714511894 26.593793196908827 109.43568583001549 135.0 157.0 67.0
35.82667074865735 26.994141352626393 109.4338389255702 94.0 114.0 47.0
36.22700925157383 25.793080489012105 109.43227173381428 121.0 149.0 47.0
36.22699285511224 26.193428644729675 109.43042482936896 132.0 159.0 59.0
36.22697645865066 26.593776800447237 109.42857792492367 131.0 157.0 61.0
36.22696006218907 26.994124956164804 109.4267310204784 110.0 133.0 55.0
36.62729856510555 25.793064092550516 109.42516382872246 140.0 165.0 64.0
36.62728216864396 26.19341224826809 109.42331692427719 114.0 139.0 51.0
36.62726577218237 26.593760403985648 109.42147001983187 106.0 132.0 49.0
37.02758787863727 25.793047696088927 109.41805592363066 142.0 164.0 76.0
37.02757148217568 26.1933958518065 109.41620901918537 123.0 143.0 67.0
37.02755508571409 26.593744007524062 109.41436211474007 126.0 142.0 73.0
37.42787719216899 25.793031299627337 109.41094801853886 84.0 97.0 47.0
35.4335385296022 25.79496018638057 109.8467725971044 97.0 123.0 37.0
35.43347294375585 27.396352809250846 109.83938497932324 79.0 88.0 55.0
35.83382784313392 25.79494378991898 109.83966469201259 131.0 158.0 51.0
35.83381144667233 26.19529194563655 109.83781778756732 136.0 161.0 60.0
35.83379505021074 26.595640101354117 109.83597088312203 143.0 164.0 73.0
35.83377865374915 26.995988257071684 109.83412397867674 103.0 121.0 55.0
35.83376225728757 27.396336412789257 109.83227707423143 89.0 103.0 52.0
36.23413355312723 25.394579237739826 109.8344036913661 127.0 156.0 45.0
36.23411715666564 25.794927393457396 109.83255678692082 139.0 166.0 55.0
36.23410076020405 26.195275549174966 109.8307098824755 139.0 165.0 60.0
36.23408436374246 26.595623704892528 109.82886297803022 126.0 152.0 57.0
36.23406796728087 26.995971860610094 109.82701607358494 105.0 128.0 51.0
36.63442286665894 25.39456284127824 109.82729578627429 121.0 148.0 44.0
36.634406470197355 25.794910996995807 109.82544888182902 125.0 151.0 51.0
36.634390073735766 26.19525915271338 109.82360197738373 113.0 140.0 48.0
36.634373677274176 26.59560730843094 109.82175507293842 116.0 143.0 51.0
36.63435728081259 26.99595546414851 109.81990816849313 112.0 137.0 55.0
37.03469578372907 25.794894600534217 109.8183409767372 139.0 163.0 70.0
37.03467938726748 26.19524275625179 109.81649407229192 133.0 156.0 72.0
37.0346629908059 26.595590911969353 109.81464716784662 126.0 146.0 68.0
37.03464659434431 26.99593906768692 109.81280026340133 122.0 142.0 69.0
35.04037351762387 25.396475331569885 110.25601245974804 61.0 81.0 19.0
35.44066283115559 25.3964589351083 110.24890455465624 120.0 146.0 51.0
35.440646434694 25.79680709082586 110.24705765021095 133.0 158.0 55.0
35.44063003823241 26.197155246543428 110.24521074576566 128.0 150.0 57.0
35.440613641770824 26.597503402260998 110.24336384132037 120.0 137.0 64.0
35.440597245309235 26.997851557978564 110.24151693687507 112.0 127.0 66.0
35.440580848847645 27.398199713696137 110.23967003242979 95.0 107.0 62.0
35.440564452386056 27.798547869413703 110.2378231279845 84.0 93.0 60.0
35.84095214468731 25.39644253864671 110.24179664956445 156.0 180.0 70.0
35.84093574822572 25.796790694364272 110.23994974511915 160.0 183.0 73.0
35.84091935176413 26.197138850081842 110.23810284067386 162.0 184.0 79.0
35.84090295530254 26.597487005799408 110.23625593622857 160.0 180.0 84.0
35.84088655884095 26.997835161516974 110.23440903178329 131.0 152.0 72.0
35.84087016237936 27.398183317234547 110.23256212733797 104.0 120.0 62.0
36.24124145821902 25.39642614218512 110.23468874447265 151.0 177.0 59.0
36.24122506175743 25.796774297902687 110.23284184002736 160.0 184.0 69.0
36.241208665295844 26.19712245362026 110.23099493558205 156.0 181.0 72.0
36.24119226883426 26.59747060933782 110.22914803113677 138.0 163.0 61.0
36.24117587237267 26.997818765055385 110.22730112669149 117.0 141.0 56.0
36.24115947591108 27.398166920772958 110.22545422224617 107.0 127.0 57.0
36.64153077175074 25.39640974572353 110.22758083938085 136.0 164.0 50.0
36.64151437528915 25.796757901441097 110.22573393493556 154.0 179.0 69.0
36.64149797882756 26.19710605715867 110.22388703049025 141.0 166.0 65.0
36.64148158236598 26.59745421287623 110.22204012604496 132.0 159.0 61.0
36.64146518590439 26.9978023685938 110.22019322159967 104.0 130.0 47.0
37.04182008528246 25.396393349261945 110.22047293428903 152.0 174.0 71.0
37.04180368882087 25.796741504979508 110.21862602984375 132.0 155.0 63.0
37.04178729235928 26.19708966069708 110.21677912539847 124.0 147.0 63.0
37.04177089589769 26.597437816414644 110.21493222095316 143.0 166.0 78.0
37.0417544994361 26.99778597213221 110.21308531650787 146.0 166.0 86.0
35.04746502625408 25.798670391732742 110.65445060840929 103.0 128.0 39.0
35.04744862979249 26.199018547450308 110.652603703964 148.0 167.0 76.0
35.0474322333309 26.599366703167874 110.6507567995187 101.0 113.0 58.0
35.04741583686931 26.999714858885444 110.64890989507342 100.0 112.0 59.0
35.04739944040772 27.40006301460301 110.64706299062813 88.0 99.0 54.0
35.447803529170564 24.597609528118454 110.65288341665337 142.0 162.0 74.0
35.447787132708974 24.99795768383602 110.65103651220808 144.0 167.0 72.0
35.447770736247385 25.39830583955359 110.64918960776278 140.0 164.0 66.0
35.447754339785796 25.798653995271152 110.64734270331749 163.0 186.0 78.0
35.44773794332421 26.19900215098872 110.6454957988722 184.0 206.0 99.0
35.447721546862624 26.599350306706288 110.64364889442692 182.0 202.0 101.0
35.447705150401035 26.999698462423854 110.64180198998162 168.0 188.0 99.0
35.447688753939445 27.400046618141428 110.63995508553633 125.0 142.0 74.0
35.447672357477856 27.800394773858994 110.63810818109104 81.0 93.0 51.0
35.84809284270228 24.597593131656865 110.64577551156157 146.0 167.0 76.0
35.84807644624069 24.997941287374434 110.64392860711628 151.0 173.0 74.0
35.8480600497791 25.398289443092 110.64208170267099 157.0 180.0 75.0
35.84804365331751 25.798637598809563 110.64023479822569 166.0 188.0 84.0
35.84802725685592 26.198985754527133 110.6383878937804 179.0 200.0 97.0
35.84801086039434 26.5993339102447 110.63654098933512 179.0 200.0 92.0
35.84799446393275 26.999682065962265 110.6346940848898 150.0 173.0 78.0
35.84797806747116 27.400030221679838 110.63284718044453 122.0 141.0 69.0
36.248382156234 24.59757673519528 110.63866760646977 151.0 174.0 70.0
36.24836575977241 24.997924890912845 110.63682070202448 157.0 180.0 70.0
36.24834936331082 25.39827304663041 110.63497379757919 165.0 188.0 73.0
36.24833296684923 25.798621202347977 110.63312689313388 169.0 191.0 82.0
36.248316570387644 26.19896935806555 110.6312799886886 167.0 189.0 82.0
36.248300173926054 26.59931751378311 110.62943308424332 144.0 170.0 60.0
36.248283777464465 26.999665669500676 110.62758617979803 125.0 150.0 56.0
36.24826738100288 27.40001382521825 110.62573927535271 113.0 135.0 57.0
36.64865507330413 24.997908494451256 110.62971279693267 152.0 175.0 63.0
36.64863867684254 25.398256650168825 110.62786589248739 161.0 183.0 68.0
36.64862228038095 25.798604805886388 110.6260189880421 161.0 182.0 76.0
36.64860588391936 26.19895296160396 110.62417208359679 147.0 170.0 68.0
36.64858948745777 26.59930111732152 110.6223251791515 106.0 134.0 40.0
36.64857309099618 26.99964927303909 110.62047827470623 123.0 147.0 56.0
37.04894438683584 24.997892097989666 110.62260489184087 147.0 170.0 68.0
37.04892799037425 25.398240253707236 110.62075798739558 153.0 173.0 73.0
37.04891159391267 25.7985884094248 110.6189110829503 124.0 144.0 60.0
37.04889519745108 26.198936565142372 110.61706417850502 115.0 136.0 58.0
37.04887880098949 26.599284720859934 110.6152172740597 152.0 174.0 84.0
37.0488624045279 26.9996328765775 110.61337036961442 164.0 183.0 101.0
37.449168114521214 26.599268324398345 110.6081093689679 128.0 142.0 80.0
35.05458932780747 25.40016914046047 111.05658256596112 91.0 112.0 37.0
35.05457293134588 25.80051729617804 111.05473566151583 121.0 149.0 46.0
35.05455653488429 26.200865451895606 111.05288875707055 163.0 185.0 80.0
35.0545401384227 26.60121360761317 111.05104185262525 163.0 181.0 93.0
35.05452374196112 27.001561763330738 111.04919494817996 144.0 162.0 83.0
35.05450734549953 27.401909919048308 111.04734804373467 108.0 122.0 64.0
35.45492783072395 24.19910827684618 111.0550153742052 97.0 107.0 60.0
35.454911434262364 24.599456432563745 111.05316846975991 163.0 182.0 95.0
35.45489503780078 24.999804588281314 111.05132156531462 157.0 179.0 82.0
35.45487864133919 25.40015274399888 111.04947466086932 151.0 175.0 70.0
35.4548622448776 25.80050089971645 111.04762775642403 161.0 186.0 73.0
35.454845848416014 26.200849055434016 111.04578085197875 175.0 198.0 85.0
35.454829451954424 26.601197211151582 111.04393394753345 178.0 199.0 89.0
35.454813055492835 27.001545366869152 111.04208704308816 168.0 189.0 90.0
35.454796659031246 27.401893522586725 111.04024013864287 159.0 178.0 93.0
35.454780262569656 27.80224167830429 111.03839323419759 105.0 118.0 65.0
35.85521714425567 24.19909188038459 111.0479074691134 146.0 168.0 79.0
35.85520074779408 24.59944003610216 111.04606056466811 156.0 179.0 79.0
35.8551843513325 24.999788191819725 111.04421366022282 160.0 184.0 76.0
35.85516795487091 25.40013634753729 111.04236675577752 161.0 186.0 71.0
35.85515155840932 25.80048450325486 111.04051985133223 165.0 190.0 75.0
35.85513516194773 26.200832658972427 111.03867294688695 175.0 198.0 85.0
35.85511876548614 26.601180814689997 111.03682604244166 166.0 190.0 74.0
35.85510236902455 27.001528970407563 111.03497913799634 165.0 188.0 84.0
35.85508597256296 27.401877126125136 111.03313223355107 148.0 169.0 79.0
36.25550645778739 24.199075483923004 111.0407995640216 148.0 170.0 77.0
36.2554900613258 24.59942363964057 111.03895265957631 153.0 177.0 69.0
36.25547366486421 24.999771795358136 111.03710575513102 157.0 181.0 67.0
36.25545726840262 25.400119951075702 111.03525885068574 165.0 189.0 72.0
36.25544087194103 25.80046810679327 111.03341194624042 168.0 191.0 78.0
36.25542447547945 26.20081626251084 111.03156504179515 161.0 186.0 74.0
36.25540807901786 26.601164418228407 111.02971813734986 143.0 170.0 60.0
36.25539168255627 27.001512573945973 111.02787123290457 134.0 159.0 62.0
36.25537528609468 27.401860729663547 111.02602432845926 116.0 140.0 57.0
36.65577937485752 24.59940724317898 111.0318447544845 149.0 173.0 66.0
36.65576297839593 24.999755398896546 111.02999785003922 154.0 177.0 68.0
36.65574658193434 25.400103554614116 111.02815094559394 162.0 184.0 74.0
36.65573018547275 25.800451710331686 111.02630404114865 162.0 182.0 80.0
36.65571378901116 26.200799866049252 111.02445713670333 143.0 166.0 66.0
36.65569739254958 26.601148021766818 111.02261023225806 125.0 150.0 55.0
36.65568099608799 27.001496177484384 111.02076332781277 129.0 152.0 65.0
37.05606868838924 24.59939084671739 111.02473684939272 147.0 169.0 70.0
37.05605229192765 24.99973900243496 111.02288994494741 145.0 166.0 70.0
37.05603589546606 25.400087158152527 111.02104304050212 130.0 150.0 60.0
37.05601949900447 25.800435313870096 111.01919613605685 123.0 143.0 59.0
37.05600310254288 26.200783469587662 111.01734923161153 123.0 143.0 62.0
37.05598670608129 26.60113162530523 111.01550232716625 140.0 160.0 75.0
37.0559703096197 27.001479781022798 111.01365542272096 164.0 182.0 103.0
37.45632520899778 25.400070761690937 111.01393513541032 73.0 84.0 38.0
37.45630881253619 25.800418917408507 111.01208823096503 92.0 103.0 52.0
37.456292416074604 26.200767073126073 111.01024132651976 103.0 115.0 63.0
37.456276019613014 26.601115228843643 111.00839442207445 129.0 143.0 82.0
35.06173002582244 24.601319733470625 111.46056142795825 114.0 131.0 63.0
35.06171362936086 25.00166788918819 111.45871452351295 155.0 174.0 87.0
35.06169723289927 25.40201604490576 111.45686761906767 136.0 160.0 63.0
35.06168083643768 25.80236420062333 111.45502071462238 142.0 168.0 59.0
35.06166443997609 26.202712356340896 111.45317381017709 150.0 175.0 68.0
35.0616480435145 26.603060512058462 111.45132690573179 182.0 202.0 106.0
35.06163164705291 27.00340866777603 111.4494800012865 168.0 187.0 101.0
35.06161525059132 27.403756823493598 111.44763309684122 151.0 168.0 94.0
35.061598854129734 27.80410497921117 111.44578619239591 84.0 95.0 53.0
35.46203573581575 24.20095518129147 111.45530042731174 151.0 170.0 90.0
35.462019339354164 24.601303337009035 111.45345352286645 169.0 188.0 96.0
35.462002942892575 25.001651492726605 111.45160661842117 167.0 187.0 89.0
35.461986546430985 25.40199964844417 111.44975971397587 156.0 180.0 74.0
35.4619701499694 25.80234780416174 111.44791280953058 162.0 186.0 73.0
35.461953753507814 26.202695959879307 111.44606590508529 169.0 192.0 81.0
35.461937357046224 26.603044115596873 111.44421900063999 178.0 200.0 90.0
35.461920960584635 27.003392271314443 111.4423720961947 178.0 198.0 100.0
35.461904564123046 27.403740427032016 111.44052519174942 180.0 198.0 112.0
35.461888167661456 27.804088582749582 111.43867828730413 124.0 135.0 85.0
35.86234144580906 23.80059062911231 111.45003942666524 96.0 109.0 58.0
35.86232504934747 24.20093878482988 111.44819252221994 149.0 172.0 76.0
35.86230865288588 24.60128694054745 111.44634561777465 158.0 181.0 73.0
35.86229225642429 25.001635096265016 111.44449871332937 162.0 186.0 73.0
35.8622758599627 25.401983251982582 111.44265180888407 165.0 190.0 75.0
35.86225946350111 25.80233140770015 111.44080490443878 168.0 193.0 75.0
35.86224306703953 26.202679563417718 111.43895799999349 178.0 201.0 85.0
35.86222667057794 26.603027719135287 111.4371110955482 174.0 195.0 82.0
35.86221027411635 27.003375874852853 111.4352641911029 172.0 194.0 89.0
35.86219387765476 27.403724030570427 111.43341728665762 166.0 187.0 92.0
36.26263075934077 23.800574232650725 111.44293152157344 139.0 158.0 79.0
36.26261436287919 24.200922388368294 111.44108461712814 150.0 173.0 74.0
36.2625979664176 24.60127054408586 111.43923771268285 153.0 177.0 66.0
36.26258156995601 25.001618699803426 111.43739080823757 157.0 181.0 65.0
36.26256517349442 25.401966855520993 111.43554390379228 164.0 189.0 70.0
36.26254877703283 25.802315011238562 111.43369699934698 169.0 192.0 77.0
36.262532380571244 26.202663166956132 111.43185009490169 165.0 189.0 77.0
36.262515984109655 26.603011322673698 111.4300031904564 143.0 169.0 63.0
36.26249958764807 27.003359478391264 111.42815628601109 130.0 156.0 59.0
36.26248319118648 27.403707634108837 111.4263093815658 115.0 139.0 55.0
36.66292007287249 23.800557836189135 111.43582361648164 144.0 165.0 80.0
36.662903676410906 24.200905991906705 111.43397671203635 147.0 169.0 73.0
36.66288727994932 24.60125414762427 111.43212980759104 148.0 171.0 66.0
36.66287088348773 25.001602303341837 111.43028290314577 150.0 173.0 65.0
36.66285448702614 25.401950459059407 111.42843599870048 157.0 179.0 69.0
36.66283809056455 25.802298614776976 111.42658909425516 159.0 180.0 76.0
36.66282169410296 26.202646770494542 111.42474218980988 143.0 166.0 68.0
36.66280529764137 26.60299492621211 111.4228952853646 130.0 154.0 61.0
36.66278890117978 27.003343081929675 111.42104838091932 123.0 146.0 62.0
37.06319298994262 24.200889595445116 111.42686880694455 143.0 165.0 76.0
37.06317659348103 24.60123775116268 111.42502190249924 139.0 161.0 67.0
37.06316019701944 25.00158590688025 111.42317499805395 140.0 160.0 67.0
37.06314380055786 25.401934062597817 111.42132809360868 140.0 158.0 67.0
37.06312740409627 25.802282218315387 111.41948118916339 124.0 143.0 58.0
37.06311100763468 26.202630374032953 111.41763428471808 122.0 143.0 61.0
37.06309461117309 26.60297852975052 111.41578738027279 140.0 160.0 78.0
37.0630782147115 27.00332668546809 111.4139404758275 162.0 180.0 102.0
37.463449510551165 25.001569510418662 111.41606709296215 73.0 86.0 37.0
37.463433114089575 25.401917666136228 111.41422018851686 118.0 132.0 67.0
37.463416717627986 25.802265821853798 111.41237328407158 121.0 136.0 69.0
37.463400321166404 26.202613977571364 111.41052637962628 124.0 140.0 73.0
37.463383924704814 26.602962133288933 111.40867947518099 151.0 167.0 99.0
37.8637060311597 25.80224942539221 111.40526537897978 119.0 129.0 84.0
37.86368963469811 26.202597581109778 111.40341847453449 115.0 124.0 79.0
35.06883793091424 24.603166637915916 111.8608464810648 160.0 180.0 88.0
35.06882153445265 25.00351479363348 111.8589995766195 164.0 184.0 88.0
35.06880513799106 25.40386294935105 111.85715267217421 150.0 173.0 72.0
35.068788741529474 25.80421110506862 111.85530576772892 156.0 180.0 71.0
35.06877234506789 26.204559260786187 111.85345886328362 165.0 188.0 81.0
35.0687559486063 26.604907416503753 111.85161195883833 183.0 203.0 107.0
35.06873955214471 27.00525557222132 111.84976505439305 167.0 185.0 99.0
35.068723155683124 27.40560372793889 111.84791814994776 163.0 180.0 106.0
35.068706759221534 27.805951883656462 111.84607124550246 123.0 133.0 86.0
35.469143640907554 24.20280208573676 111.85558548041828 147.0 169.0 78.0
35.469127244445964 24.603150241454326 111.853738575973 159.0 180.0 80.0
35.469110847984375 25.003498397171896 111.8518916715277 164.0 186.0 84.0
35.469094451522786 25.403846552889462 111.85004476708241 158.0 180.0 74.0
35.469078055061196 25.80419470860703 111.84819786263712 164.0 187.0 75.0
35.46906165859961 26.204542864324598 111.84635095819183 174.0 196.0 87.0
35.46904526213802 26.604891020042164 111.84450405374653 192.0 211.0 110.0
35.469028865676435 27.005239175759733 111.84265714930125 184.0 203.0 112.0
35.469012469214846 27.405587331477307 111.84081024485596 187.0 204.0 126.0
35.46899607275326 27.805935487194873 111.83896334041066 166.0 178.0 123.0
35.86944935090085 23.8024375335576 111.85032447977177 137.0 155.0 80.0
35.86943295443927 24.20278568927517 111.84847757532648 147.0 171.0 70.0
35.86941655797768 24.60313384499274 111.8466306708812 154.0 178.0 66.0
35.86940016151609 25.003482000710306 111.84478376643591 161.0 184.0 70.0
35.8693837650545 25.403830156427873 111.84293686199061 167.0 189.0 79.0
35.86936736859291 25.804178312145442 111.84108995754532 173.0 195.0 81.0
35.86935097213132 26.20452646786301 111.83924305310003 180.0 202.0 89.0
35.86933457566973 26.604874623580578 111.83739614865473 187.0 207.0 99.0
35.86931817920814 27.005222779298144 111.83554924420945 186.0 206.0 105.0
35.86930178274656 27.405570935015717 111.83370233976416 179.0 198.0 105.0
36.26975506089416 23.402072981378446 111.84506347912527 104.0 116.0 67.0
36.26973866443257 23.802421137096015 111.84321657467999 144.0 165.0 77.0
36.269722267970984 24.202769292813585 111.84136967023468 149.0 172.0 67.0
36.269705871509395 24.60311744853115 111.8395227657894 145.0 170.0 58.0
36.26968947504781 25.003465604248717 111.83767586134411 154.0 178.0 63.0
36.26967307858622 25.403813759966283 111.8358289568988 158.0 181.0 65.0
36.269656682124634 25.804161915683853 111.83398205245352 167.0 190.0 74.0
36.269640285663044 26.204510071401423 111.83213514800823 169.0 192.0 81.0
36.269623889201455 26.60485822711899 111.83028824356295 148.0 172.0 67.0
36.269607492739866 27.005206382836555 111.82844133911763 129.0 155.0 58.0
36.269591096278276 27.405554538554128 111.82659443467236 106.0 131.0 47.0
36.67004437442588 23.40205658491686 111.83795557403347 87.0 103.0 48.0
36.67002797796429 23.802404740634426 111.83610866958819 124.0 146.0 60.0
36.6700115815027 24.202752896351996 111.83426176514287 148.0 171.0 68.0
36.66999518504111 24.60310105206956 111.8324148606976 135.0 160.0 57.0
36.66997878857952 25.003449207787128 111.83056795625231 140.0 165.0 58.0
36.66996239211794 25.403797363504697 111.82872105180702 148.0 173.0 60.0
36.66994599565635 25.804145519222267 111.8268741473617 161.0 185.0 74.0
36.66992959919476 26.204493674939833 111.82502724291643 151.0 175.0 74.0
36.66991320273317 26.6048418306574 111.82318033847115 119.0 143.0 55.0
36.66989680627158 27.00518998637497 111.82133343402586 111.0 135.0 53.0
37.07031729149601 23.802388344172837 111.82900076449639 123.0 141.0 72.0
37.07030089503442 24.202736499890406 111.8271538600511 143.0 163.0 79.0
37.07028449857283 24.603084655607972 111.82530695560578 136.0 157.0 67.0
37.07026810211124 25.003432811325542 111.8234600511605 140.0 160.0 67.0
37.07025170564965 25.403780967043108 111.82161314671522 151.0 171.0 76.0
37.070235309188064 25.804129122760678 111.81976624226994 133.0 154.0 63.0
37.07021891272648 26.204477278478244 111.81791933782462 126.0 148.0 63.0
37.07020251626489 26.60482543419581 111.81607243337933 145.0 166.0 83.0
37.0701861198033 27.00517358991338 111.81422552893406 172.0 189.0 116.0
37.47059020856614 24.202720103428817 111.8200459549593 97.0 111.0 56.0
37.470557415642965 25.003416414863953 111.8163521460687 100.0 116.0 53.0
37.470541019181375 25.40376457058152 111.81450524162341 141.0 157.0 80.0
37.470524622719786 25.80411272629909 111.81265833717814 127.0 144.0 69.0
37.4705082262582 26.204460882016654 111.81081143273282 127.0 145.0 72.0
37.47049182979661 26.604809037734224 111.80896452828753 159.0 176.0 106.0
37.87083033271309 25.40374817411993 111.80739733653161 120.0 134.0 74.0
34.675640126012745 25.005378094540365 112.26639253481784 106.0 116.0 64.0
34.675623729551155 25.40572625025793 112.26454563037255 70.0 85.0 30.0
34.675607333089566 25.8060744059755 112.26269872592725 115.0 136.0 52.0
34.67559093662798 26.206422561693067 112.26085182148196 94.0 112.0 44.0
35.07596223246763 24.20466538664364 112.26297843861663 104.0 115.0 61.0
35.07594583600605 24.60501354236121 112.26113153417133 162.0 181.0 86.0
35.07592943954446 25.005361698078776 112.25928462972604 162.0 182.0 81.0
35.07591304308287 25.405709853796342 112.25743772528075 150.0 172.0 68.0
35.07589664662128 25.80605800951391 112.25559082083547 149.0 172.0 67.0
35.07588025015969 26.206406165231478 112.25374391639016 158.0 180.0 78.0
35.0758638536981 26.606754320949044 112.25189701194488 185.0 204.0 108.0
35.07584745723651 27.007102476666613 112.25005010749959 187.0 203.0 121.0
35.075831060774924 27.40745063238418 112.2482032030543 181.0 196.0 123.0
35.07581466431334 27.807798788101753 112.246356298609 129.0 140.0 88.0
35.47626794246094 23.804300834464485 112.25771743797011 88.0 99.0 53.0
35.476251545999354 24.204648990182054 112.25587053352483 167.0 185.0 97.0
35.476235149537764 24.60499714589962 112.25402362907954 160.0 181.0 77.0
35.476218753076175 25.005345301617186 112.25217672463424 161.0 184.0 74.0
35.476202356614586 25.405693457334756 112.25032982018895 156.0 180.0 67.0
35.476185960153 25.806041613052322 112.24848291574366 155.0 179.0 68.0
35.476169563691414 26.20638976876989 112.24663601129838 158.0 182.0 74.0
35.476153167229825 26.606737924487458 112.24478910685308 184.0 204.0 98.0
35.476136770768235 27.007086080205024 112.24294220240779 191.0 209.0 117.0
35.476120374306646 27.407434235922597 112.2410952979625 200.0 215.0 138.0
35.47610397784506 27.807782391640163 112.2392483935172 185.0 200.0 134.0
35.87657365245425 23.40393628228533 112.25245643732362 92.0 99.0 63.0
35.87655725599266 23.804284438002895 112.25060953287831 145.0 164.0 79.0
35.87654085953107 24.204632593720465 112.24876262843303 147.0 170.0 67.0
35.87652446306948 24.60498074943803 112.24691572398774 158.0 182.0 66.0
35.87650806660789 25.0053289051556 112.24506881954245 165.0 188.0 69.0
35.8764916701463 25.405677060873167 112.24322191509715 169.0 192.0 71.0
35.87647527368472 25.806025216590733 112.24137501065186 163.0 187.0 71.0
35.87645887722313 26.206373372308303 112.23952810620658 159.0 184.0 73.0
35.87644248076154 26.60672152802587 112.23768120176128 180.0 202.0 89.0
35.87642608429995 27.007069683743435 112.23583429731599 179.0 199.0 94.0
35.87640968783836 27.407417839461008 112.2339873928707 181.0 199.0 108.0
36.27686296598596 23.40391988582374 112.24534853223182 142.0 154.0 93.0
36.27684656952438 23.804268041541306 112.24350162778651 145.0 164.0 79.0
36.27683017306279 24.204616197258876 112.24165472334123 143.0 167.0 63.0
36.2768137766012 24.604964352976445 112.23980781889594 147.0 173.0 56.0
36.27679738013961 25.00531250869401 112.23796091445065 160.0 184.0 64.0
36.27678098367802 25.405660664411577 112.23611401000535 170.0 193.0 76.0
36.276764587216434 25.806008820129147 112.23426710556006 166.0 190.0 77.0
36.276748190754844 26.206356975846713 112.23242020111478 153.0 178.0 71.0
36.276731794293255 26.60670513156428 112.23057329666949 133.0 159.0 55.0
36.27671539783167 27.007053287281845 112.22872639222419 127.0 152.0 56.0
36.27669900137008 27.40740144299942 112.2268794877789 121.0 145.0 60.0
36.67715227951768 23.40390348936215 112.23824062714002 137.0 153.0 87.0
36.677135883056096 23.80425164507972 112.23639372269473 138.0 157.0 75.0
36.677119486594506 24.20459980079729 112.23454681824943 136.0 161.0 62.0
36.67710309013292 24.604947956514856 112.23269991380414 136.0 162.0 53.0
36.67708669367133 25.005296112232422 112.23085300935885 156.0 180.0 67.0
36.67707029720974 25.40564426794999 112.22900610491357 168.0 189.0 83.0
36.67705390074815 25.805992423667558 112.22715920046825 157.0 181.0 77.0
36.67703750428656 26.206340579385124 112.22531229602298 135.0 160.0 65.0
36.67702110782497 26.60668873510269 112.22346539157769 116.0 141.0 53.0
36.67700471136339 27.00703689082026 112.22161848713237 118.0 142.0 58.0
37.0774415930494 23.403887092900565 112.23113272204822 112.0 128.0 69.0
37.07742519658781 23.80423524861813 112.22928581760293 133.0 152.0 76.0
37.07740880012622 24.2045834043357 112.22743891315764 140.0 161.0 73.0
37.07739240366463 24.604931560053267 112.22559200871233 138.0 160.0 66.0
37.07737600720305 25.005279715770836 112.22374510426705 147.0 168.0 72.0
37.07735961074146 25.405627871488402 112.22189819982177 149.0 168.0 75.0
37.07734321427987 25.80597602720597 112.22005129537645 134.0 156.0 65.0
37.07732681781828 26.206324182923534 112.21820439093116 135.0 157.0 70.0
37.07731042135669 26.606672338641104 112.21635748648589 168.0 187.0 102.0
37.0772940248951 27.00702049435867 112.2145105820406 170.0 187.0 114.0
37.47771451011953 23.80421885215654 112.22217791251113 71.0 87.0 36.0
37.477698113657944 24.20456700787411 112.22033100806584 81.0 97.0 42.0
37.477681717196354 24.604915163591677 112.21848410362053 96.0 108.0 55.0
37.477665320734765 25.005263319309247 112.21663719917524 114.0 128.0 66.0
37.477648924273176 25.405611475026813 112.21479029472995 128.0 145.0 69.0
37.47763252781159 25.80595963074438 112.21294339028468 134.0 151.0 75.0
37.477616131350004 26.20630778646195 112.21109648583936 139.0 158.0 83.0
37.477599734888415 26.606655942179515 112.20924958139408 169.0 185.0 114.0
37.87793823780489 25.405595078565224 112.20768238963815 123.0 138.0 75.0
34.68276442756613 24.60687684326809 112.66852449236967 120.0 135.0 68.0
34.68274803110454 25.007224998985656 112.66667758792438 135.0 150.0 76.0
34.682731634642955 25.407573154703222 112.66483068347911 129.0 150.0 62.0
34.682715238181366 25.80792131042079 112.6629837790338 108.0 130.0 48.0
34.68269884171978 26.208269466138358 112.66113687458851 93.0 111.0 44.0
35.08307013755943 24.20651229108893 112.66326349172319 135.0 152.0 77.0
35.08305374109784 24.6068604468065 112.66141658727787 162.0 182.0 86.0
35.08303734463625 25.007208602524067 112.65956968283258 162.0 183.0 80.0
35.08302094817466 25.407556758241636 112.6577227783873 157.0 180.0 72.0
35.08300455171308 25.807904913959202 112.65587587394201 157.0 179.0 74.0
35.08298815525149 26.20825306967677 112.65402896949671 159.0 180.0 81.0
35.0829717587899 26.608601225394334 112.65218206505142 183.0 202.0 104.0
35.08295536232831 27.008949381111904 112.65033516060613 182.0 200.0 112.0
35.082938965866724 27.40929753682947 112.64848825616083 186.0 203.0 127.0
35.082922569405135 27.809645692547043 112.64664135171554 135.0 147.0 96.0
35.48337584755274 23.806147738909775 112.65800249107666 116.0 127.0 72.0
35.483359451091154 24.206495894627345 112.65615558663137 166.0 184.0 96.0
35.483343054629565 24.60684405034491 112.65430868218608 164.0 185.0 81.0
35.483326658167975 25.00719220606248 112.65246177774078 162.0 184.0 73.0
35.483310261706386 25.407540361780047 112.6506148732955 163.0 186.0 72.0
35.4832938652448 25.807888517497613 112.64876796885021 162.0 185.0 74.0
35.48327746878321 26.20823667321518 112.6469210644049 168.0 190.0 84.0
35.483261072321625 26.60858482893275 112.64507415995962 188.0 207.0 103.0
35.483244675860035 27.008932984650315 112.64322725551433 194.0 212.0 122.0
35.483228279398446 27.409281140367888 112.64138035106905 194.0 211.0 131.0
35.48321188293686 27.809629296085454 112.63953344662374 192.0 205.0 143.0
35.88368155754604 23.40578318673062 112.65274149043016 107.0 113.0 78.0
35.88366516108446 23.806131342448186 112.65089458598486 157.0 172.0 93.0
35.88364876462287 24.206479498165756 112.64904768153957 154.0 175.0 75.0
35.88363236816128 24.606827653883325 112.64720077709428 159.0 181.0 67.0
35.88361597169969 25.00717580960089 112.64535387264898 165.0 188.0 69.0
35.8835995752381 25.407523965318457 112.6435069682037 168.0 191.0 72.0
35.88358317877651 25.807872121036024 112.64166006375841 171.0 193.0 78.0
35.88356678231492 26.208220276753593 112.63981315931312 174.0 196.0 84.0
35.88355038585333 26.60856843247116 112.63796625486782 175.0 197.0 83.0
35.88353398939175 27.008916588188725 112.63611935042253 186.0 205.0 104.0
35.88351759293016 27.4092647439063 112.63427244597725 190.0 208.0 126.0
36.28397087107776 23.40576679026903 112.64563358533836 145.0 159.0 94.0
36.28395447461617 23.806114945986597 112.64378668089306 151.0 169.0 83.0
36.283938078154584 24.20646310170417 112.64193977644777 153.0 175.0 71.0
36.283921681693 24.606811257421736 112.64009287200248 160.0 184.0 67.0
36.28390528523141 25.007159413139302 112.6382459675572 165.0 189.0 71.0
36.28388888876982 25.407507568856868 112.6363990631119 177.0 198.0 88.0
36.283872492308234 25.807855724574438 112.63455215866661 165.0 187.0 79.0
36.283856095846645 26.208203880292004 112.63270525422132 155.0 180.0 73.0
36.283839699385055 26.60855203600957 112.630858349776 154.0 178.0 69.0
36.283823302923466 27.008900191727136 112.62901144533073 147.0 170.0 70.0
36.28380690646188 27.40924834744471 112.62716454088545 134.0 157.0 71.0
36.68426018460948 23.40575039380744 112.63852568024656 135.0 153.0 81.0
36.68424378814789 23.80609854952501 112.63667877580127 143.0 164.0 77.0
36.6842273916863 24.20644670524258 112.63483187135597 149.0 171.0 70.0
36.68421099522471 24.606794860960147 112.63298496691068 156.0 181.0 69.0
36.68419459876313 25.007143016677713 112.6311380624654 167.0 190.0 82.0
36.68417820230154 25.407491172395282 112.62929115802008 178.0 199.0 103.0
36.68416180583995 25.80783932811285 112.62744425357481 160.0 183.0 86.0
36.68414540937836 26.208187483830415 112.62559734912952 143.0 167.0 75.0
36.68412901291677 26.60853563954798 112.62375044468423 141.0 165.0 71.0
36.68411261645518 27.00888379526555 112.62190354023892 133.0 157.0 67.0
37.0845494981412 23.405733997345855 112.63141777515476 116.0 134.0 67.0
37.08453310167961 23.80608215306342 112.62957087070947 128.0 148.0 68.0
37.08451670521802 24.20643030878099 112.62772396626416 122.0 145.0 58.0
37.08450030875643 24.606778464498557 112.62587706181888 145.0 167.0 69.0
37.08448391229484 25.007126620216127 112.6240301573736 149.0 170.0 73.0
37.08446751583325 25.407474775933693 112.62218325292831 150.0 170.0 77.0
37.084451119371664 25.80782293165126 112.620336348483 141.0 162.0 71.0
37.08443472291008 26.208171087368825 112.6184894440377 148.0 170.0 84.0
37.08441832644849 26.608519243086395 112.61664253959243 172.0 190.0 109.0
37.0844019299869 27.00886739880396 112.61479563514715 171.0 187.0 118.0
37.484838811672915 23.405717600884266 112.62430987006294 62.0 82.0 28.0
37.48482241521133 23.806065756601832 112.62246296561767 78.0 98.0 37.0
37.484806018749744 24.2064139123194 112.62061606117238 73.0 94.0 33.0
37.484789622288154 24.60676206803697 112.61876915672707 98.0 116.0 50.0
37.484773225826565 25.007110223754538 112.61692225228178 114.0 133.0 59.0
37.484756829364976 25.407458379472104 112.61507534783651 112.0 131.0 55.0
37.484740432903386 25.80780653518967 112.61322844339122 131.0 150.0 72.0
37.4847240364418 26.20815469090724 112.6113815389459 144.0 164.0 89.0
37.48470763998021 26.608502846624805 112.60953463450062 169.0 184.0 119.0
37.88504614289669 25.407441983010514 112.6079674427447 104.0 121.0 57.0
34.68987233265793 24.60872374771338 113.06880954547621 126.0 142.0 70.0
34.68985593619634 25.009071903430947 113.06696264103094 141.0 157.0 78.0
34.68983953973475 25.409420059148513 113.06511573658565 125.0 147.0 59.0
34.68982314327316 25.809768214866082 113.06326883214034 83.0 102.0 35.0
35.09017804265123 24.20835919553422 113.06354854482973 145.0 164.0 80.0
35.09016164618964 24.60870735125179 113.06170164038441 165.0 185.0 89.0
35.09014524972805 25.009055506969357 113.05985473593913 166.0 187.0 84.0
35.090128853266464 25.409403662686927 113.05800783149384 160.0 182.0 73.0
35.090112456804874 25.809751818404493 113.05616092704854 165.0 186.0 79.0
35.090096060343285 26.21009997412206 113.05431402260325 175.0 194.0 94.0
35.090079663881696 26.610448129839625 113.05246711815796 179.0 199.0 99.0
35.09006326742011 27.010796285557195 113.05062021371268 171.0 190.0 99.0
35.090046870958524 27.41114444127476 113.04877330926737 164.0 181.0 104.0
35.090030474496935 27.811492596992334 113.04692640482209 135.0 147.0 95.0
35.490483752644536 23.807994643355066 113.0582875441832 134.0 148.0 82.0
35.49046735618295 24.208342799072636 113.05644063973791 156.0 174.0 88.0
35.490450959721365 24.6086909547902 113.05459373529261 165.0 186.0 83.0
35.490434563259775 25.00903911050777 113.05274683084733 169.0 191.0 81.0
35.490418166798186 25.409387266225337 113.05089992640204 169.0 192.0 79.0
35.4904017703366 25.809735421942904 113.04905302195675 183.0 204.0 95.0
35.49038537387501 26.21008357766047 113.04720611751145 185.0 205.0 100.0
35.49036897741342 26.61043173337804 113.04535921306616 189.0 209.0 103.0
35.49035258095183 27.010779889095605 113.04351230862088 193.0 211.0 122.0
35.49033618449024 27.41112804481318 113.04166540417559 194.0 211.0 136.0
35.49031978802866 27.811476200530745 113.03981849973029 167.0 178.0 127.0
35.89078946263784 23.40763009117591 113.05302654353669 99.0 105.0 73.0
35.89077306617625 23.807978246893477 113.0511796390914 154.0 170.0 93.0
35.89075666971466 24.208326402611046 113.04933273464611 157.0 176.0 81.0
35.89074027325307 24.608674558328616 113.04748583020083 161.0 182.0 71.0
35.89072387679149 25.009022714046182 113.04563892575553 164.0 186.0 70.0
35.8907074803299 25.409370869763748 113.04379202131024 168.0 189.0 77.0
35.89069108386831 25.809719025481314 113.04194511686495 184.0 203.0 92.0
35.89067468740672 26.210067181198884 113.04009821241965 189.0 208.0 100.0
35.89065829094513 26.61041533691645 113.03825130797436 187.0 207.0 97.0
35.890641894483544 27.010763492634016 113.03640440352908 196.0 214.0 122.0
35.890625498021954 27.41111164835159 113.03455749908379 193.0 209.0 136.0
36.29107877616956 23.40761369471432 113.0459186384449 141.0 155.0 87.0
36.291062379707974 23.80796185043189 113.0440717339996 156.0 174.0 89.0
36.291045983246384 24.20831000614946 113.04222482955431 166.0 186.0 86.0
36.291029586784795 24.608658161867027 113.04037792510903 170.0 192.0 81.0
36.291013190323206 25.009006317584593 113.03853102066373 171.0 193.0 82.0
36.290996793861616 25.40935447330216 113.03668411621844 172.0 194.0 88.0
36.290980397400034 25.80970262901973 113.03483721177315 174.0 195.0 91.0
36.290964000938445 26.210050784737298 113.03299030732786 170.0 192.0 88.0
36.290947604476855 26.61039894045486 113.03114340288256 180.0 202.0 97.0
36.290931208015266 27.010747096172427 113.02929649843728 161.0 183.0 85.0
36.29091481155368 27.41109525189 113.02744959399199 144.0 165.0 81.0
36.69136808970128 23.407597298252735 113.0388107333531 133.0 153.0 72.0
36.69135169323969 23.8079454539703 113.0369638289078 149.0 169.0 77.0
36.6913352967781 24.20829360968787 113.03511692446251 163.0 185.0 85.0
36.69131890031651 24.608641765405437 113.03327002001723 168.0 190.0 86.0
36.69130250385492 25.008989921123003 113.03142311557194 167.0 189.0 88.0
36.69128610739333 25.409338076840573 113.02957621112664 167.0 189.0 94.0
36.69126971093174 25.80968623255814 113.02772930668135 153.0 177.0 82.0
36.69125331447016 26.210034388275712 113.02588240223606 146.0 170.0 79.0
36.69123691800857 26.61038254399327 113.02403549779078 149.0 172.0 79.0
36.69122052154698 27.01073069971084 113.02218859334546 142.0 164.0 74.0
37.09165740323299 23.407580901791146 113.0317028282613 122.0 143.0 65.0
37.09164100677141 23.807929057508712 113.02985592381602 132.0 154.0 68.0
37.09162461030982 24.208277213226282 113.0280090193707 132.0 155.0 63.0
37.09160821384823 24.608625368943848 113.02616211492543 145.0 168.0 69.0
37.09159181738664 25.008973524661418 113.02431521048014 144.0 165.0 69.0
37.091575420925054 25.409321680378984 113.02246830603485 143.0 165.0 72.0
37.091559024463464 25.80966983609655 113.02062140158954 139.0 161.0 71.0
37.091542628001875 26.210017991814123 113.01877449714426 144.0 166.0 82.0
37.091526231540286 26.610366147531685 113.01692759269898 164.0 183.0 106.0
37.491946716764716 23.407564505329557 113.0245949231695 66.0 87.0 27.0
37.491930320303126 23.807912661047123 113.02274801872422 72.0 95.0 31.0
37.49191392384154 24.208260816764692 113.02090111427893 61.0 83.0 24.0
37.49189752737995 24.608608972482262 113.01905420983361 97.0 119.0 46.0
37.491881130918365 25.008957128199828 113.01720730538834 103.0 125.0 50.0
37.491864734456776 25.409305283917394 113.01536040094305 109.0 130.0 51.0
37.49184833799519 25.80965343963496 113.01351349649774 125.0 145.0 68.0
37.4918319415336 26.210001595352534 113.01166659205245 136.0 155.0 84.0
37.49181554507201 26.610349751070096 113.00981968760716 157.0 173.0 109.0
37.89217044445008 25.00894073173824 113.01009940029653 72.0 90.0 36.0
34.69698023774973 24.61057065215867 113.46909459858276 149.0 164.0 86.0
34.696963841288145 25.010918807876237 113.46724769413748 140.0 155.0 81.0
34.696947444826556 25.411266963593803 113.46540078969217 87.0 106.0 39.0
34.696931048364966 25.811615119311373 113.46355388524688 109.0 130.0 52.0
34.69691465190338 26.21196327502894 113.4617069808016 84.0 99.0 42.0
34.69689825544179 26.612311430746505 113.45986007635632 72.0 81.0 44.0
35.09728594774303 24.210206099979512 113.46383359793624 156.0 175.0 90.0
35.09726955128144 24.61055425569708 113.46198669349096 166.0 186.0 90.0
35.09725315481985 25.010902411414648 113.46013978904567 168.0 189.0 85.0
35.09723675835827 25.411250567132218 113.4582928846004 159.0 181.0 72.0
35.09722036189668 25.811598722849784 113.45644598015508 171.0 192.0 86.0
35.09720396543509 26.21194687856735 113.4545990757098 180.0 200.0 102.0
35.0971875689735 26.612295034284916 113.4527521712645 179.0 198.0 104.0
35.09717117251191 27.012643190002485 113.45090526681922 155.0 176.0 87.0
35.097154776050324 27.41299134572005 113.44905836237392 130.0 151.0 73.0
35.097138379588735 27.813339501437625 113.44721145792863 80.0 90.0 48.0
35.49759165773634 23.809841547800357 113.45857259728974 163.0 179.0 101.0
35.497575261274754 24.210189703517926 113.45672569284446 159.0 177.0 93.0
35.497558864813165 24.610537859235492 113.45487878839916 166.0 187.0 87.0
35.497542468351575 25.010886014953062 113.45303188395387 167.0 189.0 80.0
35.497526071889986 25.411234170670628 113.45118497950858 167.0 189.0 75.0
35.4975096754284 25.811582326388194 113.4493380750633 187.0 207.0 99.0
35.497493278966815 26.21193048210576 113.447491170618 191.0 210.0 108.0
35.497476882505225 26.61227863782333 113.4456442661727 185.0 205.0 101.0
35.497460486043636 27.012626793540896 113.44379736172742 186.0 205.0 112.0
35.497444089582046 27.41297494925847 113.44195045728212 191.0 208.0 131.0
35.49742769312046 27.813323104976035 113.44010355283683 180.0 192.0 142.0
35.89789736772965 23.4094769956212 113.45331159664323 105.0 116.0 63.0
35.89788097126806 23.809825151338767 113.45146469219794 150.0 167.0 87.0
35.89786457480647 24.210173307056337 113.44961778775266 164.0 182.0 95.0
35.89784817834488 24.610521462773907 113.44777088330737 171.0 192.0 86.0
35.89783178188329 25.010869618491473 113.44592397886207 171.0 193.0 81.0
35.8978153854217 25.41121777420904 113.44407707441678 171.0 192.0 82.0
35.89779898896011 25.811565929926605 113.4422301699715 185.0 205.0 100.0
35.89778259249852 26.211914085644175 113.4403832655262 187.0 207.0 106.0
35.89776619603694 26.61226224136174 113.4385363610809 187.0 206.0 103.0
35.89774979957535 27.012610397079307 113.43668945663562 203.0 219.0 135.0
35.89773340311376 27.41295855279688 113.43484255219033 198.0 214.0 142.0
36.29820307772295 23.009112443442046 113.44805059599673 75.0 85.0 46.0
36.29818668126136 23.409460599159612 113.44620369155145 146.0 163.0 89.0
36.298170284799774 23.80980875487718 113.44435678710614 158.0 175.0 92.0
36.298153888338184 24.21015691059475 113.44250988266086 167.0 185.0 93.0
36.2981374918766 24.610505066312317 113.44066297821557 166.0 188.0 81.0
36.29812109541501 25.010853222029883 113.43881607377027 162.0 185.0 73.0
36.29810469895342 25.41120137774745 113.43696916932498 157.0 181.0 67.0
36.298088302491834 25.81154953346502 113.4351222648797 160.0 182.0 76.0
36.298071906030245 26.211897689182592 113.43327536043441 158.0 181.0 82.0
36.298055509568655 26.61224584490015 113.4314284559891 156.0 178.0 80.0
36.298039113107066 27.012594000617717 113.42958155154382 156.0 177.0 84.0
36.298022716645484 27.41294215633529 113.42773464709853 155.0 174.0 93.0
36.69849239125467 23.009096046980456 113.44094269090493 105.0 123.0 59.0
36.69847599479308 23.409444202698026 113.43909578645965 146.0 165.0 89.0
36.69845959833149 23.809792358415592 113.43724888201434 152.0 171.0 87.0
36.6984432018699 24.210140514133162 113.43540197756906 158.0 178.0 83.0
36.69842680540832 24.610488669850728 113.43355507312377 154.0 176.0 74.0
36.69841040894673 25.010836825568294 113.43170816867848 149.0 173.0 67.0
36.69839401248514 25.411184981285864 113.42986126423318 124.0 151.0 47.0
36.69837761602355 25.81153313700343 113.4280143597879 133.0 157.0 60.0
36.69836121956196 26.211881292721003 113.42616745534261 129.0 152.0 64.0
36.69834482310037 26.612229448438562 113.42432055089729 134.0 156.0 71.0
36.69832842663878 27.01257760415613 113.42247364645202 127.0 148.0 69.0
37.0987653083248 23.409427806236437 113.43198788136785 97.0 118.0 48.0
37.09874891186321 23.809775961954003 113.43014097692256 133.0 156.0 68.0
37.09873251540162 24.210124117671572 113.42829407247726 141.0 164.0 71.0
37.09871611894003 24.61047227338914 113.42644716803197 144.0 167.0 74.0
37.09869972247844 25.010820429106708 113.42460026358668 137.0 160.0 67.0
37.098683326016854 25.411168584824274 113.42275335914137 112.0 135.0 49.0
37.09866692955527 25.81151674054184 113.4209064546961 123.0 144.0 59.0
37.09865053309368 26.211864896259414 113.41905955025081 133.0 153.0 71.0
37.09863413663209 26.612213051976976 113.41721264580552 155.0 173.0 95.0
37.49903822539493 23.809759565492413 113.42303307183076 64.0 87.0 24.0
37.499021828933344 24.210107721209983 113.42118616738544 105.0 129.0 51.0
37.499005432471755 24.610455876927553 113.41933926294016 121.0 143.0 63.0
37.498989036010165 25.01080403264512 113.41749235849488 116.0 136.0 59.0
37.498972639548576 25.411152188362685 113.4156454540496 97.0 118.0 46.0
37.49895624308699 25.81150034408025 113.41379854960428 115.0 134.0 62.0
37.4989398466254 26.211848499797824 113.411951645159 128.0 147.0 76.0
37.498923450163815 26.612196655515387 113.41010474071372 159.0 174.0 109.0
37.89927834954188 25.01078763618353 113.41038445340307 95.0 114.0 51.0
34.70408814284153 24.612417556603965 113.86937965168931 157.0 175.0 89.0
34.70407174637994 25.01276571232153 113.86753274724403 162.0 180.0 93.0
34.70405534991835 25.413113868039098 113.86568584279871 105.0 125.0 48.0
34.70403895345676 25.813462023756664 113.86383893835342 119.0 135.0 63.0
34.70402255699518 26.21381017947423 113.86199203390814 85.0 97.0 47.0
35.10441024929642 23.81170484870724 113.8659655554881 142.0 157.0 86.0
35.10439385283483 24.212053004424806 113.86411865104279 160.0 176.0 94.0
35.10437745637324 24.612401160142376 113.8622717465975 169.0 188.0 90.0
35.10436105991165 25.012749315859942 113.86042484215221 171.0 191.0 84.0
35.104344663450064 25.41309747157751 113.85857793770694 173.0 193.0 82.0
35.104328266988475 25.813445627295074 113.85673103326162 187.0 205.0 100.0
35.104311870526885 26.21379378301264 113.85488412881634 191.0 209.0 111.0
35.1042954740653 26.614141938730207 113.85303722437105 182.0 201.0 102.0
35.104279077603714 27.014490094447776 113.85119031992575 159.0 180.0 90.0
35.104262681142124 27.414838250165342 113.84934341548046 129.0 149.0 73.0
35.50469956282814 23.81168845224565 113.85885765039629 161.0 176.0 100.0
35.504683166366554 24.21203660796322 113.85701074595102 162.0 178.0 96.0
35.504666769904965 24.612384763680787 113.8551638415057 168.0 188.0 88.0
35.504650373443376 25.012732919398353 113.85331693706041 173.0 194.0 84.0
35.504633976981786 25.413081075115922 113.85147003261513 184.0 204.0 92.0
35.5046175805202 25.813429230833485 113.84962312816982 194.0 212.0 106.0
35.50460118405861 26.21377738655105 113.84777622372454 193.0 212.0 110.0
35.50458478759702 26.61412554226862 113.84592931927925 193.0 212.0 112.0
35.50456839113543 27.014473697986187 113.84408241483396 183.0 202.0 111.0
35.50455199467385 27.41482185370376 113.84223551038866 186.0 203.0 128.0
35.50453559821226 27.815170009421326 113.84038860594337 110.0 118.0 83.0
35.90500527282144 23.411323900066495 113.85359664974978 145.0 161.0 88.0
35.90498887635985 23.81167205578406 113.85174974530449 158.0 175.0 93.0
35.90497247989826 24.21202021150163 113.8499028408592 167.0 185.0 95.0
35.90495608343668 24.612368367219197 113.8480559364139 160.0 182.0 75.0
35.90493968697509 25.012716522936767 113.84620903196861 163.0 186.0 75.0
35.9049232905135 25.413064678654333 113.84436212752333 180.0 200.0 92.0
35.90490689405191 25.813412834371896 113.84251522307804 191.0 210.0 106.0
35.90489049759032 26.213760990089465 113.84066831863274 194.0 213.0 113.0
35.90487410112873 26.61410914580703 113.83882141418745 186.0 205.0 107.0
35.904857704667144 27.014457301524597 113.83697450974216 200.0 217.0 134.0
35.904841308205555 27.41480545724217 113.83512760529686 199.0 214.0 148.0
36.30529458635316 23.411307503604906 113.84648874465798 151.0 169.0 90.0
36.305278189891574 23.811655659322472 113.84464184021269 155.0 173.0 89.0
36.305261793429985 24.212003815040042 113.8427949357674 162.0 182.0 90.0
36.305245396968395 24.61235197075761 113.84094803132211 162.0 183.0 78.0
36.305229000506806 25.012700126475178 113.83910112687681 162.0 184.0 75.0
36.305212604045224 25.413048282192744 113.83725422243153 159.0 182.0 73.0
36.305196207583634 25.81339643791031 113.83540731798624 159.0 181.0 79.0
36.305179811122045 26.213744593627883 113.83356041354094 156.0 177.0 81.0
36.305163414660456 26.614092749345442 113.83171350909565 147.0 168.0 76.0
36.305147018198866 27.01444090506301 113.82986660465036 160.0 179.0 93.0
36.30513062173728 27.41478906078058 113.82801970020508 163.0 179.0 107.0
36.70560029634647 23.01094295142575 113.84122774401148 86.0 100.0 49.0
36.70558389988488 23.411291107143317 113.83938083956619 143.0 163.0 79.0
36.70556750342329 23.811639262860886 113.83753393512089 148.0 169.0 81.0
36.7055511069617 24.211987418578456 113.8356870306756 149.0 169.0 80.0
36.70553471050011 24.612335574296022 113.83384012623031 157.0 180.0 80.0
36.70551831403852 25.01268373001359 113.83199322178501 153.0 176.0 73.0
36.70550191757693 25.413031885731158 113.83014631733973 136.0 159.0 59.0
36.70548552111535 25.81338004144872 113.82829941289444 133.0 155.0 64.0
36.70546912465376 26.213728197166294 113.82645250844915 129.0 150.0 66.0
36.70545272819217 26.614076352883856 113.82460560400384 137.0 157.0 75.0
36.70543633173058 27.014424508601422 113.82275869955856 133.0 152.0 76.0
37.105873213416594 23.41127471068173 113.83227293447439 79.0 101.0 34.0
37.10585681695501 23.811622866399297 113.83042603002909 121.0 145.0 59.0
37.10584042049342 24.211971022116867 113.8285791255838 133.0 155.0 67.0
37.10582402403183 24.612319177834433 113.82673222113851 133.0 155.0 68.0
37.10580762757024 25.012667333552002 113.82488531669323 128.0 149.0 64.0
37.105791231108654 25.41301548926957 113.82303841224791 109.0 130.0 50.0
37.105774834647065 25.81336364498713 113.82119150780264 108.0 130.0 50.0
37.105758438185475 26.213711800704704 113.81934460335735 123.0 143.0 63.0
37.10574204172389 26.614059956422267 113.81749769891206 157.0 174.0 100.0
37.50612973402514 24.211954625655277 113.82147122049199 76.0 100.0 32.0
37.506113337563555 24.612302781372847 113.81962431604671 99.0 122.0 47.0
37.506096941101966 25.012650937090413 113.81777741160143 98.0 120.0 48.0
37.506080544640376 25.41299909280798 113.81593050715614 93.0 114.0 46.0
37.50606414817879 25.81334724852554 113.81408360271082 108.0 127.0 57.0
37.5060477517172 26.213695404243115 113.81223669826555 119.0 136.0 69.0
37.50603135525561 26.614043559960677 113.81038979382026 149.0 164.0 100.0
34.71121244439492 24.213916305331686 114.27151160924113 114.0 131.0 60.0
34.71119604793333 24.614264461049256 114.26966470479586 148.0 167.0 81.0
34.71117965147174 25.014612616766822 114.26781780035056 138.0 157.0 72.0
34.71116325501015 25.41496077248439 114.26597089590526 76.0 94.0 28.0
34.71114685854856 25.815308928201954 114.26412399145998 89.0 102.0 44.0
34.71111406562538 26.616005239637087 114.26043018256938 90.0 105.0 48.0
35.111518154388214 23.81355175315253 114.26625060859463 142.0 156.0 87.0
35.111501757926625 24.213899908870097 114.26440370414933 166.0 182.0 100.0
35.11148536146504 24.614248064587667 114.26255679970406 168.0 187.0 90.0
35.11146896500345 25.014596220305233 114.26070989525876 172.0 191.0 87.0
35.111452568541864 25.414944376022802 114.25886299081345 174.0 193.0 85.0
35.111436172080275 25.815292531740365 114.25701608636818 191.0 208.0 107.0
35.111419775618685 26.21564068745793 114.25516918192288 195.0 211.0 118.0
35.111403379157096 26.6159888431755 114.25332227747761 182.0 201.0 104.0
35.11138698269551 27.016336998893067 114.2514753730323 153.0 175.0 84.0
35.11137058623392 27.416685154610633 114.249628468587 123.0 143.0 69.0
35.511823864381526 23.413187200973375 114.26098960794813 106.0 114.0 72.0
35.51180746791994 23.81353535669094 114.25914270350283 158.0 173.0 100.0
35.51179107145835 24.21388351240851 114.25729579905753 167.0 183.0 100.0
35.51177467499676 24.614231668126077 114.25544889461226 165.0 185.0 84.0
35.51175827853517 25.014579823843647 114.25360199016696 168.0 188.0 81.0
35.511741882073586 25.414927979561213 114.25175508572168 189.0 207.0 101.0
35.511725485612 25.815276135278776 114.24990818127635 196.0 213.0 112.0
35.51170908915041 26.215624290996345 114.24806127683108 197.0 214.0 118.0
35.51169269268882 26.61597244671391 114.24621437238581 189.0 207.0 111.0
35.51167629622723 27.016320602431477 114.2443674679405 187.0 205.0 121.0
35.51165989976564 27.41666875814905 114.2425205634952 191.0 207.0 139.0
35.51164350330405 27.817016913866617 114.24067365904993 80.0 86.0 58.0
35.91211317791324 23.413170804511786 114.25388170285633 142.0 156.0 90.0
35.91209678145165 23.813518960229352 114.25203479841103 158.0 175.0 95.0
35.91208038499006 24.213867115946922 114.25018789396576 165.0 183.0 92.0
35.91206398852847 24.61421527166449 114.24834098952043 157.0 178.0 76.0
35.912047592066884 25.014563427382058 114.24649408507516 161.0 183.0 77.0
35.912031195605294 25.414911583099624 114.24464718062988 182.0 201.0 97.0
35.91201479914371 25.81525973881719 114.24280027618458 190.0 208.0 104.0
35.91199840268212 26.215607894534756 114.24095337173928 188.0 206.0 106.0
35.91198200622053 26.615956050252322 114.23910646729401 180.0 198.0 104.0
35.911965609758944 27.016304205969888 114.2372595628487 198.0 214.0 137.0
35.911949213297355 27.41665236168746 114.2354126584034 198.0 212.0 149.0
36.31240249144496 23.413154408050197 114.2467737977645 145.0 162.0 88.0
36.312386094983374 23.813502563767763 114.24492689331923 151.0 170.0 86.0
36.312369698521785 24.213850719485336 114.24307998887396 155.0 175.0 84.0
36.312353302060195 24.614198875202902 114.24123308442866 162.0 183.0 82.0
36.312336905598606 25.01454703092047 114.23938617998336 164.0 187.0 82.0
36.31232050913702 25.414895186638034 114.23753927553805 167.0 189.0 85.0
36.31230411267543 25.8152433423556 114.23569237109278 169.0 190.0 90.0
36.31228771621384 26.215591498073174 114.23384546664748 160.0 181.0 87.0
36.312271319752256 26.615939653790733 114.23199856220218 145.0 165.0 78.0
36.312254923290666 27.016287809508302 114.2301516577569 157.0 175.0 94.0
36.31223852682908 27.416635965225872 114.22830475331163 162.0 176.0 111.0
36.71269180497667 23.413138011588607 114.23966589267273 132.0 152.0 71.0
36.71267540851509 23.813486167306177 114.23781898822743 142.0 163.0 77.0
36.7126590120535 24.213834323023747 114.23597208378213 143.0 165.0 77.0
36.71264261559191 24.614182478741313 114.23412517933686 157.0 179.0 82.0
36.71262621913032 25.01453063445888 114.23227827489156 152.0 174.0 77.0
36.71260982266873 25.41487879017645 114.23043137044625 143.0 165.0 70.0
36.71259342620714 25.81522694589401 114.22858446600098 135.0 156.0 69.0
36.71257702974555 26.215575101611584 114.22673756155571 130.0 150.0 70.0
36.712560633283964 26.615923257329147 114.22489065711038 132.0 151.0 74.0
36.71254423682238 27.016271413046713 114.2230437526651 132.0 150.0 78.0
37.112964722046804 23.813469770844588 114.23071108313563 81.0 106.0 34.0
37.112948325585215 24.213817926562157 114.22886417869033 103.0 127.0 47.0
37.11293192912363 24.614166082279723 114.22701727424506 112.0 135.0 53.0
37.11291553266204 25.014514237997293 114.22517036979978 111.0 134.0 53.0
37.112899136200454 25.41486239371486 114.22332346535445 114.0 135.0 57.0
37.112882739738865 25.81521054943242 114.22147656090918 113.0 133.0 57.0
37.112866343277275 26.215558705149995 114.21962965646388 120.0 139.0 66.0
37.112849946815686 26.615906860867558 114.21778275201858 154.0 170.0 99.0
37.51322124265535 24.614149685818138 114.21990936915326 61.0 84.0 23.0
37.51320484619376 25.014497841535704 114.21806246470796 73.0 96.0 31.0
37.51318844973217 25.41484599725327 114.21621556026265 83.0 104.0 39.0
37.51317205327059 25.815194152970836 114.21436865581738 103.0 122.0 55.0
37.513155656809 26.215542308688406 114.21252175137208 117.0 133.0 69.0
34.71832034948672 24.215763209776977 114.67179666234769 138.0 155.0 76.0
34.71830395302513 24.616111365494547 114.66994975790239 132.0 147.0 76.0
34.71828755656354 25.016459521212113 114.66810285345711 148.0 164.0 87.0
34.71827116010195 25.41680767692968 114.66625594901181 129.0 151.0 64.0
34.71825476364037 25.81715583264725 114.66440904456651 123.0 136.0 73.0
34.71823836717878 26.217503988364818 114.66256214012124 139.0 152.0 90.0
34.71822197071719 26.617852144082384 114.66071523567594 119.0 137.0 61.0
35.11862605948002 23.81539865759782 114.66653566170116 158.0 172.0 103.0
35.11860966301843 24.215746813315388 114.66468875725589 173.0 190.0 105.0
35.11859326655684 24.616094969032957 114.66284185281059 163.0 183.0 86.0
35.118576870095254 25.016443124750523 114.66099494836531 160.0 181.0 80.0
35.118560473633664 25.416791280468093 114.65914804392001 162.0 182.0 82.0
35.118544077172075 25.817139436185663 114.65730113947471 194.0 211.0 118.0
35.11852768071049 26.21748759190323 114.65545423502944 194.0 210.0 120.0
35.1185112842489 26.617835747620795 114.65360733058414 174.0 193.0 99.0
35.118494887787314 27.01818390333836 114.65176042613884 153.0 173.0 87.0
35.118478491325725 27.41853205905593 114.64991352169356 121.0 140.0 70.0
35.518931769473326 23.415034105418666 114.66127466105466 108.0 119.0 75.0
35.518915373011744 23.815382261136232 114.65942775660939 157.0 171.0 104.0
35.518898976550155 24.215730416853802 114.65758085216409 170.0 187.0 103.0
35.518882580088565 24.616078572571368 114.65573394771879 159.0 179.0 82.0
35.518866183626976 25.016426728288938 114.65388704327351 161.0 182.0 81.0
35.51884978716539 25.416774884006504 114.65204013882821 173.0 192.0 95.0
35.5188333907038 25.817123039724073 114.65019323438291 201.0 217.0 125.0
35.51881699424221 26.21747119544164 114.64834632993764 198.0 215.0 123.0
35.51880059778062 26.617819351159206 114.64649942549234 175.0 194.0 103.0
35.518784201319036 27.018167506876775 114.64465252104704 175.0 192.0 113.0
35.51876780485745 27.41851566259435 114.64280561660176 178.0 193.0 128.0
35.91922108300504 23.415017708957077 114.65416675596286 128.0 138.0 90.0
35.91920468654345 23.815365864674643 114.65231985151759 152.0 169.0 96.0
35.91918829008187 24.215714020392213 114.65047294707229 157.0 175.0 93.0
35.91917189362028 24.616062176109782 114.64862604262699 158.0 176.0 90.0
35.91915549715869 25.01641033182735 114.64677913818171 166.0 185.0 92.0
35.9191391006971 25.416758487544914 114.64493223373641 182.0 200.0 102.0
35.91912270423551 25.817106643262484 114.64308532929111 186.0 204.0 102.0
35.91910630777392 26.21745479898005 114.64123842484581 177.0 195.0 95.0
35.919089911312334 26.61780295469762 114.63939152040054 168.0 186.0 95.0
35.919073514850744 27.018151110415186 114.63754461595526 185.0 202.0 122.0
35.91905711838916 27.41849926613276 114.63569771150993 188.0 202.0 137.0
36.319510396536764 23.415001312495487 114.64705885087106 95.0 104.0 65.0
36.319494000075174 23.815349468213057 114.64521194642579 146.0 164.0 88.0
36.319477603613585 24.215697623930627 114.64336504198049 151.0 171.0 84.0
36.319461207151996 24.616045779648193 114.64151813753519 158.0 179.0 89.0
36.31944481069041 25.01639393536576 114.63967123308989 165.0 186.0 91.0
36.319428414228824 25.416742091083325 114.63782432864461 166.0 188.0 86.0
36.319412017767235 25.817090246800895 114.63597742419934 158.0 181.0 80.0
36.319395621305645 26.217438402518464 114.63413051975401 140.0 163.0 69.0
36.319379224844056 26.61778655823603 114.63228361530874 134.0 155.0 70.0
36.31936282838247 27.018134713953597 114.63043671086346 138.0 156.0 79.0
36.31934643192088 27.41848286967117 114.62858980641813 138.0 153.0 90.0
36.71979971006848 23.4149849160339 114.63995094577926 68.0 80.0 39.0
36.71978331360689 23.815333071751468 114.63810404133396 116.0 135.0 64.0
36.7197669171453 24.215681227469037 114.63625713688869 117.0 140.0 56.0
36.71975052068371 24.616029383186603 114.63441023244341 146.0 169.0 75.0
36.71973412422212 25.01637753890417 114.63256332799808 159.0 181.0 88.0
36.71971772776054 25.41672569462174 114.63071642355281 143.0 167.0 72.0
36.71970133129895 25.81707385033931 114.62886951910751 132.0 154.0 69.0
36.71968493483736 26.217422006056875 114.62702261466221 118.0 139.0 63.0
36.71966853837577 26.61777016177444 114.62517571021694 121.0 140.0 69.0
36.71965214191418 27.018118317492007 114.62332880577164 115.0 132.0 67.0
37.12005623067702 24.215664831007448 114.62914923179689 71.0 96.0 26.0
37.12003983421543 24.616012986725014 114.62730232735159 84.0 111.0 34.0
37.120023437753844 25.016361142442584 114.62545542290628 96.0 121.0 43.0
37.120007041292254 25.41670929816015 114.62360851846101 108.0 129.0 54.0
37.119990644830665 25.81705745387772 114.62176161401571 123.0 141.0 75.0
37.119974248369076 26.217405609595286 114.61991470957044 125.0 142.0 82.0
37.11995785190749 26.61775376531285 114.61806780512514 144.0 159.0 96.0
37.520345544208745 24.21564843454586 114.62204132670509 62.0 87.0 23.0
37.520329147747155 24.61599659026343 114.62019442225979 65.0 89.0 24.0
37.520312751285566 25.016344745980994 114.61834751781451 72.0 95.0 30.0
37.52029635482398 25.41669290169856 114.61650061336921 89.0 110.0 43.0
37.52027995836239 25.81704105741613 114.61465370892391 121.0 136.0 73.0
34.72542825457852 24.217610114222268 115.07208171545422 125.0 139.0 75.0
34.72541185811693 24.617958269939837 115.07023481100894 137.0 154.0 80.0
34.72539546165534 25.018306425657403 115.06838790656364 135.0 153.0 77.0
34.72537906519375 25.41865458137497 115.06654100211834 125.0 142.0 71.0
34.72536266873216 25.81900273709254 115.06469409767307 74.0 80.0 49.0
34.72532987580898 26.619699048527675 115.06100028878247 82.0 95.0 47.0
35.125733964571815 23.817245562043112 115.06682071480772 168.0 178.0 125.0
35.12571756811023 24.21759371776068 115.06497381036242 172.0 186.0 109.0
35.12570117164864 24.617941873478248 115.06312690591714 162.0 180.0 92.0
35.125684775187054 25.018290029195814 115.06128000147184 162.0 181.0 89.0
35.125668378725464 25.418638184913384 115.05943309702654 173.0 190.0 99.0
35.125651982263875 25.818986340630953 115.05758619258127 193.0 209.0 121.0
35.125635585802286 26.21933449634852 115.05573928813597 188.0 205.0 120.0
35.125619189340696 26.619682652066086 115.05389238369067 159.0 177.0 94.0
35.12560279287911 27.020030807783655 115.0520454792454 157.0 176.0 101.0
35.125586396417525 27.42037896350122 115.05019857480009 127.0 142.0 82.0
35.52602327810354 23.817229165581523 115.05971280971592 170.0 183.0 121.0
35.52600688164195 24.217577321299093 115.05786590527062 165.0 182.0 102.0
35.52599048518036 24.61792547701666 115.05601900082534 157.0 176.0 87.0
35.525974088718776 25.01827363273423 115.05417209638004 164.0 183.0 91.0
35.52595769225719 25.418621788451794 115.05232519193474 182.0 198.0 110.0
35.5259412957956 25.818969944169364 115.05047828748947 195.0 211.0 120.0
35.52592489933401 26.21931809988693 115.04863138304417 186.0 203.0 112.0
35.52590850287242 26.619666255604496 115.0467844785989 161.0 180.0 92.0
35.52589210641083 27.020014411322066 115.04493757415356 177.0 193.0 122.0
35.52587570994924 27.42036256703964 115.04309066970829 159.0 173.0 117.0
35.92632898809684 23.416864613402367 115.05445180906942 126.0 137.0 90.0
35.92631259163525 23.817212769119934 115.05260490462412 148.0 165.0 95.0
35.92629619517366 24.217560924837503 115.05075800017882 154.0 173.0 91.0
35.92627979871207 24.617909080555073 115.04891109573354 155.0 174.0 86.0
35.926263402250484 25.01825723627264 115.04706419128824 167.0 186.0 96.0
35.9262470057889 25.418605391990205 115.04521728684297 191.0 208.0 122.0
35.92623060932731 25.818953547707775 115.04337038239764 185.0 204.0 108.0
35.92621421286572 26.21930170342534 115.04152347795237 173.0 192.0 95.0
35.926197816404134 26.61964985914291 115.0396765735071 165.0 183.0 93.0
35.926181419942544 27.019998014860477 115.0378296690618 172.0 187.0 116.0
35.926165023480955 27.42034617057805 115.03598276461649 170.0 183.0 131.0
36.326618301628564 23.416848216940778 115.04734390397762 89.0 101.0 55.0
36.326601905166974 23.817196372658348 115.04549699953232 132.0 151.0 77.0
36.326585508705385 24.217544528375917 115.04365009508705 138.0 159.0 76.0
36.326569112243796 24.617892684093484 115.04180319064172 143.0 164.0 81.0
36.326552715782206 25.01824083981105 115.03995628619644 150.0 171.0 86.0
36.32653631932062 25.418588995528616 115.03810938175117 166.0 186.0 97.0
36.32651992285903 25.818937151246185 115.03626247730587 164.0 186.0 90.0
36.326503526397445 26.219285306963755 115.03441557286057 152.0 173.0 81.0
36.326487129935856 26.61963346268132 115.03256866841527 149.0 168.0 86.0
36.32647073347427 27.019981618398887 115.03072176396999 143.0 159.0 92.0
36.32645433701268 27.42032977411646 115.02887485952469 139.0 151.0 99.0
36.72689121869869 23.81717997619676 115.03838909444052 75.0 95.0 35.0
36.7268748222371 24.217528131914328 115.03654218999525 115.0 137.0 59.0
36.72685842577551 24.617876287631894 115.03469528554994 128.0 150.0 72.0
36.72684202931392 25.01822444334946 115.03284838110464 132.0 153.0 78.0
36.72682563285233 25.41857259906703 115.03100147665934 123.0 143.0 71.0
36.72680923639074 25.8189207547846 115.02915457221407 138.0 160.0 79.0
36.72679283992915 26.219268910502166 115.02730766776877 143.0 164.0 85.0
36.72677644346757 26.619617066219732 115.02546076332347 142.0 159.0 89.0
36.72676004700598 27.0199652219373 115.02361385887819 140.0 155.0 94.0
37.12714773930723 24.617859891170305 115.02758738045814 58.0 80.0 20.0
37.127131342845644 25.018208046887874 115.02574047601284 79.0 102.0 35.0
37.127114946384054 25.41855620260544 115.02389357156754 79.0 98.0 40.0
37.127098549922465 25.81890435832301 115.02204666712227 129.0 147.0 80.0
37.127082153460876 26.219252514040576 115.02019976267697 157.0 174.0 107.0
37.127065756999286 26.619600669758146 115.01835285823167 174.0 188.0 124.0
37.1270493605377 27.019948825475712 115.01650595378639 162.0 171.0 125.0
37.52745344930054 24.21749533899115 115.02232637981162 64.0 86.0 25.0
37.52743705283895 24.61784349470872 115.02047947536634 61.0 84.0 23.0
34.73253615967031 24.21945701866756 115.47236676856078 117.0 129.0 77.0
34.73251976320872 24.619805174385128 115.47051986411547 125.0 140.0 75.0
34.73250336674714 25.020153330102694 115.46867295967017 124.0 140.0 74.0
34.73248697028555 25.42050148582026 115.4668260552249 89.0 101.0 54.0
35.132841869663615 23.819092466488403 115.46710576791425 165.0 175.0 123.0
35.132825473202026 24.21944062220597 115.46525886346897 169.0 183.0 112.0
35.132809076740436 24.61978877792354 115.46341195902367 163.0 179.0 98.0
35.132792680278854 25.020136933641105 115.46156505457837 167.0 184.0 99.0
35.132776283817265 25.420485089358674 115.4597181501331 183.0 198.0 115.0
35.132759887355675 25.820833245076244 115.4578712456878 190.0 205.0 124.0
35.132743490894086 26.22118140079381 115.45602434124253 146.0 160.0 91.0
35.1327270944325 26.621529556511376 115.45417743679722 142.0 160.0 89.0
35.13271069797091 27.021877712228946 115.45233053235192 130.0 145.0 85.0
35.53313118319534 23.819076070026814 115.45999786282245 185.0 197.0 139.0
35.53311478673375 24.219424225744383 115.45815095837717 161.0 177.0 102.0
35.53309839027216 24.61977238146195 115.45630405393187 161.0 178.0 96.0
35.53308199381057 25.02012053717952 115.4544571494866 169.0 186.0 100.0
35.53306559734898 25.420468692897085 115.4526102450413 188.0 204.0 121.0
35.53304920088739 25.820816848614655 115.450763340596 195.0 211.0 124.0
35.53303280442581 26.22116500433222 115.44891643615072 181.0 198.0 110.0
35.53301640796422 26.62151316004979 115.44706953170542 159.0 177.0 97.0
35.53300001150263 27.021861315767357 115.44522262726012 166.0 182.0 116.0
35.53298361504104 27.42220947148493 115.44337572281485 125.0 137.0 92.0
35.93343689318864 23.418711517847658 115.45473686217595 121.0 132.0 85.0
35.93342049672705 23.819059673565224 115.45288995773068 151.0 168.0 98.0
35.93340410026546 24.219407829282794 115.45104305328537 150.0 168.0 88.0
35.933387703803874 24.619755985000364 115.44919614884007 155.0 175.0 87.0
35.933371307342284 25.02010414071793 115.4473492443948 173.0 191.0 102.0
35.933354910880695 25.420452296435496 115.4455023399495 189.0 206.0 124.0
35.933338514419106 25.820800452153065 115.4436554355042 185.0 203.0 113.0
35.933322117957516 26.221148607870635 115.44180853105892 173.0 192.0 103.0
35.933305721495934 26.6214967635882 115.43996162661362 174.0 191.0 113.0
35.933289325034345 27.021844919305767 115.43811472216832 156.0 170.0 111.0
35.933272928572755 27.42219307502334 115.43626781772302 144.0 154.0 113.0
36.33372620672036 23.41869512138607 115.44762895708415 79.0 93.0 45.0
36.33370981025877 23.81904327710364 115.44578205263888 116.0 136.0 65.0
36.333693413797185 24.219391432821208 115.44393514819357 127.0 148.0 70.0
36.333677017335596 24.619739588538774 115.44208824374827 136.0 157.0 75.0
36.33366062087401 25.02008774425634 115.440241339303 146.0 167.0 84.0
36.33364422441242 25.420435899973906 115.4383944348577 160.0 180.0 98.0
36.33362782795083 25.82078405569148 115.4365475304124 154.0 175.0 86.0
36.33361143148924 26.221132211409046 115.4347006259671 153.0 173.0 88.0
36.33359503502765 26.621480367126612 115.43285372152182 156.0 173.0 99.0
36.33357863856606 27.021828522844178 115.43100681707655 147.0 161.0 102.0
36.33356224210448 27.42217667856175 115.42915991263122 142.0 152.0 109.0
36.73399912379048 23.81902688064205 115.43867414754708 65.0 84.0 29.0
36.73398272732889 24.21937503635962 115.43682724310177 109.0 130.0 59.0
36.73396633086731 24.619723192077185 115.43498033865647 124.0 145.0 71.0
36.73394993440572 25.02007134779475 115.43313343421117 128.0 149.0 77.0
36.73393353794413 25.42041950351232 115.4312865297659 117.0 135.0 72.0
36.73391714148254 25.82076765922989 115.42943962532063 135.0 155.0 78.0
36.733900745020954 26.221115814947456 115.4275927208753 154.0 173.0 97.0
36.733884348559364 26.621463970665022 115.42574581643002 149.0 165.0 96.0
36.733867952097775 27.021812126382592 115.42389891198472 151.0 164.0 107.0
37.134222851475855 25.42040310705073 115.4241786246741 68.0 84.0 35.0
37.134206455014265 25.8207512627683 115.4223317202288 115.0 131.0 67.0
37.134190058552676 26.221099418485867 115.4204848157835 146.0 162.0 92.0
37.13417366209109 26.621447574203437 115.41863791133822 185.0 198.0 136.0
34.73964406476212 24.221303923112853 115.8726518216673 92.0 100.0 62.0
34.73962766830053 24.621652078830422 115.87080491722203 114.0 124.0 79.0
34.73961127183894 25.02200023454799 115.86895801277673 83.0 92.0 54.0
34.73959487537735 25.422348390265554 115.86711110833143 95.0 105.0 63.0
35.13994977475542 23.820939370933697 115.8673908210208 155.0 165.0 113.0
35.13993337829383 24.221287526651263 115.8655439165755 171.0 184.0 118.0
35.13991698183224 24.621635682368833 115.86369701213023 173.0 187.0 115.0
35.139900585370654 25.0219838380864 115.86185010768493 176.0 191.0 112.0
35.139884188909065 25.42233199380397 115.86000320323963 187.0 202.0 124.0
35.139867792447475 25.822680149521535 115.85815629879436 171.0 186.0 108.0
35.139851395985886 26.2230283052391 115.85630939434905 112.0 124.0 69.0
35.1398349995243 26.623376460956667 115.85446248990375 84.0 97.0 50.0
35.54025548474873 23.42057481875454 115.8621298203743 88.0 94.0 64.0
35.54023908828714 23.820922974472108 115.860282915929 174.0 187.0 127.0
35.54022269182555 24.221271130189677 115.8584360114837 166.0 180.0 112.0
35.540206295363966 24.621619285907244 115.85658910703843 174.0 189.0 112.0
35.540189898902376 25.021967441624813 115.85474220259313 178.0 194.0 112.0
35.54017350244079 25.42231559734238 115.85289529814783 186.0 202.0 121.0
35.5401571059792 25.822663753059945 115.85104839370256 192.0 208.0 126.0
35.54014070951761 26.22301190877751 115.84920148925725 169.0 183.0 114.0
35.54012431305602 26.62336006449508 115.84735458481195 146.0 160.0 101.0
35.54010791659443 27.023708220212647 115.84550768036668 103.0 113.0 71.0
35.94054479828044 23.420558422292952 115.8550219152825 99.0 110.0 65.0
35.94052840181885 23.82090657801052 115.8531750108372 159.0 175.0 106.0
35.94051200535726 24.221254733728088 115.8513281063919 155.0 172.0 94.0
35.940495608895674 24.621602889445658 115.84948120194663 166.0 184.0 98.0
35.94047921243409 25.021951045163224 115.84763429750133 177.0 194.0 107.0
35.9404628159725 25.42229920088079 115.84578739305603 185.0 202.0 121.0
35.94044641951091 25.822647356598356 115.84394048861076 184.0 202.0 117.0
35.94043002304932 26.222995512315926 115.84209358416545 179.0 197.0 122.0
35.940413626587734 26.623343668033492 115.84024667972018 167.0 182.0 123.0
35.940397230126145 27.023691823751058 115.83839977527485 129.0 142.0 96.0
36.340817715350575 23.82089018154893 115.8460671057454 99.0 117.0 56.0
36.340801318888985 24.221238337266502 115.8442202013001 115.0 136.0 64.0
36.340784922427396 24.62158649298407 115.84237329685483 141.0 162.0 76.0
36.34076852596581 25.021934648701635 115.84052639240953 159.0 179.0 93.0
36.34075212950422 25.4222828044192 115.83867948796426 160.0 179.0 99.0
36.340735733042635 25.82263096013677 115.83683258351893 154.0 174.0 93.0
36.340719336581046 26.222979115854336 115.83498567907365 152.0 170.0 95.0
36.340702940119456 26.623327271571902 115.83313877462838 149.0 165.0 102.0
36.34068654365787 27.02367542728947 115.83129187018308 143.0 156.0 104.0
36.34067014719628 27.424023583007042 115.82944496573778 124.0 132.0 97.0
36.7410906324207 24.221221940804913 115.83711229620833 69.0 89.0 33.0
36.74107423595911 24.62157009652248 115.835265391763 103.0 126.0 54.0
36.74105783949752 25.021918252240045 115.83341848731773 118.0 140.0 64.0
36.74104144303593 25.422266407957615 115.83157158287246 133.0 152.0 83.0
36.74102504657434 25.82261456367518 115.82972467842716 127.0 146.0 76.0
36.74100865011276 26.222962719392747 115.82787777398185 131.0 149.0 80.0
36.74099225365117 26.623310875110313 115.82603086953655 148.0 163.0 98.0
36.74097585718958 27.023659030827883 115.82418396509128 158.0 170.0 117.0
37.54162007009938 25.422233615034436 115.81735577268883 69.0 83.0 38.0
37.9418929871695 25.822565374290416 115.80840096315175 109.0 116.0 79.0
35.147057679847215 23.822786275378988 116.26767587412733 110.0 121.0 75.0
35.147041283385626 24.223134431096554 116.26582896968206 185.0 197.0 137.0
35.14702488692404 24.623482586814124 116.26398206523676 190.0 202.0 136.0
35.147008490462454 25.02383074253169 116.26213516079146 199.0 211.0 144.0
35.146992094000865 25.42417889824926 116.26028825634619 182.0 194.0 126.0
35.146975697539276 25.824527053966825 116.25844135190088 151.0 163.0 106.0
35.146959301077686 26.22487520968439 116.25659444745558 109.0 119.0 73.0
35.54736338984053 23.422421723199832 116.26241487348084 103.0 110.0 75.0
35.54734699337894 23.8227698789174 116.26056796903553 183.0 195.0 140.0
35.54733059691735 24.223118034634968 116.25872106459026 193.0 206.0 143.0
35.54731420045576 24.623466190352534 116.25687416014496 200.0 212.0 146.0
35.54729780399417 25.023814346070104 116.25502725569966 202.0 215.0 144.0
35.54728140753258 25.42416250178767 116.25318035125439 207.0 220.0 150.0
35.547265011071 25.824510657505236 116.25133344680908 188.0 201.0 138.0
35.54724861460941 26.224858813222802 116.24948654236381 125.0 134.0 94.0
35.54723221814782 26.625206968940372 116.24763963791851 92.0 103.0 62.0
35.94765270337224 23.422405326738243 116.25530696838904 131.0 138.0 99.0
35.94763630691065 23.82275348245581 116.25346006394373 184.0 197.0 136.0
35.94761991044906 24.22310163817338 116.25161315949846 188.0 203.0 129.0
35.947603513987474 24.62344979389095 116.24976625505316 199.0 212.0 144.0
35.947587117525885 25.023797949608515 116.24791935060789 200.0 214.0 146.0
35.947570721064295 25.42414610532608 116.24607244616259 194.0 210.0 135.0
35.947554324602706 25.824494261043647 116.24422554171728 172.0 189.0 115.0
35.947537928141124 26.224842416761216 116.24237863727201 92.0 102.0 61.0
35.947521531679534 26.625190572478783 116.24053173282671 102.0 115.0 70.0
35.947505135217945 27.02553872819635 116.23868482838141 84.0 95.0 59.0
36.347925620442375 23.822737085994223 116.24635215885196 104.0 123.0 58.0
36.347909223980785 24.223085241711793 116.24450525440666 124.0 144.0 69.0
36.347892827519196 24.62343339742936 116.24265834996136 182.0 200.0 119.0
36.34787643105761 25.023781553146925 116.24081144551609 183.0 201.0 120.0
36.34786003459602 25.42412970886449 116.23896454107079 171.0 190.0 104.0
36.34784363813443 25.82447786458206 116.23711763662548 136.0 156.0 78.0
36.34782724167284 26.224826020299627 116.23527073218021 108.0 124.0 67.0
36.34781084521125 26.625174176017193 116.23342382773491 120.0 135.0 84.0
36.34779444874967 27.02552233173476 116.23157692328961 128.0 140.0 95.0
36.34777805228808 27.425870487452332 116.22973001884431 107.0 115.0 82.0
36.74818214105091 24.62341700096777 116.23555044486956 71.0 89.0 32.0
36.74816574458932 25.023765156685336 116.23370354042429 122.0 145.0 64.0
36.74814934812773 25.424113312402906 116.23185663597899 135.0 157.0 76.0
36.74813295166614 25.82446146812047 116.23000973153368 95.0 115.0 53.0
36.748116555204554 26.224809623838038 116.22816282708838 113.0 129.0 71.0
36.748100158742965 26.625157779555604 116.22631592264311 147.0 160.0 107.0
36.748083762281375 27.025505935273173 116.22446901819784 158.0 169.0 124.0
37.548695182268 26.224776830914863 116.21394701690478 96.0 104.0 67.0
35.154165584939015 23.82463317982428 116.66796092723389 102.0 110.0 73.0
35.154149188477426 24.224981335541845 116.66611402278859 199.0 204.0 168.0
35.15413279201584 24.625329491259414 116.66426711834332 203.0 212.0 157.0
35.15411639555425 25.02567764697698 116.66242021389802 188.0 199.0 142.0
35.15409999909266 25.42602580269455 116.66057330945272 118.0 127.0 85.0
35.154083602631076 25.826373958412116 116.65872640500744 75.0 80.0 52.0
35.55445489847074 23.82461678336269 116.66085302214209 198.0 207.0 162.0
35.55443850200915 24.22496493908026 116.65900611769679 228.0 234.0 194.0
35.55442210554756 24.625313094797825 116.65715921325152 212.0 222.0 166.0
35.55440570908597 25.025661250515395 116.65531230880622 196.0 209.0 145.0
35.55438931262438 25.42600940623296 116.65346540436092 170.0 182.0 118.0
35.954760608464035 23.424252231183534 116.6555920214956 100.0 107.0 72.0
35.954744212002446 23.8246003869011 116.65374511705029 184.0 197.0 140.0
35.95472781554086 24.22494854261867 116.65189821260499 201.0 214.0 153.0
35.954711419079274 24.62529669833624 116.65005130815972 203.0 214.0 157.0
35.954695022617685 25.025644854053805 116.64820440371442 201.0 214.0 153.0
35.954678626156095 25.42599300977137 116.64635749926912 194.0 209.0 139.0
36.35503352553417 23.824583990439514 116.64663721195849 81.0 99.0 44.0
36.35501712907258 24.224932146157084 116.64479030751319 86.0 102.0 46.0
36.35500073261099 24.62528030187465 116.64294340306792 127.0 136.0 90.0
36.35498433614941 25.025628457592216 116.64109649862262 150.0 164.0 99.0
36.35496793968782 25.425976613309782 116.63924959417731 137.0 156.0 81.0
36.75525725321953 25.425960216848196 116.63214168908554 73.0 91.0 38.0
35.161224300646055 25.02752455142227 117.06270526700455 99.0 105.0 74.0
35.56156280356254 23.82646368780798 117.06113807524862 95.0 101.0 73.0
35.56153001063936 24.627159999243116 117.05744426635805 207.0 214.0 174.0
35.56151361417777 25.027508154960685 117.05559736191275 136.0 144.0 104.0
35.96185211709425 23.82644729134639 117.05403017015682 108.0 118.0 73.0
35.96183572063266 24.22679544706396 117.05218326571155 142.0 148.0 114.0
35.961819324171074 24.62714360278153 117.05033636126625 118.0 122.0 94.0
36.76947306340313 25.42965402573878 117.4327117952986 77.0 88.0 50.0
34.675656522474334 24.6050299388228 112.26823943926313 72.0 82.0 39.0
35.09730234420462 23.809857944261946 113.46568050238156 132.0 146.0 79.0
34.70410453930312 24.212069400886396 113.87122655613459 90.0 108.0 43.0
