4.880 -11.675 150.478 73.000 80.000 50.000
4.887 -12.073 150.880 105.000 115.000 72.000
2.042 -10.483 148.521 126.000 146.000 67.000
2.042 -10.082 148.519 92.000 109.000 47.000
2.442 -10.082 148.512 163.000 181.000 99.000
1.649 -11.281 148.932 85.000 96.000 48.000
1.649 -10.881 148.930 125.000 144.000 67.000
1.649 -10.481 148.928 99.000 118.000 51.000
1.649 -10.080 148.927 70.000 86.000 33.000
2.049 -10.881 148.923 141.000 163.000 74.000
2.049 -10.481 148.921 140.000 161.000 73.000
2.049 -10.080 148.919 125.000 146.000 66.000
2.449 -10.881 148.916 151.000 173.000 77.000
2.449 -10.481 148.914 150.000 172.000 75.000
2.449 -10.080 148.912 152.000 172.000 80.000
2.850 -10.481 148.907 176.000 194.000 103.000
2.850 -10.080 148.905 169.000 183.000 107.000
1.656 -11.280 149.332 128.000 142.000 75.000
1.656 -10.879 149.331 157.000 176.000 87.000
1.656 -10.479 149.329 163.000 182.000 95.000
1.656 -10.079 149.327 137.000 155.000 78.000
1.656 -9.678 149.325 89.000 104.000 50.000
2.056 -11.280 149.325 145.000 163.000 81.000
2.056 -10.879 149.323 153.000 175.000 78.000
2.056 -10.479 149.322 157.000 179.000 81.000
2.056 -10.079 149.320 158.000 179.000 89.000
2.056 -9.678 149.318 98.000 110.000 61.000
2.457 -11.280 149.318 137.000 159.000 69.000
2.457 -10.879 149.316 146.000 170.000 68.000
2.457 -10.479 149.314 142.000 167.000 62.000
2.457 -10.079 149.313 149.000 172.000 71.000
2.857 -10.879 149.309 149.000 169.000 72.000
2.857 -10.479 149.307 154.000 174.000 76.000
2.857 -10.079 149.306 113.000 127.000 56.000
3.257 -10.879 149.302 91.000 102.000 45.000
3.257 -10.479 149.300 117.000 127.000 67.000
3.257 -10.079 149.298 98.000 104.000 67.000
1.263 -10.877 149.738 99.000 105.000 75.000
1.263 -10.477 149.736 124.000 134.000 86.000
1.263 -10.077 149.734 77.000 87.000 45.000
1.663 -11.278 149.733 112.000 123.000 69.000
1.663 -10.877 149.731 164.000 181.000 97.000
1.663 -10.477 149.729 169.000 186.000 104.000
1.663 -10.077 149.727 176.000 193.000 115.000
1.663 -9.676 149.725 150.000 163.000 101.000
2.063 -11.678 149.727 82.000 93.000 45.000
2.063 -11.278 149.726 123.000 141.000 64.000
2.063 -10.877 149.724 136.000 159.000 62.000
2.063 -10.477 149.722 132.000 156.000 59.000
2.063 -10.077 149.720 140.000 163.000 69.000
2.063 -9.676 149.718 107.000 124.000 56.000
2.464 -11.678 149.720 111.000 133.000 56.000
2.464 -11.278 149.718 126.000 149.000 59.000
2.464 -10.877 149.717 140.000 164.000 61.000
2.464 -10.477 149.715 135.000 160.000 53.000
2.464 -10.077 149.713 135.000 160.000 53.000
2.464 -9.676 149.711 91.000 107.000 39.000
2.864 -11.678 149.713 147.000 168.000 77.000
2.864 -11.278 149.711 154.000 174.000 80.000
2.864 -10.877 149.710 168.000 187.000 88.000
2.864 -10.477 149.708 176.000 194.000 90.000
2.864 -10.077 149.706 146.000 161.000 73.000
3.264 -11.278 149.704 179.000 194.000 106.000
3.264 -10.877 149.702 189.000 204.000 114.000
3.264 -10.477 149.701 173.000 186.000 106.000
3.264 -10.077 149.699 114.000 120.000 78.000
3.665 -11.278 149.697 150.000 158.000 102.000
3.665 -10.877 149.695 177.000 186.000 124.000
3.665 -10.477 149.693 117.000 122.000 87.000
4.065 -10.877 149.688 106.000 110.000 80.000
0.870 -10.876 150.145 127.000 136.000 94.000
0.870 -10.475 150.143 103.000 109.000 79.000
1.270 -11.276 150.140 118.000 129.000 74.000
1.270 -10.876 150.138 184.000 196.000 128.000
1.270 -10.475 150.136 204.000 216.000 151.000
1.270 -10.075 150.135 180.000 192.000 129.000
1.270 -9.674 150.133 72.000 81.000 41.000
1.670 -11.276 150.133 146.000 160.000 87.000
1.670 -10.876 150.131 175.000 191.000 106.000
1.670 -10.475 150.129 183.000 199.000 114.000
1.670 -10.075 150.127 191.000 206.000 127.000
1.670 -9.674 150.126 180.000 193.000 126.000
2.071 -11.676 150.128 108.000 124.000 57.000
2.071 -11.276 150.126 147.000 167.000 80.000
2.071 -10.876 150.124 161.000 181.000 84.000
2.071 -10.475 150.122 163.000 183.000 82.000
2.070 -10.075 150.120 164.000 185.000 86.000
2.070 -9.675 150.118 151.000 170.000 83.000
2.471 -11.676 150.121 107.000 128.000 53.000
2.471 -11.276 150.119 140.000 163.000 68.000
2.471 -10.876 150.117 157.000 179.000 75.000
2.471 -10.475 150.115 166.000 188.000 78.000
2.471 -10.075 150.113 172.000 193.000 85.000
2.471 -9.675 150.111 141.000 159.000 72.000
2.871 -11.676 150.113 126.000 144.000 63.000
2.871 -11.276 150.112 176.000 194.000 100.000
2.871 -10.876 150.110 194.000 210.000 118.000
2.871 -10.475 150.108 201.000 217.000 120.000
2.871 -10.075 150.106 209.000 223.000 130.000
2.871 -9.675 150.104 80.000 84.000 57.000
3.271 -12.077 150.108 120.000 131.000 73.000
3.271 -11.676 150.106 169.000 186.000 95.000
3.271 -11.276 150.105 188.000 204.000 113.000
3.271 -10.876 150.103 204.000 218.000 130.000
3.271 -10.475 150.101 208.000 221.000 134.000
3.271 -10.075 150.099 157.000 164.000 112.000
3.672 -11.676 150.099 184.000 200.000 111.000
3.672 -11.276 150.097 199.000 213.000 128.000
3.672 -10.876 150.096 216.000 228.000 153.000
3.672 -10.475 150.094 174.000 182.000 124.000
4.072 -11.676 150.092 142.000 158.000 83.000
4.072 -11.276 150.090 182.000 195.000 125.000
4.072 -10.876 150.088 197.000 206.000 152.000
4.072 -10.475 150.087 79.000 83.000 56.000
4.472 -11.276 150.083 96.000 106.000 60.000
0.877 -11.674 150.549 135.000 142.000 72.000
0.877 -11.274 150.547 159.000 175.000 97.000
0.877 -10.874 150.546 176.000 192.000 115.000
0.877 -10.473 150.544 198.000 210.000 146.000
0.877 -10.073 150.542 139.000 148.000 101.000
1.277 -11.674 150.542 153.000 162.000 77.000
1.277 -11.274 150.540 172.000 189.000 102.000
1.277 -10.874 150.539 185.000 200.000 119.000
1.277 -10.473 150.537 207.000 221.000 145.000
1.277 -10.073 150.535 212.000 225.000 155.000
1.277 -9.673 150.533 140.000 151.000 96.000
1.677 -11.674 150.535 145.000 164.000 80.000
1.677 -11.274 150.533 168.000 185.000 99.000
1.677 -10.874 150.531 181.000 198.000 111.000
1.677 -10.473 150.530 191.000 207.000 117.000
1.677 -10.073 150.528 195.000 211.000 125.000
1.677 -9.673 150.526 192.000 208.000 128.000
2.078 -11.674 150.528 128.000 145.000 69.000
2.078 -11.274 150.526 167.000 186.000 97.000
2.078 -10.874 150.524 178.000 196.000 104.000
2.078 -10.473 150.522 186.000 204.000 106.000
2.078 -10.073 150.521 184.000 202.000 103.000
2.078 -9.673 150.519 176.000 195.000 103.000
2.478 -11.674 150.521 112.000 132.000 55.000
2.478 -11.274 150.519 166.000 186.000 90.000
2.478 -10.874 150.517 182.000 200.000 101.000
2.478 -10.473 150.515 193.000 210.000 107.000
2.478 -10.073 150.513 199.000 216.000 118.000
2.478 -9.673 150.512 197.000 213.000 123.000
2.478 -9.272 150.510 74.000 83.000 39.000
2.878 -11.674 150.514 138.000 157.000 68.000
2.878 -11.274 150.512 184.000 203.000 100.000
2.878 -10.874 150.510 206.000 221.000 125.000
2.878 -10.473 150.508 211.000 226.000 132.000
2.878 -10.073 150.506 220.000 232.000 150.000
2.878 -9.673 150.505 141.000 146.000 108.000
3.279 -11.674 150.507 160.000 180.000 82.000
3.279 -11.274 150.505 188.000 206.000 107.000
3.279 -10.874 150.503 205.000 220.000 128.000
3.278 -10.473 150.501 213.000 226.000 138.000
3.278 -10.073 150.499 215.000 225.000 151.000
3.679 -12.075 150.501 116.000 134.000 59.000
3.679 -11.674 150.500 174.000 192.000 99.000
3.679 -11.274 150.498 193.000 209.000 118.000
3.679 -10.874 150.496 212.000 225.000 141.000
3.679 -10.473 150.494 211.000 221.000 149.000
3.679 -10.073 150.492 107.000 111.000 83.000
4.079 -12.075 150.494 109.000 130.000 58.000
4.079 -11.674 150.492 188.000 204.000 122.000
4.079 -11.274 150.491 210.000 223.000 148.000
4.079 -10.874 150.489 224.000 234.000 170.000
4.079 -10.473 150.487 144.000 151.000 107.000
4.479 -11.675 150.485 178.000 193.000 125.000
4.479 -11.274 150.483 203.000 216.000 153.000
4.479 -10.874 150.482 199.000 211.000 148.000
4.880 -11.274 150.476 84.000 90.000 61.000
0.884 -11.673 150.950 119.000 136.000 63.000
0.884 -11.272 150.948 175.000 191.000 110.000
0.884 -10.872 150.946 197.000 211.000 134.000
0.884 -10.471 150.944 207.000 221.000 152.000
0.884 -10.071 150.942 192.000 205.000 138.000
0.884 -9.671 150.940 103.000 115.000 64.000
1.284 -11.673 150.942 138.000 152.000 72.000
1.284 -11.272 150.941 180.000 196.000 108.000
1.284 -10.872 150.939 202.000 217.000 138.000
1.284 -10.471 150.937 206.000 221.000 140.000
1.284 -10.071 150.935 203.000 218.000 139.000
1.284 -9.671 150.933 191.000 207.000 132.000
1.684 -11.673 150.935 128.000 145.000 67.000
1.684 -11.272 150.934 161.000 177.000 94.000
1.684 -10.872 150.932 169.000 185.000 102.000
1.684 -10.471 150.930 185.000 204.000 105.000
1.684 -10.071 150.928 190.000 208.000 115.000
1.684 -9.671 150.926 185.000 201.000 123.000
1.684 -9.270 150.924 90.000 103.000 52.000
2.085 -12.073 150.930 78.000 87.000 44.000
2.085 -11.673 150.928 120.000 135.000 65.000
2.085 -11.272 150.926 156.000 174.000 89.000
2.085 -10.872 150.925 173.000 191.000 99.000
2.085 -10.472 150.923 192.000 210.000 107.000
2.085 -10.071 150.921 205.000 220.000 129.000
2.085 -9.671 150.919 203.000 217.000 140.000
2.085 -9.270 150.917 83.000 92.000 48.000
2.485 -12.073 150.923 110.000 122.000 66.000
2.485 -11.673 150.921 132.000 149.000 73.000
2.485 -11.272 150.919 170.000 189.000 96.000
2.485 -10.872 150.917 180.000 198.000 99.000
2.485 -10.472 150.916 199.000 216.000 112.000
2.485 -10.071 150.914 213.000 227.000 136.000
2.485 -9.671 150.912 216.000 229.000 157.000
2.485 -9.270 150.910 104.000 111.000 69.000
2.885 -12.073 150.916 125.000 139.000 71.000
2.885 -11.673 150.914 191.000 209.000 116.000
2.885 -11.272 150.912 199.000 217.000 119.000
2.885 -10.872 150.910 198.000 216.000 110.000
2.885 -10.472 150.909 213.000 227.000 133.000
2.885 -10.071 150.907 217.000 230.000 143.000
2.885 -9.671 150.905 214.000 225.000 158.000
3.286 -12.073 150.909 132.000 150.000 70.000
3.286 -11.673 150.907 175.000 194.000 94.000
3.286 -11.272 150.905 194.000 212.000 112.000
3.286 -10.872 150.903 202.000 218.000 115.000
3.286 -10.472 150.901 214.000 227.000 137.000
3.286 -10.071 150.900 223.000 234.000 159.000
3.686 -12.073 150.902 144.000 163.000 75.000
3.686 -11.673 150.900 173.000 191.000 90.000
3.686 -11.272 150.898 194.000 210.000 108.000
3.686 -10.872 150.896 210.000 224.000 128.000
3.686 -10.472 150.894 216.000 226.000 151.000
3.686 -10.071 150.892 145.000 150.000 111.000
4.086 -12.073 150.895 146.000 163.000 83.000
4.086 -11.673 150.893 185.000 203.000 102.000
4.086 -11.272 150.891 198.000 215.000 113.000
4.086 -10.872 150.889 213.000 226.000 135.000
4.086 -10.472 150.887 162.000 170.000 116.000
4.487 -12.073 150.887 140.000 154.000 93.000
4.487 -11.673 150.886 189.000 205.000 121.000
4.486 -11.272 150.884 201.000 216.000 133.000
4.486 -10.872 150.882 213.000 226.000 153.000
4.486 -10.472 150.880 78.000 82.000 54.000
4.887 -11.673 150.879 175.000 190.000 124.000
4.887 -11.272 150.877 172.000 186.000 125.000
4.887 -10.872 150.875 111.000 119.000 80.000
0.491 -11.671 151.357 70.000 81.000 38.000
0.491 -10.470 151.351 74.000 90.000 40.000
0.891 -12.071 151.352 107.000 110.000 59.000
0.891 -11.671 151.350 141.000 159.000 78.000
0.891 -11.270 151.348 163.000 182.000 93.000
0.891 -10.870 151.346 171.000 189.000 99.000
0.891 -10.470 151.344 202.000 217.000 141.000
0.891 -10.069 151.342 200.000 216.000 140.000
0.891 -9.669 151.341 163.000 180.000 101.000
1.291 -12.071 151.345 109.000 115.000 59.000
1.291 -11.671 151.343 168.000 185.000 94.000
1.291 -11.270 151.341 184.000 201.000 111.000
1.291 -10.870 151.339 196.000 212.000 124.000
1.291 -10.470 151.337 202.000 218.000 131.000
1.291 -10.069 151.335 203.000 219.000 137.000
1.291 -9.669 151.334 194.000 211.000 130.000
1.291 -9.269 151.332 85.000 95.000 52.000
1.692 -11.671 151.336 136.000 151.000 78.000
1.692 -11.270 151.334 185.000 201.000 117.000
1.692 -10.870 151.332 190.000 207.000 120.000
1.692 -10.470 151.330 181.000 201.000 97.000
1.692 -10.069 151.328 179.000 199.000 99.000
1.692 -9.669 151.326 183.000 201.000 115.000
1.691 -9.269 151.325 122.000 134.000 77.000
2.092 -12.071 151.330 111.000 123.000 66.000
2.092 -11.671 151.329 141.000 160.000 78.000
2.092 -11.270 151.327 149.000 170.000 78.000
2.092 -10.870 151.325 154.000 175.000 76.000
2.092 -10.470 151.323 184.000 203.000 99.000
2.092 -10.069 151.321 192.000 210.000 111.000
2.092 -9.669 151.319 195.000 211.000 124.000
2.092 -9.269 151.317 136.000 148.000 88.000
2.492 -12.071 151.323 95.000 105.000 58.000
2.492 -11.671 151.321 141.000 159.000 77.000
2.492 -11.270 151.320 151.000 172.000 76.000
2.492 -10.870 151.318 163.000 185.000 79.000
2.492 -10.470 151.316 195.000 212.000 111.000
2.492 -10.069 151.314 203.000 218.000 121.000
2.492 -9.669 151.312 205.000 220.000 133.000
2.492 -9.269 151.310 158.000 170.000 103.000
2.892 -12.071 151.316 120.000 131.000 75.000
2.892 -11.671 151.314 187.000 204.000 112.000
2.892 -11.270 151.312 195.000 212.000 113.000
2.892 -10.870 151.311 204.000 220.000 122.000
2.892 -10.470 151.309 209.000 223.000 130.000
2.892 -10.069 151.307 212.000 225.000 137.000
2.892 -9.669 151.305 211.000 224.000 142.000
2.892 -9.269 151.303 81.000 87.000 53.000
3.293 -12.071 151.309 148.000 166.000 81.000
3.293 -11.671 151.307 177.000 195.000 97.000
3.293 -11.270 151.305 191.000 208.000 109.000
3.293 -10.870 151.304 198.000 214.000 112.000
3.293 -10.470 151.302 211.000 224.000 133.000
3.293 -10.069 151.300 219.000 230.000 151.000
3.293 -9.669 151.298 184.000 191.000 142.000
3.693 -12.071 151.302 151.000 171.000 78.000
3.693 -11.671 151.300 172.000 191.000 87.000
3.693 -11.270 151.298 191.000 207.000 106.000
3.693 -10.870 151.296 199.000 214.000 110.000
3.693 -10.470 151.295 216.000 228.000 143.000
3.693 -10.069 151.293 210.000 217.000 162.000
4.093 -12.071 151.295 161.000 180.000 88.000
4.093 -11.671 151.293 183.000 201.000 98.000
4.093 -11.270 151.291 196.000 213.000 109.000
4.093 -10.870 151.289 210.000 225.000 125.000
4.093 -10.470 151.287 212.000 221.000 156.000
4.093 -10.069 151.286 100.000 104.000 73.000
4.494 -12.071 151.288 166.000 183.000 105.000
4.494 -11.671 151.286 183.000 200.000 108.000
4.494 -11.270 151.284 198.000 214.000 124.000
4.494 -10.870 151.282 214.000 227.000 147.000
4.494 -10.470 151.280 171.000 180.000 126.000
4.894 -12.071 151.281 152.000 168.000 106.000
4.894 -11.671 151.279 184.000 200.000 125.000
4.894 -11.270 151.277 196.000 210.000 137.000
4.894 -10.870 151.275 156.000 166.000 114.000
4.894 -10.470 151.273 76.000 81.000 53.000
5.294 -11.671 151.272 135.000 147.000 96.000
5.294 -11.270 151.270 85.000 92.000 61.000
0.498 -10.468 151.752 69.000 83.000 39.000
0.898 -12.470 151.754 97.000 103.000 54.000
0.898 -12.069 151.752 120.000 120.000 64.000
0.898 -11.669 151.750 148.000 160.000 81.000
0.898 -11.268 151.748 144.000 161.000 80.000
0.898 -10.868 151.746 144.000 160.000 84.000
0.898 -10.468 151.745 199.000 215.000 140.000
0.898 -10.067 151.743 197.000 213.000 136.000
0.898 -9.667 151.741 152.000 168.000 90.000
1.298 -12.470 151.747 94.000 95.000 50.000
1.298 -12.069 151.745 126.000 130.000 70.000
1.298 -11.669 151.743 165.000 181.000 94.000
1.298 -11.268 151.741 184.000 201.000 113.000
1.298 -10.868 151.739 188.000 205.000 118.000
1.298 -10.468 151.738 195.000 212.000 123.000
1.298 -10.067 151.736 201.000 218.000 134.000
1.298 -9.667 151.734 194.000 211.000 127.000
1.298 -9.267 151.732 88.000 100.000 52.000
1.699 -12.069 151.738 77.000 85.000 47.000
1.699 -11.669 151.736 157.000 172.000 95.000
1.699 -11.269 151.734 179.000 195.000 113.000
1.699 -10.868 151.732 181.000 199.000 109.000
1.699 -10.468 151.730 172.000 193.000 90.000
1.699 -10.067 151.729 176.000 196.000 96.000
1.699 -9.667 151.727 182.000 200.000 112.000
1.699 -9.267 151.725 100.000 110.000 63.000
2.099 -12.069 151.731 119.000 132.000 71.000
2.099 -11.669 151.729 141.000 159.000 78.000
2.099 -11.269 151.727 142.000 163.000 72.000
2.099 -10.868 151.725 145.000 168.000 70.000
2.099 -10.468 151.723 176.000 195.000 96.000
2.099 -10.067 151.721 188.000 205.000 113.000
2.099 -9.667 151.720 192.000 208.000 125.000
2.099 -9.267 151.718 135.000 146.000 90.000
2.499 -12.069 151.724 133.000 145.000 83.000
2.499 -11.669 151.722 149.000 167.000 83.000
2.499 -11.269 151.720 150.000 170.000 75.000
2.499 -10.868 151.718 156.000 178.000 74.000
2.499 -10.468 151.716 189.000 206.000 109.000
2.499 -10.067 151.714 197.000 212.000 119.000
2.499 -9.667 151.712 196.000 211.000 123.000
2.499 -9.267 151.711 143.000 154.000 95.000
2.900 -12.069 151.716 107.000 114.000 70.000
2.900 -11.669 151.715 189.000 204.000 117.000
2.900 -11.269 151.713 198.000 214.000 118.000
2.900 -10.868 151.711 208.000 223.000 127.000
2.900 -10.468 151.709 201.000 216.000 119.000
2.900 -10.068 151.707 204.000 218.000 125.000
2.899 -9.667 151.705 207.000 221.000 135.000
3.300 -12.069 151.709 165.000 182.000 96.000
3.300 -11.669 151.708 180.000 197.000 102.000
3.300 -11.269 151.706 192.000 208.000 111.000
3.300 -10.868 151.704 199.000 215.000 118.000
3.300 -10.468 151.702 206.000 220.000 128.000
3.300 -10.068 151.700 212.000 224.000 140.000
3.300 -9.667 151.698 204.000 215.000 148.000
3.700 -12.470 151.704 81.000 93.000 43.000
3.700 -12.069 151.702 158.000 177.000 82.000
3.700 -11.669 151.700 174.000 192.000 91.000
3.700 -11.269 151.699 188.000 204.000 103.000
3.700 -10.868 151.697 198.000 213.000 114.000
3.700 -10.468 151.695 212.000 225.000 137.000
3.700 -10.068 151.693 212.000 222.000 152.000
4.100 -12.470 151.697 80.000 92.000 42.000
4.100 -12.069 151.695 166.000 184.000 89.000
4.100 -11.669 151.693 179.000 198.000 93.000
4.100 -11.269 151.691 193.000 211.000 105.000
4.100 -10.868 151.690 213.000 227.000 131.000
4.100 -10.468 151.688 219.000 228.000 157.000
4.100 -10.068 151.686 144.000 150.000 108.000
4.501 -12.470 151.690 104.000 116.000 67.000
4.501 -12.069 151.688 170.000 188.000 103.000
4.501 -11.669 151.686 184.000 201.000 107.000
4.501 -11.269 151.684 198.000 214.000 121.000
4.501 -10.868 151.682 214.000 228.000 143.000
4.501 -10.468 151.681 175.000 183.000 131.000
4.501 -10.068 151.679 89.000 94.000 61.000
4.901 -12.470 151.683 98.000 108.000 69.000
4.901 -12.069 151.681 179.000 195.000 128.000
4.901 -11.669 151.679 183.000 200.000 117.000
4.901 -11.269 151.677 197.000 213.000 132.000
4.901 -10.868 151.675 171.000 182.000 121.000
5.301 -12.069 151.674 133.000 143.000 99.000
5.301 -11.669 151.672 191.000 206.000 138.000
5.301 -11.269 151.670 173.000 187.000 123.000
0.505 -11.667 152.158 75.000 85.000 44.000
0.905 -12.067 152.152 100.000 106.000 52.000
0.905 -11.667 152.150 130.000 140.000 70.000
0.905 -11.267 152.149 148.000 161.000 94.000
0.905 -10.866 152.147 148.000 160.000 102.000
0.905 -10.466 152.145 189.000 206.000 126.000
0.905 -10.066 152.143 180.000 196.000 119.000
0.905 -9.665 152.141 146.000 159.000 93.000
1.306 -12.468 152.147 75.000 83.000 37.000
1.306 -12.067 152.145 132.000 142.000 72.000
1.306 -11.667 152.143 156.000 170.000 86.000
1.306 -11.267 152.141 181.000 198.000 111.000
1.305 -10.866 152.140 187.000 204.000 120.000
1.305 -10.466 152.138 187.000 205.000 111.000
1.305 -10.066 152.136 195.000 212.000 124.000
1.305 -9.665 152.134 195.000 212.000 128.000
1.305 -9.265 152.132 73.000 84.000 34.000
1.706 -12.468 152.140 87.000 96.000 49.000
1.706 -12.067 152.138 123.000 137.000 69.000
1.706 -11.667 152.136 162.000 179.000 97.000
1.706 -11.267 152.134 156.000 174.000 91.000
1.706 -10.866 152.133 153.000 172.000 85.000
1.706 -10.466 152.131 166.000 187.000 86.000
1.706 -10.066 152.129 178.000 197.000 96.000
1.706 -9.665 152.127 183.000 201.000 111.000
1.706 -9.265 152.125 94.000 106.000 54.000
2.106 -12.067 152.131 113.000 126.000 63.000
2.106 -11.667 152.129 134.000 152.000 73.000
2.106 -11.267 152.127 142.000 162.000 73.000
2.106 -10.866 152.125 143.000 165.000 69.000
2.106 -10.466 152.124 179.000 197.000 103.000
2.106 -10.066 152.122 190.000 206.000 119.000
2.106 -9.665 152.120 191.000 207.000 131.000
2.106 -9.265 152.118 96.000 107.000 59.000
2.506 -12.468 152.126 77.000 84.000 46.000
2.506 -12.067 152.124 114.000 124.000 69.000
2.506 -11.667 152.122 143.000 161.000 78.000
2.506 -11.267 152.120 155.000 175.000 80.000
2.506 -10.866 152.118 167.000 188.000 82.000
2.506 -10.466 152.116 195.000 211.000 119.000
2.506 -10.066 152.115 203.000 217.000 135.000
2.506 -9.665 152.113 205.000 219.000 146.000
2.506 -9.265 152.111 83.000 89.000 58.000
2.907 -12.468 152.119 112.000 120.000 77.000
2.907 -12.067 152.117 161.000 173.000 104.000
2.907 -11.667 152.115 191.000 206.000 118.000
2.907 -11.267 152.113 203.000 218.000 122.000
2.907 -10.866 152.111 212.000 227.000 129.000
2.907 -10.466 152.109 207.000 221.000 131.000
2.907 -10.066 152.108 208.000 221.000 134.000
2.907 -9.665 152.106 214.000 226.000 144.000
3.307 -12.468 152.111 115.000 126.000 69.000
3.307 -12.067 152.110 169.000 185.000 99.000
3.307 -11.667 152.108 180.000 197.000 101.000
3.307 -11.267 152.106 192.000 209.000 111.000
3.307 -10.866 152.104 203.000 218.000 118.000
3.307 -10.466 152.102 210.000 222.000 132.000
3.307 -10.066 152.100 212.000 224.000 136.000
3.307 -9.665 152.099 189.000 199.000 125.000
3.707 -12.468 152.104 122.000 136.000 66.000
3.707 -12.067 152.103 167.000 184.000 91.000
3.707 -11.667 152.101 173.000 191.000 89.000
3.707 -11.267 152.099 189.000 205.000 105.000
3.707 -10.866 152.097 201.000 216.000 117.000
3.707 -10.466 152.095 212.000 222.000 140.000
3.707 -10.066 152.093 171.000 179.000 116.000
3.707 -9.665 152.091 105.000 111.000 71.000
4.108 -12.468 152.097 129.000 145.000 74.000
4.108 -12.067 152.095 167.000 185.000 91.000
4.108 -11.667 152.094 183.000 201.000 99.000
4.108 -11.267 152.092 197.000 214.000 111.000
4.108 -10.866 152.090 215.000 228.000 133.000
4.107 -10.466 152.088 223.000 234.000 153.000
4.107 -10.066 152.086 181.000 190.000 127.000
4.508 -12.468 152.090 123.000 139.000 73.000
4.508 -12.067 152.088 174.000 192.000 103.000
4.508 -11.667 152.086 185.000 203.000 106.000
4.508 -11.267 152.085 200.000 217.000 118.000
4.508 -10.866 152.083 213.000 227.000 131.000
4.508 -10.466 152.081 191.000 201.000 136.000
4.508 -10.066 152.079 111.000 117.000 78.000
4.908 -12.468 152.083 147.000 162.000 103.000
4.908 -12.067 152.081 193.000 208.000 140.000
4.908 -11.667 152.079 188.000 205.000 118.000
4.908 -11.267 152.078 198.000 215.000 121.000
4.908 -10.866 152.076 209.000 224.000 133.000
5.308 -12.067 152.074 187.000 201.000 140.000
5.308 -11.667 152.072 184.000 201.000 122.000
5.308 -11.267 152.070 194.000 211.000 130.000
5.308 -10.866 152.069 140.000 151.000 94.000
5.709 -11.667 152.065 105.000 117.000 70.000
0.512 -10.464 152.552 84.000 95.000 53.000
0.912 -12.466 152.554 74.000 80.000 36.000
0.912 -12.065 152.553 93.000 97.000 48.000
0.912 -11.665 152.551 150.000 150.000 82.000
0.912 -11.265 152.549 172.000 187.000 115.000
0.912 -10.864 152.547 182.000 199.000 123.000
0.912 -10.464 152.545 177.000 195.000 112.000
0.912 -10.064 152.543 174.000 193.000 111.000
0.912 -9.663 152.541 111.000 131.000 60.000
1.313 -12.466 152.547 85.000 95.000 45.000
1.313 -12.065 152.545 141.000 155.000 76.000
1.313 -11.665 152.544 181.000 196.000 100.000
1.313 -11.265 152.542 189.000 206.000 115.000
1.313 -10.864 152.540 202.000 217.000 138.000
1.313 -10.464 152.538 188.000 205.000 116.000
1.313 -10.064 152.536 182.000 201.000 111.000
1.313 -9.663 152.534 179.000 196.000 115.000
1.713 -12.466 152.540 99.000 109.000 58.000
1.713 -12.066 152.538 137.000 152.000 76.000
1.713 -11.665 152.537 166.000 183.000 91.000
1.713 -11.265 152.535 179.000 195.000 104.000
1.713 -10.864 152.533 190.000 206.000 117.000
1.713 -10.464 152.531 180.000 198.000 102.000
1.713 -10.064 152.529 179.000 198.000 101.000
1.713 -9.663 152.527 194.000 211.000 130.000
2.113 -12.466 152.533 110.000 119.000 69.000
2.113 -12.066 152.531 132.000 146.000 77.000
2.113 -11.665 152.529 145.000 162.000 81.000
2.113 -11.265 152.528 155.000 173.000 86.000
2.113 -10.864 152.526 165.000 185.000 89.000
2.113 -10.464 152.524 176.000 194.000 97.000
2.113 -10.064 152.522 182.000 199.000 108.000
2.113 -9.663 152.520 182.000 198.000 119.000
2.514 -12.466 152.526 77.000 82.000 55.000
2.514 -12.066 152.524 140.000 152.000 90.000
2.513 -11.665 152.522 146.000 163.000 82.000
2.513 -11.265 152.520 156.000 175.000 84.000
2.513 -10.864 152.519 180.000 197.000 101.000
2.513 -10.464 152.517 190.000 206.000 111.000
2.513 -10.064 152.515 196.000 212.000 122.000
2.513 -9.663 152.513 202.000 216.000 139.000
2.513 -9.263 152.511 88.000 93.000 63.000
2.914 -12.066 152.517 152.000 162.000 101.000
2.914 -11.665 152.515 178.000 193.000 102.000
2.914 -11.265 152.513 188.000 205.000 105.000
2.914 -10.865 152.511 195.000 212.000 107.000
2.914 -10.464 152.510 205.000 220.000 127.000
2.914 -10.064 152.508 217.000 229.000 152.000
2.914 -9.663 152.506 211.000 220.000 161.000
2.914 -9.263 152.504 103.000 108.000 78.000
3.314 -12.466 152.512 140.000 151.000 88.000
3.314 -12.066 152.510 175.000 189.000 106.000
3.314 -11.665 152.508 172.000 189.000 92.000
3.314 -11.265 152.506 188.000 204.000 105.000
3.314 -10.865 152.504 200.000 216.000 116.000
3.314 -10.464 152.503 201.000 216.000 120.000
3.314 -10.064 152.501 208.000 221.000 132.000
3.314 -9.663 152.499 146.000 153.000 102.000
3.714 -12.466 152.505 142.000 158.000 76.000
3.714 -12.066 152.503 170.000 186.000 93.000
3.714 -11.665 152.501 171.000 187.000 89.000
3.714 -11.265 152.499 188.000 203.000 105.000
3.714 -10.865 152.497 202.000 217.000 118.000
3.714 -10.464 152.495 204.000 217.000 121.000
3.714 -10.064 152.494 204.000 216.000 130.000
4.115 -12.466 152.498 94.000 108.000 48.000
4.115 -12.066 152.496 156.000 174.000 82.000
4.115 -11.665 152.494 170.000 188.000 89.000
4.115 -11.265 152.492 194.000 210.000 110.000
4.115 -10.865 152.490 216.000 229.000 137.000
4.115 -10.464 152.488 224.000 234.000 159.000
4.115 -10.064 152.486 195.000 204.000 143.000
4.515 -12.466 152.490 129.000 146.000 75.000
4.515 -12.066 152.489 161.000 179.000 91.000
4.515 -11.665 152.487 178.000 196.000 98.000
4.515 -11.265 152.485 196.000 213.000 115.000
4.515 -10.865 152.483 214.000 228.000 138.000
4.515 -10.464 152.481 218.000 228.000 160.000
4.515 -10.064 152.479 130.000 136.000 95.000
4.915 -12.466 152.483 152.000 168.000 98.000
4.915 -12.066 152.481 176.000 194.000 113.000
4.915 -11.665 152.480 185.000 202.000 111.000
4.915 -11.265 152.478 203.000 218.000 131.000
4.915 -10.865 152.476 216.000 229.000 149.000
4.915 -10.464 152.474 166.000 174.000 125.000
5.316 -12.466 152.476 135.000 148.000 94.000
5.316 -12.066 152.474 181.000 197.000 123.000
5.316 -11.665 152.473 189.000 207.000 122.000
5.316 -11.265 152.471 202.000 218.000 135.000
5.315 -10.865 152.469 201.000 213.000 146.000
5.716 -12.066 152.467 150.000 162.000 111.000
5.716 -11.665 152.465 164.000 180.000 113.000
5.716 -11.265 152.464 123.000 135.000 81.000
0.919 -12.064 152.953 80.000 83.000 43.000
0.919 -11.663 152.951 154.000 164.000 91.000
0.919 -11.263 152.949 180.000 195.000 116.000
0.919 -10.863 152.947 178.000 196.000 119.000
0.919 -10.462 152.945 172.000 191.000 110.000
0.919 -10.062 152.944 158.000 178.000 99.000
0.919 -9.662 152.942 92.000 112.000 49.000
1.320 -12.464 152.948 72.000 80.000 40.000
1.320 -12.064 152.946 144.000 155.000 81.000
1.320 -11.663 152.944 188.000 201.000 106.000
1.320 -11.263 152.942 198.000 214.000 123.000
1.320 -10.863 152.940 197.000 214.000 126.000
1.320 -10.462 152.938 194.000 211.000 125.000
1.320 -10.062 152.937 189.000 207.000 122.000
1.320 -9.662 152.935 179.000 195.000 120.000
1.720 -12.464 152.940 91.000 100.000 54.000
1.720 -12.064 152.939 150.000 165.000 86.000
1.720 -11.663 152.937 177.000 194.000 100.000
1.720 -11.263 152.935 189.000 206.000 111.000
1.720 -10.863 152.933 194.000 211.000 111.000
1.720 -10.462 152.931 194.000 211.000 116.000
1.720 -10.062 152.929 194.000 211.000 119.000
1.720 -9.662 152.928 203.000 218.000 144.000
2.120 -12.464 152.933 84.000 92.000 50.000
2.120 -12.064 152.932 124.000 139.000 69.000
2.120 -11.663 152.930 154.000 172.000 85.000
2.120 -11.263 152.928 175.000 192.000 103.000
2.120 -10.863 152.926 184.000 201.000 109.000
2.120 -10.462 152.924 174.000 193.000 94.000
2.120 -10.062 152.922 175.000 194.000 97.000
2.120 -9.662 152.920 170.000 186.000 104.000
2.521 -12.064 152.924 135.000 149.000 82.000
2.521 -11.663 152.923 153.000 171.000 85.000
2.521 -11.263 152.921 169.000 186.000 96.000
2.521 -10.863 152.919 187.000 202.000 113.000
2.521 -10.462 152.917 186.000 203.000 105.000
2.521 -10.062 152.915 190.000 207.000 110.000
2.521 -9.662 152.913 180.000 194.000 111.000
2.521 -9.261 152.912 91.000 98.000 64.000
2.921 -12.064 152.917 146.000 157.000 93.000
2.921 -11.663 152.915 173.000 189.000 96.000
2.921 -11.263 152.914 178.000 195.000 96.000
2.921 -10.863 152.912 194.000 209.000 114.000
2.921 -10.462 152.910 209.000 222.000 134.000
2.921 -10.062 152.908 220.000 231.000 155.000
2.921 -9.662 152.906 196.000 205.000 149.000
2.921 -9.261 152.904 107.000 114.000 77.000
3.321 -12.464 152.912 163.000 174.000 106.000
3.321 -12.064 152.910 178.000 192.000 109.000
3.321 -11.663 152.908 181.000 196.000 105.000
3.321 -11.263 152.907 186.000 201.000 107.000
3.321 -10.863 152.905 196.000 210.000 116.000
3.321 -10.462 152.903 206.000 219.000 127.000
3.321 -10.062 152.901 212.000 223.000 138.000
3.321 -9.662 152.899 144.000 150.000 107.000
3.722 -12.864 152.907 89.000 99.000 50.000
3.722 -12.464 152.905 157.000 173.000 87.000
3.721 -12.064 152.903 172.000 187.000 94.000
3.721 -11.663 152.901 180.000 196.000 101.000
3.721 -11.263 152.899 192.000 206.000 113.000
3.721 -10.863 152.898 199.000 213.000 116.000
3.721 -10.462 152.896 203.000 216.000 118.000
3.721 -10.062 152.894 189.000 199.000 116.000
3.721 -9.662 152.892 94.000 99.000 67.000
4.122 -12.464 152.898 131.000 149.000 68.000
4.122 -12.064 152.896 156.000 175.000 80.000
4.122 -11.663 152.894 171.000 190.000 86.000
4.122 -11.263 152.892 198.000 213.000 114.000
4.122 -10.863 152.890 215.000 228.000 137.000
4.122 -10.462 152.889 220.000 231.000 152.000
4.122 -10.062 152.887 156.000 163.000 111.000
4.522 -12.464 152.891 140.000 159.000 75.000
4.522 -12.064 152.889 160.000 180.000 85.000
4.522 -11.663 152.887 183.000 201.000 99.000
4.522 -11.263 152.885 200.000 216.000 117.000
4.522 -10.863 152.883 219.000 231.000 148.000
4.522 -10.462 152.882 223.000 232.000 167.000
4.522 -10.062 152.880 121.000 127.000 91.000
4.922 -12.464 152.884 165.000 184.000 101.000
4.922 -12.064 152.882 178.000 195.000 109.000
4.922 -11.663 152.880 195.000 212.000 118.000
4.922 -11.263 152.878 207.000 223.000 131.000
4.922 -10.863 152.876 217.000 230.000 146.000
4.922 -10.462 152.874 189.000 198.000 142.000
5.323 -12.464 152.877 165.000 182.000 108.000
5.323 -12.064 152.875 189.000 206.000 128.000
5.323 -11.663 152.873 197.000 213.000 124.000
5.323 -11.263 152.871 209.000 224.000 142.000
5.323 -10.863 152.869 216.000 228.000 158.000
5.723 -12.464 152.869 91.000 99.000 67.000
5.723 -12.064 152.868 191.000 204.000 149.000
5.723 -11.663 152.866 194.000 210.000 138.000
5.723 -11.263 152.864 170.000 184.000 115.000
0.927 -12.062 153.353 91.000 97.000 56.000
0.927 -11.661 153.351 141.000 153.000 83.000
0.927 -11.261 153.349 156.000 175.000 94.000
0.927 -10.861 153.348 147.000 166.000 89.000
0.927 -10.460 153.346 158.000 176.000 102.000
0.926 -10.060 153.344 126.000 142.000 81.000
1.327 -12.062 153.346 136.000 144.000 83.000
1.327 -11.661 153.344 190.000 202.000 114.000
1.327 -11.261 153.342 194.000 212.000 121.000
1.327 -10.861 153.340 196.000 213.000 125.000
1.327 -10.460 153.339 196.000 213.000 129.000
1.327 -10.060 153.337 197.000 213.000 133.000
1.327 -9.660 153.335 173.000 188.000 113.000
1.727 -12.462 153.341 90.000 99.000 55.000
1.727 -12.062 153.339 142.000 155.000 86.000
1.727 -11.661 153.337 186.000 202.000 115.000
1.727 -11.261 153.335 199.000 215.000 124.000
1.727 -10.861 153.333 201.000 217.000 123.000
1.727 -10.460 153.332 206.000 222.000 129.000
1.727 -10.060 153.330 206.000 222.000 133.000
1.727 -9.660 153.328 194.000 209.000 133.000
2.127 -12.462 153.334 81.000 89.000 47.000
2.127 -12.062 153.332 141.000 157.000 80.000
2.127 -11.661 153.330 175.000 192.000 102.000
2.127 -11.261 153.328 186.000 202.000 113.000
2.127 -10.861 153.326 188.000 204.000 113.000
2.127 -10.460 153.324 179.000 197.000 99.000
2.127 -10.060 153.323 179.000 197.000 102.000
2.127 -9.660 153.321 159.000 174.000 99.000
2.528 -12.462 153.327 84.000 92.000 52.000
2.528 -12.062 153.325 146.000 161.000 82.000
2.528 -11.661 153.323 159.000 177.000 85.000
2.528 -11.261 153.321 173.000 190.000 99.000
2.528 -10.861 153.319 186.000 202.000 114.000
2.528 -10.460 153.317 185.000 201.000 106.000
2.528 -10.060 153.315 185.000 201.000 107.000
2.528 -9.660 153.314 163.000 177.000 100.000
2.928 -12.462 153.319 92.000 97.000 65.000
2.928 -12.062 153.318 170.000 184.000 105.000
2.928 -11.662 153.316 166.000 184.000 89.000
2.928 -11.261 153.314 181.000 196.000 105.000
2.928 -10.861 153.312 194.000 208.000 123.000
2.928 -10.460 153.310 207.000 220.000 135.000
2.928 -10.060 153.308 214.000 226.000 147.000
2.928 -9.660 153.307 187.000 198.000 132.000
3.328 -12.462 153.312 156.000 168.000 100.000
3.328 -12.062 153.310 177.000 191.000 106.000
3.328 -11.662 153.309 185.000 200.000 112.000
3.328 -11.261 153.307 188.000 202.000 114.000
3.328 -10.861 153.305 194.000 207.000 119.000
3.328 -10.460 153.303 204.000 216.000 126.000
3.328 -10.060 153.301 201.000 212.000 132.000
3.328 -9.660 153.299 163.000 172.000 118.000
3.729 -12.863 153.307 116.000 127.000 72.000
3.729 -12.462 153.305 164.000 177.000 98.000
3.729 -12.062 153.303 180.000 195.000 107.000
3.729 -11.662 153.302 194.000 208.000 120.000
3.729 -11.261 153.300 199.000 212.000 126.000
3.729 -10.861 153.298 200.000 213.000 125.000
3.729 -10.460 153.296 200.000 211.000 127.000
3.729 -10.060 153.294 180.000 188.000 121.000
3.728 -9.660 153.292 108.000 113.000 79.000
4.129 -12.863 153.300 123.000 138.000 67.000
4.129 -12.462 153.298 163.000 180.000 90.000
4.129 -12.062 153.296 175.000 193.000 96.000
4.129 -11.662 153.294 191.000 208.000 100.000
4.129 -11.261 153.293 198.000 214.000 111.000
4.129 -10.861 153.291 211.000 224.000 135.000
4.129 -10.461 153.289 207.000 217.000 147.000
4.129 -10.060 153.287 138.000 144.000 101.000
4.529 -12.863 153.293 106.000 120.000 57.000
4.529 -12.462 153.291 159.000 178.000 85.000
4.529 -12.062 153.289 169.000 188.000 90.000
4.529 -11.662 153.287 196.000 213.000 107.000
4.529 -11.261 153.285 207.000 223.000 121.000
4.529 -10.861 153.284 218.000 231.000 143.000
4.529 -10.461 153.282 225.000 234.000 173.000
4.529 -10.060 153.280 137.000 142.000 108.000
4.929 -12.863 153.286 97.000 110.000 54.000
4.929 -12.462 153.284 164.000 183.000 95.000
4.929 -12.062 153.282 172.000 191.000 96.000
4.929 -11.662 153.280 202.000 219.000 120.000
4.929 -11.261 153.278 217.000 231.000 141.000
4.929 -10.861 153.277 224.000 236.000 153.000
4.929 -10.461 153.275 217.000 225.000 166.000
5.330 -12.863 153.279 78.000 87.000 50.000
5.330 -12.462 153.277 172.000 189.000 111.000
5.330 -12.062 153.275 191.000 207.000 126.000
5.330 -11.662 153.273 208.000 223.000 137.000
5.330 -11.261 153.271 217.000 230.000 148.000
5.330 -10.861 153.269 209.000 220.000 151.000
5.330 -10.461 153.268 88.000 92.000 66.000
5.730 -12.462 153.270 138.000 151.000 98.000
5.730 -12.062 153.268 199.000 212.000 153.000
5.730 -11.662 153.266 208.000 223.000 153.000
5.730 -11.261 153.264 193.000 207.000 134.000
6.130 -11.662 153.259 152.000 163.000 112.000
6.130 -11.261 153.257 86.000 93.000 58.000
0.934 -11.660 153.752 134.000 151.000 78.000
0.934 -11.259 153.750 160.000 179.000 96.000
0.934 -10.859 153.748 168.000 186.000 107.000
0.934 -10.459 153.746 148.000 167.000 93.000
0.934 -10.058 153.744 69.000 84.000 38.000
1.334 -12.060 153.746 132.000 145.000 80.000
1.334 -11.660 153.744 168.000 182.000 101.000
1.334 -11.259 153.743 201.000 218.000 130.000
1.334 -10.859 153.741 203.000 219.000 136.000
1.334 -10.459 153.739 185.000 204.000 116.000
1.334 -10.058 153.737 174.000 194.000 105.000
1.334 -9.658 153.735 89.000 106.000 40.000
1.734 -12.060 153.739 123.000 135.000 72.000
1.734 -11.660 153.737 182.000 197.000 116.000
1.734 -11.259 153.736 211.000 226.000 143.000
1.734 -10.859 153.734 215.000 229.000 149.000
1.734 -10.459 153.732 202.000 218.000 126.000
1.734 -10.058 153.730 199.000 216.000 125.000
1.734 -9.658 153.728 195.000 210.000 130.000
2.135 -12.460 153.734 79.000 89.000 42.000
2.135 -12.060 153.732 155.000 170.000 91.000
2.135 -11.660 153.730 187.000 203.000 116.000
2.135 -11.259 153.728 196.000 212.000 126.000
2.134 -10.859 153.727 203.000 218.000 131.000
2.134 -10.459 153.725 189.000 206.000 112.000
2.134 -10.058 153.723 183.000 201.000 108.000
2.134 -9.658 153.721 98.000 111.000 53.000
2.535 -12.460 153.727 85.000 96.000 47.000
2.535 -12.060 153.725 153.000 169.000 88.000
2.535 -11.660 153.723 170.000 186.000 95.000
2.535 -11.259 153.721 185.000 202.000 110.000
2.535 -10.859 153.719 198.000 214.000 121.000
2.535 -10.459 153.718 194.000 209.000 116.000
2.535 -10.058 153.716 187.000 203.000 109.000
2.535 -9.658 153.714 142.000 154.000 88.000
2.935 -12.060 153.718 144.000 161.000 76.000
2.935 -11.660 153.716 154.000 175.000 71.000
2.935 -11.259 153.714 174.000 193.000 87.000
2.935 -10.859 153.712 198.000 214.000 113.000
2.935 -10.459 153.711 206.000 220.000 130.000
2.935 -10.058 153.709 205.000 218.000 132.000
2.935 -9.658 153.707 177.000 189.000 123.000
3.335 -12.460 153.713 133.000 144.000 85.000
3.335 -12.060 153.711 177.000 193.000 104.000
3.335 -11.660 153.709 170.000 189.000 84.000
3.335 -11.259 153.707 188.000 205.000 104.000
3.335 -10.859 153.705 204.000 219.000 125.000
3.335 -10.459 153.703 206.000 219.000 129.000
3.335 -10.058 153.702 199.000 211.000 130.000
3.335 -9.658 153.700 156.000 165.000 109.000
3.736 -12.861 153.707 124.000 134.000 81.000
3.736 -12.460 153.706 172.000 186.000 108.000
3.736 -12.060 153.704 186.000 201.000 108.000
3.736 -11.660 153.702 184.000 202.000 95.000
3.736 -11.259 153.700 195.000 211.000 110.000
3.736 -10.859 153.698 206.000 219.000 132.000
3.736 -10.459 153.696 168.000 176.000 113.000
3.736 -10.058 153.694 140.000 147.000 94.000
3.736 -9.658 153.693 106.000 112.000 74.000
4.136 -12.861 153.700 150.000 165.000 88.000
4.136 -12.460 153.698 180.000 196.000 108.000
4.136 -12.060 153.697 183.000 200.000 103.000
4.136 -11.660 153.695 192.000 210.000 100.000
4.136 -11.259 153.693 201.000 218.000 115.000
4.136 -10.859 153.691 214.000 227.000 143.000
4.136 -10.459 153.689 154.000 160.000 119.000
4.536 -12.861 153.693 154.000 170.000 91.000
4.536 -12.460 153.691 171.000 188.000 98.000
4.536 -12.060 153.689 177.000 195.000 97.000
4.536 -11.660 153.688 199.000 217.000 106.000
4.536 -11.259 153.686 210.000 225.000 122.000
4.536 -10.859 153.684 222.000 234.000 149.000
4.536 -10.459 153.682 208.000 216.000 158.000
4.937 -12.861 153.686 118.000 132.000 69.000
4.937 -12.460 153.684 160.000 178.000 90.000
4.937 -12.060 153.682 179.000 197.000 100.000
4.937 -11.660 153.681 206.000 222.000 118.000
4.937 -11.259 153.679 224.000 236.000 149.000
4.937 -10.859 153.677 227.000 238.000 155.000
4.937 -10.459 153.675 210.000 218.000 159.000
5.337 -12.861 153.679 121.000 133.000 77.000
5.337 -12.460 153.677 179.000 195.000 115.000
5.337 -12.060 153.675 199.000 214.000 135.000
5.337 -11.660 153.673 218.000 231.000 152.000
5.337 -11.259 153.672 225.000 236.000 161.000
5.337 -10.859 153.670 230.000 239.000 171.000
5.337 -10.459 153.668 140.000 145.000 107.000
5.737 -12.460 153.670 162.000 176.000 116.000
5.737 -12.060 153.668 210.000 222.000 162.000
5.737 -11.660 153.666 220.000 231.000 169.000
5.737 -11.259 153.664 217.000 229.000 165.000
5.737 -10.859 153.663 127.000 135.000 92.000
6.137 -12.060 153.661 133.000 139.000 112.000
6.137 -11.660 153.659 198.000 209.000 152.000
6.137 -11.259 153.657 113.000 121.000 81.000
0.941 -11.658 154.152 79.000 90.000 45.000
0.941 -11.257 154.150 149.000 164.000 99.000
0.941 -10.857 154.148 160.000 176.000 109.000
0.941 -10.457 154.146 143.000 157.000 97.000
1.341 -12.058 154.147 73.000 81.000 41.000
1.341 -11.658 154.145 151.000 167.000 88.000
1.341 -11.257 154.143 191.000 208.000 121.000
1.341 -10.857 154.141 195.000 212.000 128.000
1.341 -10.457 154.139 187.000 205.000 122.000
1.341 -10.056 154.137 170.000 186.000 108.000
1.741 -12.058 154.140 100.000 111.000 60.000
1.741 -11.658 154.138 187.000 203.000 119.000
1.741 -11.257 154.136 203.000 219.000 133.000
1.741 -10.857 154.134 205.000 220.000 136.000
1.741 -10.457 154.132 198.000 215.000 127.000
1.741 -10.056 154.130 197.000 214.000 127.000
1.741 -9.656 154.128 137.000 148.000 88.000
2.142 -12.058 154.132 161.000 177.000 98.000
2.142 -11.658 154.131 201.000 216.000 130.000
2.142 -11.257 154.129 206.000 221.000 134.000
2.142 -10.857 154.127 209.000 224.000 138.000
2.142 -10.457 154.125 196.000 213.000 123.000
2.142 -10.056 154.123 192.000 209.000 121.000
2.142 -9.656 154.121 111.000 122.000 69.000
2.542 -12.058 154.125 139.000 155.000 78.000
2.542 -11.658 154.123 185.000 201.000 110.000
2.542 -11.257 154.122 193.000 209.000 115.000
2.542 -10.857 154.120 199.000 216.000 117.000
2.542 -10.457 154.118 194.000 210.000 116.000
2.542 -10.056 154.116 191.000 207.000 116.000
2.542 -9.656 154.114 126.000 136.000 82.000
2.942 -12.058 154.118 134.000 153.000 71.000
2.942 -11.658 154.116 151.000 172.000 75.000
2.942 -11.257 154.114 167.000 187.000 86.000
2.942 -10.857 154.113 191.000 208.000 109.000
2.942 -10.457 154.111 196.000 212.000 120.000
2.942 -10.056 154.109 206.000 219.000 141.000
2.942 -9.656 154.107 108.000 114.000 77.000
3.343 -12.459 154.113 117.000 128.000 70.000
3.343 -12.058 154.111 165.000 183.000 91.000
3.343 -11.658 154.109 166.000 186.000 82.000
3.342 -11.257 154.107 182.000 199.000 100.000
3.342 -10.857 154.106 200.000 214.000 124.000
3.342 -10.457 154.104 211.000 223.000 141.000
3.342 -10.056 154.102 198.000 209.000 137.000
3.342 -9.656 154.100 128.000 134.000 93.000
3.743 -12.859 154.108 144.000 155.000 97.000
3.743 -12.459 154.106 180.000 194.000 115.000
3.743 -12.058 154.104 184.000 200.000 105.000
3.743 -11.658 154.102 183.000 202.000 95.000
3.743 -11.258 154.100 195.000 211.000 113.000
3.743 -10.857 154.098 209.000 221.000 138.000
3.743 -10.457 154.097 165.000 173.000 119.000
3.743 -10.056 154.095 131.000 137.000 96.000
4.143 -12.859 154.101 157.000 171.000 97.000
4.143 -12.459 154.099 178.000 194.000 104.000
4.143 -12.058 154.097 185.000 202.000 102.000
4.143 -11.658 154.095 192.000 211.000 99.000
4.143 -11.258 154.093 201.000 218.000 112.000
4.143 -10.857 154.091 218.000 230.000 147.000
4.143 -10.457 154.089 178.000 184.000 141.000
4.543 -12.859 154.093 152.000 166.000 92.000
4.543 -12.459 154.092 166.000 183.000 94.000
4.543 -12.058 154.090 180.000 197.000 98.000
4.543 -11.658 154.088 203.000 220.000 112.000
4.543 -11.258 154.086 213.000 228.000 128.000
4.543 -10.857 154.084 223.000 235.000 151.000
4.543 -10.457 154.082 184.000 191.000 140.000
4.944 -12.859 154.086 123.000 138.000 72.000
4.944 -12.459 154.084 159.000 177.000 90.000
4.944 -12.058 154.083 177.000 195.000 98.000
4.944 -11.658 154.081 208.000 224.000 121.000
4.944 -11.258 154.079 221.000 234.000 143.000
4.944 -10.857 154.077 227.000 237.000 156.000
4.944 -10.457 154.075 194.000 202.000 144.000
5.344 -12.859 154.079 142.000 156.000 91.000
5.344 -12.459 154.077 184.000 200.000 121.000
5.344 -12.058 154.076 201.000 216.000 136.000
5.344 -11.658 154.074 221.000 233.000 155.000
5.344 -11.258 154.072 228.000 239.000 165.000
5.344 -10.857 154.070 230.000 239.000 170.000
5.344 -10.457 154.068 123.000 127.000 94.000
5.744 -12.459 154.070 193.000 207.000 148.000
5.744 -12.058 154.068 214.000 225.000 169.000
5.744 -11.658 154.067 223.000 234.000 172.000
5.744 -11.258 154.065 221.000 233.000 167.000
5.744 -10.857 154.063 150.000 158.000 111.000
6.145 -12.058 154.061 174.000 180.000 148.000
6.145 -11.658 154.059 213.000 222.000 172.000
6.145 -11.258 154.058 148.000 158.000 109.000
0.948 -11.256 154.550 84.000 93.000 54.000
0.948 -10.855 154.548 110.000 119.000 78.000
1.348 -11.656 154.545 111.000 118.000 63.000
1.348 -11.256 154.543 176.000 192.000 114.000
1.348 -10.855 154.541 191.000 208.000 131.000
1.348 -10.455 154.540 195.000 210.000 140.000
1.348 -10.055 154.538 137.000 147.000 96.000
1.748 -11.656 154.538 156.000 171.000 93.000
1.748 -11.256 154.536 192.000 210.000 119.000
1.748 -10.855 154.534 188.000 205.000 118.000
1.748 -10.455 154.532 199.000 215.000 135.000
1.748 -10.055 154.531 201.000 216.000 140.000
1.748 -9.654 154.529 86.000 94.000 53.000
2.149 -12.056 154.533 135.000 147.000 86.000
2.149 -11.656 154.531 203.000 218.000 128.000
2.149 -11.256 154.529 205.000 221.000 127.000
2.149 -10.855 154.527 209.000 225.000 135.000
2.149 -10.455 154.525 199.000 215.000 127.000
2.149 -10.055 154.523 193.000 209.000 125.000
2.149 -9.654 154.522 112.000 121.000 74.000
2.549 -12.056 154.526 132.000 147.000 75.000
2.549 -11.656 154.524 197.000 213.000 120.000
2.549 -11.256 154.522 200.000 216.000 122.000
2.549 -10.855 154.520 202.000 218.000 119.000
2.549 -10.455 154.518 197.000 214.000 120.000
2.549 -10.055 154.516 195.000 211.000 123.000
2.549 -9.654 154.514 129.000 137.000 91.000
2.949 -12.457 154.520 71.000 81.000 41.000
2.949 -12.056 154.518 145.000 164.000 82.000
2.949 -11.656 154.517 157.000 176.000 84.000
2.949 -11.256 154.515 172.000 191.000 96.000
2.949 -10.855 154.513 181.000 199.000 101.000
2.949 -10.455 154.511 194.000 210.000 120.000
2.949 -10.055 154.509 202.000 216.000 138.000
3.350 -12.457 154.513 116.000 128.000 70.000
3.350 -12.056 154.511 163.000 181.000 91.000
3.350 -11.656 154.510 166.000 185.000 88.000
3.350 -11.256 154.508 185.000 201.000 110.000
3.350 -10.855 154.506 199.000 213.000 127.000
3.350 -10.455 154.504 213.000 225.000 146.000
3.350 -10.055 154.502 198.000 208.000 144.000
3.350 -9.654 154.500 87.000 91.000 61.000
3.750 -12.857 154.508 142.000 152.000 96.000
3.750 -12.457 154.506 175.000 189.000 112.000
3.750 -12.056 154.504 184.000 201.000 109.000
3.750 -11.656 154.502 185.000 202.000 101.000
3.750 -11.256 154.501 196.000 211.000 119.000
3.750 -10.855 154.499 209.000 221.000 139.000
3.750 -10.455 154.497 193.000 201.000 144.000
3.750 -10.055 154.495 127.000 132.000 95.000
4.150 -12.857 154.501 157.000 169.000 103.000
4.150 -12.457 154.499 185.000 199.000 115.000
4.150 -12.056 154.497 190.000 206.000 108.000
4.150 -11.656 154.495 200.000 216.000 111.000
4.150 -11.256 154.493 206.000 221.000 120.000
4.150 -10.855 154.492 215.000 227.000 142.000
4.150 -10.455 154.490 179.000 186.000 136.000
4.551 -12.857 154.494 146.000 159.000 92.000
4.551 -12.457 154.492 173.000 189.000 103.000
4.550 -12.056 154.490 185.000 202.000 105.000
4.550 -11.656 154.488 206.000 222.000 119.000
4.550 -11.256 154.486 217.000 230.000 138.000
4.550 -10.855 154.484 226.000 237.000 160.000
4.550 -10.455 154.483 209.000 216.000 162.000
4.550 -10.055 154.481 79.000 83.000 56.000
4.951 -12.857 154.487 148.000 162.000 94.000
4.951 -12.457 154.485 165.000 182.000 96.000
4.951 -12.056 154.483 185.000 202.000 108.000
4.951 -11.656 154.481 213.000 227.000 131.000
4.951 -11.256 154.479 221.000 233.000 144.000
4.951 -10.855 154.477 228.000 238.000 163.000
4.951 -10.455 154.476 187.000 193.000 142.000
5.351 -12.857 154.480 153.000 168.000 99.000
5.351 -12.457 154.478 187.000 202.000 122.000
5.351 -12.056 154.476 202.000 216.000 136.000
5.351 -11.656 154.474 220.000 233.000 149.000
5.351 -11.256 154.472 228.000 238.000 161.000
5.351 -10.855 154.470 227.000 235.000 169.000
5.751 -12.457 154.471 200.000 213.000 157.000
5.751 -12.056 154.469 219.000 229.000 176.000
5.751 -11.656 154.467 227.000 237.000 177.000
5.751 -11.256 154.465 221.000 232.000 164.000
5.751 -10.855 154.463 120.000 127.000 87.000
6.152 -11.656 154.460 216.000 224.000 180.000
6.152 -11.256 154.458 139.000 147.000 106.000
0.955 -10.853 154.949 79.000 87.000 53.000
1.355 -11.654 154.945 94.000 98.000 55.000
1.355 -11.254 154.943 141.000 152.000 95.000
1.355 -10.853 154.942 181.000 194.000 131.000
1.355 -10.453 154.940 157.000 169.000 111.000
1.756 -11.654 154.938 135.000 143.000 79.000
1.756 -11.254 154.936 196.000 212.000 131.000
1.756 -10.853 154.935 206.000 221.000 146.000
1.756 -10.453 154.933 204.000 218.000 145.000
1.755 -10.053 154.931 192.000 205.000 136.000
2.156 -11.654 154.931 202.000 217.000 125.000
2.156 -11.254 154.929 204.000 221.000 128.000
2.156 -10.853 154.927 208.000 224.000 134.000
2.156 -10.453 154.926 203.000 219.000 130.000
2.156 -10.053 154.924 201.000 216.000 133.000
2.156 -9.652 154.922 113.000 120.000 77.000
2.556 -12.054 154.926 155.000 166.000 93.000
2.556 -11.654 154.924 201.000 217.000 125.000
2.556 -11.254 154.922 203.000 219.000 124.000
2.556 -10.853 154.920 201.000 218.000 115.000
2.556 -10.453 154.918 198.000 215.000 114.000
2.556 -10.053 154.917 196.000 212.000 117.000
2.556 -9.652 154.915 145.000 155.000 98.000
2.956 -12.455 154.921 86.000 97.000 48.000
2.956 -12.054 154.919 171.000 189.000 95.000
2.956 -11.654 154.917 189.000 205.000 111.000
2.956 -11.254 154.915 196.000 211.000 119.000
2.956 -10.853 154.913 202.000 217.000 124.000
2.956 -10.453 154.911 195.000 212.000 115.000
2.956 -10.053 154.910 195.000 211.000 119.000
2.956 -9.652 154.908 103.000 111.000 67.000
3.357 -12.455 154.913 122.000 135.000 73.000
3.357 -12.054 154.912 166.000 183.000 95.000
3.357 -11.654 154.910 170.000 188.000 92.000
3.357 -11.254 154.908 189.000 205.000 111.000
3.357 -10.853 154.906 202.000 217.000 122.000
3.357 -10.453 154.904 214.000 227.000 141.000
3.357 -10.053 154.902 202.000 214.000 140.000
3.357 -9.652 154.901 76.000 81.000 48.000
3.757 -12.855 154.908 74.000 80.000 47.000
3.757 -12.455 154.906 159.000 173.000 99.000
3.757 -12.055 154.905 170.000 186.000 100.000
3.757 -11.654 154.903 172.000 190.000 92.000
3.757 -11.254 154.901 191.000 207.000 111.000
3.757 -10.853 154.899 212.000 225.000 138.000
3.757 -10.453 154.897 220.000 229.000 162.000
3.757 -10.053 154.895 161.000 169.000 119.000
4.157 -12.855 154.901 170.000 178.000 123.000
4.157 -12.455 154.899 194.000 206.000 132.000
4.157 -12.055 154.897 191.000 204.000 122.000
4.157 -11.654 154.896 201.000 215.000 122.000
4.157 -11.254 154.894 212.000 225.000 139.000
4.157 -10.853 154.892 227.000 237.000 167.000
4.157 -10.453 154.890 196.000 204.000 148.000
4.157 -10.053 154.888 113.000 119.000 81.000
4.558 -12.855 154.894 175.000 187.000 124.000
4.558 -12.455 154.892 192.000 206.000 126.000
4.558 -12.055 154.890 193.000 208.000 117.000
4.558 -11.654 154.888 208.000 223.000 128.000
4.558 -11.254 154.887 221.000 233.000 150.000
4.558 -10.853 154.885 230.000 239.000 173.000
4.558 -10.453 154.883 221.000 229.000 175.000
4.558 -10.053 154.881 97.000 102.000 70.000
4.958 -12.855 154.887 177.000 191.000 119.000
4.958 -12.455 154.885 188.000 203.000 118.000
4.958 -12.055 154.883 197.000 213.000 118.000
4.958 -11.654 154.881 213.000 228.000 130.000
4.958 -11.254 154.880 222.000 235.000 149.000
4.958 -10.854 154.878 231.000 240.000 172.000
4.958 -10.453 154.876 215.000 223.000 174.000
5.358 -12.855 154.880 179.000 194.000 118.000
5.358 -12.455 154.878 203.000 217.000 141.000
5.358 -12.055 154.876 211.000 224.000 146.000
5.358 -11.654 154.874 220.000 233.000 150.000
5.358 -11.254 154.872 228.000 238.000 164.000
5.358 -10.854 154.871 226.000 235.000 170.000
5.758 -12.455 154.871 207.000 218.000 164.000
5.758 -12.055 154.869 225.000 234.000 183.000
5.758 -11.654 154.867 226.000 236.000 176.000
5.758 -11.254 154.865 213.000 224.000 160.000
5.758 -10.854 154.863 97.000 103.000 69.000
6.159 -11.654 154.860 188.000 194.000 159.000
1.362 -11.652 155.346 92.000 97.000 59.000
1.362 -11.252 155.344 128.000 136.000 94.000
1.362 -10.852 155.342 105.000 112.000 77.000
1.763 -11.652 155.339 168.000 178.000 113.000
1.763 -11.252 155.337 204.000 217.000 147.000
1.763 -10.852 155.335 213.000 225.000 163.000
1.763 -10.451 155.333 204.000 217.000 154.000
1.763 -10.051 155.331 139.000 147.000 104.000
2.163 -12.053 155.333 82.000 87.000 54.000
2.163 -11.652 155.331 208.000 222.000 136.000
2.163 -11.252 155.330 210.000 225.000 141.000
2.163 -10.852 155.328 211.000 225.000 142.000
2.163 -10.451 155.326 207.000 221.000 142.000
2.163 -10.051 155.324 179.000 191.000 126.000
2.563 -12.053 155.326 145.000 155.000 94.000
2.563 -11.652 155.324 208.000 224.000 135.000
2.563 -11.252 155.322 210.000 225.000 135.000
2.563 -10.852 155.321 209.000 225.000 130.000
2.563 -10.451 155.319 208.000 223.000 135.000
2.563 -10.051 155.317 203.000 217.000 139.000
2.563 -9.651 155.315 106.000 111.000 78.000
2.964 -12.053 155.319 181.000 198.000 110.000
2.964 -11.652 155.317 204.000 219.000 129.000
2.964 -11.252 155.315 208.000 222.000 135.000
2.964 -10.852 155.313 217.000 230.000 147.000
2.963 -10.451 155.312 214.000 228.000 146.000
2.963 -10.051 155.310 202.000 214.000 141.000
2.963 -9.651 155.308 103.000 108.000 78.000
3.364 -12.453 155.314 103.000 114.000 61.000
3.364 -12.053 155.312 171.000 187.000 104.000
3.364 -11.652 155.310 188.000 204.000 110.000
3.364 -11.252 155.308 201.000 216.000 127.000
3.364 -10.852 155.306 212.000 226.000 141.000
3.364 -10.451 155.305 220.000 231.000 161.000
3.364 -10.051 155.303 202.000 211.000 156.000
3.764 -12.453 155.307 137.000 149.000 84.000
3.764 -12.053 155.305 165.000 180.000 99.000
3.764 -11.652 155.303 181.000 197.000 103.000
3.764 -11.252 155.301 198.000 212.000 123.000
3.764 -10.852 155.299 214.000 226.000 145.000
3.764 -10.451 155.297 220.000 229.000 167.000
3.764 -10.051 155.296 140.000 146.000 106.000
4.164 -12.853 155.301 146.000 155.000 101.000
4.164 -12.453 155.300 186.000 198.000 124.000
4.164 -12.053 155.298 190.000 203.000 120.000
4.164 -11.652 155.296 200.000 214.000 125.000
4.164 -11.252 155.294 208.000 221.000 138.000
4.164 -10.852 155.292 225.000 236.000 165.000
4.164 -10.451 155.290 192.000 200.000 145.000
4.164 -10.051 155.288 104.000 109.000 75.000
4.565 -12.853 155.294 162.000 172.000 117.000
4.565 -12.453 155.292 199.000 212.000 137.000
4.565 -12.053 155.291 200.000 214.000 128.000
4.565 -11.652 155.289 214.000 227.000 141.000
4.565 -11.252 155.287 225.000 235.000 162.000
4.565 -10.852 155.285 235.000 243.000 186.000
4.565 -10.451 155.283 193.000 200.000 155.000
4.965 -12.853 155.287 176.000 186.000 132.000
4.965 -12.453 155.285 206.000 218.000 146.000
4.965 -12.053 155.283 207.000 221.000 137.000
4.965 -11.652 155.282 226.000 237.000 155.000
4.965 -11.252 155.280 234.000 242.000 176.000
4.965 -10.852 155.278 235.000 242.000 187.000
4.965 -10.451 155.276 171.000 176.000 143.000
5.365 -12.853 155.280 181.000 192.000 135.000
5.365 -12.453 155.278 216.000 227.000 161.000
5.365 -12.053 155.276 224.000 234.000 167.000
5.365 -11.652 155.275 231.000 239.000 171.000
5.365 -11.252 155.273 236.000 242.000 184.000
5.365 -10.852 155.271 234.000 239.000 192.000
5.766 -12.453 155.271 210.000 218.000 173.000
5.766 -12.053 155.269 230.000 238.000 189.000
5.766 -11.652 155.267 232.000 240.000 185.000
5.766 -11.252 155.266 213.000 222.000 168.000
5.766 -10.852 155.264 109.000 114.000 86.000
1.369 -11.650 155.746 82.000 89.000 57.000
1.770 -11.650 155.739 172.000 183.000 126.000
1.770 -11.250 155.737 208.000 219.000 164.000
1.770 -10.850 155.735 217.000 226.000 180.000
1.770 -10.449 155.733 111.000 118.000 84.000
2.170 -12.051 155.734 90.000 98.000 61.000
2.170 -11.650 155.732 210.000 224.000 151.000
2.170 -11.250 155.730 211.000 224.000 152.000
2.170 -10.850 155.728 220.000 231.000 171.000
2.170 -10.449 155.726 204.000 216.000 152.000
2.170 -10.049 155.724 131.000 138.000 104.000
2.570 -12.051 155.726 141.000 153.000 96.000
2.570 -11.650 155.725 213.000 228.000 147.000
2.570 -11.250 155.723 216.000 229.000 150.000
2.570 -10.850 155.721 214.000 228.000 147.000
2.570 -10.449 155.719 212.000 225.000 151.000
2.570 -10.049 155.717 183.000 193.000 136.000
2.971 -12.051 155.719 176.000 190.000 111.000
2.971 -11.650 155.717 214.000 229.000 140.000
2.971 -11.250 155.716 218.000 231.000 149.000
2.971 -10.850 155.714 222.000 233.000 156.000
2.971 -10.449 155.712 206.000 217.000 151.000
2.971 -10.049 155.710 144.000 150.000 112.000
3.371 -12.451 155.714 91.000 102.000 53.000
3.371 -12.051 155.712 185.000 200.000 116.000
3.371 -11.650 155.710 207.000 222.000 132.000
3.371 -11.250 155.709 212.000 226.000 143.000
3.371 -10.850 155.707 219.000 231.000 160.000
3.371 -10.449 155.705 209.000 217.000 165.000
3.371 -10.049 155.703 124.000 128.000 101.000
3.771 -12.451 155.707 155.000 168.000 96.000
3.771 -12.051 155.705 182.000 197.000 114.000
3.771 -11.650 155.703 205.000 219.000 130.000
3.771 -11.250 155.701 212.000 224.000 144.000
3.771 -10.850 155.700 220.000 230.000 163.000
3.771 -10.449 155.698 190.000 196.000 157.000
4.172 -12.852 155.702 129.000 139.000 86.000
4.172 -12.451 155.700 184.000 197.000 123.000
4.172 -12.051 155.698 196.000 210.000 126.000
4.172 -11.650 155.696 212.000 225.000 137.000
4.171 -11.250 155.694 217.000 229.000 150.000
4.171 -10.850 155.692 206.000 214.000 154.000
4.572 -12.852 155.695 140.000 149.000 102.000
4.572 -12.451 155.693 199.000 211.000 138.000
4.572 -12.051 155.691 209.000 221.000 141.000
4.572 -11.650 155.689 222.000 233.000 153.000
4.572 -11.250 155.687 233.000 241.000 178.000
4.572 -10.850 155.685 229.000 235.000 188.000
4.972 -12.852 155.687 184.000 193.000 144.000
4.972 -12.451 155.686 214.000 225.000 159.000
4.972 -12.051 155.684 222.000 232.000 161.000
4.972 -11.651 155.682 237.000 242.000 173.000
4.972 -11.250 155.680 242.000 246.000 194.000
4.972 -10.850 155.678 237.000 241.000 204.000
5.372 -12.852 155.680 184.000 193.000 146.000
5.372 -12.451 155.679 227.000 235.000 179.000
5.372 -12.051 155.677 235.000 241.000 185.000
5.372 -11.651 155.675 241.000 244.000 187.000
5.372 -11.250 155.673 238.000 243.000 188.000
5.372 -10.850 155.671 197.000 202.000 164.000
5.773 -12.451 155.671 168.000 173.000 137.000
5.773 -12.051 155.670 237.000 242.000 199.000
5.773 -11.651 155.668 237.000 242.000 189.000
5.773 -11.250 155.666 193.000 200.000 153.000
1.777 -11.649 156.139 112.000 120.000 78.000
1.777 -11.248 156.137 133.000 138.000 107.000
2.177 -12.049 156.134 74.000 84.000 45.000
2.177 -11.649 156.132 191.000 204.000 136.000
2.177 -11.248 156.130 217.000 227.000 173.000
2.177 -10.848 156.128 214.000 223.000 175.000
2.177 -10.448 156.126 149.000 156.000 116.000
2.577 -12.049 156.127 116.000 128.000 73.000
2.577 -11.649 156.125 208.000 223.000 143.000
2.577 -11.248 156.123 215.000 228.000 158.000
2.577 -10.848 156.121 222.000 233.000 174.000
2.577 -10.448 156.119 209.000 220.000 157.000
2.577 -10.047 156.117 111.000 116.000 84.000
2.978 -12.049 156.120 148.000 162.000 90.000
2.978 -11.649 156.118 212.000 226.000 139.000
2.978 -11.248 156.116 220.000 232.000 160.000
2.978 -10.848 156.114 222.000 233.000 167.000
2.978 -10.448 156.112 193.000 204.000 140.000
3.378 -12.049 156.112 204.000 219.000 132.000
3.378 -11.649 156.111 219.000 232.000 145.000
3.378 -11.248 156.109 222.000 233.000 157.000
3.378 -10.848 156.107 218.000 229.000 162.000
3.378 -10.448 156.105 115.000 120.000 88.000
3.778 -12.449 156.107 161.000 175.000 98.000
3.778 -12.049 156.105 207.000 220.000 135.000
3.778 -11.649 156.104 226.000 236.000 151.000
3.778 -11.248 156.102 228.000 237.000 165.000
3.778 -10.848 156.100 211.000 219.000 167.000
4.179 -12.850 156.102 122.000 131.000 83.000
4.179 -12.449 156.100 190.000 202.000 133.000
4.179 -12.049 156.098 208.000 220.000 141.000
4.179 -11.649 156.096 235.000 241.000 160.000
4.179 -11.248 156.095 237.000 244.000 185.000
4.579 -12.850 156.095 127.000 136.000 89.000
4.579 -12.449 156.093 197.000 210.000 138.000
4.579 -12.049 156.091 217.000 229.000 152.000
4.579 -11.649 156.089 237.000 242.000 167.000
4.579 -11.248 156.087 239.000 244.000 189.000
4.979 -12.850 156.088 140.000 149.000 103.000
4.979 -12.449 156.086 210.000 222.000 151.000
4.979 -12.049 156.084 222.000 233.000 156.000
4.979 -11.649 156.082 242.000 244.000 181.000
4.979 -11.248 156.080 241.000 246.000 195.000
5.380 -12.850 156.081 173.000 181.000 140.000
5.380 -12.449 156.079 227.000 235.000 179.000
5.380 -12.049 156.077 238.000 243.000 188.000
5.379 -11.649 156.075 245.000 246.000 192.000
5.379 -11.248 156.073 240.000 245.000 196.000
5.379 -10.848 156.071 143.000 148.000 118.000
5.780 -12.449 156.072 99.000 103.000 76.000
5.780 -12.049 156.070 176.000 180.000 143.000
5.780 -11.649 156.068 201.000 205.000 153.000
5.780 -11.248 156.066 105.000 111.000 74.000
2.184 -11.647 156.532 93.000 99.000 65.000
2.585 -11.647 156.525 204.000 215.000 157.000
2.585 -11.246 156.523 216.000 225.000 177.000
2.585 -10.846 156.521 194.000 203.000 158.000
2.985 -12.047 156.520 145.000 155.000 106.000
2.985 -11.647 156.518 217.000 229.000 164.000
2.985 -11.246 156.516 229.000 237.000 189.000
2.985 -10.846 156.514 229.000 237.000 193.000
2.985 -10.446 156.512 154.000 160.000 126.000
3.385 -12.447 156.515 98.000 106.000 68.000
3.385 -12.047 156.513 215.000 226.000 161.000
3.385 -11.647 156.511 231.000 240.000 178.000
3.385 -11.246 156.509 231.000 239.000 185.000
3.385 -10.846 156.507 227.000 236.000 185.000
3.785 -12.447 156.508 151.000 162.000 101.000
3.785 -12.047 156.506 227.000 236.000 169.000
3.785 -11.647 156.504 238.000 243.000 178.000
3.785 -11.246 156.502 238.000 244.000 195.000
3.785 -10.846 156.500 223.000 229.000 184.000
4.186 -12.447 156.500 207.000 218.000 153.000
4.186 -12.047 156.499 235.000 242.000 186.000
4.186 -11.647 156.497 245.000 247.000 195.000
4.186 -11.246 156.495 245.000 248.000 208.000
4.586 -12.848 156.495 100.000 106.000 73.000
4.586 -12.447 156.493 219.000 229.000 168.000
4.586 -12.047 156.491 239.000 244.000 195.000
4.586 -11.647 156.490 246.000 247.000 203.000
4.586 -11.246 156.488 242.000 246.000 208.000
4.986 -12.848 156.488 89.000 95.000 63.000
4.986 -12.448 156.486 229.000 236.000 184.000
4.986 -12.047 156.484 242.000 246.000 204.000
4.986 -11.647 156.483 244.000 246.000 198.000
4.986 -11.246 156.481 234.000 240.000 195.000
5.387 -12.448 156.479 232.000 236.000 199.000
5.387 -12.047 156.477 246.000 248.000 211.000
5.387 -11.647 156.475 247.000 248.000 207.000
5.387 -11.246 156.474 218.000 224.000 177.000
5.787 -11.647 156.468 173.000 175.000 147.000
5.787 -11.247 156.466 100.000 104.000 75.000
2.592 -11.645 156.925 97.000 103.000 75.000
2.992 -11.645 156.918 147.000 155.000 113.000
2.992 -11.245 156.916 190.000 198.000 158.000
2.992 -10.844 156.915 142.000 148.000 116.000
3.392 -12.045 156.913 131.000 136.000 105.000
3.392 -11.645 156.911 201.000 208.000 160.000
3.392 -11.245 156.909 191.000 199.000 155.000
3.392 -10.844 156.908 163.000 170.000 133.000
3.793 -12.045 156.906 185.000 192.000 146.000
3.793 -11.645 156.904 226.000 232.000 182.000
3.793 -11.245 156.902 197.000 203.000 161.000
3.793 -10.844 156.900 168.000 174.000 140.000
4.193 -12.045 156.899 195.000 202.000 155.000
4.193 -11.645 156.897 229.000 234.000 186.000
4.193 -11.245 156.895 203.000 207.000 171.000
4.593 -12.446 156.894 192.000 197.000 159.000
4.593 -12.045 156.892 237.000 242.000 199.000
4.593 -11.645 156.890 234.000 238.000 190.000
4.593 -11.245 156.888 181.000 185.000 154.000
4.993 -12.446 156.886 235.000 240.000 202.000
4.993 -12.045 156.885 246.000 248.000 218.000
4.993 -11.645 156.883 246.000 248.000 213.000
4.993 -11.245 156.881 178.000 183.000 149.000
5.394 -11.645 156.876 245.000 247.000 212.000
5.394 -11.245 156.874 157.000 162.000 129.000
5.794 -12.045 156.870 231.000 234.000 208.000
5.794 -11.645 156.869 193.000 197.000 165.000
5.794 -11.245 156.867 97.000 102.000 76.000
