-19.197 -9.895 102.447 71.000 81.000 49.000
-18.797 -9.895 102.440 105.000 123.000 66.000
-19.590 -9.893 102.854 106.000 118.000 71.000
-19.190 -9.893 102.847 114.000 133.000 70.000
-18.790 -9.893 102.840 128.000 147.000 82.000
-18.390 -9.893 102.833 111.000 130.000 71.000
-19.984 -10.292 103.263 74.000 80.000 53.000
-19.984 -9.892 103.262 152.000 166.000 107.000
-19.583 -10.292 103.256 66.000 80.000 40.000
-19.583 -9.892 103.254 96.000 117.000 53.000
-19.183 -10.292 103.249 72.000 90.000 41.000
-19.183 -9.892 103.247 96.000 118.000 50.000
-18.783 -10.292 103.242 64.000 81.000 33.000
-18.783 -9.892 103.240 118.000 141.000 66.000
-18.382 -9.892 103.233 67.000 83.000 36.000
-20.377 -9.890 103.669 125.000 137.000 87.000
-19.976 -10.290 103.664 104.000 122.000 61.000
-19.976 -9.890 103.662 136.000 153.000 83.000
-19.576 -10.290 103.657 88.000 110.000 47.000
-19.576 -9.890 103.655 91.000 114.000 46.000
-19.176 -10.290 103.649 85.000 108.000 42.000
-19.176 -9.890 103.648 91.000 115.000 45.000
-18.776 -10.290 103.642 79.000 102.000 38.000
-18.776 -9.890 103.641 103.000 125.000 53.000
-20.370 -10.288 104.071 136.000 149.000 93.000
-20.370 -9.888 104.069 146.000 161.000 95.000
-19.969 -10.689 104.066 96.000 115.000 58.000
-19.969 -10.288 104.064 119.000 139.000 68.000
-19.969 -9.888 104.062 135.000 154.000 76.000
-19.569 -10.689 104.059 92.000 112.000 52.000
-19.569 -10.288 104.057 113.000 136.000 58.000
-19.569 -9.888 104.055 122.000 144.000 61.000
-19.169 -10.689 104.052 73.000 93.000 39.000
-19.169 -10.288 104.050 105.000 129.000 51.000
-19.169 -9.888 104.048 128.000 151.000 64.000
-18.768 -10.288 104.043 90.000 112.000 44.000
-18.769 -9.888 104.041 126.000 147.000 67.000
-18.368 -9.888 104.034 112.000 134.000 60.000
-20.763 -10.286 104.478 162.000 174.000 116.000
-20.763 -9.886 104.477 158.000 167.000 117.000
-20.363 -10.286 104.471 141.000 158.000 86.000
-20.363 -9.886 104.470 144.000 159.000 89.000
-20.363 -9.486 104.468 71.000 82.000 39.000
-19.962 -10.687 104.466 103.000 124.000 57.000
-19.962 -10.286 104.464 112.000 133.000 59.000
-19.962 -9.886 104.462 124.000 144.000 64.000
-19.962 -9.486 104.461 86.000 104.000 43.000
-19.562 -10.687 104.459 95.000 117.000 48.000
-19.562 -10.286 104.457 107.000 132.000 48.000
-19.562 -9.886 104.455 109.000 135.000 47.000
-19.562 -9.486 104.453 108.000 130.000 51.000
-19.162 -10.286 104.450 111.000 136.000 50.000
-19.162 -9.886 104.448 119.000 144.000 53.000
-19.162 -9.486 104.446 112.000 136.000 50.000
-18.761 -9.886 104.441 134.000 155.000 70.000
-18.761 -9.486 104.439 110.000 135.000 47.000
-18.361 -9.886 104.434 81.000 101.000 40.000
-18.361 -9.486 104.432 80.000 97.000 41.000
-21.156 -9.884 104.884 143.000 151.000 104.000
-20.756 -10.285 104.879 161.000 178.000 102.000
-20.756 -9.884 104.877 178.000 193.000 117.000
-20.756 -9.484 104.875 95.000 105.000 58.000
-20.355 -10.285 104.872 137.000 157.000 75.000
-20.355 -9.884 104.870 150.000 168.000 84.000
-20.355 -9.484 104.868 107.000 125.000 56.000
-19.955 -10.685 104.866 106.000 129.000 54.000
-19.955 -10.285 104.865 122.000 145.000 60.000
-19.955 -9.884 104.863 129.000 151.000 63.000
-19.955 -9.484 104.861 109.000 131.000 52.000
-19.555 -10.685 104.859 137.000 158.000 74.000
-19.555 -10.285 104.857 140.000 163.000 66.000
-19.555 -9.884 104.856 141.000 164.000 64.000
-19.555 -9.484 104.854 131.000 153.000 63.000
-19.155 -10.685 104.852 122.000 142.000 67.000
-19.155 -10.285 104.850 150.000 172.000 75.000
-19.155 -9.884 104.848 151.000 172.000 72.000
-19.155 -9.484 104.847 138.000 159.000 64.000
-18.754 -10.285 104.843 115.000 132.000 60.000
-18.754 -9.884 104.841 149.000 169.000 78.000
-18.754 -9.484 104.840 133.000 155.000 60.000
-18.354 -9.884 104.834 78.000 94.000 39.000
-18.354 -9.484 104.832 98.000 117.000 50.000
-21.549 -9.882 105.291 104.000 109.000 80.000
-21.149 -9.882 105.284 179.000 193.000 119.000
-21.149 -9.482 105.282 122.000 129.000 87.000
-20.749 -10.283 105.279 152.000 170.000 86.000
-20.749 -9.882 105.277 164.000 182.000 96.000
-20.749 -9.482 105.275 120.000 134.000 68.000
-20.348 -10.283 105.272 139.000 160.000 71.000
-20.348 -9.882 105.270 144.000 164.000 74.000
-20.348 -9.482 105.268 134.000 154.000 70.000
-19.948 -10.283 105.265 134.000 157.000 62.000
-19.948 -9.882 105.263 140.000 161.000 67.000
-19.948 -9.482 105.261 138.000 158.000 69.000
-19.548 -10.683 105.260 171.000 189.000 105.000
-19.548 -10.283 105.258 166.000 186.000 88.000
-19.548 -9.882 105.256 164.000 184.000 83.000
-19.548 -9.482 105.254 159.000 178.000 83.000
-19.147 -10.683 105.252 172.000 189.000 111.000
-19.147 -10.283 105.251 174.000 193.000 99.000
-19.147 -9.882 105.249 171.000 190.000 92.000
-19.147 -9.482 105.247 163.000 182.000 87.000
-18.747 -10.683 105.245 101.000 116.000 59.000
-18.747 -10.283 105.243 157.000 176.000 86.000
-18.747 -9.882 105.242 164.000 181.000 92.000
-18.747 -9.482 105.240 161.000 179.000 88.000
-18.347 -9.882 105.235 121.000 134.000 74.000
-18.347 -9.482 105.233 128.000 147.000 70.000
-21.542 -9.880 105.692 189.000 202.000 135.000
-21.542 -9.480 105.690 104.000 110.000 75.000
-21.142 -9.880 105.685 177.000 194.000 106.000
-21.142 -9.480 105.683 152.000 167.000 96.000
-20.742 -9.880 105.677 147.000 170.000 68.000
-20.742 -9.480 105.676 132.000 151.000 70.000
-20.341 -10.281 105.672 145.000 168.000 70.000
-20.341 -9.880 105.670 151.000 173.000 73.000
-20.341 -9.480 105.669 155.000 174.000 85.000
-19.941 -10.281 105.665 154.000 175.000 76.000
-19.941 -9.880 105.663 159.000 180.000 81.000
-19.941 -9.480 105.661 170.000 187.000 96.000
-19.941 -9.080 105.660 185.000 201.000 120.000
-19.541 -10.681 105.660 189.000 205.000 125.000
-19.541 -10.281 105.658 180.000 198.000 102.000
-19.541 -9.881 105.656 161.000 181.000 82.000
-19.541 -9.480 105.654 153.000 172.000 81.000
-19.541 -9.080 105.652 163.000 181.000 94.000
-19.140 -10.681 105.653 194.000 208.000 135.000
-19.140 -10.281 105.651 184.000 201.000 114.000
-19.140 -9.881 105.649 167.000 185.000 93.000
-19.140 -9.480 105.647 159.000 177.000 89.000
-19.140 -9.080 105.645 158.000 175.000 90.000
-18.740 -10.681 105.646 135.000 147.000 91.000
-18.740 -10.281 105.644 171.000 187.000 107.000
-18.740 -9.881 105.642 178.000 192.000 112.000
-18.740 -9.480 105.640 172.000 187.000 106.000
-18.740 -9.080 105.638 157.000 175.000 92.000
-18.340 -10.281 105.637 120.000 131.000 77.000
-18.340 -9.881 105.635 167.000 180.000 110.000
-18.340 -9.480 105.633 149.000 168.000 83.000
-18.340 -9.080 105.631 130.000 152.000 68.000
-17.940 -9.480 105.626 80.000 97.000 41.000
-21.535 -9.478 106.090 98.000 105.000 67.000
-21.135 -9.879 106.085 166.000 184.000 93.000
-21.135 -9.478 106.083 138.000 154.000 81.000
-20.734 -9.879 106.078 138.000 161.000 61.000
-20.734 -9.478 106.076 137.000 156.000 73.000
-20.734 -9.078 106.074 130.000 141.000 86.000
-20.334 -10.279 106.072 149.000 171.000 72.000
-20.334 -9.879 106.071 154.000 175.000 75.000
-20.334 -9.478 106.069 161.000 179.000 91.000
-20.334 -9.078 106.067 178.000 194.000 118.000
-19.934 -10.279 106.065 154.000 174.000 77.000
-19.934 -9.879 106.064 160.000 180.000 83.000
-19.934 -9.478 106.062 168.000 187.000 96.000
-19.934 -9.078 106.060 180.000 196.000 113.000
-19.534 -10.279 106.058 176.000 194.000 95.000
-19.534 -9.879 106.056 159.000 179.000 77.000
-19.534 -9.478 106.055 148.000 169.000 73.000
-19.534 -9.078 106.053 146.000 166.000 76.000
-19.133 -10.679 106.053 190.000 205.000 126.000
-19.133 -10.279 106.051 178.000 196.000 102.000
-19.133 -9.879 106.049 162.000 181.000 85.000
-19.133 -9.478 106.047 152.000 172.000 80.000
-19.133 -9.078 106.046 146.000 166.000 78.000
-18.733 -10.679 106.046 166.000 182.000 104.000
-18.733 -10.279 106.044 168.000 185.000 99.000
-18.733 -9.879 106.042 168.000 185.000 100.000
-18.733 -9.478 106.040 161.000 178.000 93.000
-18.733 -9.078 106.039 149.000 168.000 85.000
-18.333 -10.279 106.037 153.000 168.000 96.000
-18.333 -9.879 106.035 173.000 188.000 113.000
-18.333 -9.478 106.033 152.000 170.000 90.000
-18.333 -9.078 106.031 138.000 157.000 79.000
-17.932 -9.879 106.028 87.000 98.000 55.000
-17.932 -9.478 106.026 102.000 118.000 60.000
-17.932 -9.078 106.024 85.000 101.000 49.000
-21.128 -9.877 106.485 159.000 177.000 88.000
-21.128 -9.476 106.483 127.000 143.000 72.000
-20.727 -9.877 106.478 143.000 165.000 67.000
-20.727 -9.476 106.476 150.000 169.000 84.000
-20.727 -9.076 106.474 147.000 161.000 95.000
-20.327 -9.877 106.471 152.000 173.000 75.000
-20.327 -9.476 106.469 159.000 177.000 90.000
-20.327 -9.076 106.467 168.000 184.000 106.000
-19.927 -10.277 106.466 154.000 174.000 77.000
-19.927 -9.877 106.464 158.000 178.000 80.000
-19.927 -9.476 106.462 164.000 182.000 90.000
-19.927 -9.076 106.460 165.000 183.000 96.000
-19.526 -10.277 106.459 170.000 190.000 88.000
-19.526 -9.877 106.457 157.000 178.000 74.000
-19.526 -9.476 106.455 150.000 171.000 73.000
-19.526 -9.076 106.453 142.000 164.000 73.000
-19.126 -10.678 106.453 185.000 202.000 116.000
-19.126 -10.277 106.451 173.000 191.000 92.000
-19.126 -9.877 106.450 162.000 182.000 81.000
-19.126 -9.476 106.448 153.000 174.000 78.000
-19.126 -9.076 106.446 136.000 157.000 69.000
-18.726 -10.678 106.446 169.000 187.000 101.000
-18.726 -10.277 106.444 166.000 184.000 91.000
-18.726 -9.877 106.443 161.000 179.000 89.000
-18.726 -9.477 106.441 159.000 177.000 91.000
-18.726 -9.076 106.439 148.000 167.000 83.000
-18.326 -10.678 106.439 72.000 84.000 41.000
-18.326 -10.277 106.437 152.000 169.000 91.000
-18.326 -9.877 106.435 158.000 174.000 99.000
-18.326 -9.477 106.434 151.000 168.000 94.000
-18.326 -9.076 106.432 138.000 156.000 84.000
-17.925 -9.877 106.428 112.000 126.000 71.000
-17.925 -9.477 106.426 123.000 139.000 80.000
-17.925 -9.076 106.425 77.000 89.000 49.000
-21.121 -9.475 106.884 97.000 108.000 55.000
-20.720 -9.875 106.878 153.000 174.000 77.000
-20.720 -9.475 106.876 163.000 181.000 93.000
-20.720 -9.074 106.875 171.000 187.000 110.000
-20.320 -9.875 106.871 155.000 175.000 75.000
-20.320 -9.475 106.869 164.000 182.000 90.000
-20.320 -9.074 106.868 166.000 183.000 99.000
-19.920 -10.275 106.866 158.000 178.000 75.000
-19.920 -9.875 106.864 157.000 177.000 73.000
-19.920 -9.475 106.862 164.000 181.000 87.000
-19.920 -9.074 106.860 167.000 184.000 96.000
-19.519 -10.275 106.859 166.000 187.000 83.000
-19.519 -9.875 106.857 150.000 172.000 68.000
-19.519 -9.475 106.855 156.000 176.000 77.000
-19.519 -9.074 106.853 165.000 183.000 91.000
-19.119 -10.275 106.852 169.000 189.000 90.000
-19.119 -9.875 106.850 160.000 180.000 80.000
-19.119 -9.475 106.848 160.000 178.000 85.000
-19.119 -9.074 106.846 163.000 180.000 92.000
-18.719 -10.676 106.846 146.000 165.000 80.000
-18.719 -10.275 106.845 162.000 181.000 88.000
-18.719 -9.875 106.843 170.000 188.000 98.000
-18.719 -9.475 106.841 167.000 183.000 99.000
-18.719 -9.074 106.839 160.000 177.000 97.000
-18.719 -8.674 106.837 74.000 83.000 45.000
-18.318 -10.275 106.838 136.000 153.000 76.000
-18.318 -9.875 106.836 156.000 175.000 93.000
-18.318 -9.475 106.834 151.000 169.000 94.000
-18.318 -9.074 106.832 144.000 162.000 89.000
-17.918 -9.875 106.829 101.000 116.000 60.000
-17.918 -9.475 106.827 116.000 132.000 74.000
-21.113 -9.473 107.284 138.000 154.000 80.000
-21.113 -9.072 107.282 72.000 80.000 45.000
-20.713 -9.873 107.279 155.000 174.000 80.000
-20.713 -9.473 107.277 165.000 183.000 94.000
-20.713 -9.072 107.275 175.000 192.000 113.000
-20.313 -9.873 107.272 159.000 179.000 79.000
-20.313 -9.473 107.270 166.000 185.000 89.000
-20.313 -9.072 107.268 171.000 188.000 100.000
-20.313 -8.672 107.266 75.000 80.000 52.000
-19.913 -9.873 107.264 161.000 181.000 78.000
-19.913 -9.473 107.263 165.000 184.000 85.000
-19.913 -9.072 107.261 170.000 188.000 94.000
-19.913 -8.672 107.259 81.000 88.000 53.000
-19.512 -10.273 107.259 165.000 186.000 81.000
-19.512 -9.873 107.257 157.000 177.000 75.000
-19.512 -9.473 107.255 162.000 181.000 83.000
-19.512 -9.072 107.254 171.000 188.000 95.000
-19.112 -10.273 107.252 164.000 184.000 84.000
-19.112 -9.873 107.250 159.000 179.000 80.000
-19.112 -9.473 107.248 160.000 179.000 85.000
-19.112 -9.072 107.246 164.000 181.000 93.000
-18.712 -10.674 107.247 149.000 167.000 83.000
-18.712 -10.274 107.245 159.000 178.000 84.000
-18.712 -9.873 107.243 160.000 179.000 85.000
-18.712 -9.473 107.241 155.000 174.000 87.000
-18.712 -9.072 107.239 152.000 170.000 88.000
-18.712 -8.672 107.238 75.000 82.000 49.000
-18.311 -10.274 107.238 112.000 127.000 62.000
-18.311 -9.873 107.236 152.000 170.000 88.000
-18.311 -9.473 107.234 147.000 165.000 90.000
-18.311 -9.072 107.232 145.000 162.000 91.000
-17.911 -9.873 107.229 106.000 120.000 67.000
-17.911 -9.473 107.227 101.000 114.000 65.000
-21.507 -9.471 107.691 101.000 113.000 61.000
-21.106 -9.471 107.684 153.000 170.000 88.000
-21.106 -9.071 107.682 125.000 136.000 83.000
-20.706 -9.871 107.679 154.000 174.000 77.000
-20.706 -9.471 107.677 165.000 184.000 93.000
-20.706 -9.071 107.675 174.000 192.000 109.000
-20.306 -9.871 107.672 160.000 180.000 82.000
-20.306 -9.471 107.670 167.000 186.000 91.000
-20.306 -9.071 107.668 174.000 192.000 102.000
-20.306 -8.670 107.666 83.000 89.000 61.000
-19.905 -9.871 107.665 162.000 182.000 84.000
-19.905 -9.471 107.663 163.000 182.000 83.000
-19.905 -9.071 107.661 167.000 185.000 90.000
-19.505 -10.272 107.659 167.000 187.000 84.000
-19.505 -9.871 107.658 159.000 179.000 79.000
-19.505 -9.471 107.656 164.000 183.000 85.000
-19.505 -9.071 107.654 167.000 186.000 92.000
-19.105 -10.272 107.652 165.000 184.000 85.000
-19.105 -9.871 107.650 159.000 179.000 80.000
-19.105 -9.471 107.649 160.000 179.000 85.000
-19.105 -9.071 107.647 163.000 181.000 92.000
-18.705 -10.672 107.647 144.000 161.000 84.000
-18.705 -10.272 107.645 159.000 178.000 88.000
-18.705 -9.871 107.643 157.000 176.000 83.000
-18.705 -9.471 107.642 155.000 174.000 87.000
-18.705 -9.071 107.640 151.000 169.000 88.000
-18.705 -8.670 107.638 77.000 83.000 52.000
-18.304 -10.272 107.638 83.000 94.000 49.000
-18.304 -9.871 107.636 149.000 167.000 88.000
-18.304 -9.471 107.634 147.000 165.000 91.000
-18.304 -9.071 107.633 145.000 162.000 91.000
-17.904 -9.471 107.627 84.000 95.000 56.000
-21.099 -9.469 108.084 157.000 174.000 94.000
-21.099 -9.069 108.083 90.000 97.000 63.000
-20.699 -9.469 108.077 169.000 188.000 93.000
-20.699 -9.069 108.075 185.000 201.000 119.000
-20.299 -9.869 108.072 158.000 178.000 80.000
-20.299 -9.469 108.070 164.000 183.000 87.000
-20.299 -9.069 108.068 171.000 189.000 100.000
-19.898 -9.869 108.065 164.000 182.000 89.000
-19.898 -9.469 108.063 160.000 179.000 82.000
-19.898 -9.069 108.061 157.000 176.000 84.000
-19.498 -10.270 108.060 170.000 190.000 89.000
-19.498 -9.869 108.058 158.000 179.000 79.000
-19.498 -9.469 108.056 161.000 181.000 82.000
-19.498 -9.069 108.054 162.000 182.000 86.000
-19.098 -10.270 108.053 171.000 189.000 95.000
-19.098 -9.869 108.051 161.000 181.000 84.000
-19.098 -9.469 108.049 161.000 181.000 86.000
-19.098 -9.069 108.047 159.000 177.000 85.000
-18.697 -10.270 108.045 164.000 181.000 98.000
-18.697 -9.869 108.044 164.000 182.000 95.000
-18.697 -9.469 108.042 157.000 175.000 90.000
-18.697 -9.069 108.040 151.000 169.000 85.000
-18.697 -8.668 108.038 93.000 104.000 58.000
-18.297 -9.869 108.037 147.000 164.000 93.000
-18.297 -9.469 108.035 148.000 165.000 93.000
-18.297 -9.069 108.033 144.000 162.000 90.000
-21.092 -9.467 108.485 160.000 177.000 93.000
-21.092 -9.067 108.483 114.000 125.000 74.000
-20.692 -9.467 108.478 160.000 179.000 86.000
-20.692 -9.067 108.476 168.000 185.000 98.000
-20.291 -9.868 108.472 158.000 178.000 81.000
-20.291 -9.467 108.471 166.000 185.000 90.000
-20.292 -9.067 108.469 173.000 190.000 103.000
-20.292 -8.667 108.467 81.000 86.000 60.000
-19.891 -9.868 108.465 162.000 182.000 83.000
-19.891 -9.467 108.463 168.000 188.000 92.000
-19.891 -9.067 108.462 176.000 194.000 107.000
-19.491 -9.868 108.458 159.000 180.000 77.000
-19.491 -9.467 108.456 162.000 182.000 84.000
-19.491 -9.067 108.454 166.000 185.000 92.000
-19.491 -8.667 108.453 88.000 95.000 59.000
-19.091 -10.268 108.453 162.000 181.000 83.000
-19.091 -9.868 108.451 156.000 177.000 75.000
-19.091 -9.467 108.449 159.000 178.000 86.000
-19.091 -9.067 108.447 156.000 175.000 87.000
-19.091 -8.667 108.445 97.000 107.000 60.000
-18.690 -10.268 108.446 151.000 169.000 82.000
-18.690 -9.868 108.444 156.000 175.000 82.000
-18.690 -9.467 108.442 153.000 170.000 90.000
-18.690 -9.067 108.440 148.000 165.000 91.000
-18.690 -8.667 108.438 89.000 98.000 58.000
-18.290 -9.868 108.437 142.000 157.000 92.000
-18.290 -9.467 108.435 147.000 163.000 99.000
-18.290 -9.067 108.433 140.000 157.000 95.000
-21.085 -9.465 108.885 157.000 172.000 94.000
-20.685 -9.465 108.878 164.000 181.000 95.000
-20.685 -9.065 108.876 151.000 165.000 91.000
-20.284 -9.465 108.871 169.000 186.000 96.000
-20.284 -9.065 108.869 173.000 190.000 106.000
-19.884 -9.866 108.866 165.000 184.000 88.000
-19.884 -9.465 108.864 173.000 191.000 99.000
-19.884 -9.065 108.862 180.000 198.000 112.000
-19.484 -9.866 108.858 158.000 179.000 77.000
-19.484 -9.465 108.857 161.000 181.000 83.000
-19.484 -9.065 108.855 162.000 182.000 87.000
-19.484 -8.665 108.853 101.000 111.000 66.000
-19.083 -10.266 108.853 161.000 181.000 85.000
-19.084 -9.866 108.851 158.000 179.000 80.000
-19.084 -9.465 108.849 157.000 177.000 85.000
-19.084 -9.065 108.848 153.000 173.000 83.000
-19.084 -8.665 108.846 116.000 127.000 74.000
-18.683 -10.266 108.846 143.000 160.000 79.000
-18.683 -9.866 108.844 159.000 177.000 88.000
-18.683 -9.465 108.842 154.000 171.000 93.000
-18.683 -9.065 108.841 150.000 167.000 93.000
-18.683 -8.665 108.839 82.000 89.000 58.000
-18.283 -9.866 108.837 125.000 138.000 78.000
-18.283 -9.465 108.835 144.000 160.000 98.000
-18.283 -9.065 108.833 127.000 143.000 88.000
-20.678 -9.463 109.278 168.000 185.000 102.000
-20.678 -9.063 109.276 148.000 159.000 103.000
-20.277 -9.464 109.271 174.000 191.000 106.000
-20.277 -9.063 109.269 182.000 197.000 120.000
-19.877 -9.864 109.266 168.000 186.000 96.000
-19.877 -9.464 109.264 174.000 190.000 102.000
-19.877 -9.063 109.262 180.000 196.000 111.000
-19.477 -9.864 109.259 159.000 179.000 83.000
-19.477 -9.464 109.257 160.000 179.000 85.000
-19.477 -9.063 109.255 160.000 179.000 90.000
-19.477 -8.663 109.253 107.000 116.000 72.000
-19.076 -9.864 109.252 161.000 180.000 90.000
-19.076 -9.464 109.250 156.000 174.000 88.000
-19.076 -9.063 109.248 154.000 172.000 90.000
-19.076 -8.663 109.246 98.000 107.000 67.000
-18.676 -10.264 109.246 132.000 146.000 78.000
-18.676 -9.864 109.244 165.000 181.000 104.000
-18.676 -9.464 109.243 156.000 173.000 102.000
-18.676 -9.063 109.241 151.000 167.000 99.000
-18.276 -9.864 109.237 112.000 125.000 72.000
-18.276 -9.464 109.236 117.000 130.000 79.000
-18.276 -9.063 109.234 101.000 114.000 70.000
-20.670 -9.462 109.678 174.000 190.000 104.000
-20.670 -9.061 109.677 173.000 186.000 118.000
-20.270 -9.462 109.671 183.000 199.000 110.000
-20.270 -9.061 109.670 191.000 206.000 130.000
-19.870 -9.462 109.664 178.000 195.000 101.000
-19.870 -9.061 109.662 185.000 200.000 117.000
-19.470 -9.862 109.659 160.000 179.000 83.000
-19.470 -9.462 109.657 164.000 183.000 92.000
-19.470 -9.061 109.655 164.000 181.000 97.000
-19.470 -8.661 109.653 96.000 103.000 68.000
-19.069 -9.862 109.652 165.000 182.000 93.000
-19.069 -9.462 109.650 159.000 176.000 93.000
-19.069 -9.061 109.648 153.000 170.000 94.000
-19.069 -8.661 109.646 91.000 98.000 65.000
-18.669 -10.262 109.647 78.000 83.000 54.000
-18.669 -9.862 109.645 166.000 181.000 103.000
-18.669 -9.462 109.643 155.000 170.000 101.000
-18.669 -9.061 109.641 146.000 161.000 99.000
-18.269 -9.862 109.638 106.000 116.000 75.000
-18.269 -9.462 109.636 82.000 89.000 59.000
-20.663 -9.059 110.077 174.000 189.000 115.000
-20.263 -9.460 110.072 182.000 198.000 108.000
-20.263 -9.059 110.070 188.000 204.000 124.000
-19.863 -9.460 110.065 177.000 193.000 105.000
-19.863 -9.059 110.063 182.000 198.000 117.000
-19.462 -9.860 110.059 161.000 179.000 90.000
-19.462 -9.460 110.057 165.000 182.000 100.000
-19.462 -9.060 110.056 165.000 180.000 106.000
-19.463 -8.659 110.054 122.000 129.000 92.000
-19.062 -9.860 110.052 157.000 175.000 93.000
-19.062 -9.460 110.050 154.000 170.000 96.000
-19.062 -9.060 110.048 151.000 166.000 101.000
-19.062 -8.659 110.047 116.000 124.000 87.000
-18.662 -9.860 110.045 148.000 163.000 95.000
-18.662 -9.460 110.043 144.000 158.000 96.000
-18.662 -9.060 110.041 137.000 150.000 94.000
-20.656 -9.058 110.477 165.000 177.000 117.000
-20.256 -9.458 110.472 184.000 199.000 115.000
-20.256 -9.058 110.470 183.000 198.000 122.000
-19.856 -9.458 110.465 177.000 192.000 111.000
-19.856 -9.058 110.463 181.000 196.000 125.000
-19.455 -9.858 110.460 171.000 187.000 107.000
-19.455 -9.458 110.458 169.000 184.000 114.000
-19.455 -9.058 110.456 166.000 179.000 117.000
-19.455 -8.657 110.454 126.000 133.000 98.000
-19.055 -9.858 110.452 161.000 177.000 105.000
-19.055 -9.458 110.451 153.000 166.000 104.000
-19.055 -9.058 110.449 147.000 160.000 103.000
-18.655 -9.858 110.445 123.000 134.000 85.000
-18.655 -9.458 110.444 131.000 143.000 92.000
-18.655 -9.058 110.442 121.000 133.000 86.000
-20.249 -9.456 110.872 183.000 197.000 124.000
-20.249 -9.056 110.870 168.000 179.000 122.000
-19.849 -9.456 110.865 182.000 196.000 123.000
-19.849 -9.056 110.863 176.000 188.000 127.000
-19.448 -9.456 110.858 178.000 191.000 133.000
-19.448 -9.056 110.856 167.000 178.000 125.000
-19.048 -9.857 110.853 166.000 178.000 118.000
-19.048 -9.456 110.851 159.000 169.000 122.000
-19.048 -9.056 110.849 126.000 134.000 96.000
-20.642 -9.054 111.278 137.000 146.000 100.000
-20.242 -9.054 111.271 157.000 169.000 108.000
-19.841 -9.454 111.265 177.000 190.000 121.000
-19.841 -9.054 111.264 152.000 165.000 102.000
-19.441 -9.454 111.258 178.000 190.000 137.000
-19.441 -9.054 111.256 132.000 142.000 96.000
-19.041 -9.855 111.253 146.000 155.000 114.000
-19.041 -9.454 111.251 110.000 117.000 83.000
-19.834 -9.452 111.666 175.000 187.000 130.000
-19.834 -9.052 111.664 92.000 99.000 68.000
-19.434 -9.452 111.659 120.000 126.000 92.000
-20.763 -10.687 104.480 88.000 93.000 66.000
-20.363 -10.687 104.473 122.000 140.000 78.000
-21.156 -10.284 104.886 121.000 127.000 91.000
-20.756 -10.685 104.881 142.000 159.000 92.000
-20.355 -11.085 104.875 64.000 81.000 36.000
-20.355 -10.685 104.873 118.000 139.000 65.000
-19.955 -11.085 104.868 76.000 95.000 44.000
-21.149 -11.083 105.290 82.000 88.000 58.000
-21.149 -10.683 105.288 168.000 182.000 115.000
-21.149 -10.283 105.286 177.000 191.000 115.000
-20.749 -11.083 105.283 113.000 130.000 72.000
-20.749 -10.683 105.281 138.000 157.000 81.000
-20.348 -11.083 105.276 89.000 109.000 53.000
-20.348 -10.683 105.274 123.000 144.000 64.000
-19.948 -11.083 105.269 92.000 112.000 56.000
-19.948 -10.683 105.267 124.000 147.000 63.000
-19.548 -11.083 105.261 93.000 102.000 64.000
-21.542 -10.681 105.695 130.000 141.000 84.000
-21.542 -10.281 105.694 177.000 191.000 116.000
-21.142 -11.081 105.690 147.000 160.000 100.000
-21.142 -10.681 105.688 163.000 181.000 96.000
-21.142 -10.281 105.686 167.000 186.000 94.000
-20.741 -11.082 105.683 129.000 150.000 78.000
-20.741 -10.681 105.681 144.000 165.000 77.000
-20.742 -10.281 105.679 152.000 174.000 76.000
-20.341 -11.082 105.676 108.000 129.000 63.000
-20.341 -10.681 105.674 133.000 155.000 69.000
-19.941 -11.082 105.669 124.000 142.000 78.000
-19.941 -10.681 105.667 141.000 162.000 74.000
-19.541 -11.082 105.662 146.000 156.000 109.000
-21.935 -10.679 106.103 133.000 143.000 92.000
-21.935 -10.279 106.101 160.000 171.000 109.000
-21.935 -9.879 106.099 116.000 120.000 90.000
-21.535 -11.080 106.098 137.000 148.000 97.000
-21.535 -10.679 106.096 160.000 176.000 99.000
-21.535 -10.279 106.094 166.000 182.000 102.000
-21.535 -9.879 106.092 188.000 201.000 130.000
-21.135 -11.080 106.090 157.000 175.000 97.000
-21.135 -10.679 106.089 158.000 177.000 91.000
-21.135 -10.279 106.087 161.000 180.000 88.000
-20.734 -11.480 106.085 75.000 87.000 49.000
-20.734 -11.080 106.083 130.000 150.000 75.000
-20.734 -10.679 106.081 145.000 166.000 75.000
-20.734 -10.279 106.080 150.000 172.000 71.000
-20.334 -11.080 106.076 112.000 133.000 62.000
-20.334 -10.679 106.074 137.000 159.000 70.000
-19.934 -11.080 106.069 131.000 151.000 79.000
-19.934 -10.679 106.067 146.000 166.000 78.000
-19.533 -11.080 106.062 179.000 193.000 130.000
-19.534 -10.679 106.060 186.000 202.000 118.000
-19.133 -11.080 106.055 99.000 104.000 76.000
-21.928 -10.677 106.503 146.000 161.000 97.000
-21.928 -10.277 106.501 162.000 175.000 105.000
-21.928 -9.877 106.499 135.000 140.000 104.000
-21.528 -11.078 106.498 156.000 172.000 103.000
-21.528 -10.677 106.496 154.000 171.000 95.000
-21.528 -10.277 106.494 160.000 177.000 95.000
-21.528 -9.877 106.492 177.000 190.000 116.000
-21.128 -11.478 106.493 105.000 110.000 84.000
-21.128 -11.078 106.491 159.000 178.000 99.000
-21.128 -10.677 106.489 155.000 174.000 88.000
-21.128 -10.277 106.487 157.000 176.000 86.000
-20.727 -11.478 106.485 108.000 122.000 71.000
-20.727 -11.078 106.484 136.000 155.000 81.000
-20.727 -10.677 106.482 148.000 169.000 77.000
-20.727 -10.277 106.480 149.000 171.000 71.000
-20.327 -11.478 106.478 78.000 95.000 47.000
-20.327 -11.078 106.476 126.000 147.000 72.000
-20.327 -10.677 106.475 142.000 163.000 74.000
-20.327 -10.277 106.473 150.000 171.000 72.000
-19.927 -11.478 106.471 70.000 85.000 41.000
-19.927 -11.078 106.469 131.000 152.000 75.000
-19.927 -10.677 106.468 146.000 166.000 77.000
-19.526 -11.078 106.462 180.000 195.000 127.000
-19.526 -10.678 106.460 179.000 196.000 107.000
-19.126 -11.078 106.455 125.000 132.000 93.000
-22.321 -10.676 106.910 110.000 120.000 76.000
-22.321 -10.275 106.909 109.000 116.000 82.000
-21.921 -11.076 106.905 134.000 150.000 83.000
-21.921 -10.676 106.903 141.000 156.000 89.000
-21.921 -10.275 106.901 158.000 172.000 100.000
-21.921 -9.875 106.900 153.000 161.000 114.000
-21.521 -11.076 106.898 149.000 164.000 95.000
-21.521 -10.676 106.896 156.000 173.000 91.000
-21.521 -10.275 106.894 160.000 177.000 90.000
-21.521 -9.875 106.893 170.000 185.000 103.000
-21.120 -11.076 106.891 157.000 173.000 100.000
-21.120 -10.676 106.889 158.000 178.000 88.000
-21.120 -10.275 106.887 158.000 178.000 81.000
-21.120 -9.875 106.885 156.000 174.000 82.000
-20.720 -11.476 106.886 126.000 140.000 87.000
-20.720 -11.076 106.884 144.000 163.000 88.000
-20.720 -10.676 106.882 145.000 166.000 76.000
-20.720 -10.275 106.880 152.000 173.000 74.000
-20.320 -11.476 106.879 85.000 104.000 51.000
-20.320 -11.076 106.877 124.000 144.000 68.000
-20.320 -10.676 106.875 140.000 161.000 71.000
-20.320 -10.275 106.873 152.000 172.000 73.000
-19.920 -11.476 106.871 84.000 104.000 49.000
-19.920 -11.076 106.870 131.000 152.000 71.000
-19.920 -10.676 106.868 149.000 170.000 77.000
-19.519 -11.076 106.863 184.000 201.000 121.000
-19.519 -10.676 106.861 184.000 202.000 110.000
-19.119 -11.076 106.855 167.000 180.000 115.000
-19.119 -10.676 106.854 178.000 196.000 104.000
-22.314 -11.074 107.313 112.000 125.000 75.000
-22.314 -10.674 107.311 140.000 153.000 95.000
-22.314 -10.273 107.309 139.000 148.000 100.000
-21.914 -11.074 107.305 131.000 149.000 76.000
-21.914 -10.674 107.304 148.000 165.000 88.000
-21.914 -10.273 107.302 162.000 176.000 98.000
-21.914 -9.873 107.300 144.000 152.000 105.000
-21.514 -11.474 107.300 99.000 109.000 68.000
-21.514 -11.074 107.298 149.000 167.000 86.000
-21.514 -10.674 107.297 156.000 174.000 89.000
-21.514 -10.273 107.295 161.000 178.000 92.000
-21.514 -9.873 107.293 161.000 175.000 98.000
-21.113 -11.474 107.293 123.000 135.000 86.000
-21.113 -11.074 107.291 147.000 165.000 82.000
-21.113 -10.674 107.289 155.000 174.000 85.000
-21.113 -10.273 107.288 155.000 174.000 82.000
-21.113 -9.873 107.286 155.000 172.000 85.000
-20.713 -11.474 107.286 93.000 107.000 59.000
-20.713 -11.074 107.284 131.000 151.000 71.000
-20.713 -10.674 107.282 137.000 158.000 70.000
-20.713 -10.273 107.280 144.000 165.000 70.000
-20.313 -11.474 107.279 79.000 97.000 44.000
-20.313 -11.074 107.277 118.000 140.000 61.000
-20.313 -10.674 107.275 138.000 159.000 69.000
-20.313 -10.273 107.273 150.000 171.000 73.000
-19.912 -11.475 107.272 68.000 87.000 35.000
-19.912 -11.074 107.270 133.000 155.000 71.000
-19.912 -10.674 107.268 147.000 168.000 74.000
-19.912 -10.273 107.266 157.000 177.000 76.000
-19.512 -11.475 107.265 91.000 99.000 65.000
-19.512 -11.074 107.263 188.000 203.000 127.000
-19.512 -10.674 107.261 178.000 197.000 101.000
-19.112 -11.074 107.256 149.000 160.000 106.000
-19.112 -10.674 107.254 175.000 194.000 101.000
-22.307 -11.072 107.713 137.000 152.000 89.000
-22.307 -10.672 107.711 152.000 166.000 99.000
-22.307 -10.272 107.709 165.000 176.000 116.000
-21.907 -11.473 107.708 106.000 122.000 62.000
-21.907 -11.072 107.706 139.000 158.000 78.000
-21.907 -10.672 107.704 154.000 171.000 88.000
-21.907 -10.272 107.702 168.000 184.000 100.000
-21.907 -9.871 107.700 123.000 131.000 85.000
-21.506 -11.473 107.700 115.000 128.000 72.000
-21.507 -11.072 107.699 150.000 169.000 84.000
-21.507 -10.672 107.697 163.000 181.000 94.000
-21.507 -10.272 107.695 166.000 183.000 95.000
-21.507 -9.871 107.693 159.000 175.000 95.000
-21.106 -11.473 107.693 108.000 120.000 71.000
-21.106 -11.072 107.692 146.000 165.000 81.000
-21.106 -10.672 107.690 158.000 177.000 87.000
-21.106 -10.272 107.688 157.000 176.000 84.000
-21.106 -9.871 107.686 150.000 168.000 80.000
-20.706 -11.473 107.686 82.000 94.000 51.000
-20.706 -11.072 107.684 125.000 144.000 67.000
-20.706 -10.672 107.683 135.000 156.000 67.000
-20.706 -10.272 107.681 143.000 164.000 67.000
-20.306 -11.473 107.679 81.000 99.000 44.000
-20.306 -11.072 107.677 112.000 133.000 57.000
-20.306 -10.672 107.675 135.000 157.000 67.000
-20.306 -10.272 107.674 152.000 172.000 74.000
-19.905 -11.473 107.672 72.000 92.000 37.000
-19.905 -11.072 107.670 122.000 144.000 64.000
-19.905 -10.672 107.668 151.000 171.000 78.000
-19.905 -10.272 107.667 160.000 181.000 80.000
-19.505 -11.072 107.663 177.000 191.000 120.000
-19.505 -10.672 107.661 177.000 195.000 101.000
-19.105 -11.072 107.656 154.000 166.000 108.000
-19.105 -10.672 107.654 172.000 190.000 99.000
-22.700 -11.070 108.120 90.000 98.000 63.000
-22.300 -11.471 108.115 91.000 106.000 51.000
-22.300 -11.070 108.113 141.000 156.000 87.000
-22.300 -10.670 108.111 158.000 173.000 101.000
-22.300 -10.270 108.109 168.000 180.000 116.000
-21.900 -11.471 108.108 108.000 127.000 56.000
-21.900 -11.070 108.106 137.000 157.000 71.000
-21.900 -10.670 108.104 157.000 175.000 89.000
-21.900 -10.270 108.102 170.000 187.000 102.000
-21.900 -9.869 108.101 116.000 126.000 71.000
-21.499 -11.471 108.101 110.000 122.000 67.000
-21.499 -11.070 108.099 151.000 169.000 84.000
-21.499 -10.670 108.097 173.000 190.000 101.000
-21.499 -10.270 108.095 174.000 191.000 100.000
-21.499 -9.869 108.093 158.000 176.000 89.000
-21.099 -11.471 108.094 74.000 81.000 49.000
-21.099 -11.070 108.092 145.000 162.000 83.000
-21.099 -10.670 108.090 166.000 184.000 94.000
-21.099 -10.270 108.088 168.000 187.000 90.000
-21.099 -9.869 108.086 153.000 173.000 79.000
-20.699 -11.471 108.087 89.000 101.000 55.000
-20.699 -11.070 108.085 134.000 152.000 76.000
-20.699 -10.670 108.083 144.000 164.000 74.000
-20.699 -10.270 108.081 149.000 171.000 70.000
-20.699 -9.869 108.079 153.000 174.000 70.000
-20.299 -11.471 108.079 95.000 115.000 51.000
-20.299 -11.070 108.078 114.000 136.000 60.000
-20.299 -10.670 108.076 142.000 162.000 74.000
-20.299 -10.270 108.074 153.000 174.000 77.000
-19.898 -11.471 108.072 81.000 103.000 40.000
-19.898 -11.070 108.071 113.000 135.000 59.000
-19.898 -10.670 108.069 149.000 169.000 79.000
-19.898 -10.270 108.067 162.000 182.000 86.000
-19.498 -11.070 108.063 137.000 154.000 82.000
-19.498 -10.670 108.062 172.000 190.000 97.000
-19.098 -11.070 108.056 98.000 109.000 62.000
-19.098 -10.670 108.054 170.000 187.000 103.000
-18.697 -10.670 108.047 114.000 123.000 76.000
-22.693 -11.068 108.521 107.000 117.000 71.000
-22.693 -10.668 108.519 80.000 86.000 58.000
-22.293 -11.469 108.515 102.000 118.000 58.000
-22.293 -11.069 108.513 143.000 159.000 87.000
-22.293 -10.668 108.512 165.000 179.000 108.000
-22.293 -10.268 108.510 170.000 181.000 121.000
-21.893 -11.469 108.508 100.000 118.000 52.000
-21.893 -11.069 108.506 141.000 158.000 77.000
-21.893 -10.668 108.504 161.000 176.000 97.000
-21.893 -10.268 108.503 184.000 197.000 121.000
-21.893 -9.867 108.501 81.000 85.000 56.000
-21.492 -11.469 108.501 103.000 115.000 58.000
-21.492 -11.069 108.499 159.000 178.000 87.000
-21.492 -10.668 108.497 171.000 187.000 101.000
-21.492 -10.268 108.496 171.000 188.000 102.000
-21.492 -9.868 108.494 161.000 177.000 94.000
-21.492 -9.467 108.492 114.000 125.000 72.000
-21.092 -11.469 108.494 93.000 102.000 56.000
-21.092 -11.069 108.492 156.000 175.000 82.000
-21.092 -10.668 108.490 163.000 182.000 87.000
-21.092 -10.268 108.488 160.000 179.000 85.000
-21.092 -9.868 108.487 153.000 171.000 83.000
-20.692 -11.469 108.487 117.000 135.000 64.000
-20.692 -11.069 108.485 133.000 154.000 67.000
-20.692 -10.668 108.483 134.000 158.000 59.000
-20.692 -10.268 108.481 149.000 171.000 67.000
-20.692 -9.868 108.479 152.000 172.000 79.000
-20.291 -11.469 108.480 89.000 111.000 44.000
-20.291 -11.069 108.478 112.000 135.000 54.000
-20.291 -10.668 108.476 139.000 161.000 65.000
-20.291 -10.268 108.474 155.000 176.000 73.000
-19.891 -11.469 108.473 79.000 102.000 38.000
-19.891 -11.069 108.471 109.000 132.000 53.000
-19.891 -10.668 108.469 149.000 170.000 76.000
-19.891 -10.268 108.467 162.000 182.000 82.000
-19.491 -11.469 108.466 86.000 101.000 51.000
-19.491 -11.069 108.464 158.000 177.000 92.000
-19.491 -10.668 108.462 167.000 186.000 90.000
-19.491 -10.268 108.460 166.000 186.000 83.000
-19.091 -11.069 108.457 136.000 150.000 88.000
-19.091 -10.668 108.455 164.000 182.000 94.000
-18.690 -10.668 108.448 79.000 86.000 50.000
-22.686 -11.467 108.923 79.000 88.000 51.000
-22.686 -11.067 108.921 129.000 140.000 87.000
-22.686 -10.666 108.919 106.000 113.000 78.000
-22.286 -11.467 108.916 124.000 139.000 74.000
-22.286 -11.067 108.914 148.000 163.000 93.000
-22.286 -10.666 108.912 171.000 185.000 114.000
-22.286 -10.266 108.910 186.000 197.000 133.000
-21.885 -11.467 108.908 132.000 150.000 70.000
-21.885 -11.067 108.907 150.000 166.000 83.000
-21.885 -10.666 108.905 171.000 186.000 107.000
-21.886 -10.266 108.903 184.000 198.000 123.000
-21.886 -9.866 108.901 108.000 115.000 75.000
-21.485 -11.467 108.901 144.000 161.000 78.000
-21.485 -11.067 108.900 159.000 178.000 86.000
-21.485 -10.666 108.898 170.000 187.000 100.000
-21.485 -10.266 108.896 171.000 187.000 101.000
-21.485 -9.866 108.894 161.000 177.000 97.000
-21.085 -11.467 108.894 145.000 162.000 81.000
-21.085 -11.067 108.892 157.000 178.000 82.000
-21.085 -10.666 108.891 160.000 179.000 85.000
-21.085 -10.266 108.889 160.000 179.000 87.000
-21.085 -9.866 108.887 156.000 173.000 87.000
-20.685 -11.467 108.887 131.000 150.000 70.000
-20.685 -11.067 108.885 141.000 161.000 72.000
-20.685 -10.666 108.883 145.000 166.000 69.000
-20.685 -10.266 108.882 152.000 173.000 74.000
-20.685 -9.866 108.880 157.000 175.000 86.000
-20.284 -11.467 108.880 104.000 126.000 52.000
-20.284 -11.067 108.878 124.000 146.000 59.000
-20.284 -10.666 108.876 144.000 166.000 68.000
-20.284 -10.266 108.874 157.000 177.000 76.000
-20.284 -9.866 108.873 162.000 181.000 89.000
-19.884 -11.467 108.873 87.000 110.000 41.000
-19.884 -11.067 108.871 107.000 131.000 50.000
-19.884 -10.666 108.869 151.000 171.000 74.000
-19.884 -10.266 108.867 163.000 183.000 83.000
-19.484 -11.467 108.866 86.000 103.000 48.000
-19.484 -11.067 108.864 142.000 162.000 79.000
-19.484 -10.666 108.862 166.000 185.000 91.000
-19.484 -10.266 108.860 166.000 186.000 85.000
-19.083 -11.067 108.857 73.000 84.000 43.000
-19.083 -10.666 108.855 145.000 163.000 81.000
-22.679 -11.465 109.323 110.000 121.000 70.000
-22.679 -11.065 109.321 141.000 153.000 99.000
-22.679 -10.664 109.319 109.000 115.000 82.000
-22.279 -11.465 109.316 140.000 156.000 82.000
-22.279 -11.065 109.314 150.000 164.000 94.000
-22.279 -10.664 109.312 173.000 186.000 117.000
-22.279 -10.264 109.310 188.000 199.000 140.000
-21.878 -11.465 109.309 147.000 165.000 75.000
-21.878 -11.065 109.307 152.000 170.000 83.000
-21.878 -10.664 109.305 176.000 192.000 110.000
-21.878 -10.264 109.303 177.000 191.000 116.000
-21.878 -9.864 109.301 118.000 126.000 81.000
-21.478 -11.465 109.302 150.000 169.000 76.000
-21.478 -11.065 109.300 152.000 172.000 75.000
-21.478 -10.665 109.298 167.000 185.000 92.000
-21.478 -10.264 109.296 170.000 186.000 100.000
-21.478 -9.864 109.294 156.000 170.000 94.000
-21.078 -11.465 109.295 149.000 169.000 77.000
-21.078 -11.065 109.293 150.000 172.000 76.000
-21.078 -10.665 109.291 159.000 179.000 83.000
-21.078 -10.264 109.289 162.000 181.000 87.000
-21.078 -9.864 109.287 158.000 176.000 90.000
-21.078 -9.463 109.285 143.000 156.000 90.000
-20.677 -11.465 109.287 138.000 159.000 74.000
-20.678 -11.065 109.286 150.000 170.000 80.000
-20.678 -10.665 109.284 152.000 172.000 79.000
-20.678 -10.264 109.282 157.000 176.000 81.000
-20.678 -9.864 109.280 161.000 180.000 86.000
-20.277 -11.465 109.280 119.000 142.000 60.000
-20.277 -11.065 109.278 135.000 158.000 66.000
-20.277 -10.665 109.277 150.000 171.000 73.000
-20.277 -10.264 109.275 160.000 180.000 81.000
-20.277 -9.864 109.273 169.000 187.000 96.000
-19.877 -11.065 109.271 118.000 143.000 55.000
-19.877 -10.665 109.270 152.000 174.000 73.000
-19.877 -10.264 109.268 163.000 183.000 82.000
-19.477 -11.065 109.264 102.000 118.000 55.000
-19.477 -10.665 109.262 168.000 186.000 96.000
-19.477 -10.264 109.261 170.000 189.000 94.000
-19.076 -10.665 109.255 108.000 119.000 65.000
-19.076 -10.264 109.253 162.000 180.000 90.000
-22.672 -11.463 109.723 120.000 133.000 75.000
-22.672 -11.063 109.721 117.000 128.000 78.000
-22.272 -11.063 109.714 141.000 157.000 83.000
-22.272 -10.663 109.712 168.000 181.000 114.000
-22.272 -10.262 109.711 150.000 157.000 115.000
-21.871 -11.063 109.707 147.000 166.000 73.000
-21.871 -10.663 109.705 169.000 185.000 101.000
-21.871 -10.262 109.703 177.000 190.000 115.000
-21.871 -9.862 109.702 149.000 159.000 101.000
-21.471 -11.063 109.700 145.000 167.000 65.000
-21.471 -10.663 109.698 165.000 183.000 88.000
-21.471 -10.262 109.696 170.000 186.000 101.000
-21.471 -9.862 109.695 152.000 166.000 94.000
-21.071 -11.063 109.693 135.000 160.000 59.000
-21.071 -10.663 109.691 158.000 179.000 79.000
-21.071 -10.262 109.689 164.000 182.000 86.000
-21.071 -9.862 109.687 155.000 172.000 85.000
-21.071 -9.462 109.686 138.000 153.000 83.000
-20.670 -11.063 109.686 142.000 165.000 68.000
-20.670 -10.663 109.684 140.000 163.000 64.000
-20.670 -10.262 109.682 156.000 177.000 73.000
-20.670 -9.862 109.680 171.000 189.000 86.000
-20.270 -11.063 109.679 122.000 146.000 56.000
-20.270 -10.663 109.677 150.000 172.000 72.000
-20.270 -10.262 109.675 163.000 184.000 79.000
-20.270 -9.862 109.673 170.000 189.000 84.000
-19.870 -11.063 109.672 123.000 147.000 59.000
-19.870 -10.663 109.670 160.000 180.000 81.000
-19.870 -10.262 109.668 169.000 189.000 86.000
-19.870 -9.862 109.666 163.000 182.000 80.000
-19.470 -11.063 109.665 83.000 96.000 47.000
-19.470 -10.663 109.663 163.000 182.000 91.000
-19.470 -10.262 109.661 167.000 186.000 88.000
-19.069 -10.663 109.656 95.000 105.000 57.000
-19.069 -10.262 109.654 158.000 175.000 89.000
-22.264 -11.061 110.115 129.000 146.000 71.000
-22.264 -10.661 110.113 167.000 180.000 110.000
-22.264 -10.260 110.111 138.000 145.000 104.000
-21.864 -11.061 110.107 141.000 161.000 67.000
-21.864 -10.661 110.106 168.000 184.000 100.000
-21.864 -10.260 110.104 176.000 190.000 116.000
-21.864 -9.860 110.102 149.000 160.000 102.000
-21.464 -11.061 110.100 140.000 163.000 60.000
-21.464 -10.661 110.099 159.000 178.000 84.000
-21.464 -10.260 110.097 164.000 181.000 96.000
-21.464 -9.860 110.095 151.000 167.000 91.000
-21.064 -11.061 110.093 139.000 163.000 59.000
-21.064 -10.661 110.091 153.000 173.000 75.000
-21.064 -10.260 110.090 159.000 178.000 85.000
-21.064 -9.860 110.088 158.000 175.000 89.000
-21.064 -9.460 110.086 145.000 160.000 87.000
-20.663 -11.061 110.086 144.000 167.000 66.000
-20.663 -10.661 110.084 152.000 173.000 74.000
-20.663 -10.260 110.082 163.000 182.000 83.000
-20.663 -9.860 110.081 174.000 191.000 94.000
-20.663 -9.460 110.079 184.000 201.000 111.000
-20.263 -11.061 110.079 128.000 152.000 58.000
-20.263 -10.661 110.077 154.000 175.000 75.000
-20.263 -10.261 110.075 165.000 184.000 83.000
-20.263 -9.860 110.073 170.000 188.000 89.000
-19.863 -11.061 110.072 119.000 143.000 57.000
-19.863 -10.661 110.070 154.000 175.000 77.000
-19.863 -10.261 110.068 168.000 187.000 87.000
-19.863 -9.860 110.066 165.000 184.000 88.000
-19.462 -11.061 110.065 74.000 89.000 39.000
-19.462 -10.661 110.063 162.000 181.000 91.000
-19.462 -10.261 110.061 168.000 187.000 93.000
-19.062 -10.661 110.056 75.000 83.000 48.000
-19.062 -10.261 110.054 156.000 173.000 94.000
-22.257 -11.059 110.515 121.000 137.000 67.000
-22.257 -10.659 110.513 147.000 160.000 93.000
-22.257 -10.259 110.511 127.000 135.000 93.000
-21.857 -11.059 110.508 139.000 158.000 70.000
-21.857 -10.659 110.506 169.000 184.000 104.000
-21.857 -10.259 110.504 177.000 191.000 122.000
-21.857 -9.858 110.502 150.000 160.000 108.000
-21.457 -10.659 110.499 162.000 179.000 91.000
-21.457 -10.259 110.497 166.000 183.000 102.000
-21.457 -9.858 110.495 161.000 176.000 104.000
-21.056 -10.659 110.492 161.000 179.000 87.000
-21.056 -10.259 110.490 166.000 184.000 97.000
-21.057 -9.858 110.488 164.000 181.000 99.000
-21.057 -9.458 110.486 137.000 149.000 89.000
-20.656 -10.659 110.485 167.000 184.000 90.000
-20.656 -10.259 110.483 173.000 190.000 98.000
-20.656 -9.858 110.481 178.000 194.000 105.000
-20.656 -9.458 110.479 189.000 205.000 122.000
-20.256 -10.659 110.477 163.000 182.000 88.000
-20.256 -10.259 110.476 174.000 191.000 97.000
-20.256 -9.858 110.474 178.000 194.000 105.000
-19.856 -10.659 110.470 158.000 178.000 84.000
-19.856 -10.259 110.469 172.000 190.000 96.000
-19.856 -9.858 110.467 174.000 190.000 101.000
-19.455 -10.659 110.463 155.000 174.000 90.000
-19.455 -10.259 110.461 172.000 188.000 104.000
-19.055 -10.259 110.454 151.000 162.000 104.000
-22.250 -10.657 110.913 111.000 123.000 69.000
-21.850 -10.657 110.906 167.000 182.000 106.000
-21.850 -10.257 110.904 174.000 187.000 121.000
-21.850 -9.856 110.902 95.000 102.000 69.000
-21.450 -10.657 110.899 173.000 189.000 108.000
-21.450 -10.257 110.897 173.000 189.000 112.000
-21.450 -9.856 110.895 162.000 176.000 110.000
-21.049 -10.657 110.892 177.000 193.000 108.000
-21.049 -10.257 110.890 179.000 195.000 114.000
-21.049 -9.856 110.888 169.000 184.000 111.000
-21.049 -9.456 110.886 147.000 156.000 107.000
-20.649 -10.657 110.885 179.000 196.000 106.000
-20.649 -10.257 110.883 177.000 194.000 105.000
-20.649 -9.856 110.881 183.000 198.000 120.000
-20.649 -9.456 110.879 186.000 199.000 132.000
-20.249 -10.657 110.878 165.000 183.000 96.000
-20.249 -10.257 110.876 174.000 192.000 101.000
-20.249 -9.856 110.874 186.000 202.000 117.000
-19.849 -10.657 110.871 153.000 172.000 91.000
-19.849 -10.257 110.869 172.000 190.000 102.000
-19.849 -9.856 110.867 182.000 198.000 109.000
-19.448 -10.657 110.864 141.000 160.000 84.000
-19.448 -10.257 110.862 163.000 180.000 103.000
-19.448 -9.857 110.860 182.000 196.000 125.000
-19.048 -10.257 110.855 120.000 130.000 84.000
-21.843 -10.655 111.306 150.000 163.000 97.000
-21.843 -10.255 111.305 93.000 99.000 67.000
-21.443 -10.655 111.299 160.000 176.000 96.000
-21.443 -10.255 111.298 172.000 185.000 115.000
-21.443 -9.855 111.296 120.000 128.000 90.000
-21.042 -10.655 111.292 167.000 183.000 96.000
-21.042 -10.255 111.290 179.000 194.000 112.000
-21.042 -9.855 111.289 194.000 207.000 138.000
-21.042 -9.454 111.287 136.000 143.000 104.000
-20.642 -10.655 111.285 178.000 193.000 109.000
-20.642 -10.255 111.283 184.000 199.000 115.000
-20.642 -9.855 111.281 190.000 204.000 129.000
-20.642 -9.454 111.280 180.000 193.000 125.000
-20.242 -10.255 111.276 188.000 204.000 123.000
-20.242 -9.855 111.274 187.000 202.000 121.000
-20.242 -9.454 111.273 180.000 193.000 123.000
-19.841 -10.255 111.269 188.000 203.000 130.000
-19.841 -9.855 111.267 186.000 200.000 122.000
-19.441 -10.255 111.262 178.000 192.000 128.000
-19.441 -9.855 111.260 188.000 199.000 146.000
-19.041 -10.255 111.255 111.000 117.000 86.000
-21.435 -10.253 111.698 102.000 112.000 63.000
-21.035 -10.253 111.691 168.000 183.000 107.000
-21.035 -9.853 111.689 182.000 193.000 133.000
-21.035 -9.452 111.687 99.000 105.000 75.000
-20.635 -10.253 111.684 190.000 203.000 128.000
-20.635 -9.853 111.682 195.000 208.000 140.000
-20.635 -9.452 111.680 164.000 176.000 114.000
-20.235 -10.253 111.676 188.000 202.000 130.000
-20.235 -9.853 111.675 194.000 207.000 141.000
-20.235 -9.452 111.673 178.000 190.000 128.000
-19.834 -10.253 111.669 183.000 198.000 131.000
-19.834 -9.853 111.668 193.000 205.000 146.000
-19.434 -10.253 111.662 127.000 136.000 94.000
-19.434 -9.853 111.660 139.000 147.000 107.000
-21.028 -10.251 112.091 118.000 130.000 74.000
-21.028 -9.851 112.089 172.000 185.000 121.000
-20.628 -10.251 112.084 193.000 205.000 139.000
-20.628 -9.851 112.082 204.000 215.000 155.000
-20.628 -9.451 112.080 120.000 127.000 90.000
-20.227 -10.251 112.077 201.000 213.000 154.000
-20.228 -9.851 112.075 205.000 215.000 163.000
-19.827 -10.251 112.070 183.000 196.000 140.000
-19.827 -9.851 112.068 160.000 167.000 131.000
-21.021 -10.249 112.491 95.000 103.000 62.000
-21.021 -9.849 112.489 173.000 184.000 128.000
-20.621 -9.849 112.482 196.000 207.000 149.000
-20.220 -9.849 112.475 192.000 200.000 158.000
-21.085 -11.867 108.896 93.000 104.000 54.000
-20.685 -11.867 108.889 109.000 126.000 63.000
-20.284 -11.867 108.882 86.000 106.000 47.000
-22.279 -11.866 109.318 114.000 128.000 65.000
-21.878 -11.866 109.311 144.000 162.000 74.000
-21.478 -11.866 109.303 149.000 168.000 79.000
-21.078 -11.866 109.296 149.000 168.000 83.000
-19.877 -11.465 109.273 107.000 131.000 53.000
-22.272 -11.463 109.716 137.000 155.000 76.000
-21.871 -11.463 109.709 142.000 163.000 69.000
-21.471 -11.463 109.702 134.000 156.000 62.000
-21.071 -11.463 109.695 120.000 144.000 54.000
-20.670 -11.463 109.688 122.000 146.000 56.000
-20.270 -11.463 109.681 111.000 136.000 51.000
-19.870 -11.463 109.673 87.000 112.000 40.000
-22.665 -11.461 110.124 120.000 134.000 71.000
-22.264 -11.461 110.116 131.000 150.000 67.000
-21.864 -11.461 110.109 130.000 153.000 57.000
-21.464 -11.462 110.102 136.000 161.000 58.000
-21.064 -11.462 110.095 134.000 159.000 56.000
-20.663 -11.462 110.088 139.000 162.000 63.000
-20.263 -11.462 110.081 130.000 154.000 61.000
-19.863 -11.462 110.074 102.000 125.000 50.000
-21.457 -11.059 110.501 144.000 164.000 69.000
-21.056 -11.059 110.494 149.000 169.000 71.000
-20.656 -11.059 110.486 160.000 180.000 80.000
-20.256 -11.059 110.479 150.000 171.000 78.000
-19.856 -11.059 110.472 130.000 152.000 68.000
-19.455 -11.059 110.465 78.000 94.000 40.000
-22.250 -11.057 110.915 125.000 143.000 69.000
-21.850 -11.057 110.908 143.000 160.000 76.000
-21.450 -11.057 110.901 148.000 165.000 83.000
-21.049 -11.057 110.894 163.000 178.000 95.000
-20.649 -11.057 110.887 190.000 204.000 121.000
-20.249 -11.058 110.880 169.000 184.000 106.000
-19.848 -11.058 110.873 143.000 160.000 90.000
-19.448 -11.058 110.865 78.000 92.000 44.000
-22.243 -11.056 111.315 126.000 142.000 72.000
-21.843 -11.056 111.308 139.000 156.000 71.000
-21.443 -11.056 111.301 153.000 171.000 78.000
-21.042 -11.056 111.294 157.000 174.000 81.000
-20.642 -11.056 111.287 169.000 184.000 102.000
-20.242 -11.056 111.280 169.000 182.000 114.000
-20.242 -10.655 111.278 179.000 194.000 117.000
-19.841 -10.655 111.271 175.000 190.000 119.000
-19.441 -10.655 111.264 148.000 163.000 98.000
-21.836 -10.653 111.707 127.000 139.000 79.000
-21.435 -10.653 111.700 136.000 152.000 76.000
-21.035 -10.653 111.693 154.000 171.000 88.000
-20.635 -10.653 111.685 174.000 188.000 110.000
-20.235 -10.653 111.678 178.000 193.000 121.000
-19.834 -10.653 111.671 170.000 185.000 117.000
-19.434 -10.654 111.664 77.000 89.000 46.000
-21.829 -10.652 112.107 116.000 127.000 70.000
-21.028 -10.652 112.093 95.000 109.000 48.000
-20.628 -10.652 112.086 176.000 190.000 114.000
-20.227 -10.652 112.079 176.000 191.000 120.000
-19.827 -10.652 112.072 162.000 178.000 113.000
-21.822 -10.650 112.507 97.000 106.000 62.000
-21.421 -10.650 112.500 79.000 89.000 42.000
-21.021 -10.650 112.493 95.000 107.000 52.000
-20.621 -10.650 112.486 154.000 169.000 97.000
-20.621 -10.249 112.484 170.000 182.000 122.000
-20.220 -10.650 112.479 154.000 167.000 104.000
-20.220 -10.249 112.477 183.000 193.000 142.000
-19.820 -10.650 112.472 119.000 130.000 85.000
-19.820 -10.249 112.470 111.000 118.000 87.000
