15.346 -12.158 182.706 118.000 119.000 65.000
15.346 -11.728 182.709 106.000 111.000 45.000
15.346 -11.298 182.713 117.000 122.000 53.000
15.346 -10.868 182.716 88.000 88.000 50.000
14.886 -11.732 183.107 114.000 120.000 41.000
14.886 -11.302 183.110 130.000 135.000 55.000
15.315 -13.021 183.128 108.000 108.000 48.000
15.315 -12.591 183.131 146.000 147.000 74.000
15.315 -12.162 183.135 135.000 139.000 63.000
15.315 -11.732 183.138 99.000 105.000 35.000
15.315 -11.302 183.141 112.000 113.000 60.000
15.315 -10.872 183.145 104.000 104.000 69.000
15.744 -12.592 183.162 135.000 134.000 81.000
15.744 -12.162 183.166 140.000 140.000 75.000
15.744 -11.732 183.169 103.000 108.000 45.000
16.173 -12.162 183.197 90.000 89.000 54.000
14.855 -12.165 183.532 132.000 138.000 44.000
14.855 -11.735 183.536 143.000 149.000 53.000
14.855 -11.305 183.539 110.000 111.000 56.000
15.284 -13.025 183.557 126.000 127.000 46.000
15.284 -12.595 183.560 134.000 136.000 52.000
15.284 -12.165 183.563 119.000 123.000 41.000
15.713 -13.455 183.584 95.000 96.000 39.000
15.713 -13.025 183.588 150.000 146.000 72.000
15.713 -12.595 183.591 134.000 136.000 61.000
15.713 -12.165 183.594 116.000 118.000 48.000
15.713 -11.735 183.598 83.000 84.000 35.000
16.142 -13.455 183.615 108.000 107.000 61.000
16.142 -13.025 183.619 165.000 164.000 94.000
16.142 -12.595 183.622 150.000 150.000 82.000
16.142 -12.165 183.626 131.000 132.000 68.000
16.571 -13.025 183.650 109.000 108.000 65.000
16.571 -12.595 183.653 123.000 123.000 68.000
16.570 -12.165 183.657 106.000 108.000 58.000
14.395 -11.308 183.937 91.000 92.000 61.000
14.824 -12.598 183.958 135.000 137.000 43.000
14.824 -12.168 183.961 158.000 161.000 58.000
14.824 -11.738 183.965 184.000 185.000 83.000
14.824 -11.308 183.968 134.000 135.000 77.000
15.253 -13.458 183.982 115.000 116.000 34.000
15.253 -13.028 183.985 125.000 127.000 42.000
15.253 -12.598 183.989 121.000 125.000 39.000
15.253 -12.168 183.992 123.000 127.000 42.000
15.253 -11.738 183.996 148.000 150.000 68.000
15.682 -13.888 184.010 133.000 130.000 50.000
15.682 -13.458 184.013 140.000 139.000 53.000
15.682 -13.028 184.017 138.000 138.000 52.000
15.682 -12.598 184.020 120.000 123.000 43.000
15.682 -12.168 184.023 118.000 122.000 44.000
16.111 -13.888 184.041 138.000 137.000 62.000
16.111 -13.458 184.044 160.000 159.000 77.000
16.111 -13.028 184.048 146.000 148.000 65.000
16.111 -12.598 184.051 130.000 135.000 55.000
16.111 -12.169 184.054 119.000 123.000 51.000
16.540 -13.458 184.075 175.000 173.000 95.000
16.540 -13.029 184.079 160.000 160.000 80.000
16.539 -12.599 184.082 158.000 160.000 83.000
16.539 -12.169 184.085 119.000 122.000 55.000
16.969 -13.459 184.106 148.000 145.000 90.000
16.968 -13.029 184.110 161.000 160.000 88.000
16.968 -12.599 184.113 144.000 146.000 73.000
16.968 -12.169 184.116 80.000 83.000 37.000
14.364 -12.171 184.359 186.000 183.000 92.000
14.364 -11.742 184.362 197.000 194.000 116.000
14.793 -13.031 184.383 137.000 137.000 45.000
14.793 -12.602 184.387 161.000 159.000 61.000
14.793 -12.172 184.390 190.000 189.000 88.000
14.793 -11.742 184.393 204.000 203.000 109.000
15.222 -13.461 184.411 113.000 118.000 35.000
15.222 -13.032 184.414 124.000 126.000 40.000
15.222 -12.602 184.418 165.000 163.000 69.000
15.222 -12.172 184.421 196.000 195.000 99.000
15.222 -11.742 184.424 197.000 199.000 101.000
15.651 -14.321 184.435 99.000 97.000 44.000
15.651 -13.891 184.439 139.000 138.000 56.000
15.651 -13.462 184.442 142.000 142.000 54.000
15.651 -13.032 184.445 139.000 141.000 51.000
15.651 -12.602 184.449 155.000 156.000 64.000
15.651 -12.172 184.452 191.000 189.000 105.000
15.651 -11.742 184.455 198.000 197.000 116.000
15.650 -11.312 184.459 90.000 91.000 60.000
16.080 -13.892 184.470 151.000 149.000 64.000
16.080 -13.462 184.473 155.000 156.000 66.000
16.080 -13.032 184.476 147.000 149.000 60.000
16.080 -12.602 184.480 144.000 147.000 60.000
16.079 -12.172 184.483 167.000 166.000 85.000
16.079 -11.742 184.486 143.000 143.000 98.000
16.509 -13.892 184.501 153.000 153.000 67.000
16.509 -13.462 184.504 173.000 172.000 85.000
16.509 -13.032 184.507 154.000 156.000 70.000
16.508 -12.602 184.511 138.000 143.000 60.000
16.508 -12.172 184.514 118.000 123.000 48.000
16.938 -13.892 184.532 149.000 152.000 69.000
16.937 -13.462 184.535 174.000 174.000 88.000
16.937 -13.032 184.538 174.000 175.000 91.000
16.937 -12.602 184.542 146.000 149.000 69.000
16.937 -12.172 184.545 94.000 99.000 39.000
17.366 -13.462 184.566 138.000 138.000 78.000
17.366 -13.032 184.570 142.000 143.000 76.000
17.366 -12.602 184.573 108.000 113.000 51.000
14.333 -12.605 184.784 185.000 181.000 91.000
14.333 -12.175 184.788 195.000 192.000 108.000
14.333 -11.745 184.791 201.000 198.000 122.000
14.762 -13.465 184.809 148.000 143.000 62.000
14.762 -13.035 184.812 161.000 155.000 70.000
14.762 -12.605 184.815 180.000 177.000 80.000
14.762 -12.175 184.819 198.000 196.000 102.000
14.762 -11.745 184.822 199.000 199.000 108.000
15.191 -13.895 184.836 134.000 135.000 53.000
15.191 -13.465 184.840 128.000 132.000 45.000
15.191 -13.035 184.843 153.000 150.000 62.000
15.191 -12.605 184.846 178.000 176.000 79.000
15.191 -12.175 184.850 202.000 201.000 106.000
15.191 -11.745 184.853 202.000 202.000 110.000
15.620 -14.325 184.864 84.000 86.000 31.000
15.620 -13.895 184.867 125.000 130.000 44.000
15.620 -13.465 184.871 130.000 137.000 42.000
15.620 -13.035 184.874 147.000 149.000 56.000
15.620 -12.605 184.877 179.000 177.000 85.000
15.620 -12.175 184.881 200.000 200.000 105.000
15.620 -11.745 184.884 209.000 208.000 120.000
16.049 -14.325 184.895 94.000 94.000 42.000
16.049 -13.895 184.898 152.000 151.000 60.000
16.049 -13.465 184.902 157.000 158.000 63.000
16.049 -13.035 184.905 150.000 154.000 58.000
16.049 -12.605 184.909 165.000 167.000 75.000
16.048 -12.175 184.912 193.000 192.000 104.000
16.048 -11.745 184.915 170.000 170.000 105.000
16.478 -14.325 184.926 135.000 134.000 66.000
16.478 -13.895 184.929 170.000 169.000 75.000
16.478 -13.465 184.933 180.000 179.000 85.000
16.477 -13.035 184.936 151.000 155.000 62.000
16.477 -12.605 184.940 120.000 124.000 45.000
16.477 -12.175 184.943 143.000 142.000 74.000
16.907 -14.325 184.957 136.000 137.000 60.000
16.907 -13.895 184.960 161.000 161.000 69.000
16.906 -13.465 184.964 185.000 183.000 96.000
16.906 -13.035 184.967 143.000 146.000 61.000
16.906 -12.176 184.974 78.000 81.000 32.000
16.906 -11.746 184.977 115.000 115.000 76.000
17.335 -13.895 184.992 160.000 161.000 78.000
17.335 -13.465 184.995 125.000 125.000 65.000
17.335 -13.036 184.998 149.000 151.000 74.000
17.335 -12.606 185.002 109.000 112.000 49.000
17.335 -12.176 185.005 107.000 108.000 55.000
17.764 -13.466 185.026 84.000 84.000 50.000
17.764 -13.036 185.029 117.000 119.000 62.000
17.764 -12.606 185.033 111.000 114.000 60.000
13.873 -12.178 185.185 194.000 190.000 121.000
13.873 -11.748 185.189 205.000 200.000 149.000
14.302 -13.038 185.210 171.000 165.000 88.000
14.302 -12.608 185.213 181.000 179.000 90.000
14.302 -12.178 185.216 197.000 195.000 113.000
14.302 -11.748 185.220 205.000 203.000 131.000
14.731 -13.468 185.237 146.000 144.000 64.000
14.731 -13.038 185.241 158.000 154.000 69.000
14.731 -12.608 185.244 177.000 176.000 80.000
14.731 -12.178 185.248 195.000 194.000 101.000
14.731 -11.748 185.251 197.000 197.000 107.000
15.160 -14.328 185.262 110.000 112.000 46.000
15.160 -13.898 185.265 143.000 144.000 62.000
15.160 -13.468 185.268 138.000 140.000 54.000
15.160 -13.038 185.272 150.000 151.000 59.000
15.160 -12.608 185.275 177.000 176.000 79.000
15.160 -12.178 185.279 202.000 202.000 108.000
15.160 -11.749 185.282 206.000 207.000 115.000
15.589 -14.328 185.293 114.000 118.000 42.000
15.589 -13.898 185.296 128.000 132.000 44.000
15.589 -13.468 185.299 133.000 139.000 45.000
15.589 -13.038 185.303 150.000 154.000 58.000
15.589 -12.608 185.306 181.000 181.000 86.000
15.589 -12.179 185.310 201.000 201.000 108.000
15.588 -11.749 185.313 207.000 207.000 118.000
16.018 -13.898 185.327 153.000 153.000 59.000
16.018 -13.468 185.331 140.000 144.000 49.000
16.018 -13.039 185.334 153.000 156.000 61.000
16.018 -12.609 185.337 187.000 187.000 95.000
16.017 -12.179 185.341 202.000 201.000 113.000
16.017 -11.749 185.344 172.000 172.000 97.000
16.447 -14.328 185.355 167.000 166.000 81.000
16.447 -13.898 185.358 177.000 177.000 80.000
16.447 -13.469 185.362 155.000 156.000 62.000
16.446 -13.039 185.365 155.000 158.000 67.000
16.446 -12.609 185.368 155.000 157.000 77.000
16.446 -12.179 185.372 153.000 152.000 88.000
16.876 -14.328 185.386 158.000 159.000 69.000
16.875 -13.899 185.389 186.000 185.000 90.000
16.875 -13.469 185.393 162.000 163.000 70.000
16.875 -13.039 185.396 90.000 94.000 37.000
17.304 -14.329 185.417 139.000 142.000 57.000
17.304 -13.899 185.420 179.000 180.000 88.000
17.304 -13.469 185.424 160.000 158.000 88.000
17.304 -13.039 185.427 85.000 87.000 40.000
17.304 -12.609 185.430 87.000 91.000 44.000
17.733 -14.329 185.448 101.000 106.000 49.000
17.733 -13.899 185.451 89.000 91.000 46.000
17.733 -13.039 185.458 142.000 143.000 79.000
17.733 -12.609 185.462 151.000 153.000 92.000
17.733 -12.179 185.465 100.000 101.000 62.000
18.162 -13.039 185.489 129.000 132.000 72.000
18.162 -12.609 185.493 144.000 145.000 91.000
13.842 -12.611 185.611 191.000 189.000 108.000
13.842 -12.181 185.614 189.000 186.000 116.000
13.842 -11.752 185.618 191.000 187.000 129.000
14.271 -13.041 185.639 159.000 159.000 77.000
14.271 -12.612 185.642 181.000 179.000 92.000
14.271 -12.182 185.645 199.000 197.000 115.000
14.271 -11.752 185.649 200.000 198.000 124.000
14.700 -13.901 185.663 116.000 116.000 51.000
14.700 -13.471 185.666 136.000 139.000 54.000
14.700 -13.042 185.670 145.000 149.000 54.000
14.700 -12.612 185.673 169.000 169.000 74.000
14.700 -12.182 185.676 193.000 194.000 101.000
14.700 -11.752 185.680 197.000 198.000 108.000
15.129 -14.331 185.690 107.000 109.000 43.000
15.129 -13.901 185.694 139.000 141.000 57.000
15.129 -13.472 185.697 134.000 137.000 48.000
15.129 -13.042 185.701 139.000 145.000 49.000
15.129 -12.612 185.704 179.000 179.000 85.000
15.129 -12.182 185.707 202.000 202.000 109.000
15.129 -11.752 185.711 204.000 205.000 115.000
15.558 -14.332 185.722 118.000 122.000 44.000
15.558 -13.902 185.725 138.000 141.000 51.000
15.558 -13.472 185.728 134.000 140.000 46.000
15.558 -13.042 185.732 154.000 157.000 62.000
15.558 -12.612 185.735 180.000 182.000 85.000
15.558 -12.182 185.738 201.000 201.000 109.000
15.557 -11.752 185.742 203.000 203.000 118.000
15.987 -14.332 185.753 145.000 148.000 52.000
15.987 -13.902 185.756 143.000 144.000 50.000
15.987 -13.472 185.759 138.000 143.000 47.000
15.987 -13.042 185.763 165.000 166.000 71.000
15.986 -12.612 185.766 191.000 191.000 98.000
15.986 -12.182 185.769 201.000 201.000 114.000
15.986 -11.752 185.773 144.000 145.000 99.000
16.416 -14.332 185.784 160.000 161.000 70.000
16.416 -13.902 185.787 159.000 161.000 62.000
16.416 -13.472 185.790 142.000 147.000 52.000
16.415 -13.042 185.794 152.000 154.000 64.000
16.415 -12.612 185.797 186.000 185.000 102.000
16.415 -12.182 185.801 155.000 154.000 91.000
16.845 -14.762 185.811 153.000 154.000 71.000
16.845 -14.332 185.815 172.000 173.000 77.000
16.844 -13.902 185.818 185.000 185.000 89.000
16.844 -13.472 185.821 149.000 152.000 59.000
16.844 -13.042 185.825 127.000 130.000 56.000
17.273 -14.762 185.842 135.000 140.000 60.000
17.273 -14.332 185.846 149.000 153.000 62.000
17.273 -13.902 185.849 187.000 188.000 92.000
17.702 -14.762 185.873 84.000 93.000 35.000
17.702 -14.332 185.877 130.000 136.000 55.000
17.702 -13.902 185.880 110.000 112.000 56.000
17.702 -13.042 185.887 93.000 96.000 41.000
17.702 -12.612 185.890 99.000 105.000 48.000
18.131 -13.043 185.918 124.000 128.000 63.000
18.130 -12.613 185.921 120.000 124.000 63.000
18.560 -13.473 185.946 87.000 89.000 46.000
18.559 -13.043 185.949 119.000 122.000 62.000
18.559 -12.613 185.952 113.000 115.000 62.000
13.811 -12.615 186.040 171.000 171.000 98.000
13.811 -12.185 186.043 183.000 182.000 109.000
13.811 -11.755 186.046 144.000 145.000 81.000
14.240 -13.045 186.067 113.000 115.000 57.000
14.240 -12.615 186.071 181.000 182.000 94.000
14.240 -12.185 186.074 192.000 192.000 109.000
14.240 -11.755 186.077 191.000 191.000 115.000
14.669 -13.475 186.095 133.000 139.000 51.000
14.669 -13.045 186.098 148.000 150.000 61.000
14.669 -12.615 186.102 175.000 176.000 84.000
14.669 -12.185 186.105 192.000 194.000 102.000
14.669 -11.755 186.108 195.000 198.000 109.000
14.669 -11.325 186.112 156.000 154.000 116.000
15.098 -13.905 186.123 114.000 119.000 42.000
15.098 -13.475 186.126 130.000 137.000 46.000
15.098 -13.045 186.129 141.000 148.000 50.000
15.098 -12.615 186.133 175.000 177.000 82.000
15.098 -12.185 186.136 199.000 200.000 107.000
15.098 -11.755 186.140 206.000 207.000 121.000
15.527 -14.335 186.150 99.000 103.000 34.000
15.527 -13.905 186.154 119.000 123.000 41.000
15.527 -13.475 186.157 124.000 130.000 41.000
15.527 -13.045 186.160 151.000 155.000 58.000
15.527 -12.615 186.164 181.000 183.000 85.000
15.526 -12.185 186.167 203.000 204.000 111.000
15.526 -11.755 186.171 208.000 208.000 127.000
15.956 -14.335 186.181 128.000 133.000 42.000
15.956 -13.905 186.185 124.000 129.000 39.000
15.956 -13.475 186.188 142.000 147.000 49.000
15.956 -13.045 186.191 170.000 172.000 74.000
15.955 -12.615 186.195 190.000 191.000 92.000
15.955 -12.185 186.198 201.000 202.000 109.000
16.385 -14.335 186.212 149.000 153.000 57.000
16.385 -13.905 186.216 144.000 148.000 50.000
16.384 -13.475 186.219 146.000 154.000 52.000
16.384 -13.045 186.223 177.000 178.000 88.000
16.384 -12.615 186.226 185.000 186.000 100.000
16.384 -12.186 186.229 137.000 137.000 76.000
16.814 -14.765 186.240 173.000 173.000 83.000
16.814 -14.335 186.243 177.000 177.000 79.000
16.813 -13.905 186.247 168.000 170.000 71.000
16.813 -13.475 186.250 147.000 152.000 56.000
16.813 -13.046 186.254 170.000 170.000 93.000
16.813 -12.616 186.257 172.000 170.000 110.000
17.242 -14.765 186.271 146.000 149.000 64.000
17.242 -14.335 186.275 155.000 159.000 62.000
17.242 -13.905 186.278 181.000 184.000 82.000
17.671 -14.765 186.302 125.000 131.000 51.000
17.671 -14.335 186.306 141.000 146.000 56.000
17.671 -13.906 186.309 116.000 121.000 51.000
18.099 -12.616 186.350 101.000 108.000 48.000
18.528 -13.046 186.378 115.000 118.000 54.000
13.780 -12.618 186.468 93.000 93.000 51.000
13.780 -12.188 186.472 160.000 161.000 93.000
13.780 -11.758 186.475 134.000 134.000 86.000
14.209 -12.618 186.499 186.000 186.000 101.000
14.209 -12.188 186.503 184.000 185.000 104.000
14.209 -11.758 186.506 185.000 184.000 115.000
14.638 -13.908 186.520 91.000 97.000 33.000
14.638 -13.478 186.524 145.000 149.000 62.000
14.638 -13.048 186.527 161.000 163.000 71.000
14.638 -12.618 186.531 180.000 182.000 88.000
14.638 -12.188 186.534 188.000 190.000 99.000
14.638 -11.759 186.537 189.000 191.000 106.000
15.067 -14.338 186.548 128.000 129.000 51.000
15.067 -13.908 186.551 129.000 135.000 45.000
15.067 -13.478 186.555 139.000 145.000 49.000
15.067 -13.048 186.558 148.000 157.000 53.000
15.067 -12.619 186.562 181.000 184.000 84.000
15.067 -12.189 186.565 199.000 201.000 110.000
15.067 -11.759 186.568 204.000 205.000 124.000
15.496 -14.338 186.579 137.000 139.000 50.000
15.496 -13.908 186.582 133.000 135.000 46.000
15.496 -13.478 186.586 132.000 138.000 43.000
15.496 -13.049 186.589 151.000 155.000 56.000
15.496 -12.619 186.593 177.000 180.000 79.000
15.495 -12.189 186.596 199.000 199.000 108.000
15.495 -11.759 186.599 203.000 203.000 125.000
15.925 -14.338 186.610 131.000 136.000 42.000
15.925 -13.908 186.614 138.000 140.000 44.000
15.925 -13.479 186.617 148.000 149.000 51.000
15.924 -13.049 186.620 162.000 164.000 64.000
15.924 -12.619 186.624 181.000 184.000 80.000
15.924 -12.189 186.627 197.000 198.000 104.000
15.924 -11.759 186.630 180.000 179.000 113.000
16.354 -14.339 186.641 139.000 143.000 44.000
16.354 -13.909 186.645 148.000 152.000 49.000
16.353 -13.479 186.648 155.000 156.000 59.000
16.353 -13.049 186.651 182.000 183.000 88.000
16.353 -12.619 186.655 185.000 187.000 95.000
16.353 -12.189 186.658 176.000 178.000 96.000
16.783 -14.769 186.669 175.000 174.000 82.000
16.782 -14.339 186.672 161.000 161.000 68.000
16.782 -13.909 186.676 144.000 148.000 53.000
16.782 -13.479 186.679 163.000 163.000 69.000
16.782 -13.049 186.682 190.000 189.000 103.000
16.782 -12.619 186.686 186.000 184.000 109.000
16.782 -12.189 186.689 91.000 92.000 59.000
17.211 -15.199 186.697 112.000 113.000 61.000
17.211 -14.769 186.700 148.000 151.000 60.000
17.211 -14.339 186.703 148.000 153.000 52.000
17.211 -13.909 186.707 162.000 168.000 64.000
17.211 -13.049 186.713 140.000 142.000 68.000
17.211 -12.619 186.717 83.000 85.000 40.000
17.640 -15.199 186.728 97.000 102.000 44.000
17.640 -14.769 186.731 125.000 130.000 46.000
17.640 -14.339 186.734 131.000 137.000 45.000
17.640 -13.909 186.738 114.000 119.000 41.000
18.069 -14.769 186.762 101.000 109.000 37.000
14.178 -13.052 186.925 151.000 151.000 80.000
14.178 -12.622 186.928 179.000 181.000 97.000
14.178 -12.192 186.932 182.000 183.000 105.000
14.178 -11.762 186.935 159.000 160.000 100.000
14.607 -13.911 186.949 119.000 121.000 51.000
14.607 -13.482 186.953 147.000 149.000 67.000
14.607 -13.052 186.956 173.000 174.000 82.000
14.607 -12.622 186.959 184.000 187.000 91.000
14.607 -12.192 186.963 186.000 189.000 100.000
14.607 -11.762 186.966 181.000 183.000 105.000
15.036 -14.342 186.977 133.000 136.000 54.000
15.036 -13.912 186.980 141.000 144.000 52.000
15.036 -13.482 186.984 150.000 152.000 58.000
15.036 -13.052 186.987 159.000 168.000 62.000
15.036 -12.622 186.990 186.000 189.000 89.000
15.036 -12.192 186.994 203.000 205.000 114.000
15.035 -11.762 186.997 197.000 199.000 119.000
15.465 -14.342 187.008 146.000 144.000 57.000
15.465 -13.912 187.011 132.000 135.000 44.000
15.465 -13.482 187.015 141.000 144.000 48.000
15.465 -13.052 187.018 161.000 163.000 64.000
15.465 -12.622 187.021 191.000 193.000 91.000
15.464 -12.192 187.025 209.000 208.000 123.000
15.464 -11.762 187.028 204.000 203.000 132.000
15.894 -14.342 187.039 141.000 142.000 49.000
15.894 -13.912 187.042 129.000 133.000 39.000
15.894 -13.482 187.046 131.000 134.000 41.000
15.893 -13.052 187.049 162.000 165.000 64.000
15.893 -12.622 187.052 189.000 191.000 86.000
15.893 -12.192 187.056 202.000 203.000 115.000
15.893 -11.762 187.059 186.000 186.000 139.000
16.323 -14.772 187.067 91.000 97.000 30.000
16.323 -14.342 187.070 135.000 141.000 41.000
16.322 -13.912 187.073 143.000 145.000 47.000
16.322 -13.482 187.077 147.000 149.000 53.000
16.322 -13.052 187.080 160.000 165.000 66.000
16.322 -12.622 187.083 173.000 179.000 79.000
16.322 -12.192 187.087 185.000 187.000 99.000
16.752 -15.202 187.094 154.000 155.000 76.000
16.752 -14.772 187.098 154.000 155.000 59.000
16.751 -14.342 187.101 149.000 152.000 50.000
16.751 -13.912 187.104 86.000 93.000 26.000
16.751 -13.482 187.108 181.000 182.000 85.000
16.751 -13.052 187.111 181.000 180.000 92.000
16.751 -12.622 187.115 175.000 176.000 91.000
16.751 -12.192 187.118 150.000 154.000 78.000
17.180 -15.202 187.125 144.000 144.000 76.000
17.180 -14.772 187.129 157.000 157.000 64.000
17.180 -14.342 187.132 157.000 159.000 59.000
17.180 -13.912 187.135 143.000 147.000 54.000
17.180 -13.482 187.139 164.000 165.000 76.000
17.180 -13.052 187.142 145.000 145.000 73.000
17.609 -15.202 187.156 112.000 116.000 50.000
17.609 -14.772 187.160 127.000 130.000 45.000
17.609 -14.342 187.163 136.000 140.000 46.000
17.609 -13.912 187.167 136.000 141.000 47.000
18.038 -14.772 187.191 115.000 121.000 39.000
14.147 -13.055 187.354 148.000 148.000 82.000
14.147 -12.625 187.357 176.000 178.000 98.000
14.147 -12.195 187.360 176.000 175.000 109.000
14.576 -13.485 187.381 88.000 88.000 44.000
14.576 -13.055 187.385 178.000 180.000 89.000
14.576 -12.625 187.388 181.000 185.000 93.000
14.576 -12.195 187.391 180.000 182.000 101.000
14.576 -11.765 187.395 176.000 174.000 118.000
15.005 -14.345 187.406 146.000 146.000 66.000
15.005 -13.915 187.409 147.000 150.000 57.000
15.005 -13.485 187.412 128.000 133.000 52.000
15.005 -13.055 187.416 178.000 181.000 84.000
15.005 -12.625 187.419 187.000 191.000 94.000
15.005 -12.195 187.423 194.000 194.000 114.000
15.004 -11.765 187.426 167.000 167.000 115.000
15.434 -14.775 187.433 112.000 110.000 53.000
15.434 -14.345 187.437 148.000 147.000 58.000
15.434 -13.915 187.440 147.000 148.000 52.000
15.434 -13.485 187.443 152.000 156.000 56.000
15.434 -13.055 187.447 172.000 177.000 72.000
15.433 -12.625 187.450 193.000 196.000 95.000
15.433 -12.195 187.454 202.000 202.000 118.000
15.433 -11.766 187.457 127.000 128.000 100.000
15.863 -14.775 187.464 133.000 133.000 56.000
15.863 -14.345 187.468 143.000 145.000 49.000
15.863 -13.915 187.471 140.000 145.000 44.000
15.863 -13.485 187.474 149.000 156.000 50.000
15.862 -13.055 187.478 162.000 167.000 62.000
15.862 -12.626 187.481 197.000 200.000 94.000
15.862 -12.196 187.485 208.000 208.000 123.000
16.292 -14.775 187.495 118.000 123.000 38.000
16.292 -14.345 187.499 131.000 138.000 39.000
16.291 -13.915 187.502 140.000 146.000 43.000
16.291 -13.485 187.506 148.000 158.000 51.000
16.291 -13.056 187.509 165.000 169.000 71.000
16.291 -12.626 187.512 185.000 189.000 89.000
16.291 -12.196 187.516 193.000 192.000 115.000
16.721 -15.205 187.523 119.000 122.000 51.000
16.720 -14.775 187.526 131.000 136.000 42.000
16.720 -14.345 187.530 125.000 133.000 33.000
16.720 -13.915 187.533 124.000 133.000 35.000
16.720 -13.486 187.537 168.000 167.000 76.000
16.720 -13.056 187.540 177.000 177.000 88.000
16.720 -12.626 187.543 161.000 162.000 79.000
17.149 -15.205 187.554 144.000 144.000 69.000
17.149 -14.775 187.557 148.000 152.000 53.000
17.149 -14.346 187.561 148.000 152.000 49.000
17.149 -13.916 187.564 150.000 153.000 55.000
17.149 -13.486 187.568 162.000 163.000 73.000
17.149 -13.056 187.571 165.000 167.000 81.000
17.578 -15.205 187.585 136.000 140.000 58.000
17.578 -14.776 187.589 138.000 142.000 47.000
17.578 -14.346 187.592 139.000 142.000 45.000
17.578 -13.916 187.595 138.000 141.000 46.000
18.007 -15.206 187.616 102.000 111.000 37.000
18.007 -14.776 187.620 115.000 121.000 35.000
14.116 -13.058 187.782 84.000 85.000 45.000
14.116 -12.628 187.786 167.000 168.000 97.000
14.116 -12.198 187.789 144.000 145.000 98.000
14.545 -13.058 187.813 175.000 178.000 89.000
14.545 -12.629 187.817 178.000 181.000 96.000
14.545 -12.199 187.820 185.000 184.000 120.000
14.974 -14.348 187.834 143.000 143.000 63.000
14.974 -13.918 187.838 168.000 168.000 73.000
14.974 -13.059 187.845 180.000 182.000 88.000
14.974 -12.629 187.848 184.000 188.000 96.000
14.973 -12.199 187.851 190.000 191.000 118.000
14.973 -11.769 187.855 113.000 116.000 85.000
15.403 -14.778 187.862 109.000 109.000 50.000
15.403 -14.348 187.865 148.000 147.000 59.000
15.403 -13.918 187.869 158.000 160.000 59.000
15.403 -13.489 187.872 161.000 170.000 59.000
15.403 -13.059 187.876 183.000 186.000 88.000
15.402 -12.629 187.879 196.000 198.000 105.000
15.402 -12.199 187.882 202.000 201.000 126.000
15.832 -14.778 187.893 142.000 142.000 59.000
15.832 -14.349 187.897 149.000 150.000 53.000
15.832 -13.919 187.900 149.000 156.000 47.000
15.831 -13.489 187.903 154.000 164.000 51.000
15.831 -13.059 187.907 181.000 186.000 80.000
15.831 -12.629 187.910 200.000 202.000 103.000
15.831 -12.199 187.913 202.000 202.000 124.000
16.261 -14.779 187.924 120.000 127.000 38.000
16.261 -14.349 187.928 129.000 136.000 39.000
16.260 -13.919 187.931 145.000 149.000 49.000
16.260 -13.489 187.934 143.000 152.000 47.000
16.260 -13.059 187.938 175.000 177.000 80.000
16.260 -12.629 187.941 196.000 198.000 102.000
16.260 -12.199 187.944 201.000 201.000 124.000
16.690 -15.209 187.952 106.000 112.000 40.000
16.689 -14.779 187.955 117.000 126.000 34.000
16.689 -14.349 187.959 115.000 124.000 30.000
16.689 -13.919 187.962 124.000 130.000 39.000
16.689 -13.489 187.965 163.000 163.000 74.000
16.689 -13.059 187.969 161.000 164.000 74.000
16.689 -12.629 187.972 175.000 177.000 89.000
17.118 -15.209 187.983 145.000 144.000 67.000
17.118 -14.779 187.986 148.000 148.000 56.000
17.118 -14.349 187.990 130.000 134.000 42.000
17.118 -13.919 187.993 119.000 125.000 41.000
17.118 -13.489 187.996 137.000 139.000 57.000
17.118 -13.059 188.000 138.000 144.000 58.000
17.547 -15.209 188.014 138.000 140.000 59.000
17.547 -14.779 188.017 132.000 137.000 44.000
17.547 -14.349 188.021 129.000 134.000 39.000
17.547 -13.919 188.024 141.000 143.000 52.000
17.976 -15.209 188.045 106.000 113.000 38.000
17.976 -14.779 188.048 115.000 121.000 34.000
14.514 -13.492 188.239 93.000 95.000 45.000
14.514 -13.062 188.242 174.000 177.000 89.000
14.514 -12.632 188.246 178.000 179.000 107.000
14.514 -12.202 188.249 183.000 184.000 135.000
14.943 -14.352 188.263 98.000 99.000 48.000
14.943 -13.922 188.267 124.000 126.000 57.000
14.943 -13.492 188.270 106.000 108.000 49.000
14.943 -13.062 188.273 184.000 187.000 93.000
14.943 -12.632 188.277 186.000 190.000 105.000
14.942 -12.202 188.280 198.000 198.000 136.000
15.372 -14.782 188.291 86.000 87.000 39.000
15.372 -14.352 188.294 158.000 158.000 66.000
15.372 -13.922 188.298 172.000 176.000 68.000
15.372 -13.492 188.301 177.000 183.000 76.000
15.371 -13.062 188.304 190.000 192.000 96.000
15.371 -12.632 188.308 194.000 196.000 110.000
15.371 -12.202 188.311 199.000 199.000 131.000
15.801 -14.782 188.322 114.000 114.000 47.000
15.801 -14.352 188.325 158.000 158.000 61.000
15.801 -13.922 188.329 163.000 167.000 58.000
15.800 -13.492 188.332 174.000 181.000 68.000
15.800 -13.062 188.335 195.000 196.000 98.000
15.800 -12.632 188.339 204.000 205.000 111.000
15.800 -12.202 188.342 198.000 198.000 125.000
16.230 -14.782 188.353 127.000 131.000 43.000
16.229 -14.352 188.356 140.000 145.000 46.000
16.229 -13.922 188.360 147.000 155.000 51.000
16.229 -13.492 188.363 158.000 162.000 63.000
16.229 -13.062 188.366 189.000 189.000 95.000
16.229 -12.632 188.370 201.000 201.000 111.000
16.229 -12.202 188.373 181.000 181.000 116.000
16.658 -15.212 188.381 122.000 128.000 46.000
16.658 -14.782 188.384 123.000 130.000 38.000
16.658 -14.352 188.387 121.000 128.000 35.000
16.658 -13.922 188.391 128.000 134.000 45.000
16.658 -13.492 188.394 162.000 161.000 75.000
16.658 -13.062 188.398 176.000 176.000 90.000
16.658 -12.633 188.401 188.000 187.000 101.000
17.087 -15.212 188.412 147.000 145.000 65.000
17.087 -14.782 188.415 144.000 143.000 52.000
17.087 -14.352 188.418 126.000 130.000 44.000
17.087 -13.922 188.422 113.000 119.000 43.000
17.087 -13.492 188.425 130.000 133.000 57.000
17.087 -13.063 188.429 130.000 135.000 52.000
17.516 -15.212 188.443 131.000 132.000 51.000
17.516 -14.782 188.446 137.000 139.000 46.000
17.516 -14.352 188.449 129.000 135.000 41.000
17.516 -13.922 188.453 130.000 136.000 47.000
17.945 -15.212 188.474 108.000 114.000 40.000
17.945 -14.782 188.477 120.000 126.000 34.000
14.483 -13.495 188.668 113.000 115.000 60.000
14.483 -13.065 188.671 165.000 168.000 89.000
14.483 -12.635 188.674 166.000 165.000 109.000
14.912 -13.925 188.695 151.000 152.000 78.000
14.912 -13.495 188.699 189.000 190.000 101.000
14.912 -13.065 188.702 184.000 188.000 100.000
14.912 -12.635 188.705 185.000 187.000 112.000
14.911 -12.205 188.709 193.000 194.000 150.000
15.341 -14.355 188.723 165.000 165.000 79.000
15.341 -13.925 188.726 183.000 184.000 82.000
15.341 -13.495 188.730 181.000 183.000 88.000
15.340 -13.065 188.733 187.000 189.000 101.000
15.340 -12.636 188.737 192.000 194.000 115.000
15.340 -12.206 188.740 186.000 187.000 138.000
15.770 -14.785 188.751 102.000 103.000 43.000
15.770 -14.355 188.754 163.000 164.000 67.000
15.769 -13.925 188.757 170.000 174.000 67.000
15.769 -13.495 188.761 184.000 187.000 85.000
15.769 -13.066 188.764 193.000 195.000 102.000
15.769 -12.636 188.768 198.000 200.000 116.000
15.769 -12.206 188.771 190.000 191.000 131.000
16.199 -14.785 188.782 144.000 146.000 59.000
16.198 -14.355 188.785 155.000 158.000 59.000
16.198 -13.925 188.788 161.000 166.000 63.000
16.198 -13.496 188.792 178.000 179.000 83.000
16.198 -13.066 188.795 193.000 193.000 104.000
16.198 -12.636 188.799 199.000 199.000 117.000
16.198 -12.206 188.802 110.000 111.000 85.000
16.627 -15.215 188.809 127.000 132.000 49.000
16.627 -14.785 188.813 132.000 138.000 41.000
16.627 -14.356 188.816 137.000 143.000 43.000
16.627 -13.926 188.820 151.000 154.000 60.000
16.627 -13.496 188.823 169.000 170.000 78.000
16.627 -13.066 188.826 189.000 188.000 105.000
16.627 -12.636 188.830 205.000 203.000 118.000
17.056 -15.215 188.840 149.000 149.000 63.000
17.056 -14.786 188.844 145.000 147.000 49.000
17.056 -14.356 188.847 144.000 148.000 50.000
17.056 -13.926 188.851 127.000 133.000 48.000
17.056 -13.496 188.854 137.000 140.000 59.000
17.056 -13.066 188.857 123.000 127.000 53.000
17.485 -15.216 188.872 135.000 136.000 53.000
17.485 -14.786 188.875 141.000 143.000 47.000
17.485 -14.356 188.878 143.000 148.000 49.000
17.485 -13.926 188.882 126.000 133.000 42.000
17.914 -15.216 188.903 112.000 116.000 41.000
17.914 -14.786 188.906 126.000 131.000 38.000
14.881 -13.499 189.128 182.000 183.000 102.000
14.881 -13.069 189.131 180.000 181.000 107.000
14.880 -12.639 189.134 198.000 197.000 140.000
15.310 -14.359 189.152 145.000 146.000 77.000
15.310 -13.929 189.155 182.000 185.000 91.000
15.310 -13.499 189.159 182.000 183.000 97.000
15.309 -13.069 189.162 188.000 190.000 109.000
15.309 -12.639 189.165 193.000 193.000 125.000
15.309 -12.209 189.169 83.000 86.000 60.000
15.739 -14.789 189.179 138.000 140.000 61.000
15.739 -14.359 189.183 165.000 166.000 70.000
15.738 -13.929 189.186 177.000 180.000 80.000
15.738 -13.499 189.190 187.000 189.000 95.000
15.738 -13.069 189.193 192.000 193.000 109.000
15.738 -12.639 189.196 197.000 197.000 123.000
15.738 -12.209 189.200 118.000 120.000 84.000
16.168 -15.219 189.207 79.000 81.000 37.000
16.167 -14.789 189.211 153.000 157.000 61.000
16.167 -14.359 189.214 159.000 163.000 61.000
16.167 -13.929 189.217 168.000 171.000 69.000
16.167 -13.499 189.221 189.000 189.000 96.000
16.167 -13.069 189.224 198.000 198.000 116.000
16.167 -12.639 189.227 199.000 198.000 126.000
16.596 -15.219 189.238 141.000 144.000 61.000
16.596 -14.789 189.242 145.000 151.000 49.000
16.596 -14.359 189.245 151.000 157.000 51.000
16.596 -13.929 189.248 166.000 169.000 68.000
16.596 -13.499 189.252 189.000 189.000 98.000
16.596 -13.069 189.255 198.000 198.000 113.000
16.596 -12.639 189.258 182.000 181.000 109.000
17.025 -15.219 189.269 154.000 154.000 65.000
17.025 -14.789 189.273 152.000 155.000 51.000
17.025 -14.359 189.276 154.000 157.000 54.000
17.025 -13.929 189.279 151.000 157.000 57.000
17.025 -13.499 189.283 169.000 171.000 81.000
17.025 -13.069 189.286 169.000 170.000 93.000
17.454 -15.219 189.300 138.000 140.000 54.000
17.454 -14.789 189.304 141.000 145.000 47.000
17.454 -14.359 189.307 147.000 152.000 48.000
17.454 -13.929 189.310 147.000 153.000 53.000
17.883 -15.219 189.331 115.000 121.000 43.000
17.883 -14.789 189.335 122.000 128.000 37.000
14.850 -13.502 189.556 161.000 162.000 99.000
14.850 -13.072 189.560 180.000 180.000 134.000
15.279 -13.932 189.584 182.000 183.000 95.000
15.278 -13.502 189.587 184.000 188.000 102.000
15.278 -13.072 189.591 194.000 193.000 127.000
15.278 -12.642 189.594 199.000 199.000 154.000
15.708 -14.362 189.612 176.000 177.000 84.000
15.707 -13.932 189.615 183.000 185.000 88.000
15.707 -13.502 189.618 188.000 192.000 100.000
15.707 -13.072 189.622 194.000 195.000 120.000
15.707 -12.642 189.625 203.000 202.000 146.000
16.136 -14.792 189.639 156.000 160.000 65.000
16.136 -14.362 189.643 161.000 165.000 63.000
16.136 -13.932 189.646 172.000 177.000 75.000
16.136 -13.502 189.649 191.000 192.000 101.000
16.136 -13.072 189.653 202.000 201.000 126.000
16.565 -15.222 189.667 152.000 152.000 74.000
16.565 -14.792 189.670 159.000 162.000 59.000
16.565 -14.362 189.674 156.000 163.000 52.000
16.565 -13.932 189.677 166.000 170.000 62.000
16.565 -13.502 189.680 205.000 203.000 116.000
16.565 -13.073 189.684 206.000 205.000 128.000
16.994 -15.222 189.698 165.000 166.000 75.000
16.994 -14.792 189.701 158.000 162.000 53.000
16.994 -14.362 189.705 155.000 161.000 50.000
16.994 -13.932 189.708 160.000 166.000 58.000
16.994 -13.503 189.712 182.000 184.000 89.000
16.994 -13.073 189.715 186.000 187.000 105.000
17.423 -15.222 189.729 146.000 146.000 61.000
17.423 -14.792 189.732 146.000 150.000 49.000
17.423 -14.363 189.736 153.000 158.000 50.000
17.423 -13.933 189.739 157.000 159.000 59.000
17.852 -15.652 189.757 86.000 86.000 46.000
17.852 -15.222 189.760 136.000 139.000 56.000
17.852 -14.793 189.764 139.000 143.000 46.000
18.281 -15.652 189.788 110.000 106.000 71.000
18.281 -15.223 189.791 132.000 128.000 62.000
15.248 -13.935 190.013 148.000 149.000 94.000
15.247 -13.505 190.016 201.000 199.000 143.000
15.247 -13.076 190.020 156.000 158.000 111.000
15.677 -14.795 190.037 78.000 80.000 43.000
15.676 -14.365 190.040 184.000 186.000 102.000
15.676 -13.935 190.044 187.000 190.000 109.000
15.676 -13.506 190.047 196.000 196.000 127.000
15.676 -13.076 190.051 193.000 191.000 132.000
16.105 -14.795 190.068 161.000 163.000 82.000
16.105 -14.366 190.071 183.000 185.000 94.000
16.105 -13.936 190.075 184.000 187.000 99.000
16.105 -13.506 190.078 198.000 198.000 123.000
16.105 -13.076 190.082 198.000 196.000 131.000
16.534 -15.225 190.096 111.000 112.000 56.000
16.534 -14.796 190.099 161.000 164.000 70.000
16.534 -14.366 190.103 172.000 175.000 77.000
16.534 -13.936 190.106 186.000 187.000 95.000
16.534 -13.506 190.109 206.000 204.000 128.000
16.534 -13.076 190.113 138.000 137.000 90.000
16.963 -15.226 190.127 126.000 124.000 68.000
16.963 -14.796 190.130 183.000 182.000 90.000
16.963 -14.366 190.134 186.000 185.000 88.000
16.963 -13.936 190.137 190.000 189.000 96.000
16.963 -13.506 190.140 135.000 136.000 71.000
16.962 -13.076 190.144 118.000 119.000 67.000
17.392 -14.796 190.161 132.000 135.000 57.000
17.392 -14.366 190.165 161.000 164.000 66.000
17.392 -13.936 190.168 165.000 167.000 71.000
17.821 -14.796 190.192 96.000 104.000 32.000
17.820 -14.366 190.196 140.000 149.000 48.000
18.249 -15.226 190.220 111.000 114.000 49.000
15.645 -14.369 190.469 127.000 127.000 83.000
15.645 -13.939 190.473 190.000 187.000 134.000
15.645 -13.509 190.476 199.000 197.000 154.000
16.074 -14.799 190.497 90.000 91.000 53.000
16.074 -14.369 190.500 197.000 195.000 129.000
16.074 -13.939 190.504 202.000 200.000 139.000
16.074 -13.509 190.507 204.000 201.000 147.000
16.074 -13.079 190.510 98.000 100.000 73.000
16.503 -14.799 190.528 190.000 189.000 116.000
16.503 -14.369 190.531 203.000 202.000 128.000
16.503 -13.939 190.535 206.000 204.000 133.000
16.503 -13.509 190.538 199.000 197.000 133.000
16.503 -13.079 190.541 129.000 132.000 87.000
16.932 -14.799 190.559 198.000 195.000 125.000
16.932 -14.369 190.562 205.000 203.000 127.000
16.932 -13.939 190.566 200.000 199.000 119.000
16.932 -13.509 190.569 136.000 138.000 74.000
17.361 -14.799 190.590 137.000 139.000 68.000
17.361 -14.369 190.593 154.000 156.000 72.000
17.360 -13.939 190.597 170.000 171.000 85.000
17.360 -13.509 190.600 167.000 171.000 84.000
17.790 -15.229 190.618 89.000 90.000 47.000
17.790 -14.799 190.621 125.000 132.000 49.000
17.789 -14.369 190.624 142.000 148.000 56.000
16.472 -14.802 190.957 193.000 190.000 142.000
16.472 -14.372 190.960 212.000 210.000 155.000
16.472 -13.942 190.963 207.000 205.000 149.000
16.472 -13.513 190.967 96.000 97.000 71.000
16.901 -14.802 190.988 197.000 193.000 143.000
16.901 -14.373 190.991 209.000 205.000 149.000
16.901 -13.943 190.995 203.000 201.000 135.000
16.901 -13.513 190.998 138.000 139.000 84.000
17.330 -14.803 191.019 86.000 86.000 48.000
17.330 -14.373 191.022 119.000 118.000 65.000
17.329 -13.943 191.026 154.000 156.000 84.000
17.329 -13.513 191.029 131.000 136.000 66.000
17.758 -14.373 191.053 150.000 153.000 72.000
16.870 -14.376 191.420 203.000 204.000 160.000
16.870 -13.946 191.423 123.000 124.000 94.000
17.298 -14.376 191.451 93.000 92.000 58.000
17.298 -13.946 191.454 121.000 121.000 75.000
17.671 -12.616 186.319 85.000 93.000 40.000
18.100 -13.476 186.343 86.000 90.000 36.000
18.100 -13.046 186.347 124.000 129.000 60.000
18.528 -13.476 186.374 118.000 123.000 52.000
17.640 -13.049 186.744 104.000 113.000 40.000
17.640 -12.619 186.748 104.000 112.000 46.000
18.069 -14.339 186.765 112.000 116.000 41.000
18.069 -13.909 186.769 87.000 91.000 32.000
18.069 -13.479 186.772 89.000 100.000 28.000
18.068 -13.049 186.776 107.000 117.000 41.000
18.068 -12.619 186.779 105.000 115.000 45.000
18.498 -13.909 186.800 100.000 105.000 36.000
18.497 -13.479 186.803 107.000 114.000 40.000
18.497 -13.049 186.807 109.000 116.000 45.000
18.926 -13.909 186.831 111.000 115.000 49.000
17.180 -12.622 187.146 88.000 89.000 42.000
17.609 -13.482 187.170 129.000 135.000 43.000
17.609 -13.053 187.173 130.000 136.000 58.000
17.609 -12.623 187.177 118.000 124.000 56.000
18.038 -14.342 187.194 121.000 126.000 38.000
18.038 -13.912 187.198 116.000 122.000 34.000
18.038 -13.483 187.201 121.000 129.000 40.000
18.037 -13.053 187.204 124.000 131.000 50.000
18.037 -12.623 187.208 122.000 129.000 54.000
18.467 -14.772 187.222 79.000 87.000 24.000
18.467 -14.342 187.225 107.000 112.000 33.000
18.466 -13.913 187.229 113.000 117.000 35.000
18.466 -13.483 187.232 124.000 127.000 43.000
18.895 -14.343 187.256 122.000 125.000 50.000
18.895 -13.913 187.260 134.000 134.000 56.000
17.149 -12.626 187.574 116.000 119.000 54.000
17.578 -13.486 187.599 123.000 129.000 41.000
17.578 -13.056 187.602 143.000 146.000 62.000
17.577 -12.626 187.605 149.000 153.000 73.000
18.007 -14.346 187.623 124.000 128.000 37.000
18.007 -13.916 187.626 123.000 127.000 36.000
18.007 -13.486 187.630 99.000 108.000 28.000
18.006 -13.056 187.633 127.000 131.000 50.000
18.436 -14.776 187.651 95.000 102.000 28.000
18.436 -14.346 187.654 114.000 117.000 33.000
18.435 -13.916 187.657 99.000 106.000 24.000
18.435 -13.486 187.661 94.000 102.000 25.000
18.864 -14.776 187.682 83.000 89.000 29.000
18.864 -14.346 187.685 116.000 121.000 39.000
17.118 -12.629 188.003 134.000 140.000 60.000
17.547 -13.489 188.027 144.000 146.000 59.000
17.547 -13.059 188.031 157.000 159.000 74.000
17.546 -12.629 188.034 162.000 166.000 82.000
17.976 -14.349 188.052 128.000 134.000 38.000
17.976 -13.919 188.055 142.000 144.000 47.000
17.975 -13.489 188.059 146.000 147.000 55.000
17.975 -13.059 188.062 165.000 165.000 78.000
18.405 -14.779 188.079 106.000 111.000 31.000
18.404 -14.349 188.083 137.000 135.000 44.000
18.404 -13.919 188.086 151.000 148.000 53.000
18.833 -14.779 188.110 116.000 121.000 40.000
17.087 -12.633 188.432 81.000 83.000 39.000
17.516 -13.493 188.456 146.000 149.000 62.000
17.515 -13.063 188.460 157.000 159.000 72.000
17.515 -12.633 188.463 174.000 175.000 93.000
17.945 -14.353 188.481 136.000 140.000 40.000
17.945 -13.923 188.484 148.000 150.000 52.000
17.944 -13.493 188.487 171.000 170.000 79.000
18.374 -15.212 188.505 78.000 86.000 28.000
18.374 -14.783 188.508 122.000 125.000 37.000
18.373 -14.353 188.512 158.000 155.000 56.000
18.802 -15.213 188.536 84.000 88.000 33.000
17.485 -13.496 188.885 131.000 135.000 50.000
17.484 -13.066 188.888 162.000 163.000 75.000
17.484 -12.636 188.892 176.000 175.000 100.000
17.914 -14.356 188.909 138.000 142.000 42.000
17.913 -13.926 188.913 140.000 144.000 47.000
17.913 -13.496 188.916 173.000 172.000 81.000
18.343 -15.216 188.934 86.000 91.000 32.000
18.343 -14.786 188.937 133.000 133.000 45.000
18.342 -14.356 188.940 153.000 151.000 53.000
17.454 -13.499 189.314 158.000 159.000 68.000
17.453 -13.069 189.317 165.000 165.000 83.000
17.453 -12.640 189.321 165.000 165.000 96.000
17.883 -14.359 189.338 130.000 137.000 38.000
17.882 -13.929 189.341 148.000 150.000 54.000
17.882 -13.499 189.345 166.000 166.000 72.000
18.312 -15.219 189.362 105.000 107.000 46.000
18.311 -14.789 189.366 137.000 137.000 47.000
17.422 -13.503 189.743 162.000 163.000 70.000
17.422 -13.073 189.746 178.000 179.000 91.000
17.851 -14.363 189.767 150.000 150.000 53.000
17.851 -13.933 189.770 152.000 151.000 58.000
18.280 -14.793 189.795 148.000 145.000 50.000
17.391 -13.506 190.171 166.000 169.000 77.000
17.391 -13.076 190.175 185.000 186.000 104.000
17.820 -13.936 190.199 154.000 155.000 63.000
17.360 -13.080 190.604 93.000 94.000 50.000
17.789 -13.939 190.628 161.000 163.000 74.000
17.727 -14.376 191.482 135.000 137.000 74.000
17.696 -14.380 191.911 124.000 124.000 74.000
