8.012 -11.161 164.940 98.000 105.000 44.000
7.552 -11.164 165.338 84.000 88.000 36.000
7.552 -10.734 165.341 115.000 120.000 54.000
7.981 -11.164 165.369 83.000 93.000 31.000
7.981 -10.734 165.372 84.000 94.000 32.000
7.981 -10.304 165.376 92.000 101.000 41.000
8.410 -11.164 165.400 73.000 84.000 28.000
8.410 -10.734 165.403 75.000 85.000 29.000
8.409 -10.305 165.407 79.000 87.000 33.000
8.838 -10.735 165.434 71.000 80.000 30.000
7.521 -10.738 165.770 92.000 95.000 42.000
7.521 -10.308 165.773 97.000 102.000 43.000
7.950 -11.598 165.794 110.000 116.000 51.000
7.950 -11.168 165.798 84.000 95.000 29.000
7.950 -10.738 165.801 78.000 89.000 27.000
7.950 -10.308 165.805 86.000 96.000 33.000
7.949 -9.878 165.808 128.000 132.000 66.000
8.379 -11.598 165.825 104.000 111.000 47.000
8.379 -11.168 165.829 89.000 98.000 32.000
8.378 -10.738 165.832 72.000 83.000 26.000
8.378 -9.878 165.839 85.000 94.000 34.000
8.808 -11.598 165.857 107.000 111.000 53.000
8.807 -11.168 165.860 80.000 87.000 32.000
8.807 -10.738 165.863 73.000 82.000 29.000
8.807 -10.308 165.867 76.000 86.000 31.000
8.807 -9.878 165.870 96.000 106.000 41.000
9.236 -10.738 165.894 74.000 81.000 32.000
7.490 -10.741 166.199 95.000 99.000 38.000
7.490 -9.881 166.206 115.000 119.000 62.000
7.919 -11.601 166.223 111.000 116.000 47.000
7.919 -11.171 166.227 76.000 87.000 24.000
7.918 -10.311 166.233 78.000 89.000 24.000
7.918 -9.881 166.237 135.000 141.000 63.000
8.348 -12.031 166.251 130.000 132.000 76.000
8.348 -11.601 166.254 121.000 125.000 53.000
8.348 -11.171 166.258 88.000 97.000 29.000
8.347 -10.741 166.261 71.000 82.000 22.000
8.347 -9.881 166.268 103.000 113.000 36.000
8.777 -12.031 166.282 130.000 132.000 80.000
8.776 -11.601 166.285 123.000 125.000 59.000
8.776 -11.171 166.289 82.000 88.000 29.000
8.776 -10.741 166.292 74.000 83.000 26.000
8.776 -10.311 166.295 79.000 91.000 28.000
8.776 -9.881 166.299 91.000 103.000 32.000
9.205 -11.601 166.316 99.000 101.000 47.000
9.205 -11.171 166.320 77.000 84.000 30.000
9.205 -10.741 166.323 78.000 87.000 33.000
9.205 -10.312 166.326 86.000 96.000 38.000
9.205 -9.882 166.330 75.000 85.000 36.000
6.601 -9.024 166.579 79.000 90.000 29.000
7.459 -11.174 166.624 97.000 101.000 37.000
7.459 -10.744 166.628 95.000 101.000 35.000
7.459 -10.314 166.631 105.000 109.000 41.000
7.459 -9.885 166.634 136.000 140.000 66.000
7.888 -11.174 166.655 87.000 97.000 28.000
7.888 -10.744 166.659 74.000 87.000 22.000
7.887 -10.315 166.662 99.000 108.000 32.000
7.887 -9.885 166.665 122.000 129.000 48.000
7.887 -9.455 166.669 105.000 111.000 44.000
8.317 -12.464 166.676 101.000 102.000 68.000
8.317 -12.034 166.680 123.000 126.000 60.000
8.317 -11.604 166.683 112.000 117.000 43.000
8.316 -11.174 166.686 87.000 96.000 28.000
8.316 -10.745 166.690 87.000 98.000 27.000
8.316 -10.315 166.693 92.000 102.000 26.000
8.316 -9.885 166.697 108.000 116.000 36.000
8.316 -9.455 166.700 112.000 116.000 53.000
8.746 -12.464 166.707 122.000 124.000 78.000
8.746 -12.034 166.711 130.000 133.000 68.000
8.745 -11.605 166.714 122.000 125.000 52.000
8.745 -11.175 166.717 89.000 97.000 30.000
8.745 -10.745 166.721 85.000 95.000 28.000
8.745 -10.315 166.724 94.000 104.000 33.000
8.745 -9.885 166.728 93.000 102.000 34.000
9.174 -12.035 166.742 124.000 127.000 67.000
9.174 -11.605 166.745 114.000 117.000 50.000
9.174 -11.175 166.749 98.000 105.000 37.000
9.174 -10.745 166.752 90.000 98.000 37.000
9.174 -10.315 166.755 83.000 92.000 35.000
9.174 -9.885 166.759 82.000 90.000 40.000
9.603 -11.605 166.776 81.000 87.000 35.000
9.603 -11.175 166.780 97.000 103.000 43.000
9.603 -10.745 166.783 89.000 96.000 42.000
9.603 -10.315 166.786 80.000 87.000 43.000
6.999 -11.177 167.022 84.000 86.000 43.000
7.428 -11.608 167.050 85.000 86.000 39.000
7.428 -11.178 167.053 121.000 126.000 48.000
7.428 -10.748 167.056 121.000 124.000 53.000
7.428 -10.318 167.060 121.000 126.000 49.000
7.427 -9.888 167.063 135.000 141.000 59.000
7.857 -11.178 167.084 115.000 123.000 41.000
7.857 -10.748 167.088 117.000 125.000 41.000
7.856 -10.318 167.091 127.000 135.000 47.000
7.856 -9.888 167.094 131.000 139.000 49.000
7.856 -9.458 167.098 123.000 130.000 48.000
8.286 -12.468 167.105 123.000 127.000 64.000
8.286 -12.038 167.108 121.000 127.000 51.000
8.286 -11.608 167.112 103.000 112.000 34.000
8.285 -11.178 167.115 101.000 109.000 32.000
8.285 -10.748 167.119 116.000 124.000 38.000
8.285 -10.318 167.122 120.000 128.000 40.000
8.285 -9.888 167.125 119.000 126.000 41.000
8.285 -9.458 167.129 129.000 136.000 50.000
8.715 -12.898 167.133 93.000 93.000 64.000
8.715 -12.468 167.136 131.000 135.000 69.000
8.714 -12.038 167.139 132.000 136.000 60.000
8.714 -11.608 167.143 115.000 121.000 41.000
8.714 -11.178 167.146 104.000 113.000 33.000
8.714 -10.748 167.150 113.000 121.000 39.000
8.714 -10.318 167.153 108.000 116.000 38.000
8.714 -9.888 167.156 93.000 100.000 32.000
8.714 -9.458 167.160 106.000 114.000 43.000
9.143 -12.468 167.167 126.000 129.000 66.000
9.143 -12.038 167.171 127.000 130.000 60.000
9.143 -11.608 167.174 118.000 122.000 46.000
9.143 -11.178 167.177 121.000 127.000 49.000
9.143 -10.748 167.181 102.000 110.000 39.000
9.143 -10.318 167.184 93.000 101.000 39.000
9.143 -9.888 167.187 77.000 85.000 34.000
9.572 -12.468 167.198 80.000 85.000 39.000
9.572 -12.038 167.202 108.000 113.000 49.000
9.572 -11.608 167.205 93.000 97.000 37.000
9.572 -11.178 167.208 117.000 118.000 50.000
9.572 -10.748 167.212 102.000 107.000 49.000
9.572 -10.318 167.215 80.000 88.000 41.000
9.571 -9.888 167.218 76.000 84.000 43.000
6.968 -11.181 167.451 133.000 135.000 64.000
6.968 -10.751 167.454 112.000 116.000 50.000
6.968 -10.321 167.458 100.000 105.000 45.000
7.397 -11.611 167.478 135.000 139.000 61.000
7.397 -11.181 167.482 131.000 134.000 56.000
7.397 -10.751 167.485 121.000 125.000 49.000
7.397 -10.321 167.489 108.000 115.000 39.000
7.396 -9.891 167.492 129.000 138.000 50.000
7.826 -12.041 167.506 77.000 85.000 28.000
7.826 -11.611 167.510 101.000 107.000 38.000
7.826 -11.181 167.513 136.000 141.000 55.000
7.825 -10.751 167.516 139.000 141.000 51.000
7.825 -10.321 167.520 119.000 125.000 42.000
7.825 -9.891 167.523 112.000 120.000 37.000
7.825 -9.461 167.526 117.000 124.000 45.000
8.255 -12.471 167.534 120.000 126.000 52.000
8.255 -12.041 167.537 120.000 128.000 44.000
8.255 -11.611 167.541 112.000 122.000 34.000
8.254 -11.181 167.544 121.000 131.000 39.000
8.254 -10.751 167.547 131.000 139.000 44.000
8.254 -10.321 167.551 139.000 145.000 50.000
8.254 -9.892 167.554 138.000 145.000 50.000
8.254 -9.462 167.557 140.000 146.000 54.000
8.254 -9.032 167.561 76.000 84.000 25.000
8.684 -12.901 167.562 122.000 125.000 68.000
8.684 -12.471 167.565 131.000 137.000 59.000
8.683 -12.041 167.568 135.000 140.000 54.000
8.683 -11.611 167.572 127.000 135.000 44.000
8.683 -11.181 167.575 113.000 123.000 35.000
8.683 -10.751 167.578 118.000 126.000 39.000
8.683 -10.322 167.582 113.000 119.000 39.000
8.683 -9.892 167.585 120.000 127.000 42.000
8.683 -9.462 167.589 128.000 136.000 50.000
9.112 -12.901 167.593 120.000 123.000 67.000
9.112 -12.471 167.596 126.000 130.000 55.000
9.112 -12.041 167.599 130.000 134.000 53.000
9.112 -11.611 167.603 111.000 116.000 38.000
9.112 -11.181 167.606 118.000 124.000 43.000
9.112 -10.752 167.609 109.000 116.000 43.000
9.112 -10.322 167.613 88.000 95.000 34.000
9.112 -9.892 167.616 91.000 100.000 37.000
9.111 -9.462 167.620 92.000 102.000 39.000
9.541 -12.471 167.627 117.000 119.000 51.000
9.541 -12.041 167.630 111.000 115.000 44.000
9.541 -11.612 167.634 116.000 120.000 46.000
9.541 -11.182 167.637 90.000 93.000 39.000
9.541 -10.752 167.641 96.000 101.000 43.000
9.541 -10.322 167.644 84.000 91.000 39.000
9.540 -9.892 167.647 93.000 102.000 48.000
9.970 -11.612 167.665 116.000 121.000 47.000
6.937 -11.184 167.880 103.000 105.000 49.000
7.366 -11.614 167.907 124.000 127.000 55.000
7.366 -11.184 167.911 133.000 136.000 57.000
7.366 -10.754 167.914 125.000 129.000 51.000
7.365 -10.325 167.917 116.000 123.000 45.000
7.365 -9.895 167.921 122.000 131.000 46.000
7.365 -9.465 167.924 114.000 120.000 48.000
7.795 -12.044 167.935 88.000 96.000 33.000
7.795 -11.614 167.938 92.000 97.000 34.000
7.795 -11.184 167.942 145.000 148.000 61.000
7.794 -10.755 167.945 135.000 139.000 51.000
7.794 -10.325 167.948 120.000 127.000 41.000
7.794 -9.895 167.952 132.000 140.000 45.000
7.794 -9.465 167.955 137.000 145.000 55.000
7.794 -9.035 167.959 113.000 119.000 53.000
8.224 -12.474 167.963 126.000 131.000 52.000
8.224 -12.044 167.966 116.000 124.000 39.000
8.223 -11.615 167.969 123.000 130.000 38.000
8.223 -11.185 167.973 139.000 145.000 50.000
8.223 -10.755 167.976 140.000 146.000 47.000
8.223 -10.325 167.980 140.000 147.000 46.000
8.223 -9.895 167.983 136.000 146.000 42.000
8.223 -9.465 167.986 142.000 149.000 56.000
8.653 -12.904 167.990 129.000 132.000 64.000
8.653 -12.474 167.994 139.000 142.000 57.000
8.652 -12.045 167.997 140.000 144.000 53.000
8.652 -11.615 168.000 126.000 132.000 41.000
8.652 -11.185 168.004 136.000 142.000 49.000
8.652 -10.755 168.007 134.000 142.000 46.000
8.652 -10.325 168.011 123.000 131.000 38.000
8.652 -9.895 168.014 114.000 122.000 34.000
8.652 -9.465 168.017 143.000 149.000 65.000
9.081 -12.904 168.021 129.000 131.000 63.000
9.081 -12.475 168.025 142.000 143.000 59.000
9.081 -12.045 168.028 146.000 147.000 59.000
9.081 -11.615 168.031 130.000 133.000 46.000
9.081 -11.185 168.035 135.000 139.000 54.000
9.081 -10.755 168.038 115.000 121.000 43.000
9.081 -10.325 168.042 83.000 92.000 29.000
9.081 -9.895 168.045 83.000 89.000 32.000
9.510 -12.905 168.052 117.000 119.000 56.000
9.510 -12.475 168.056 129.000 130.000 50.000
9.510 -12.045 168.059 126.000 128.000 46.000
9.510 -11.615 168.063 122.000 125.000 44.000
9.510 -11.185 168.066 124.000 127.000 53.000
9.510 -10.755 168.069 85.000 91.000 36.000
9.939 -12.475 168.087 108.000 112.000 42.000
9.939 -12.045 168.090 114.000 119.000 42.000
9.939 -11.615 168.094 118.000 122.000 43.000
9.939 -11.185 168.097 108.000 112.000 47.000
9.938 -10.325 168.104 75.000 83.000 37.000
7.335 -12.048 168.333 79.000 82.000 38.000
7.335 -11.618 168.336 127.000 127.000 61.000
7.335 -11.188 168.339 134.000 136.000 58.000
7.335 -10.758 168.343 121.000 127.000 46.000
7.334 -10.328 168.346 110.000 117.000 42.000
7.334 -9.898 168.350 120.000 127.000 45.000
7.334 -9.468 168.353 137.000 140.000 69.000
7.764 -12.478 168.360 102.000 109.000 43.000
7.764 -12.048 168.364 123.000 128.000 50.000
7.764 -11.618 168.367 145.000 148.000 61.000
7.763 -11.188 168.370 143.000 146.000 57.000
7.763 -10.758 168.374 139.000 144.000 53.000
7.763 -10.328 168.377 139.000 145.000 50.000
7.763 -9.898 168.381 139.000 148.000 46.000
7.763 -9.468 168.384 139.000 146.000 60.000
7.763 -9.038 168.387 93.000 96.000 51.000
8.193 -12.908 168.388 101.000 103.000 49.000
8.193 -12.478 168.391 125.000 130.000 48.000
8.193 -12.048 168.395 125.000 130.000 44.000
8.192 -11.618 168.398 142.000 146.000 50.000
8.192 -11.188 168.402 142.000 147.000 52.000
8.192 -10.758 168.405 143.000 150.000 47.000
8.192 -10.328 168.408 146.000 153.000 45.000
8.192 -9.898 168.412 138.000 148.000 36.000
8.192 -9.468 168.415 157.000 162.000 69.000
8.192 -9.038 168.418 95.000 96.000 56.000
8.622 -13.338 168.416 80.000 82.000 45.000
8.622 -12.908 168.419 137.000 140.000 63.000
8.621 -12.478 168.422 137.000 140.000 52.000
8.621 -12.048 168.426 139.000 141.000 51.000
8.621 -11.618 168.429 144.000 147.000 51.000
8.621 -11.188 168.433 136.000 141.000 47.000
8.621 -10.758 168.436 134.000 141.000 45.000
8.621 -10.328 168.439 123.000 131.000 36.000
8.621 -9.898 168.443 111.000 122.000 26.000
8.621 -9.468 168.446 147.000 148.000 73.000
9.050 -13.338 168.447 121.000 124.000 66.000
9.050 -12.908 168.450 135.000 137.000 60.000
9.050 -12.478 168.454 146.000 146.000 59.000
9.050 -12.048 168.457 144.000 143.000 55.000
9.050 -11.618 168.460 137.000 140.000 50.000
9.050 -11.188 168.464 137.000 141.000 55.000
9.050 -10.758 168.467 109.000 115.000 39.000
9.050 -10.328 168.470 81.000 89.000 28.000
9.050 -9.899 168.474 81.000 90.000 27.000
9.479 -13.338 168.478 89.000 94.000 42.000
9.479 -12.908 168.481 128.000 130.000 54.000
9.479 -12.478 168.485 135.000 135.000 50.000
9.479 -12.048 168.488 133.000 134.000 48.000
9.479 -11.618 168.491 126.000 130.000 44.000
9.479 -11.188 168.495 124.000 129.000 51.000
9.479 -10.758 168.498 92.000 100.000 37.000
9.478 -10.329 168.501 71.000 81.000 29.000
9.908 -12.908 168.512 106.000 111.000 46.000
9.908 -12.478 168.516 123.000 124.000 48.000
9.908 -12.048 168.519 126.000 128.000 48.000
9.908 -11.618 168.522 127.000 129.000 48.000
9.907 -11.188 168.526 119.000 122.000 54.000
9.907 -10.329 168.533 72.000 80.000 35.000
7.304 -11.621 168.765 126.000 123.000 62.000
7.304 -11.191 168.768 133.000 134.000 57.000
7.304 -10.761 168.772 115.000 123.000 42.000
7.303 -10.331 168.775 116.000 125.000 43.000
7.303 -9.901 168.778 107.000 115.000 38.000
7.303 -9.471 168.782 128.000 133.000 66.000
7.733 -12.481 168.789 118.000 123.000 52.000
7.733 -12.051 168.793 135.000 137.000 57.000
7.733 -11.621 168.796 147.000 147.000 59.000
7.732 -11.191 168.799 140.000 143.000 53.000
7.732 -10.761 168.803 136.000 142.000 49.000
7.732 -10.331 168.806 135.000 142.000 44.000
7.732 -9.902 168.809 127.000 136.000 39.000
7.732 -9.472 168.813 145.000 150.000 68.000
8.162 -12.911 168.817 122.000 125.000 55.000
8.162 -12.481 168.820 123.000 128.000 45.000
8.161 -12.051 168.824 130.000 134.000 46.000
8.161 -11.621 168.827 148.000 150.000 54.000
8.161 -11.191 168.830 143.000 149.000 51.000
8.161 -10.761 168.834 146.000 152.000 49.000
8.161 -10.332 168.837 155.000 162.000 51.000
8.161 -9.902 168.840 164.000 174.000 52.000
8.161 -9.472 168.844 179.000 180.000 91.000
8.161 -9.042 168.847 95.000 98.000 70.000
8.591 -13.341 168.844 96.000 97.000 51.000
8.591 -12.911 168.848 140.000 141.000 60.000
8.590 -12.481 168.851 140.000 142.000 53.000
8.590 -12.051 168.855 139.000 142.000 49.000
8.590 -11.621 168.858 151.000 153.000 56.000
8.590 -11.191 168.861 135.000 142.000 45.000
8.590 -10.762 168.865 121.000 128.000 35.000
8.590 -10.332 168.868 115.000 123.000 30.000
8.590 -9.902 168.872 160.000 170.000 50.000
8.590 -9.472 168.875 185.000 185.000 108.000
9.019 -13.341 168.876 134.000 137.000 66.000
9.019 -12.911 168.879 145.000 144.000 65.000
9.019 -12.481 168.882 148.000 147.000 57.000
9.019 -12.051 168.886 149.000 147.000 56.000
9.019 -11.622 168.889 146.000 148.000 53.000
9.019 -11.192 168.892 136.000 141.000 51.000
9.019 -10.762 168.896 99.000 106.000 32.000
9.019 -10.332 168.899 74.000 83.000 22.000
9.018 -9.902 168.903 112.000 120.000 42.000
9.448 -13.341 168.907 129.000 133.000 62.000
9.448 -12.911 168.910 137.000 139.000 56.000
9.448 -12.481 168.913 144.000 144.000 52.000
9.448 -12.052 168.917 142.000 142.000 51.000
9.448 -11.622 168.920 140.000 142.000 52.000
9.448 -11.192 168.923 131.000 135.000 54.000
9.448 -10.762 168.927 92.000 101.000 35.000
9.447 -9.902 168.934 76.000 87.000 33.000
9.877 -12.911 168.941 132.000 132.000 60.000
9.877 -12.482 168.944 136.000 135.000 54.000
9.877 -12.052 168.948 136.000 136.000 52.000
9.877 -11.622 168.951 134.000 135.000 50.000
9.876 -11.192 168.955 132.000 135.000 57.000
9.876 -10.762 168.958 97.000 103.000 42.000
10.306 -12.482 168.975 97.000 100.000 44.000
10.305 -12.052 168.979 107.000 110.000 46.000
10.305 -11.622 168.982 128.000 129.000 59.000
7.273 -12.054 169.190 83.000 83.000 43.000
7.273 -11.624 169.194 131.000 128.000 64.000
7.273 -11.194 169.197 121.000 124.000 47.000
7.272 -10.765 169.200 112.000 120.000 39.000
7.272 -10.335 169.204 121.000 129.000 47.000
7.272 -9.905 169.207 115.000 123.000 45.000
7.272 -9.475 169.211 97.000 104.000 44.000
7.702 -12.484 169.218 122.000 126.000 53.000
7.702 -12.054 169.221 141.000 143.000 61.000
7.702 -11.625 169.225 151.000 150.000 65.000
7.701 -11.195 169.228 144.000 146.000 55.000
7.701 -10.765 169.231 137.000 143.000 48.000
7.701 -10.335 169.235 139.000 147.000 48.000
7.701 -9.905 169.238 129.000 139.000 43.000
7.701 -9.475 169.242 141.000 146.000 67.000
8.131 -12.914 169.246 129.000 132.000 58.000
8.131 -12.484 169.249 128.000 133.000 48.000
8.130 -12.055 169.252 135.000 139.000 48.000
8.130 -11.625 169.256 153.000 155.000 57.000
8.130 -11.195 169.259 148.000 153.000 53.000
8.130 -10.765 169.262 151.000 158.000 52.000
8.130 -10.335 169.266 171.000 176.000 66.000
8.130 -9.905 169.269 186.000 193.000 74.000
8.130 -9.475 169.273 195.000 197.000 112.000
8.560 -13.344 169.273 110.000 111.000 56.000
8.559 -12.914 169.277 144.000 146.000 63.000
8.559 -12.485 169.280 139.000 142.000 51.000
8.559 -12.055 169.283 135.000 139.000 44.000
8.559 -11.625 169.287 149.000 153.000 51.000
8.559 -11.195 169.290 140.000 147.000 46.000
8.559 -10.765 169.294 130.000 137.000 42.000
8.559 -10.335 169.297 147.000 153.000 50.000
8.559 -9.905 169.300 199.000 204.000 88.000
8.558 -9.475 169.304 205.000 204.000 128.000
8.988 -13.345 169.304 138.000 140.000 65.000
8.988 -12.915 169.308 146.000 145.000 64.000
8.988 -12.485 169.311 149.000 148.000 58.000
8.988 -12.055 169.314 144.000 146.000 49.000
8.988 -11.625 169.318 146.000 149.000 52.000
8.988 -11.195 169.321 125.000 131.000 43.000
8.988 -10.765 169.325 95.000 103.000 28.000
8.988 -10.335 169.328 76.000 86.000 21.000
8.987 -9.905 169.331 161.000 163.000 75.000
8.987 -9.475 169.335 148.000 148.000 105.000
9.417 -13.345 169.335 131.000 134.000 60.000
9.417 -12.915 169.339 140.000 142.000 55.000
9.417 -12.485 169.342 156.000 155.000 61.000
9.417 -12.055 169.346 156.000 155.000 61.000
9.417 -11.625 169.349 159.000 158.000 67.000
9.417 -11.195 169.352 136.000 141.000 57.000
9.416 -10.765 169.356 90.000 98.000 32.000
9.416 -10.335 169.359 71.000 80.000 26.000
9.846 -13.345 169.366 92.000 98.000 41.000
9.846 -12.915 169.370 134.000 134.000 56.000
9.846 -12.485 169.373 142.000 143.000 53.000
9.846 -12.055 169.377 135.000 138.000 47.000
9.846 -11.625 169.380 149.000 150.000 60.000
9.845 -11.195 169.383 146.000 149.000 71.000
9.845 -10.765 169.387 100.000 105.000 42.000
9.845 -10.335 169.390 75.000 83.000 33.000
10.275 -12.915 169.401 86.000 90.000 39.000
10.275 -12.485 169.404 125.000 128.000 52.000
10.274 -12.055 169.408 125.000 129.000 51.000
10.274 -11.625 169.411 149.000 148.000 74.000
10.274 -11.195 169.414 109.000 110.000 60.000
10.274 -10.765 169.418 99.000 101.000 50.000
6.813 -11.198 169.595 83.000 86.000 36.000
7.242 -12.058 169.619 111.000 111.000 59.000
7.242 -11.628 169.622 126.000 125.000 59.000
7.242 -11.198 169.626 119.000 121.000 48.000
7.241 -10.768 169.629 131.000 134.000 57.000
7.241 -10.338 169.633 131.000 138.000 58.000
7.241 -9.908 169.636 132.000 140.000 62.000
7.241 -9.478 169.639 108.000 113.000 58.000
7.671 -12.488 169.647 125.000 128.000 61.000
7.671 -12.058 169.650 140.000 140.000 62.000
7.670 -11.628 169.653 142.000 140.000 60.000
7.670 -11.198 169.657 139.000 142.000 53.000
7.670 -10.768 169.660 139.000 146.000 53.000
7.670 -10.338 169.664 142.000 150.000 53.000
7.670 -9.908 169.667 152.000 162.000 63.000
7.670 -9.478 169.670 167.000 171.000 93.000
7.670 -9.048 169.674 92.000 98.000 62.000
8.100 -12.918 169.674 101.000 108.000 39.000
8.100 -12.488 169.678 134.000 136.000 57.000
8.099 -12.058 169.681 139.000 140.000 55.000
8.099 -11.628 169.685 157.000 158.000 64.000
8.099 -11.198 169.688 148.000 154.000 55.000
8.099 -10.768 169.691 153.000 160.000 55.000
8.099 -10.338 169.695 174.000 181.000 73.000
8.099 -9.908 169.698 195.000 200.000 88.000
8.099 -9.478 169.701 197.000 195.000 112.000
8.099 -9.049 169.705 89.000 88.000 61.000
8.529 -13.348 169.702 135.000 135.000 67.000
8.528 -12.918 169.705 136.000 138.000 58.000
8.528 -12.488 169.709 135.000 136.000 51.000
8.528 -12.058 169.712 139.000 141.000 51.000
8.528 -11.628 169.716 140.000 145.000 47.000
8.528 -11.198 169.719 137.000 145.000 47.000
8.528 -10.768 169.722 157.000 164.000 59.000
8.528 -10.338 169.726 187.000 191.000 84.000
8.528 -9.909 169.729 210.000 213.000 103.000
8.527 -9.479 169.732 196.000 194.000 112.000
8.957 -13.348 169.733 141.000 143.000 67.000
8.957 -12.918 169.736 153.000 153.000 71.000
8.957 -12.488 169.740 155.000 155.000 65.000
8.957 -12.058 169.743 135.000 138.000 46.000
8.957 -11.628 169.747 140.000 143.000 50.000
8.957 -11.198 169.750 119.000 126.000 41.000
8.957 -10.768 169.753 106.000 115.000 34.000
8.956 -10.339 169.757 96.000 102.000 31.000
8.956 -9.909 169.760 202.000 203.000 110.000
8.956 -9.479 169.764 180.000 179.000 113.000
9.386 -13.348 169.764 137.000 139.000 65.000
9.386 -12.918 169.768 146.000 147.000 61.000
9.386 -12.488 169.771 161.000 161.000 67.000
9.386 -12.058 169.774 164.000 162.000 69.000
9.386 -11.628 169.778 176.000 172.000 85.000
9.386 -11.198 169.781 129.000 134.000 54.000
9.385 -10.769 169.784 94.000 102.000 34.000
9.815 -13.348 169.795 130.000 131.000 65.000
9.815 -12.918 169.799 145.000 145.000 65.000
9.815 -12.488 169.802 149.000 150.000 58.000
9.815 -12.058 169.805 147.000 149.000 58.000
9.814 -11.629 169.809 170.000 169.000 79.000
9.814 -11.199 169.812 149.000 149.000 74.000
9.814 -10.769 169.815 98.000 103.000 39.000
9.814 -10.339 169.819 73.000 82.000 29.000
10.244 -12.918 169.830 120.000 123.000 54.000
10.243 -12.488 169.833 139.000 141.000 59.000
10.243 -12.059 169.836 133.000 137.000 54.000
10.243 -11.629 169.840 162.000 161.000 84.000
10.243 -11.199 169.843 158.000 157.000 93.000
10.243 -10.769 169.847 107.000 109.000 54.000
10.672 -12.059 169.867 112.000 115.000 54.000
10.672 -11.629 169.871 109.000 109.000 65.000
6.782 -10.771 170.027 84.000 87.000 41.000
6.781 -10.341 170.030 87.000 91.000 45.000
7.211 -11.631 170.051 124.000 124.000 58.000
7.210 -11.201 170.055 122.000 126.000 48.000
7.210 -10.771 170.058 129.000 132.000 57.000
7.210 -10.341 170.061 110.000 114.000 51.000
7.210 -9.912 170.065 131.000 137.000 74.000
7.640 -12.491 170.076 103.000 105.000 50.000
7.640 -12.061 170.079 129.000 130.000 59.000
7.639 -11.631 170.082 141.000 142.000 60.000
7.639 -11.201 170.086 126.000 132.000 44.000
7.639 -10.771 170.089 135.000 141.000 51.000
7.639 -10.342 170.092 145.000 151.000 63.000
7.639 -9.912 170.096 161.000 167.000 84.000
7.639 -9.482 170.099 163.000 164.000 102.000
8.069 -12.921 170.103 123.000 128.000 53.000
8.068 -12.491 170.107 137.000 140.000 60.000
8.068 -12.061 170.110 145.000 146.000 61.000
8.068 -11.631 170.113 148.000 147.000 57.000
8.068 -11.201 170.117 136.000 142.000 44.000
8.068 -10.772 170.120 144.000 152.000 51.000
8.068 -10.342 170.123 168.000 173.000 73.000
8.068 -9.912 170.127 190.000 193.000 96.000
8.068 -9.482 170.130 192.000 191.000 118.000
8.497 -13.351 170.131 103.000 106.000 48.000
8.497 -12.921 170.134 139.000 140.000 59.000
8.497 -12.491 170.138 139.000 142.000 55.000
8.497 -12.061 170.141 141.000 145.000 53.000
8.497 -11.632 170.144 148.000 150.000 54.000
8.497 -11.202 170.148 146.000 152.000 51.000
8.497 -10.772 170.151 150.000 158.000 53.000
8.497 -10.342 170.154 170.000 176.000 70.000
8.497 -9.912 170.158 201.000 203.000 102.000
8.496 -9.482 170.161 178.000 178.000 115.000
8.926 -13.351 170.162 143.000 144.000 70.000
8.926 -12.921 170.165 146.000 146.000 67.000
8.926 -12.491 170.169 146.000 149.000 59.000
8.926 -12.062 170.172 144.000 149.000 53.000
8.926 -11.632 170.175 140.000 144.000 49.000
8.926 -11.202 170.179 141.000 147.000 54.000
8.926 -10.772 170.182 137.000 145.000 52.000
8.925 -10.342 170.186 149.000 156.000 61.000
8.925 -9.912 170.189 199.000 201.000 104.000
8.925 -9.482 170.192 130.000 129.000 75.000
9.355 -13.351 170.193 153.000 153.000 77.000
9.355 -12.921 170.196 155.000 154.000 71.000
9.355 -12.492 170.200 157.000 156.000 64.000
9.355 -12.062 170.203 158.000 158.000 66.000
9.355 -11.632 170.206 153.000 153.000 65.000
9.354 -11.202 170.210 114.000 120.000 44.000
9.354 -10.772 170.213 81.000 92.000 27.000
9.354 -10.342 170.217 72.000 84.000 23.000
9.354 -9.912 170.220 168.000 171.000 87.000
9.784 -13.352 170.224 137.000 137.000 68.000
9.784 -12.922 170.227 149.000 147.000 67.000
9.784 -12.492 170.231 154.000 153.000 60.000
9.784 -12.062 170.234 153.000 153.000 62.000
9.783 -11.632 170.238 168.000 168.000 79.000
9.783 -11.202 170.241 119.000 125.000 50.000
9.783 -10.772 170.244 82.000 91.000 30.000
9.783 -10.342 170.248 69.000 81.000 24.000
10.213 -13.352 170.255 85.000 88.000 42.000
10.213 -12.922 170.258 134.000 134.000 64.000
10.212 -12.492 170.262 143.000 143.000 61.000
10.212 -12.062 170.265 143.000 144.000 63.000
10.212 -11.632 170.269 165.000 164.000 87.000
10.212 -11.202 170.272 118.000 119.000 57.000
10.212 -10.772 170.275 90.000 96.000 39.000
10.641 -12.492 170.293 100.000 105.000 42.000
10.641 -12.062 170.296 130.000 133.000 62.000
10.641 -11.632 170.300 101.000 103.000 56.000
6.751 -11.205 170.452 86.000 88.000 40.000
7.180 -11.635 170.480 126.000 129.000 57.000
7.179 -11.205 170.483 109.000 114.000 40.000
7.179 -10.775 170.487 108.000 112.000 48.000
7.179 -10.345 170.490 106.000 109.000 59.000
7.179 -9.915 170.494 158.000 157.000 119.000
7.609 -12.494 170.504 95.000 96.000 52.000
7.608 -12.065 170.508 120.000 120.000 58.000
7.608 -11.635 170.511 134.000 136.000 54.000
7.608 -11.205 170.514 112.000 119.000 36.000
7.608 -10.775 170.518 123.000 129.000 45.000
7.608 -10.345 170.521 146.000 148.000 74.000
7.608 -9.915 170.525 184.000 185.000 118.000
7.608 -9.485 170.528 145.000 144.000 108.000
8.038 -12.925 170.532 93.000 98.000 40.000
8.037 -12.495 170.535 137.000 142.000 64.000
8.037 -12.065 170.539 142.000 144.000 61.000
8.037 -11.635 170.542 144.000 145.000 54.000
8.037 -11.205 170.545 137.000 141.000 44.000
8.037 -10.775 170.549 136.000 142.000 47.000
8.037 -10.345 170.552 157.000 161.000 71.000
8.037 -9.915 170.556 191.000 193.000 108.000
8.037 -9.485 170.559 174.000 174.000 110.000
8.466 -13.355 170.560 90.000 93.000 42.000
8.466 -12.925 170.563 127.000 130.000 54.000
8.466 -12.495 170.566 133.000 137.000 53.000
8.466 -12.065 170.570 139.000 142.000 53.000
8.466 -11.635 170.573 140.000 143.000 48.000
8.466 -11.205 170.577 131.000 136.000 41.000
8.466 -10.775 170.580 136.000 141.000 49.000
8.466 -10.345 170.583 165.000 167.000 71.000
8.465 -9.915 170.587 199.000 200.000 106.000
8.465 -9.485 170.590 150.000 150.000 89.000
8.895 -13.355 170.591 148.000 150.000 72.000
8.895 -12.925 170.594 145.000 146.000 64.000
8.895 -12.495 170.597 142.000 145.000 54.000
8.895 -12.065 170.601 135.000 140.000 47.000
8.895 -11.635 170.604 142.000 144.000 51.000
8.895 -11.205 170.608 117.000 123.000 41.000
8.895 -10.775 170.611 117.000 123.000 41.000
8.894 -10.345 170.614 126.000 133.000 47.000
8.894 -9.915 170.618 189.000 189.000 104.000
9.324 -13.355 170.622 144.000 147.000 65.000
9.324 -12.925 170.625 156.000 154.000 71.000
9.324 -12.495 170.628 153.000 154.000 59.000
9.324 -12.065 170.632 148.000 150.000 54.000
9.324 -11.635 170.635 147.000 151.000 56.000
9.323 -11.205 170.639 99.000 108.000 37.000
9.323 -10.775 170.642 77.000 89.000 25.000
9.323 -10.345 170.645 69.000 83.000 19.000
9.753 -13.355 170.653 139.000 140.000 67.000
9.753 -12.925 170.656 143.000 144.000 59.000
9.753 -12.495 170.660 150.000 151.000 56.000
9.752 -12.065 170.663 136.000 138.000 47.000
9.752 -11.635 170.666 147.000 147.000 59.000
9.752 -11.205 170.670 90.000 97.000 34.000
10.182 -13.355 170.684 113.000 114.000 57.000
10.182 -12.925 170.687 138.000 137.000 65.000
10.181 -12.495 170.691 137.000 138.000 56.000
10.181 -12.065 170.694 140.000 140.000 61.000
10.181 -11.635 170.697 145.000 147.000 65.000
10.181 -11.205 170.701 89.000 94.000 37.000
10.610 -12.925 170.718 82.000 85.000 38.000
10.610 -12.495 170.722 96.000 100.000 40.000
10.610 -12.065 170.725 104.000 106.000 47.000
10.610 -11.636 170.728 78.000 80.000 37.000
7.149 -11.638 170.909 119.000 119.000 56.000
7.148 -11.208 170.912 129.000 132.000 54.000
7.148 -10.778 170.916 114.000 116.000 54.000
7.148 -10.348 170.919 99.000 101.000 62.000
7.577 -12.068 170.936 138.000 137.000 66.000
7.577 -11.638 170.940 131.000 134.000 53.000
7.577 -11.208 170.943 128.000 131.000 44.000
7.577 -10.778 170.947 138.000 141.000 58.000
7.577 -10.348 170.950 145.000 147.000 79.000
7.577 -9.918 170.953 186.000 186.000 130.000
8.006 -12.928 170.961 87.000 93.000 37.000
8.006 -12.498 170.964 125.000 131.000 56.000
8.006 -12.068 170.968 137.000 142.000 55.000
8.006 -11.638 170.971 133.000 137.000 45.000
8.006 -11.208 170.974 133.000 136.000 42.000
8.006 -10.778 170.978 144.000 147.000 56.000
8.006 -10.348 170.981 152.000 157.000 73.000
8.006 -9.919 170.984 183.000 185.000 109.000
8.005 -9.489 170.988 90.000 90.000 60.000
8.435 -12.928 170.992 130.000 136.000 53.000
8.435 -12.498 170.995 123.000 132.000 46.000
8.435 -12.068 170.999 133.000 140.000 48.000
8.435 -11.638 171.002 137.000 142.000 46.000
8.435 -11.208 171.005 132.000 137.000 42.000
8.435 -10.778 171.009 131.000 138.000 44.000
8.435 -10.349 171.012 145.000 152.000 59.000
8.434 -9.919 171.015 181.000 184.000 97.000
8.434 -9.489 171.019 99.000 101.000 55.000
8.864 -13.358 171.019 140.000 142.000 68.000
8.864 -12.928 171.023 144.000 147.000 61.000
8.864 -12.498 171.026 138.000 143.000 51.000
8.864 -12.068 171.030 135.000 140.000 47.000
8.864 -11.638 171.033 139.000 144.000 49.000
8.864 -11.208 171.036 121.000 127.000 43.000
8.863 -10.779 171.040 112.000 122.000 36.000
8.863 -10.349 171.043 124.000 133.000 43.000
8.863 -9.919 171.046 151.000 157.000 63.000
9.293 -13.358 171.051 141.000 146.000 62.000
9.293 -12.928 171.054 157.000 157.000 70.000
9.293 -12.498 171.057 151.000 150.000 56.000
9.293 -12.068 171.061 144.000 145.000 51.000
9.293 -11.639 171.064 134.000 139.000 47.000
9.292 -11.209 171.067 84.000 93.000 30.000
9.292 -10.779 171.071 74.000 87.000 22.000
9.292 -10.349 171.074 85.000 98.000 21.000
9.292 -9.919 171.078 128.000 132.000 37.000
9.722 -13.358 171.082 140.000 140.000 67.000
9.722 -12.928 171.085 146.000 145.000 63.000
9.722 -12.498 171.088 143.000 144.000 50.000
9.721 -12.069 171.092 142.000 143.000 52.000
9.721 -11.639 171.095 136.000 140.000 48.000
10.151 -13.358 171.113 117.000 118.000 58.000
10.150 -12.928 171.116 124.000 126.000 55.000
10.150 -12.499 171.119 127.000 128.000 49.000
10.150 -12.069 171.123 124.000 126.000 47.000
10.150 -11.639 171.126 125.000 131.000 45.000
10.579 -12.499 171.150 100.000 103.000 42.000
10.579 -12.069 171.154 103.000 106.000 43.000
7.117 -11.211 171.341 111.000 112.000 52.000
7.117 -10.781 171.344 83.000 84.000 43.000
7.117 -10.352 171.348 84.000 87.000 52.000
7.546 -12.071 171.365 119.000 119.000 58.000
7.546 -11.641 171.369 118.000 120.000 52.000
7.546 -11.212 171.372 136.000 139.000 53.000
7.546 -10.782 171.375 140.000 144.000 62.000
7.546 -10.352 171.379 146.000 150.000 80.000
7.546 -9.922 171.382 100.000 101.000 66.000
7.975 -12.501 171.393 96.000 98.000 47.000
7.975 -12.071 171.396 133.000 138.000 56.000
7.975 -11.642 171.400 126.000 132.000 44.000
7.975 -11.212 171.403 128.000 135.000 42.000
7.975 -10.782 171.406 139.000 145.000 54.000
7.975 -10.352 171.410 147.000 154.000 70.000
7.975 -9.922 171.413 139.000 144.000 77.000
8.404 -12.931 171.421 108.000 114.000 45.000
8.404 -12.501 171.424 134.000 141.000 57.000
8.404 -12.072 171.427 134.000 141.000 50.000
8.404 -11.642 171.431 130.000 137.000 41.000
8.404 -11.212 171.434 129.000 135.000 39.000
8.404 -10.782 171.437 136.000 143.000 48.000
8.403 -10.352 171.441 137.000 145.000 54.000
8.403 -9.922 171.444 129.000 137.000 54.000
8.833 -13.361 171.448 132.000 133.000 67.000
8.833 -12.932 171.452 141.000 144.000 61.000
8.833 -12.502 171.455 135.000 140.000 50.000
8.833 -12.072 171.458 137.000 143.000 47.000
8.833 -11.642 171.462 138.000 145.000 43.000
8.833 -11.212 171.465 126.000 133.000 38.000
8.832 -10.782 171.469 124.000 133.000 40.000
8.832 -10.352 171.472 112.000 122.000 35.000
8.832 -9.922 171.475 111.000 121.000 38.000
9.262 -13.362 171.479 139.000 142.000 64.000
9.262 -12.932 171.483 147.000 146.000 62.000
9.262 -12.502 171.486 145.000 146.000 50.000
9.262 -12.072 171.489 135.000 140.000 41.000
9.261 -11.642 171.493 137.000 143.000 39.000
9.261 -11.212 171.496 94.000 105.000 26.000
9.261 -10.782 171.500 91.000 102.000 25.000
9.261 -10.352 171.503 100.000 107.000 25.000
9.261 -9.922 171.506 82.000 95.000 23.000
9.691 -13.362 171.510 138.000 138.000 69.000
9.691 -12.932 171.514 140.000 139.000 61.000
9.690 -12.502 171.517 138.000 140.000 48.000
9.690 -12.072 171.520 133.000 137.000 41.000
9.690 -11.642 171.524 131.000 139.000 36.000
9.690 -11.212 171.527 70.000 85.000 16.000
9.690 -10.782 171.531 80.000 92.000 21.000
9.690 -10.352 171.534 96.000 107.000 29.000
10.120 -13.362 171.541 127.000 128.000 68.000
10.119 -12.932 171.545 128.000 129.000 60.000
10.119 -12.502 171.548 122.000 124.000 48.000
10.119 -12.072 171.552 129.000 133.000 47.000
10.119 -11.642 171.555 101.000 113.000 25.000
10.119 -11.212 171.558 67.000 82.000 15.000
10.119 -10.782 171.562 88.000 99.000 27.000
10.548 -12.502 171.579 88.000 92.000 38.000
10.548 -12.072 171.583 100.000 105.000 40.000
7.086 -11.215 171.770 84.000 84.000 45.000
7.515 -11.645 171.797 96.000 98.000 46.000
7.515 -11.215 171.801 139.000 142.000 62.000
7.515 -10.785 171.804 138.000 142.000 67.000
7.515 -10.355 171.808 111.000 115.000 60.000
7.944 -12.075 171.825 114.000 117.000 50.000
7.944 -11.645 171.828 121.000 126.000 45.000
7.944 -11.215 171.832 131.000 137.000 48.000
7.944 -10.785 171.835 136.000 143.000 55.000
7.944 -10.355 171.839 138.000 146.000 61.000
7.944 -9.925 171.842 108.000 115.000 52.000
8.373 -12.935 171.849 107.000 110.000 53.000
8.373 -12.505 171.853 136.000 138.000 64.000
8.373 -12.075 171.856 134.000 139.000 53.000
8.373 -11.645 171.859 123.000 131.000 38.000
8.373 -11.215 171.863 134.000 141.000 43.000
8.373 -10.785 171.866 134.000 142.000 46.000
8.372 -10.355 171.870 128.000 137.000 47.000
8.372 -9.925 171.873 107.000 118.000 42.000
8.802 -13.365 171.877 119.000 120.000 63.000
8.802 -12.935 171.880 144.000 145.000 66.000
8.802 -12.505 171.884 136.000 140.000 53.000
8.802 -12.075 171.887 133.000 139.000 44.000
8.802 -11.645 171.891 127.000 137.000 33.000
8.801 -11.215 171.894 122.000 131.000 29.000
8.801 -10.785 171.897 120.000 129.000 34.000
8.801 -10.355 171.901 118.000 128.000 39.000
8.801 -9.926 171.904 101.000 111.000 38.000
9.231 -13.365 171.908 143.000 143.000 72.000
9.231 -12.935 171.911 145.000 146.000 63.000
9.231 -12.505 171.915 134.000 138.000 44.000
9.231 -12.075 171.918 126.000 133.000 33.000
9.230 -11.645 171.922 128.000 133.000 27.000
9.230 -11.215 171.925 95.000 103.000 18.000
9.230 -10.785 171.928 96.000 103.000 21.000
9.230 -10.356 171.932 99.000 106.000 24.000
9.660 -13.365 171.939 136.000 135.000 70.000
9.660 -12.935 171.943 131.000 133.000 55.000
9.659 -12.505 171.946 130.000 134.000 44.000
9.659 -12.075 171.949 131.000 137.000 36.000
9.659 -11.645 171.953 113.000 122.000 21.000
9.659 -11.215 171.956 87.000 98.000 16.000
9.659 -10.786 171.959 90.000 101.000 20.000
9.659 -10.356 171.963 91.000 102.000 25.000
10.088 -13.365 171.970 117.000 119.000 60.000
10.088 -12.935 171.974 123.000 125.000 58.000
10.088 -12.505 171.977 114.000 119.000 44.000
10.088 -12.075 171.980 123.000 129.000 41.000
10.088 -11.646 171.984 98.000 111.000 22.000
10.088 -11.216 171.987 89.000 101.000 20.000
7.484 -11.648 172.226 84.000 85.000 45.000
7.484 -11.218 172.230 120.000 120.000 61.000
7.484 -10.788 172.233 107.000 108.000 57.000
7.484 -10.358 172.236 106.000 109.000 61.000
7.913 -12.078 172.254 94.000 95.000 46.000
7.913 -11.648 172.257 126.000 128.000 58.000
7.913 -11.218 172.261 141.000 142.000 67.000
7.913 -10.788 172.264 138.000 143.000 67.000
7.913 -10.359 172.267 130.000 137.000 63.000
7.912 -9.929 172.271 88.000 93.000 47.000
8.342 -12.508 172.282 130.000 129.000 64.000
8.342 -12.078 172.285 132.000 134.000 57.000
8.342 -11.648 172.288 121.000 126.000 43.000
8.342 -11.219 172.292 133.000 139.000 50.000
8.342 -10.789 172.295 135.000 142.000 57.000
8.341 -10.359 172.298 131.000 137.000 59.000
8.341 -9.929 172.302 87.000 94.000 42.000
8.771 -12.938 172.309 144.000 141.000 73.000
8.771 -12.508 172.313 144.000 142.000 66.000
8.771 -12.078 172.316 134.000 137.000 50.000
8.771 -11.649 172.319 124.000 132.000 36.000
8.770 -11.219 172.323 120.000 127.000 32.000
8.770 -10.789 172.326 122.000 131.000 40.000
8.770 -10.359 172.329 123.000 133.000 49.000
9.200 -13.368 172.337 143.000 139.000 85.000
9.200 -12.938 172.340 146.000 144.000 72.000
9.200 -12.508 172.344 142.000 143.000 56.000
9.199 -12.079 172.347 142.000 145.000 46.000
9.199 -11.649 172.350 122.000 127.000 27.000
9.199 -11.219 172.354 100.000 104.000 18.000
9.199 -10.789 172.357 97.000 105.000 22.000
9.199 -10.359 172.361 94.000 106.000 27.000
9.199 -9.929 172.364 90.000 102.000 36.000
9.629 -13.368 172.368 129.000 130.000 69.000
9.629 -12.939 172.371 130.000 131.000 59.000
9.628 -12.509 172.375 132.000 133.000 49.000
9.628 -12.079 172.378 127.000 132.000 36.000
9.628 -11.649 172.381 96.000 107.000 16.000
9.628 -11.219 172.385 96.000 105.000 17.000
9.628 -10.789 172.388 94.000 104.000 22.000
10.057 -13.369 172.399 89.000 94.000 43.000
10.057 -12.939 172.402 115.000 119.000 51.000
10.057 -12.509 172.406 119.000 123.000 46.000
10.057 -12.079 172.409 116.000 124.000 36.000
7.453 -10.792 172.662 93.000 93.000 56.000
7.453 -10.362 172.665 82.000 84.000 52.000
7.882 -11.652 172.686 94.000 94.000 51.000
7.882 -11.222 172.689 109.000 109.000 60.000
7.882 -10.792 172.693 115.000 118.000 65.000
7.882 -10.362 172.696 113.000 119.000 69.000
8.311 -12.082 172.714 119.000 118.000 58.000
8.311 -11.652 172.717 107.000 110.000 46.000
8.311 -11.222 172.720 113.000 116.000 52.000
8.310 -10.792 172.724 119.000 126.000 59.000
8.310 -10.362 172.727 103.000 110.000 56.000
8.740 -12.942 172.738 133.000 133.000 73.000
8.740 -12.512 172.741 137.000 136.000 63.000
8.740 -12.082 172.745 126.000 127.000 52.000
8.740 -11.652 172.748 117.000 122.000 41.000
8.739 -11.222 172.751 117.000 123.000 42.000
8.739 -10.792 172.755 114.000 123.000 45.000
8.739 -10.362 172.758 110.000 120.000 52.000
9.169 -12.942 172.769 143.000 139.000 78.000
9.169 -12.512 172.772 144.000 142.000 66.000
9.168 -12.082 172.776 128.000 130.000 45.000
9.168 -11.652 172.779 103.000 115.000 27.000
9.168 -11.222 172.783 102.000 108.000 27.000
9.168 -10.792 172.786 108.000 117.000 36.000
9.168 -10.362 172.789 96.000 107.000 40.000
9.598 -13.372 172.797 89.000 90.000 47.000
9.597 -12.942 172.800 137.000 135.000 70.000
9.597 -12.512 172.803 126.000 128.000 50.000
9.597 -12.082 172.807 124.000 129.000 40.000
9.597 -11.652 172.810 121.000 128.000 31.000
10.026 -12.942 172.831 93.000 101.000 36.000
8.280 -12.085 173.142 115.000 114.000 60.000
8.280 -11.655 173.146 114.000 111.000 62.000
8.280 -11.225 173.149 79.000 80.000 44.000
8.279 -10.795 173.153 87.000 91.000 54.000
8.279 -10.365 173.156 87.000 92.000 61.000
8.709 -12.515 173.170 119.000 118.000 62.000
8.709 -12.085 173.174 127.000 126.000 62.000
8.708 -11.655 173.177 122.000 122.000 56.000
8.708 -11.225 173.180 99.000 105.000 43.000
8.708 -10.795 173.184 97.000 106.000 48.000
8.708 -10.366 173.187 93.000 101.000 56.000
9.138 -12.945 173.198 155.000 148.000 101.000
9.137 -12.515 173.201 145.000 142.000 76.000
9.137 -12.085 173.205 128.000 129.000 55.000
9.137 -11.655 173.208 120.000 123.000 45.000
9.137 -11.226 173.211 82.000 96.000 25.000
9.566 -12.945 173.229 142.000 140.000 78.000
9.566 -12.515 173.232 145.000 143.000 68.000
9.566 -12.085 173.236 137.000 138.000 53.000
8.678 -12.089 173.602 95.000 95.000 53.000
8.677 -11.659 173.606 90.000 90.000 46.000
8.677 -11.229 173.609 85.000 88.000 40.000
9.106 -12.519 173.630 132.000 126.000 87.000
9.106 -12.089 173.633 121.000 119.000 64.000
9.535 -12.949 173.658 133.000 128.000 80.000
