14.051395766171696 44.59092067765254 162.7494569574149 70.0 81.0 23.0
13.161106470982261 44.153837616534496 163.14233371477644 98.0 108.0 34.0
13.596144385187685 44.15379913584158 163.16258566224798 71.0 85.0 19.0
13.59610590449477 44.58930503943328 163.16423978116015 80.0 92.0 21.0
14.031182299393105 44.153760655148666 163.18283760971946 72.0 86.0 18.0
14.03114381870019 44.58926655874036 163.18449172863163 72.0 85.0 19.0
14.466220213598529 44.15372217445575 163.20308955719096 78.0 93.0 20.0
14.466181732905614 44.58922807804745 163.20474367610313 94.0 106.0 30.0
12.705855089998247 43.716716074723536 163.5554624196095 87.0 96.0 35.0
12.705816609305332 44.15222197831523 163.55711653852168 118.0 123.0 47.0
13.140893004203669 43.71667759403062 163.575714367081 83.0 96.0 28.0
13.140854523510756 44.15218349762232 163.5773684859932 107.0 117.0 36.0
13.14081604281784 44.58768940121401 163.57902260490536 116.0 124.0 39.0
13.140777562124926 45.023195304805704 163.58067672381753 107.0 111.0 42.0
13.575892437716178 44.1521450169294 163.59762043346467 90.0 103.0 24.0
13.575853957023263 44.58765092052109 163.59927455237687 98.0 108.0 26.0
14.0109303519216 44.15210653623649 163.61787238093618 82.0 96.0 19.0
14.010891871228685 44.58761243982818 163.61952649984835 88.0 98.0 24.0
14.445968266127023 44.15206805554357 163.63812432840768 89.0 101.0 22.0
14.445929785434108 44.58757395913526 163.63977844731988 104.0 109.0 37.0
14.445891304741194 45.02307986272696 163.64143256623206 98.0 104.0 41.0
14.881006180332445 44.15202957485066 163.65837627587922 87.0 98.0 31.0
14.88096769963953 44.58753547844235 163.6600303947914 94.0 101.0 36.0
14.880929218946616 45.023041382034044 163.66168451370356 88.0 91.0 48.0
12.250565228321317 43.71510043650427 163.97024524335473 89.0 95.0 45.0
12.250526747628403 44.15060634009597 163.9718993622669 120.0 123.0 54.0
12.250488266935488 44.586112243687666 163.97355348117907 129.0 129.0 57.0
12.685603142526741 43.71506195581136 163.9904971908262 110.0 119.0 48.0
12.685564661833826 44.150567859403054 163.9921513097384 121.0 127.0 46.0
12.685526181140911 44.58607376299475 163.99380542865057 124.0 127.0 44.0
12.685487700447997 45.02157966658644 163.99545954756277 126.0 129.0 49.0
13.120641056732163 43.71502347511845 164.0107491382977 92.0 106.0 28.0
13.12060257603925 44.15052937871014 164.01240325720988 132.0 143.0 45.0
13.120564095346335 44.586035282301836 164.01405737612208 130.0 138.0 41.0
13.12052561465342 45.021541185893525 164.01571149503428 126.0 132.0 47.0
13.555678970937587 43.714984994425535 164.03100108576922 80.0 94.0 21.0
13.555640490244672 44.150490898017225 164.03265520468142 122.0 134.0 36.0
13.555602009551757 44.58599680160892 164.0343093235936 124.0 135.0 37.0
13.555563528858842 45.02150270520061 164.03596344250576 114.0 122.0 39.0
13.55552504816593 45.45700860879231 164.03761756141796 77.0 80.0 34.0
13.99067840445009 44.15045241732431 164.05290715215293 112.0 122.0 35.0
13.990639923757175 44.585958320916006 164.0545612710651 108.0 115.0 32.0
13.99060144306426 45.021464224507696 164.05621538997727 101.0 107.0 32.0
13.990562962371348 45.45697012809939 164.05786950888944 88.0 93.0 33.0
14.425716318655514 44.150413936631395 164.07315909962443 99.0 108.0 29.0
14.4256778379626 44.58591984022309 164.0748132185366 113.0 117.0 43.0
14.425639357269684 45.02142574381478 164.07646733744878 106.0 109.0 43.0
14.42560087657677 45.45693164740648 164.07812145636095 101.0 104.0 43.0
14.860754232860936 44.15037545593848 164.09341104709594 86.0 97.0 28.0
14.860715752168023 44.58588135953018 164.0950651660081 104.0 108.0 44.0
14.860677271475108 45.021387263121866 164.09671928492028 129.0 129.0 78.0
14.860638790782193 45.45689316671356 164.09837340383248 92.0 93.0 53.0
11.36016049105314 44.58453508616131 164.3680843574528 115.0 121.0 52.0
11.795236885951477 44.148990701876706 164.3866821860121 125.0 131.0 56.0
11.795198405258562 44.584496605468395 164.3883363049243 138.0 143.0 56.0
11.795159924565649 45.02000250906009 164.38999042383648 153.0 159.0 74.0
11.795121443872734 45.45550841265178 164.39164454274865 165.0 171.0 96.0
12.230313280849812 43.71344631759209 164.40528001457145 91.0 102.0 30.0
12.230274800156897 44.14895222118379 164.40693413348365 126.0 134.0 51.0
12.230236319463982 44.58445812477548 164.40858825239582 129.0 134.0 45.0
12.230197838771067 45.01996402836718 164.410242371308 133.0 138.0 52.0
12.230159358078154 45.455469931958866 164.41189649022016 98.0 101.0 41.0
12.665351195055235 43.71340783689917 164.42553196204295 102.0 115.0 31.0
12.66531271436232 44.148913740490876 164.42718608095512 121.0 129.0 37.0
12.665274233669406 44.584419644082566 164.42884019986732 120.0 128.0 32.0
12.665235752976491 45.01992554767426 164.4304943187795 131.0 137.0 43.0
12.665197272283576 45.45543145126595 164.43214843769167 135.0 138.0 60.0
12.665158791590661 45.89093735485764 164.43380255660384 134.0 137.0 73.0
13.100389109260657 43.713369356206265 164.44578390951446 97.0 111.0 26.0
13.100350628567744 44.14887525979796 164.44743802842663 131.0 143.0 37.0
13.10031214787483 44.58438116338965 164.4490921473388 131.0 141.0 34.0
13.100273667181915 45.01988706698135 164.450746266251 138.0 146.0 45.0
13.100235186489 45.45539297057304 164.45240038516317 145.0 149.0 63.0
13.100196705796085 45.890898874164726 164.45405450407537 146.0 150.0 78.0
13.535427023466081 43.71333087551335 164.46603585698597 101.0 116.0 27.0
13.535388542773166 44.148836779105046 164.46768997589814 135.0 148.0 39.0
13.535350062080251 44.584342682696736 164.4693440948103 135.0 146.0 35.0
13.535311581387337 45.01984858628843 164.47099821372248 137.0 145.0 44.0
13.535273100694424 45.45535448988012 164.47265233263468 133.0 138.0 50.0
13.535234620001509 45.89086039347181 164.47430645154688 105.0 107.0 55.0
13.9704649376715 43.713292394820435 164.48628780445748 79.0 93.0 20.0
13.970426456978585 44.14879829841213 164.48794192336965 127.0 138.0 39.0
13.97038797628567 44.58430420200382 164.48959604228182 129.0 138.0 39.0
13.970349495592755 45.01981010559552 164.49125016119402 112.0 119.0 34.0
13.970311014899842 45.45531600918721 164.4929042801062 106.0 111.0 34.0
13.970272534206927 45.890821912778904 164.49455839901836 88.0 89.0 40.0
14.405464371184008 44.14875981771922 164.50819387084115 114.0 123.0 39.0
14.405425890491093 44.584265721310906 164.50984798975335 127.0 132.0 54.0
14.405387409798179 45.0197716249026 164.51150210866552 116.0 119.0 43.0
14.405348929105264 45.45527752849429 164.5131562275777 106.0 109.0 37.0
14.405310448412349 45.89078343208599 164.51481034648987 99.0 103.0 39.0
14.840463804696517 44.58422724061799 164.53009993722486 99.0 106.0 38.0
14.840425324003602 45.01973314420969 164.53175405613703 115.0 118.0 55.0
14.840386843310688 45.45523904780138 164.5334081750492 113.0 116.0 57.0
14.840348362617773 45.890744951393074 164.53506229396137 85.0 85.0 49.0
15.275501718901939 44.58418875992508 164.55035188469634 86.0 96.0 40.0
15.275463238209024 45.01969466351677 164.55200600360854 87.0 94.0 46.0
11.339947024274547 44.14737506365743 164.80146500975735 80.0 82.0 40.0
11.339908543581632 44.58288096724913 164.80311912866952 82.0 85.0 36.0
11.77498493847997 44.14733658296452 164.82171695722886 133.0 142.0 54.0
11.774946457787056 44.58284248655622 164.82337107614103 138.0 145.0 52.0
11.774907977094141 45.01834839014791 164.8250251950532 124.0 129.0 51.0
12.210061333378304 43.71179219867991 164.84031478578817 80.0 94.0 20.0
12.21002285268539 44.147298102271606 164.84196890470034 117.0 128.0 35.0
12.209984371992475 44.5828040058633 164.84362302361254 132.0 140.0 41.0
12.209945891299562 45.01830990945499 164.84527714252474 140.0 148.0 52.0
12.209907410606647 45.45381581304668 164.8469312614369 137.0 142.0 61.0
12.209868929913732 45.88932171663838 164.84858538034908 120.0 123.0 59.0
12.645099247583728 43.711753717986994 164.86056673325967 94.0 109.0 23.0
12.645060766890813 44.14725962157869 164.86222085217184 115.0 128.0 26.0
12.645022286197898 44.58276552517039 164.86387497108402 125.0 136.0 29.0
12.644983805504983 45.01827142876208 164.86552908999622 142.0 150.0 51.0
12.644945324812069 45.45377733235377 164.86718320890841 154.0 161.0 66.0
12.644906844119156 45.88928323594546 164.8688373278206 152.0 156.0 71.0
13.080137161789152 43.71171523729409 164.88081868073118 92.0 107.0 20.0
13.080098681096237 44.147221140885776 164.88247279964335 121.0 134.0 23.0
13.080060200403322 44.58272704447747 164.88412691855555 127.0 138.0 25.0
13.080021719710407 45.01823294806916 164.88578103746772 140.0 148.0 42.0
13.079983239017492 45.45373885166086 164.8874351563799 147.0 153.0 58.0
13.079944758324578 45.88924475525255 164.8890892752921 145.0 148.0 63.0
13.079906277631663 46.32475065884424 164.89074339420426 117.0 116.0 67.0
13.515175075994573 43.71167675660117 164.9010706282027 101.0 116.0 24.0
13.515136595301659 44.14718266019286 164.9027247471149 125.0 138.0 25.0
13.515098114608744 44.58268856378456 164.90437886602706 129.0 140.0 27.0
13.51505963391583 45.01819446737625 164.90603298493923 135.0 143.0 37.0
13.515021153222916 45.453700370967944 164.9076871038514 139.0 144.0 47.0
13.514982672530001 45.88920627455963 164.90934122276357 135.0 137.0 55.0
13.514944191837087 46.32471217815132 164.91099534167577 99.0 99.0 57.0
13.950212990199994 43.71163827590826 164.9213225756742 79.0 88.0 26.0
13.950174509507079 44.147144179499946 164.9229766945864 113.0 124.0 28.0
13.950136028814164 44.58265008309164 164.92463081349857 135.0 144.0 37.0
13.95009754812125 45.01815598668333 164.92628493241074 134.0 141.0 43.0
13.950059067428336 45.45366189027503 164.9279390513229 117.0 123.0 39.0
13.950020586735421 45.88916779386672 164.92959317023508 108.0 111.0 39.0
14.385212423712503 44.14710569880703 164.94322864205787 81.0 88.0 22.0
14.385173943019588 44.58261160239873 164.94488276097007 119.0 123.0 39.0
14.385135462326673 45.01811750599042 164.94653687988225 126.0 131.0 50.0
14.385096981633758 45.453623409582114 164.94819099879442 115.0 119.0 45.0
14.385058500940843 45.889129313173804 164.94984511770662 114.0 116.0 51.0
14.820211857225011 44.58257312170581 164.96513470844155 107.0 111.0 31.0
14.820173376532097 45.0180790252975 164.96678882735375 109.0 112.0 35.0
14.820134895839182 45.4535849288892 164.96844294626595 110.0 113.0 43.0
14.820096415146267 45.88909083248089 164.97009706517812 109.0 111.0 46.0
15.255249771430433 44.5825346410129 164.98538665591306 97.0 105.0 41.0
15.255211290737519 45.01804054460459 164.98704077482526 96.0 104.0 39.0
15.255172810044604 45.453546448196285 164.98869489373743 108.0 111.0 53.0
11.319656596110127 44.58122684833695 165.23815389988627 126.0 133.0 53.0
11.319618115417212 45.01673275192864 165.23980801879844 117.0 123.0 54.0
11.319579634724297 45.45223865552033 165.2414621377106 87.0 89.0 50.0
11.754732991008463 44.14568246405234 165.25675172844558 124.0 133.0 46.0
11.75469451031555 44.58118836764403 165.25840584735778 141.0 151.0 53.0
11.754656029622636 45.01669427123573 165.26005996626995 151.0 159.0 63.0
11.75461754892972 45.45220017482742 165.26171408518212 154.0 160.0 77.0
11.754579068236806 45.88770607841911 165.2633682040943 91.0 92.0 51.0
12.189809385906798 43.710138079767724 165.2753495570049 85.0 99.0 24.0
12.189770905213884 44.14564398335943 165.2770036759171 117.0 129.0 32.0
12.189732424520969 44.58114988695112 165.27865779482926 134.0 144.0 40.0
12.189693943828056 45.01665579054281 165.28031191374143 142.0 150.0 50.0
12.189655463135141 45.4521616941345 165.28196603265363 148.0 154.0 58.0
12.189616982442226 45.88766759772619 165.2836201515658 154.0 158.0 69.0
12.189578501749311 46.32317350131789 165.285274270478 91.0 92.0 57.0
12.624847300112222 43.71009959907481 165.29560150447642 94.0 109.0 22.0
12.624808819419307 44.14560550266651 165.2972556233886 117.0 130.0 27.0
12.624770338726393 44.5811114062582 165.29890974230076 125.0 136.0 28.0
12.624731858033478 45.0166173098499 165.30056386121294 135.0 143.0 39.0
12.624693377340563 45.45212321344159 165.3022179801251 146.0 152.0 53.0
12.62465489664765 45.88762911703328 165.3038720990373 157.0 162.0 70.0
12.624616415954735 46.323135020624974 165.3055262179495 166.0 169.0 98.0
13.059885214317646 43.7100611183819 165.31585345194793 98.0 114.0 22.0
13.059846733624731 44.1455670219736 165.3175075708601 121.0 135.0 24.0
13.059808252931816 44.58107292556529 165.31916168977227 131.0 142.0 29.0
13.059769772238901 45.016578829156984 165.32081580868444 138.0 147.0 39.0
13.059731291545987 45.45208473274867 165.32246992759661 144.0 150.0 51.0
13.059692810853072 45.88759063634036 165.3241240465088 151.0 154.0 63.0
13.059654330160157 46.32309653993206 165.32577816542099 157.0 159.0 85.0
13.494923128523068 43.710022637688986 165.33610539941944 98.0 114.0 21.0
13.494884647830153 44.14552854128068 165.3377595183316 124.0 137.0 23.0
13.494846167137238 44.58103444487237 165.33941363724378 129.0 141.0 26.0
13.494807686444325 45.01654034846407 165.34106775615595 134.0 143.0 35.0
13.49476920575141 45.45204625205576 165.34272187506815 137.0 143.0 45.0
13.494730725058496 45.887552155647455 165.34437599398032 140.0 141.0 52.0
13.49469224436558 46.323058059239145 165.3460301128925 136.0 136.0 65.0
13.929961042728488 43.70998415699607 165.35635734689092 104.0 120.0 25.0
13.929922562035573 44.14549006058777 165.3580114658031 120.0 131.0 26.0
13.929884081342658 44.58099596417946 165.3596655847153 112.0 124.0 21.0
13.929845600649744 45.016501867771154 165.3613197036275 114.0 124.0 26.0
13.92980711995683 45.452007771362844 165.36297382253966 124.0 129.0 36.0
13.929768639263916 45.88751367495454 165.36462794145183 124.0 125.0 43.0
13.929730158571001 46.32301957854623 165.366282060364 123.0 124.0 56.0
14.364960476240997 44.14545157989485 165.3782634132746 113.0 120.0 34.0
14.364921995548082 44.58095748348654 165.3799175321868 123.0 129.0 36.0
14.364883514855167 45.01646338707824 165.38157165109897 121.0 126.0 37.0
14.364845034162252 45.45196929066993 165.38322577001117 121.0 124.0 41.0
14.364806553469338 45.887475194261626 165.38487988892334 126.0 128.0 56.0
14.364768072776423 46.322981097853315 165.3865340078355 123.0 126.0 62.0
14.799998390446419 44.14541309920194 165.39851536074613 123.0 132.0 46.0
14.799959909753506 44.58091900279363 165.4001694796583 127.0 131.0 54.0
14.799921429060591 45.016424906385325 165.40182359857047 116.0 120.0 41.0
14.799882948367676 45.451930809977014 165.40347771748264 111.0 114.0 39.0
14.799844467674761 45.88743671356871 165.40513183639484 120.0 121.0 52.0
14.799805986981847 46.32294261716041 165.40678595530702 91.0 92.0 47.0
15.234997823958928 44.58088052210071 165.4204214271298 85.0 92.0 37.0
15.234959343266013 45.01638642569241 165.42207554604198 96.0 104.0 40.0
15.234920862573098 45.4518923292841 165.42372966495415 98.0 105.0 38.0
15.234882381880185 45.887398232875796 165.42538378386632 80.0 82.0 40.0
11.29940464863862 44.579572729424775 165.673188671103 120.0 128.0 48.0
11.299366167945704 45.015078633016465 165.67484279001516 161.0 168.0 76.0
11.29932768725279 45.450584536608154 165.67649690892733 168.0 173.0 94.0
11.299289206559875 45.88609044019985 165.67815102783953 101.0 102.0 59.0
11.734481043536958 44.144028345140164 165.6917864996623 116.0 124.0 44.0
11.734442562844043 44.57953424873186 165.69344061857447 142.0 152.0 53.0
11.734404082151128 45.01504015232355 165.69509473748667 157.0 165.0 67.0
11.734365601458213 45.45054605591524 165.69674885639887 172.0 179.0 84.0
11.734327120765299 45.886051959506936 165.69840297531104 170.0 175.0 87.0
12.169557438435291 43.70848396085555 165.71038432822164 93.0 107.0 29.0
12.169518957742376 44.14398986444725 165.7120384471338 126.0 137.0 39.0
12.169480477049463 44.579495768038946 165.71369256604598 141.0 151.0 46.0
12.169441996356548 45.015001671630635 165.71534668495818 151.0 160.0 57.0
12.169403515663634 45.450507575222325 165.71700080387035 157.0 163.0 63.0
12.169365034970719 45.88601347881402 165.71865492278255 159.0 163.0 68.0
12.169326554277804 46.32151938240571 165.72030904169472 156.0 160.0 87.0
12.604595352640715 43.70844548016264 165.73063627569314 97.0 111.0 25.0
12.6045568719478 44.143951383754334 165.73229039460531 130.0 140.0 36.0
12.604518391254885 44.57945728734603 165.73394451351749 127.0 138.0 31.0
12.60447991056197 45.01496319093772 165.73559863242969 137.0 145.0 38.0
12.604441429869057 45.45046909452941 165.73725275134186 150.0 155.0 51.0
12.604402949176142 45.88597499812111 165.73890687025403 164.0 169.0 73.0
12.604364468483228 46.321480901712796 165.74056098916623 178.0 183.0 98.0
12.604325987790313 46.75698680530449 165.7422151080784 152.0 154.0 98.0
13.039633266846138 43.70840699946973 165.75088822316465 98.0 113.0 24.0
13.039594786153224 44.14391290306142 165.75254234207682 122.0 135.0 28.0
13.039556305460309 44.579418806653116 165.75419646098902 135.0 147.0 32.0
13.039517824767394 45.014924710244806 165.7558505799012 143.0 152.0 40.0
13.03947934407448 45.450430613836495 165.75750469881336 142.0 147.0 42.0
13.039440863381564 45.88593651742819 165.75915881772553 154.0 158.0 61.0
13.03940238268865 46.32144242101988 165.7608129366377 158.0 162.0 75.0
13.039363901995737 46.75694832461158 165.7624670555499 168.0 172.0 104.0
13.47467118105156 43.708368518776815 165.77114017063613 108.0 122.0 28.0
13.474632700358645 44.143874422368505 165.77279428954833 129.0 141.0 29.0
13.474594219665732 44.5793803259602 165.77444840846053 137.0 149.0 33.0
13.474555738972818 45.01488622955189 165.7761025273727 139.0 147.0 38.0
13.474517258279903 45.45039213314358 165.77775664628487 140.0 145.0 43.0
13.474478777586988 45.88589803673528 165.77941076519704 144.0 146.0 51.0
13.474440296894073 46.32140394032697 165.7810648841092 148.0 150.0 65.0
13.474401816201159 46.75690984391867 165.7827190030214 152.0 154.0 88.0
13.90970909525698 43.7083300380839 165.79139211810767 128.0 138.0 41.0
13.909670614564066 44.14383594167559 165.79304623701984 133.0 142.0 35.0
13.90963213387115 44.57934184526729 165.794700355932 133.0 142.0 33.0
13.909593653178238 45.014847748858976 165.7963544748442 131.0 138.0 36.0
13.909555172485323 45.45035365245067 165.79800859375638 134.0 138.0 44.0
13.909516691792408 45.88585955604236 165.79966271266855 135.0 136.0 50.0
13.909478211099493 46.32136545963405 165.80131683158075 137.0 138.0 59.0
13.909439730406579 46.756871363225756 165.80297095049292 126.0 129.0 69.0
14.344708528769491 44.143797460982675 165.81329818449134 133.0 140.0 41.0
14.344670048076576 44.57930336457437 165.81495230340352 131.0 136.0 39.0
14.344631567383662 45.01480926816606 165.8166064223157 130.0 134.0 43.0
14.344593086690747 45.45031517175776 165.8182605412279 121.0 127.0 39.0
14.344554605997832 45.88582107534945 165.81991466014009 107.0 111.0 36.0
14.344516125304917 46.32132697894114 165.82156877905226 133.0 135.0 65.0
14.344477644612004 46.75683288253284 165.82322289796443 87.0 90.0 49.0
14.779707962282 44.57926488388146 165.83520425087502 123.0 129.0 43.0
14.779669481589085 45.01477078747315 165.8368583697872 125.0 131.0 45.0
14.77963100089617 45.45027669106484 165.8385124886994 113.0 118.0 38.0
14.779592520203256 45.88578259465653 165.84016660761156 121.0 124.0 49.0
14.77955403951034 46.32128849824823 165.84182072652376 111.0 114.0 58.0
15.214707395794507 45.01473230678023 165.85711031725873 91.0 97.0 35.0
15.214668915101592 45.45023821037193 165.8587644361709 98.0 105.0 39.0
15.21463043440868 45.88574411396362 165.86041855508307 95.0 101.0 39.0
10.844037825575862 45.44896889838889 166.09127973267258 91.0 90.0 61.0
11.279152701167114 44.57791861051259 166.1082234423197 115.0 125.0 41.0
11.279114220474199 45.01342451410428 166.10987756123188 165.0 172.0 75.0
11.279075739781284 45.448930417695976 166.11153168014408 189.0 195.0 104.0
11.27903725908837 45.884436321287666 166.11318579905625 192.0 197.0 111.0
11.278998778395456 46.31994222487936 166.11483991796842 82.0 84.0 43.0
11.714229096065452 44.142374226227986 166.12682127087905 107.0 116.0 40.0
11.714190615372537 44.577880129819675 166.12847538979122 142.0 152.0 52.0
11.714152134679622 45.013386033411365 166.1301295087034 163.0 172.0 69.0
11.714113653986708 45.44889193700306 166.13178362761556 181.0 189.0 90.0
11.714075173293793 45.88439784059475 166.13343774652776 181.0 187.0 91.0
11.714036692600878 46.31990374418645 166.13509186543993 152.0 157.0 78.0
12.149305490963785 43.70682984194337 166.14541909943836 75.0 87.0 23.0
12.14926701027087 44.14233574553507 166.14707321835056 130.0 140.0 44.0
12.149228529577957 44.57784164912676 166.14872733726273 143.0 154.0 50.0
12.149190048885043 45.01334755271846 166.1503814561749 155.0 165.0 59.0
12.149151568192128 45.44885345631015 166.15203557508707 162.0 168.0 64.0
12.149113087499213 45.884359359901836 166.15368969399924 163.0 168.0 66.0
12.149074606806298 46.31986526349353 166.15534381291144 175.0 181.0 90.0
12.149036126113383 46.75537116708522 166.15699793182364 136.0 139.0 83.0
12.584343405169209 43.70679136125045 166.16567104690986 99.0 111.0 29.0
12.584304924476294 44.142297264842156 166.16732516582206 135.0 145.0 43.0
12.58426644378338 44.577803168433846 166.16897928473423 137.0 148.0 39.0
12.584227963090465 45.01330907202554 166.1706334036464 147.0 156.0 46.0
12.584189482397552 45.44881497561723 166.17228752255858 156.0 163.0 54.0
12.584151001704637 45.88432087920892 166.17394164147078 165.0 171.0 67.0
12.584112521011722 46.31982678280062 166.17559576038295 182.0 188.0 95.0
12.584074040318807 46.75533268639231 166.17724987929512 187.0 192.0 111.0
12.584035559625892 47.19083858998401 166.17890399820732 81.0 82.0 52.0
13.019381319374633 43.706752880557545 166.18592299438137 107.0 119.0 34.0
13.019342838681718 44.14225878414924 166.18757711329354 131.0 141.0 37.0
13.019304357988803 44.57776468774093 166.18923123220574 145.0 156.0 41.0
13.019265877295888 45.01327059133263 166.1908853511179 149.0 159.0 44.0
13.019227396602973 45.44877649492432 166.19253947003008 151.0 159.0 46.0
13.019188915910059 45.88428239851601 166.19419358894228 163.0 169.0 62.0
13.019150435217144 46.3197883021077 166.19584770785445 167.0 172.0 75.0
13.01911195452423 46.75529420569939 166.19750182676663 177.0 183.0 99.0
13.019073473831316 47.1908001092911 166.1991559456788 92.0 93.0 58.0
13.45445771427297 43.27120849627293 166.2045208229407 78.0 88.0 34.0
13.454419233580055 43.70671439986463 166.20617494185288 129.0 139.0 47.0
13.45438075288714 44.14222030345633 166.20782906076505 137.0 147.0 40.0
13.454342272194227 44.577726207048016 166.20948317967722 145.0 157.0 40.0
13.454303791501312 45.01323211063971 166.21113729858942 148.0 158.0 44.0
13.454265310808397 45.4487380142314 166.21279141750162 147.0 154.0 45.0
13.454226830115482 45.88424391782309 166.2144455364138 154.0 160.0 57.0
13.454188349422568 46.31974982141479 166.21609965532596 158.0 163.0 68.0
13.454149868729653 46.755255725006485 166.21775377423813 160.0 164.0 80.0
13.88949562847839 43.27117001558002 166.22477277041222 83.0 86.0 41.0
13.889457147785475 43.706675919171715 166.2264268893244 147.0 156.0 62.0
13.88941866709256 44.14218182276341 166.22808100823656 148.0 158.0 50.0
13.889380186399645 44.5776877263551 166.22973512714873 144.0 154.0 43.0
13.889341705706732 45.0131936299468 166.23138924606093 142.0 150.0 45.0
13.889303225013817 45.44869953353849 166.2330433649731 145.0 150.0 51.0
13.889264744320903 45.88420543713018 166.2346974838853 145.0 149.0 57.0
13.889226263627988 46.319711340721874 166.23635160279747 149.0 152.0 66.0
13.889187782935073 46.75521724431357 166.23800572170964 147.0 150.0 75.0
14.324456581297985 44.1421433420705 166.24833295570807 145.0 154.0 49.0
14.32441810060507 44.57764924566219 166.24998707462026 139.0 147.0 43.0
14.324379619912156 45.01315514925388 166.25164119353244 138.0 144.0 47.0
14.324341139219241 45.44866105284557 166.2532953124446 140.0 145.0 53.0
14.324302658526326 45.88416695643727 166.25494943135678 139.0 141.0 58.0
14.324264177833411 46.31967286002896 166.25660355026898 141.0 145.0 67.0
14.324225697140498 46.755178763620656 166.25825766918115 117.0 121.0 65.0
14.759456014810494 44.57761076496927 166.27023902209177 133.0 140.0 46.0
14.75941753411758 45.01311666856097 166.27189314100394 127.0 135.0 42.0
14.759379053424665 45.44862257215266 166.2735472599161 125.0 130.0 44.0
14.75934057273175 45.884128475744355 166.27520137882829 125.0 128.0 48.0
14.759302092038835 46.31963437933605 166.27685549774046 131.0 134.0 66.0
14.75926361134592 46.75514028292774 166.27850961665266 78.0 80.0 46.0
15.194455448323001 45.013078187868054 166.29214508847545 85.0 91.0 31.0
15.194416967630087 45.44858409145974 166.29379920738762 102.0 108.0 41.0
15.194378486937174 45.88408999505144 166.2954533262998 103.0 108.0 42.0
10.823824358797271 45.011808875885016 166.52466038497712 80.0 84.0 30.0
10.823785878104356 45.447314779476706 166.5263145038893 159.0 160.0 100.0
11.258900753695608 44.57626449160041 166.54325821353643 117.0 127.0 42.0
11.258862273002693 45.0117703951921 166.5449123324486 160.0 169.0 71.0
11.258823792309778 45.44727629878379 166.54656645136077 192.0 198.0 106.0
11.258785311616863 45.88278220237549 166.548220570273 202.0 206.0 120.0
11.25874683092395 46.31828810596718 166.54987468918517 158.0 160.0 90.0
11.693977148593946 44.1407201073158 166.56185604209577 77.0 81.0 26.0
11.693938667901032 44.5762260109075 166.56351016100794 139.0 149.0 50.0
11.693900187208117 45.01173191449919 166.5651642799201 164.0 173.0 69.0
11.693861706515202 45.447237818090876 166.5668183988323 187.0 195.0 95.0
11.693823225822287 45.88274372168257 166.56847251774448 195.0 200.0 104.0
11.693784745129372 46.31824962527426 166.57012663665668 180.0 186.0 93.0
11.693746264436458 46.75375552886596 166.57178075556885 82.0 84.0 39.0
12.129015062799365 44.140681626622886 166.58210798956728 123.0 133.0 47.0
12.128976582106452 44.57618753021458 166.58376210847945 140.0 151.0 51.0
12.128938101413537 45.01169343380627 166.58541622739165 156.0 165.0 59.0
12.128899620720622 45.44719933739796 166.58707034630382 169.0 176.0 69.0
12.128861140027707 45.88270524098966 166.588724465216 179.0 185.0 79.0
12.128822659334793 46.31821114458135 166.59037858412816 181.0 187.0 90.0
12.128784178641878 46.753717048173044 166.59203270304033 186.0 191.0 110.0
12.564091457697703 43.705137242338274 166.60070581812658 76.0 88.0 24.0
12.564052977004788 44.14064314592997 166.60235993703878 140.0 152.0 52.0
12.564014496311874 44.57614904952167 166.60401405595096 145.0 156.0 51.0
12.563976015618959 45.01165495311336 166.60566817486315 155.0 164.0 56.0
12.563937534926046 45.44716085670505 166.60732229377533 162.0 171.0 61.0
12.563899054233131 45.88266676029674 166.6089764126875 169.0 176.0 68.0
12.563860573540216 46.31817266388843 166.61063053159967 186.0 192.0 96.0
12.563822092847301 46.75367856748013 166.61228465051184 196.0 201.0 118.0
12.563783612154387 47.189184471071826 166.61393876942404 168.0 170.0 113.0
12.999129371903127 43.70509876164537 166.6209577655981 111.0 120.0 41.0
12.999090891210212 44.140604665237056 166.62261188451026 129.0 139.0 42.0
12.999052410517297 44.57611056882875 166.62426600342246 145.0 156.0 47.0
12.999013929824383 45.01161647242044 166.62592012233466 150.0 160.0 49.0
12.998975449131468 45.44712237601214 166.62757424124683 156.0 165.0 53.0
12.998936968438553 45.88262827960383 166.629228360159 166.0 174.0 63.0
12.998898487745638 46.31813418319552 166.63088247907118 178.0 185.0 84.0
12.998860007052725 46.753640086787215 166.63253659798337 181.0 187.0 98.0
12.99882152635981 47.18914599037891 166.63419071689555 168.0 174.0 104.0
13.434167286108549 43.70506028095245 166.6412097130696 122.0 130.0 52.0
13.434128805415634 44.14056618454414 166.6428638319818 138.0 147.0 46.0
13.434090324722721 44.57607208813584 166.64451795089397 146.0 157.0 45.0
13.434051844029806 45.01157799172753 166.64617206980614 152.0 162.0 50.0
13.434013363336891 45.447083895319224 166.64782618871834 153.0 162.0 52.0
13.433974882643977 45.882589798910914 166.6494803076305 161.0 168.0 62.0
13.433936401951062 46.3180957025026 166.65113442654268 164.0 170.0 72.0
13.433897921258147 46.75360160609431 166.65278854545488 167.0 172.0 83.0
13.433859440565232 47.189107509685996 166.65444266436705 124.0 127.0 71.0
13.869243681006884 43.26951589666784 166.65980754162894 105.0 110.0 55.0
13.869205200313969 43.70502180025954 166.66146166054114 146.0 153.0 75.0
13.869166719621054 44.14052770385123 166.6631157794533 155.0 166.0 58.0
13.86912823892814 44.57603360744292 166.66476989836548 150.0 161.0 50.0
13.869089758235226 45.01153951103461 166.66642401727765 151.0 160.0 53.0
13.869051277542312 45.44704541462631 166.66807813618982 154.0 161.0 59.0
13.869012796849397 45.882551318218 166.669732255102 154.0 159.0 63.0
13.868974316156482 46.31805722180969 166.67138637401422 152.0 157.0 68.0
13.868935835463567 46.75356312540139 166.6730404929264 154.0 158.0 80.0
14.304243114519391 43.70498331956662 166.68171360801264 150.0 154.0 69.0
14.304204633826476 44.14048922315831 166.6833677269248 159.0 169.0 61.0
14.304166153133561 44.57599512675001 166.68502184583699 144.0 154.0 45.0
14.304127672440647 45.0115010303417 166.68667596474916 145.0 154.0 51.0
14.304089191747732 45.447006933933395 166.68833008366133 148.0 154.0 60.0
14.304050711054819 45.882512837525084 166.68998420257353 143.0 146.0 61.0
14.304012230361904 46.318018741116774 166.6916383214857 146.0 149.0 70.0
14.30397374966899 46.75352464470848 166.69329244039787 128.0 132.0 72.0
14.7392425480319 44.1404507424654 166.70361967439632 141.0 149.0 59.0
14.739204067338985 44.575956646057094 166.7052737933085 150.0 160.0 54.0
14.73916558664607 45.01146254964878 166.70692791222066 140.0 148.0 50.0
14.739127105953155 45.44696845324048 166.70858203113286 126.0 133.0 45.0
14.73908862526024 45.88247435683217 166.71023615004503 135.0 140.0 59.0
14.739050144567326 46.317980260423866 166.7118902689572 137.0 141.0 70.0
15.17416502015858 45.446929972547565 166.72883397860437 74.0 80.0 27.0
15.174126539465664 45.882435876139255 166.73048809751654 107.0 113.0 46.0
15.17408805877275 46.31794177973095 166.7321422164287 87.0 91.0 45.0
10.803572411325764 45.01015475697284 166.95969515619385 126.0 130.0 54.0
10.803533930632849 45.445660660564535 166.96134927510602 186.0 188.0 104.0
11.2386488062241 44.574610372688234 166.97829298475318 104.0 108.0 37.0
11.238610325531186 45.01011627627992 166.97994710366535 157.0 166.0 68.0
11.23857184483827 45.44562217987162 166.98160122257752 190.0 197.0 102.0
11.238533364145358 45.88112808346331 166.9832553414897 204.0 208.0 120.0
11.238494883452443 46.316633987055006 166.9849094604019 176.0 178.0 104.0
11.673686720429524 44.57457189199532 166.9985449322247 146.0 152.0 53.0
11.67364823973661 45.01007779558701 167.00019905113686 163.0 173.0 68.0
11.673609759043694 45.445583699178705 167.00185317004903 188.0 195.0 93.0
11.67357127835078 45.881089602770395 167.0035072889612 199.0 205.0 106.0
11.673532797657865 46.31659550636209 167.00516140787337 188.0 194.0 99.0
11.67349431696495 46.75210140995378 167.00681552678557 147.0 151.0 76.0
12.108763115327859 44.139027507710715 167.017142760784 113.0 122.0 43.0
12.108724634634944 44.574533411302404 167.0187968796962 153.0 163.0 59.0
12.10868615394203 45.010039314894094 167.02045099860837 163.0 172.0 65.0
12.108647673249115 45.44554521848579 167.02210511752054 175.0 183.0 72.0
12.1086091925562 45.88105112207748 167.0237592364327 186.0 192.0 83.0
12.108570711863285 46.31655702566918 167.0254133553449 185.0 191.0 89.0
12.10853223117037 46.752062929260866 167.02706747425708 188.0 194.0 103.0
12.108493750477457 47.18756883285256 167.02872159316925 132.0 134.0 84.0
12.543839510226196 43.703483123426096 167.03574058934333 88.0 100.0 33.0
12.543801029533281 44.1389890270178 167.0373947082555 115.0 126.0 39.0
12.543762548840366 44.57449493060949 167.03904882716768 137.0 148.0 50.0
12.543724068147453 45.01000083420118 167.04070294607988 158.0 168.0 64.0
12.543685587454538 45.445506737792876 167.04235706499205 163.0 172.0 64.0
12.543647106761624 45.881012641384565 167.04401118390425 175.0 182.0 71.0
12.543608626068709 46.31651854497626 167.04566530281642 186.0 193.0 93.0
12.543570145375794 46.75202444856795 167.0473194217286 195.0 200.0 112.0
12.54353166468288 47.18753035215965 167.04897354064076 199.0 203.0 126.0
12.97887742443162 43.70344464273319 167.05599253681484 91.0 101.0 36.0
12.978838943738705 44.138950546324885 167.057646655727 118.0 129.0 44.0
12.97880046304579 44.574456449916575 167.05930077463918 144.0 156.0 53.0
12.978761982352875 45.009962353508264 167.06095489355135 157.0 167.0 62.0
12.97872350165996 45.44546825709996 167.06260901246355 159.0 168.0 59.0
12.978685020967045 45.88097416069165 167.06426313137575 163.0 170.0 60.0
12.978646540274132 46.31648006428335 167.06591725028792 179.0 186.0 82.0
12.978608059581218 46.75198596787504 167.0675713692001 185.0 192.0 99.0
12.978569578888303 47.18749187146673 167.06922548811227 186.0 191.0 112.0
13.413915338637041 43.703406162040274 167.07624448428635 99.0 109.0 41.0
13.413876857944128 44.13891206563197 167.07789860319852 128.0 138.0 47.0
13.413838377251214 44.57441796922366 167.0795527221107 143.0 153.0 51.0
13.413799896558299 45.00992387281536 167.08120684102286 149.0 158.0 53.0
13.413761415865384 45.445429776407046 167.08286095993506 156.0 165.0 58.0
13.41372293517247 45.880935679998736 167.08451507884723 158.0 167.0 59.0
13.413684454479554 46.31644158359043 167.08616919775943 170.0 177.0 76.0
13.41364597378664 46.75194748718213 167.0878233166716 177.0 183.0 91.0
13.413607493093725 47.18745339077382 167.08947743558377 169.0 174.0 99.0
13.848953252842461 43.70336768134736 167.09649643175786 140.0 149.0 57.0
13.848914772149547 44.138873584939056 167.09815055067003 149.0 160.0 54.0
13.848876291456634 44.574379488530745 167.0998046695822 143.0 152.0 46.0
13.848837810763719 45.00988539212244 167.1014587884944 149.0 156.0 53.0
13.848799330070804 45.44539129571413 167.10311290740657 156.0 165.0 63.0
13.84876084937789 45.88089719930582 167.10476702631874 149.0 157.0 61.0
13.848722368684975 46.31640310289752 167.1064211452309 158.0 165.0 73.0
13.84868388799206 46.751909006489214 167.1080752641431 166.0 173.0 89.0
14.283991167047885 43.703329200654444 167.11674837922934 154.0 164.0 60.0
14.28395268635497 44.13883510424614 167.11840249814153 161.0 172.0 61.0
14.283914205662056 44.57434100783783 167.12005661705373 150.0 162.0 46.0
14.28387572496914 45.00984691142953 167.1217107359659 151.0 160.0 53.0
14.283837244276226 45.44535281502122 167.12336485487808 154.0 162.0 67.0
14.283798763583313 45.880858718612906 167.12501897379025 155.0 162.0 78.0
14.283760282890398 46.3163646222046 167.12667309270242 152.0 158.0 80.0
14.283721802197483 46.7518705257963 167.1283272116146 148.0 154.0 87.0
14.718990600560394 44.138796623553226 167.13865444561304 154.0 165.0 55.0
14.71895211986748 44.574302527144916 167.1403085645252 156.0 166.0 54.0
14.718913639174565 45.00980843073661 167.1419626834374 147.0 156.0 54.0
14.71887515848165 45.4453143343283 167.14361680234958 134.0 142.0 51.0
14.718836677788735 45.88082023791999 167.14527092126175 135.0 142.0 59.0
14.71879819709582 46.316326141511695 167.14692504017393 143.0 148.0 69.0
14.718759716402905 46.751832045103384 167.14857915908613 110.0 114.0 62.0
15.153990034072901 44.574264046452 167.16056051199672 103.0 112.0 28.0
15.153951553379988 45.0097699500437 167.1622146309089 98.0 105.0 34.0
15.153913072687073 45.44527585363539 167.1638687498211 80.0 88.0 27.0
15.153874591994159 45.880781757227076 167.16552286873326 104.0 112.0 41.0
15.153836111301244 46.31628766081878 167.16717698764546 83.0 88.0 38.0
10.783320463854258 45.00850063806066 167.39472992741057 128.0 127.0 58.0
10.783281983161343 45.44400654165235 167.39638404632274 183.0 183.0 99.0
10.783243502468428 45.879512445244046 167.3980381652349 149.0 147.0 97.0
11.218396858752595 44.57295625377605 167.4133277559699 122.0 126.0 46.0
11.21835837805968 45.008462157367745 167.41498187488207 163.0 171.0 72.0
11.218319897366765 45.443968060959435 167.41663599379424 188.0 196.0 98.0
11.218281416673852 45.87947396455113 167.41829011270644 205.0 208.0 120.0
11.218242935980937 46.31497986814282 167.41994423161862 199.0 201.0 118.0
11.218204455288022 46.75048577173452 167.4215983505308 91.0 85.0 46.0
11.653434772958018 44.572917773083134 167.4335797034414 140.0 146.0 50.0
11.653396292265104 45.00842367667483 167.43523382235358 162.0 171.0 67.0
11.653357811572189 45.44392958026652 167.43688794126578 188.0 195.0 93.0
11.653319330879274 45.87943548385822 167.43854206017795 203.0 207.0 107.0
11.65328085018636 46.314941387449906 167.44019617909012 197.0 200.0 108.0
11.653242369493444 46.7504472910416 167.4418502980023 183.0 184.0 100.0
12.088511167856353 44.13737338879853 167.45217753200072 94.0 107.0 32.0
12.088472687163438 44.572879292390226 167.4538316509129 144.0 154.0 53.0
12.088434206470524 45.008385195981916 167.45548576982512 165.0 174.0 67.0
12.088395725777609 45.443891099573605 167.4571398887373 179.0 185.0 79.0
12.088357245084694 45.8793970031653 167.45879400764946 189.0 195.0 86.0
12.08831876439178 46.31490290675699 167.46044812656163 189.0 195.0 92.0
12.088280283698865 46.75040881034869 167.4621022454738 191.0 198.0 103.0
12.088241803005952 47.185914713940385 167.46375636438597 197.0 201.0 122.0
12.523549082061775 44.137334908105615 167.47242947947223 99.0 110.0 36.0
12.52351060136886 44.57284081169731 167.4740835983844 124.0 134.0 47.0
12.523472120675947 45.008346715289 167.4757377172966 154.0 164.0 60.0
12.523433639983033 45.44385261888069 167.47739183620877 164.0 174.0 62.0
12.523395159290118 45.87935852247239 167.47904595512097 169.0 177.0 62.0
12.523356678597203 46.31486442606408 167.48070007403314 191.0 197.0 97.0
12.523318197904288 46.75037032965577 167.4823541929453 204.0 207.0 120.0
12.523279717211373 47.18587623324747 167.4840083118575 206.0 208.0 130.0
12.958625476960114 43.70179052382101 167.49102730803156 102.0 109.0 52.0
12.958586996267199 44.1372964274127 167.49268142694373 102.0 113.0 40.0
12.958548515574284 44.5728023310044 167.49433554585593 143.0 153.0 56.0
12.95851003488137 45.008308234596086 167.4959896647681 155.0 166.0 63.0
12.958471554188455 45.443814138187776 167.49764378368027 164.0 173.0 65.0
12.95843307349554 45.87932004177947 167.49929790259245 168.0 178.0 64.0
12.958394592802627 46.31482594537116 167.50095202150465 185.0 194.0 89.0
12.958356112109712 46.75033184896286 167.50260614041684 193.0 200.0 106.0
12.958317631416797 47.185837752554555 167.50426025932902 193.0 198.0 114.0
13.393663391165536 43.701752043128096 167.51127925550307 76.0 83.0 38.0
13.393624910472623 44.137257946719785 167.51293337441527 115.0 126.0 46.0
13.393586429779708 44.57276385031148 167.51458749332744 144.0 155.0 56.0
13.393547949086793 45.00826975390317 167.5162416122396 157.0 167.0 62.0
13.393509468393878 45.44377565749486 167.51789573115178 164.0 174.0 65.0
13.393470987700963 45.87928156108656 167.51954985006395 166.0 176.0 66.0
13.393432507008049 46.31478746467825 167.52120396897612 175.0 184.0 80.0
13.393394026315134 46.75029336826995 167.52285808788832 181.0 188.0 92.0
13.393355545622219 47.18579927186164 167.52451220680052 184.0 189.0 106.0
13.828662824678041 44.13721946602687 167.53318532188678 123.0 130.0 49.0
13.828624343985128 44.57272536961857 167.53483944079895 137.0 146.0 50.0
13.828585863292213 45.00823127321026 167.53649355971112 153.0 163.0 58.0
13.828547382599298 45.443737176801946 167.5381476786233 161.0 171.0 66.0
13.828508901906384 45.87924308039364 167.53980179753546 154.0 163.0 64.0
13.828470421213469 46.31474898398533 167.54145591644766 161.0 169.0 73.0
13.828431940520554 46.750254887577036 167.54311003535983 172.0 179.0 91.0
13.82839345982764 47.185760791168725 167.544764154272 120.0 121.0 73.0
14.26373921957638 43.701675081742266 167.55178315044608 97.0 103.0 33.0
14.263700738883465 44.137180985333956 167.55343726935826 142.0 152.0 51.0
14.26366225819055 44.57268688892565 167.55509138827045 154.0 164.0 48.0
14.263623777497635 45.00819279251734 167.55674550718263 144.0 153.0 48.0
14.26358529680472 45.44369869610904 167.5583996260948 140.0 147.0 51.0
14.263546816111807 45.87920459970073 167.560053745007 146.0 155.0 67.0
14.263508335418893 46.31471050329242 167.56170786391917 156.0 164.0 78.0
14.263469854725978 46.75021640688412 167.56336198283134 171.0 178.0 98.0
14.698738653088888 44.13714250464104 167.57368921682976 133.0 142.0 46.0
14.698700172395974 44.57264840823274 167.57534333574193 144.0 153.0 48.0
14.698661691703059 45.00815431182443 167.5769974546541 144.0 154.0 51.0
14.698623211010144 45.44366021541612 167.57865157356633 126.0 135.0 42.0
14.69858473031723 45.87916611900781 167.5803056924785 124.0 132.0 49.0
14.698546249624314 46.31467202259951 167.58195981139067 146.0 154.0 73.0
14.6985077689314 46.750177926191206 167.58361393030285 143.0 150.0 84.0
15.133699605908483 45.00811583113151 167.59724940212564 73.0 83.0 20.0
15.133661125215568 45.44362173472321 167.5989035210378 93.0 103.0 28.0
15.133622644522653 45.8791276383149 167.60055763994998 94.0 101.0 32.0
15.133584163829738 46.314633541906595 167.60221175886218 81.0 86.0 36.0
10.76306851638275 45.006846519148475 167.82976469862732 122.0 117.0 55.0
10.763030035689836 45.44235242274017 167.8314188175395 177.0 178.0 90.0
10.76299155499692 45.87785832633186 167.83307293645166 169.0 167.0 92.0
11.198144911281087 44.57130213486387 167.84836252718665 105.0 107.0 41.0
11.198106430588172 45.00680803845556 167.85001664609882 163.0 171.0 72.0
11.19806794989526 45.44231394204726 167.851670765011 183.0 191.0 90.0
11.198029469202345 45.877819845638946 167.85332488392316 201.0 205.0 111.0
11.19799098850943 46.31332574923064 167.85497900283534 203.0 204.0 117.0
11.197952507816515 46.74883165282233 167.8566331217475 119.0 114.0 66.0
11.63318282548651 44.571263654170956 167.86861447465813 137.0 140.0 52.0
11.633144344793596 45.006769557762645 167.87026859357033 161.0 170.0 68.0
11.633105864100681 45.44227546135434 167.8719227124825 183.0 191.0 84.0
11.633067383407766 45.87778136494603 167.87357683139467 203.0 207.0 106.0
11.633028902714852 46.31328726853773 167.87523095030684 201.0 205.0 110.0
11.632990422021939 46.74879317212942 167.87688506921904 196.0 196.0 110.0
12.068220739691931 44.57122517347804 167.88886642212964 115.0 127.0 41.0
12.068182258999016 45.00673107706973 167.8905205410418 157.0 166.0 63.0
12.068143778306101 45.44223698066143 167.892174659954 178.0 186.0 75.0
12.068105297613187 45.87774288425312 167.89382877886618 193.0 199.0 88.0
12.068066816920272 46.31324878784481 167.89548289777838 192.0 199.0 93.0
12.068028336227359 46.7487546914365 167.89713701669055 192.0 198.0 102.0
12.067989855534444 47.1842605950282 167.89879113560272 191.0 197.0 115.0
12.503258653897355 44.571186692785126 167.90911836960115 103.0 114.0 36.0
12.50322017320444 45.006692596376816 167.91077248851332 151.0 160.0 59.0
12.503181692511525 45.44219849996851 167.9124266074255 175.0 183.0 73.0
12.50314321181861 45.8777044035602 167.9140807263377 182.0 189.0 79.0
12.503104731125696 46.3132103071519 167.9157348452499 190.0 197.0 91.0
12.50306625043278 46.74871621074359 167.91738896416206 202.0 207.0 114.0
12.503027769739866 47.184222114335284 167.91904308307423 211.0 212.0 135.0
12.938335048795691 44.13564230850052 167.92771619816048 72.0 80.0 27.0
12.938296568102777 44.57114821209221 167.92937031707265 144.0 153.0 60.0
12.938258087409862 45.00665411568391 167.93102443598482 157.0 166.0 64.0
12.938219606716947 45.4421600192756 167.932678554897 166.0 175.0 68.0
12.938181126024034 45.87766592286729 167.9343326738092 172.0 180.0 72.0
12.93814264533112 46.313171826458984 167.93598679272137 193.0 200.0 97.0
12.938104164638204 46.74867773005067 167.93764091163357 205.0 210.0 118.0
12.93806568394529 47.18418363364237 167.93929503054574 205.0 208.0 125.0
13.373372963001115 44.13560382780761 167.947968145632 85.0 94.0 30.0
13.3733344823082 44.5711097313993 167.94962226454416 144.0 154.0 58.0
13.373296001615286 45.00661563499099 167.95127638345633 156.0 166.0 63.0
13.37325752092237 45.44212153858268 167.95293050236853 158.0 168.0 62.0
13.373219040229456 45.87762744217437 167.9545846212807 165.0 174.0 67.0
13.373180559536541 46.31313334576607 167.95623874019287 184.0 193.0 89.0
13.373142078843626 46.748639249357765 167.95789285910504 195.0 202.0 108.0
13.373103598150713 47.18414515294946 167.95954697801724 197.0 202.0 118.0
13.808410877206535 44.13556534711469 167.96822009310347 116.0 124.0 43.0
13.80837239651362 44.57107125070638 167.96987421201567 137.0 145.0 51.0
13.808333915820706 45.00657715429808 167.97152833092787 154.0 164.0 60.0
13.808295435127791 45.44208305788977 167.97318244984004 154.0 164.0 60.0
13.808256954434876 45.87758896148146 167.9748365687522 157.0 166.0 64.0
13.808218473741961 46.313094865073154 167.97649068766438 168.0 176.0 76.0
13.808179993049047 46.74860076866485 167.97814480657655 181.0 188.0 96.0
13.808141512356132 47.18410667225655 167.97979892548872 179.0 181.0 111.0
14.243487272104874 43.70002096283008 167.9868179216628 95.0 105.0 29.0
14.243448791411959 44.13552686642178 167.98847204057498 148.0 158.0 49.0
14.243410310719044 44.57103277001347 167.99012615948718 159.0 168.0 56.0
14.24337183002613 45.006538673605164 167.99178027839935 148.0 157.0 57.0
14.243333349333215 45.44204457719685 167.99343439731155 151.0 161.0 63.0
14.243294868640302 45.87755048078854 167.99508851622372 145.0 153.0 62.0
14.243256387947387 46.31305638438024 167.9967426351359 161.0 170.0 77.0
14.243217907254472 46.748562287971936 167.99839675404806 177.0 185.0 99.0
14.243179426561557 47.18406819156363 168.00005087296026 132.0 131.0 84.0
14.678486705617383 44.13548838572886 168.0087239880465 115.0 122.0 39.0
14.678448224924468 44.57099428932055 168.01037810695868 123.0 129.0 39.0
14.678409744231553 45.00650019291225 168.01203222587085 119.0 126.0 44.0
14.678371263538638 45.44200609650394 168.01368634478303 133.0 142.0 54.0
14.678332782845724 45.87751200009563 168.01534046369522 124.0 133.0 50.0
14.678294302152809 46.31301790368733 168.0169945826074 143.0 151.0 67.0
14.678255821459894 46.74852380727902 168.0186487015196 143.0 150.0 84.0
14.678217340766981 47.18402971087072 168.02030282043177 103.0 100.0 66.0
10.74277808821833 45.44069830382799 168.2664535887562 170.0 165.0 82.0
10.742739607525415 45.87620420741969 168.26810770766838 178.0 178.0 89.0
10.7427011268325 46.31171011101138 168.26976182658058 118.0 114.0 64.0
11.177854483116667 45.00515391954339 168.28505141731554 166.0 166.0 76.0
11.177816002423754 45.44065982313508 168.28670553622771 185.0 190.0 91.0
11.177777521730839 45.876165726726775 168.2883596551399 198.0 203.0 105.0
11.177739041037924 46.311671630318465 168.29001377405208 204.0 203.0 115.0
11.17770056034501 46.747177533910154 168.29166789296426 142.0 138.0 85.0
11.612930878015005 44.56960953525878 168.30364924587485 74.0 80.0 26.0
11.61289239732209 45.005115438850474 168.30530336478702 161.0 168.0 71.0
11.612853916629176 45.440621342442164 168.30695748369922 179.0 187.0 79.0
11.61281543593626 45.87612724603386 168.30861160261142 199.0 205.0 100.0
11.612776955243346 46.31163314962555 168.3102657215236 201.0 206.0 111.0
11.612738474550433 46.74713905321724 168.31191984043576 197.0 201.0 116.0
12.047968792220425 44.56957105456586 168.32390119334636 84.0 95.0 33.0
12.04793031152751 45.00507695815756 168.32555531225856 149.0 158.0 58.0
12.047891830834596 45.44058286174925 168.32720943117073 174.0 182.0 72.0
12.047853350141681 45.876088765340945 168.3288635500829 192.0 199.0 87.0
12.047814869448766 46.311594668932635 168.3305176689951 194.0 200.0 98.0
12.047776388755853 46.74710057252433 168.33217178790727 191.0 197.0 103.0
12.047737908062938 47.18260647611603 168.33382590681944 186.0 191.0 111.0
12.483006706425849 44.56953257387295 168.34415314081787 95.0 105.0 37.0
12.482968225732934 45.005038477464645 168.34580725973007 133.0 143.0 50.0
12.48292974504002 45.440544381056334 168.34746137864224 160.0 167.0 63.0
12.482891264347105 45.87605028464803 168.3491154975544 188.0 195.0 86.0
12.48285278365419 46.31155618823972 168.35076961646658 191.0 198.0 94.0
12.482814302961275 46.74706209183142 168.35242373537878 198.0 205.0 111.0
12.48277582226836 47.18256799542311 168.35407785429098 213.0 213.0 137.0
12.918044620631271 44.56949409318003 168.3644050882894 126.0 129.0 54.0
12.918006139938356 45.00499999677173 168.36605920720157 160.0 166.0 67.0
12.917967659245441 45.44050590036342 168.36771332611374 164.0 173.0 67.0
12.917929178552528 45.876011803955116 168.36936744502592 176.0 183.0 76.0
12.917890697859614 46.311517707546805 168.3710215639381 192.0 197.0 95.0
12.917852217166699 46.7470236111385 168.37267568285029 206.0 210.0 118.0
12.917813736473784 47.1825295147302 168.37432980176246 213.0 213.0 133.0
13.353082534836695 44.569455612487126 168.38465703576088 146.0 154.0 64.0
13.35304405414378 45.004961516078815 168.38631115467308 156.0 166.0 66.0
13.353005573450865 45.440467419670505 168.38796527358525 159.0 170.0 64.0
13.35296709275795 45.8759733232622 168.38961939249742 165.0 174.0 68.0
13.352928612065035 46.31147922685389 168.3912735114096 183.0 190.0 88.0
13.35289013137212 46.74698513044559 168.3929276303218 200.0 205.0 112.0
13.352851650679208 47.182491034037284 168.39458174923396 206.0 209.0 128.0
13.788120449042115 44.56941713179421 168.4049089832324 111.0 115.0 49.0
13.7880819683492 45.0049230353859 168.40656310214456 157.0 167.0 65.0
13.788043487656285 45.44042893897759 168.40821722105676 154.0 165.0 61.0
13.78800500696337 45.875934842569286 168.40987133996893 155.0 165.0 62.0
13.787966526270456 46.311440746160976 168.41152545888113 173.0 182.0 81.0
13.78792804557754 46.74694664975268 168.4131795777933 190.0 196.0 105.0
13.787889564884626 47.18245255334437 168.41483369670547 192.0 194.0 121.0
14.223235324633368 43.69836684391791 168.42185269287955 78.0 89.0 23.0
14.223196843940453 44.1338727475096 168.42350681179173 121.0 130.0 39.0
14.223158363247538 44.569378651101296 168.4251609307039 96.0 100.0 38.0
14.223119882554624 45.004884554692985 168.42681504961607 104.0 108.0 44.0
14.223081401861709 45.440390458284675 168.42846916852824 142.0 150.0 60.0
14.223042921168796 45.87589636187637 168.43012328744044 150.0 159.0 64.0
14.223004440475881 46.31140226546806 168.43177740635264 165.0 174.0 77.0
14.222965959782966 46.746908169059765 168.4334315252648 181.0 189.0 99.0
14.222927479090052 47.182414072651454 168.43508564417698 179.0 180.0 111.0
14.658080835374218 45.87585788118346 168.45037523491195 82.0 92.0 27.0
14.658042354681303 46.31136378477515 168.45202935382412 122.0 127.0 50.0
14.658003873988388 46.74686968836685 168.45368347273632 126.0 130.0 67.0
10.722526140746824 45.439044184915815 168.70148835997296 127.0 122.0 66.0
10.72248766005391 45.874550088507505 168.70314247888513 174.0 172.0 91.0
10.722449179360995 46.3100559920992 168.7047965977973 104.0 99.0 51.0
11.157564054952248 45.4390057042229 168.72174030744446 189.0 188.0 96.0
11.157525574259333 45.87451160781459 168.72339442635663 197.0 202.0 105.0
11.157487093566418 46.310017511406286 168.7250485452688 202.0 200.0 111.0
11.157448612873504 46.745523414997976 168.72670266418098 135.0 131.0 72.0
11.592640449850585 45.00346131993829 168.74033813600377 151.0 145.0 65.0
11.59260196915767 45.438967223529986 168.74199225491594 184.0 189.0 91.0
11.592563488464755 45.874473127121675 168.74364637382814 200.0 205.0 105.0
11.59252500777184 46.30997903071337 168.7453004927403 203.0 205.0 114.0
11.592486527078927 46.74548493430506 168.7469546116525 200.0 199.0 118.0
12.027678364056005 45.003422839245374 168.76059008347528 142.0 151.0 58.0
12.02763988336309 45.43892874283707 168.76224420238745 168.0 177.0 71.0
12.027601402670175 45.87443464642876 168.76389832129962 193.0 200.0 94.0
12.02756292197726 46.30994055002046 168.76555244021182 198.0 203.0 106.0
12.027524441284347 46.745446453612146 168.76720655912402 198.0 203.0 115.0
12.027485960591433 47.18095235720384 168.7688606780362 184.0 185.0 111.0
12.462754758954343 44.56787845496077 168.77918791203462 73.0 84.0 26.0
12.462716278261428 45.00338435855246 168.7808420309468 143.0 146.0 57.0
12.462677797568514 45.438890262144156 168.78249614985896 169.0 178.0 74.0
12.462639316875599 45.874396165735845 168.78415026877116 192.0 200.0 95.0
12.462600836182684 46.30990206932754 168.78580438768333 199.0 205.0 108.0
12.46256235548977 46.74540797291923 168.7874585065955 206.0 209.0 120.0
12.462523874796855 47.18091387651093 168.78911262550767 214.0 212.0 136.0
12.897792673159765 44.567839974267855 168.79943985950612 105.0 115.0 38.0
12.89775419246685 45.003345877859545 168.8010939784183 153.0 161.0 62.0
12.897715711773936 45.43885178145124 168.80274809733046 172.0 180.0 76.0
12.897677231081023 45.87435768504293 168.80440221624266 189.0 195.0 90.0
12.897638750388108 46.30986358863463 168.80605633515484 201.0 202.0 104.0
12.897600269695193 46.74536949222632 168.807710454067 211.0 211.0 123.0
12.897561789002278 47.18087539581801 168.80936457297918 215.0 215.0 137.0
13.332830587365189 44.56780149357494 168.8196918069776 108.0 116.0 38.0
13.332792106672274 45.00330739716663 168.8213459258898 166.0 174.0 72.0
13.33275362597936 45.438813300758326 168.823000044802 177.0 179.0 76.0
13.332715145286445 45.874319204350016 168.82465416371417 176.0 181.0 77.0
13.33267666459353 46.30982510794171 168.82630828262634 192.0 194.0 96.0
13.332638183900615 46.74533101153341 168.8279624015385 205.0 207.0 117.0
13.332599703207702 47.1808369151251 168.82961652045068 211.0 213.0 134.0
13.767830020877694 45.003268916473715 168.8415978733613 143.0 149.0 71.0
13.76779154018478 45.43877482006541 168.84325199227348 171.0 176.0 75.0
13.767753059491865 45.8742807236571 168.84490611118568 157.0 168.0 65.0
13.76771457879895 46.3097866272488 168.84656023009785 179.0 189.0 88.0
13.767676098106035 46.745292530840494 168.84821434901002 196.0 201.0 111.0
13.76763761741312 47.180798434432184 168.8498684679222 197.0 196.0 130.0
14.202829454390201 45.4387363393725 168.863503939745 74.0 80.0 25.0
14.202790973697287 45.874242242964186 168.86515805865716 140.0 150.0 59.0
14.202752493004372 46.30974814655588 168.86681217756936 171.0 181.0 81.0
14.202714012311457 46.74525405014758 168.86846629648153 188.0 196.0 103.0
14.202675531618542 47.180759953739276 168.87012041539373 191.0 190.0 119.0
10.702235712582402 45.87289596959533 169.13817725010185 103.0 97.0 53.0
11.13731210748074 45.437351585310715 169.15677507866116 125.0 119.0 61.0
11.137273626787826 45.87285748890241 169.15842919757335 193.0 195.0 105.0
11.13723514609491 46.3083633924941 169.16008331648555 193.0 193.0 105.0
11.137196665401996 46.7438692960858 169.16173743539773 132.0 128.0 65.0
11.572350021686162 45.4373131046178 169.1770270261327 168.0 168.0 85.0
11.572311540993248 45.8728190082095 169.17868114504486 199.0 200.0 108.0
11.572273060300335 46.308324911801186 169.18033526395703 203.0 202.0 112.0
11.57223457960742 46.74383081539288 169.18198938286923 204.0 200.0 117.0
12.007387935891582 45.437274623924885 169.1972789736042 158.0 165.0 73.0
12.007349455198668 45.87278052751658 169.19893309251637 196.0 201.0 108.0
12.007310974505755 46.30828643110827 169.20058721142854 207.0 210.0 123.0
12.00727249381284 46.74379233469997 169.2022413303407 215.0 213.0 134.0
12.007234013119925 47.179298238291665 169.2038954492529 154.0 151.0 95.0
12.442464330789921 45.00173023964028 169.21587680216354 83.0 94.0 26.0
12.442425850097006 45.43723614323197 169.2175309210757 169.0 172.0 78.0
12.442387369404091 45.87274204682367 169.21918503998788 193.0 200.0 104.0
12.442348888711177 46.30824795041536 169.22083915890005 213.0 216.0 127.0
12.442310408018262 46.74375385400705 169.22249327781222 219.0 218.0 137.0
12.442271927325347 47.17925975759875 169.22414739672442 212.0 210.0 138.0
12.877502244995343 45.001691758947366 169.23612874963501 140.0 151.0 51.0
12.87746376430243 45.437197662539056 169.2377828685472 182.0 184.0 85.0
12.877425283609515 45.87270356613075 169.23943698745938 189.0 191.0 93.0
12.8773868029166 46.30820946972244 169.24109110637156 211.0 213.0 120.0
12.877348322223686 46.74371537331414 169.24274522528376 219.0 220.0 135.0
12.87730984153077 47.179221276905835 169.24439934419593 218.0 217.0 141.0
13.312540159200767 45.00165327825445 169.25638069710652 167.0 171.0 67.0
13.312501678507852 45.43715918184614 169.2580348160187 186.0 187.0 96.0
13.312463197814937 45.87266508543784 169.2596889349309 169.0 167.0 84.0
13.312424717122022 46.30817098902953 169.26134305384306 208.0 207.0 111.0
13.31238623642911 46.74367689262123 169.26299717275526 214.0 215.0 126.0
13.312347755736194 47.17918279621292 169.26465129166743 214.0 214.0 137.0
13.747578073406187 45.00161479756154 169.27663264457803 88.0 91.0 47.0
13.747539592713272 45.437120701153226 169.2782867634902 123.0 124.0 79.0
13.747501112020357 45.87262660474492 169.27994088240237 156.0 154.0 70.0
13.747462631327442 46.30813250833661 169.28159500131457 192.0 196.0 96.0
13.747424150634528 46.743638411928316 169.28324912022677 204.0 205.0 114.0
13.747385669941615 47.179144315520006 169.28490323913894 206.0 203.0 136.0
14.18253902622578 45.87258812405201 169.3001928298739 99.0 105.0 37.0
14.182500545532866 46.3080940276437 169.30184694878608 168.0 174.0 79.0
14.182462064839951 46.7435999312354 169.30350106769825 182.0 184.0 102.0
11.552059593521742 45.87116488929731 169.61371591626158 168.0 167.0 98.0
11.552021112828829 46.30667079288901 169.61537003517375 185.0 185.0 101.0
11.551982632135914 46.7421766964807 169.61702415408595 181.0 176.0 100.0
11.987097507727162 45.8711264086044 169.6339678637331 185.0 191.0 111.0
11.987059027034249 46.30663231219609 169.6356219826453 207.0 209.0 128.0
11.987020546341334 46.74213821578778 169.63727610155746 217.0 213.0 136.0
11.98698206564842 47.17764411937948 169.63893022046963 92.0 88.0 61.0
12.422135421932586 45.87108792791148 169.65421981120463 198.0 198.0 111.0
12.422096941239671 46.30659383150318 169.6558739301168 220.0 217.0 135.0
12.422058460546756 46.74209973509487 169.65752804902897 229.0 222.0 151.0
12.422019979853841 47.177605638686565 169.65918216794114 195.0 191.0 142.0
12.857211816830924 45.43554354362688 169.6728176397639 140.0 141.0 55.0
12.85717333613801 45.87104944721857 169.67447175867613 183.0 183.0 93.0
12.857134855445095 46.306555350810264 169.6761258775883 212.0 211.0 118.0
12.85709637475218 46.74206125440195 169.67777999650048 219.0 215.0 130.0
12.857057894059265 47.17756715799365 169.67943411541265 183.0 182.0 133.0
13.292249731036346 45.43550506293396 169.69306958723544 158.0 160.0 69.0
13.292211250343431 45.87101096652565 169.6947237061476 171.0 172.0 80.0
13.292172769650517 46.30651687011735 169.69637782505978 206.0 203.0 107.0
13.292134288957604 46.742022773709046 169.69803194397198 210.0 213.0 122.0
13.292095808264689 47.177528677300735 169.69968606288415 171.0 171.0 123.0
13.727249164548851 45.87097248583274 169.71497565361912 139.0 137.0 63.0
13.727210683855937 46.306478389424434 169.7166297725313 181.0 180.0 87.0
13.727172203163022 46.74198429301613 169.71828389144346 195.0 199.0 113.0
13.727133722470109 47.17749019660783 169.71993801035566 141.0 141.0 106.0
14.16224859806136 46.30643990873152 169.7368817200028 90.0 87.0 40.0
14.162210117368446 46.741945812323216 169.73853583891497 99.0 97.0 63.0
11.966845560255656 45.869472289692226 170.06900263494984 100.0 98.0 41.0
11.966807079562743 46.304978193283915 170.070656753862 90.0 81.0 36.0
12.401844993768165 46.304939712591 170.09090870133352 152.0 148.0 73.0
12.40180651307525 46.7404456161827 170.0925628202457 194.0 190.0 128.0
12.836921388666504 45.869395328306396 170.10950652989283 101.0 98.0 31.0
12.836882907973589 46.304901231898086 170.11116064880503 200.0 199.0 104.0
12.836844427280674 46.74040713548978 170.11281476771723 220.0 218.0 137.0
12.83680594658776 47.17591303908148 170.1144688866294 226.0 221.0 161.0
13.271959302871926 45.86935684761348 170.12975847736433 110.0 108.0 40.0
13.27192082217901 46.30486275120517 170.1314125962765 194.0 194.0 98.0
13.271882341486098 46.74036865479687 170.1330667151887 217.0 216.0 131.0
13.271843860793183 47.175874558388564 170.1347208341009 218.0 214.0 158.0
13.706958736384431 46.304824270512256 170.15166454374804 101.0 97.0 42.0
13.706920255691516 46.74033017410395 170.1533186626602 121.0 119.0 68.0
12.816592479809167 46.7387530165776 170.54784953893392 143.0 139.0 88.0
12.816553999116252 47.174258920169294 170.54950365784612 164.0 162.0 123.0
13.25163039401459 46.73871453588469 170.56810148640542 180.0 179.0 99.0
13.251591913321676 47.17422043947638 170.5697556053176 181.0 178.0 123.0
