-7.974 5.786 159.893 67.000 84.000 23.000
-8.581 7.217 154.958 92.000 108.000 35.000
-8.135 6.769 154.976 97.000 112.000 36.000
-8.135 7.216 154.984 80.000 97.000 28.000
-9.053 6.762 155.370 108.000 119.000 47.000
-9.053 7.209 155.378 104.000 113.000 49.000
-9.054 7.656 155.386 98.000 106.000 48.000
-8.607 6.315 155.388 119.000 133.000 46.000
-8.607 6.762 155.396 102.000 118.000 39.000
-8.607 7.208 155.404 87.000 104.000 33.000
-8.607 7.655 155.412 86.000 103.000 34.000
-8.160 5.868 155.406 111.000 123.000 41.000
-8.161 6.314 155.414 93.000 110.000 31.000
-8.161 6.761 155.422 74.000 95.000 22.000
-8.161 7.208 155.430 84.000 104.000 28.000
-8.161 7.655 155.438 76.000 93.000 27.000
-9.525 6.754 155.790 112.000 122.000 54.000
-9.526 7.201 155.798 87.000 100.000 38.000
-9.526 7.648 155.806 83.000 95.000 37.000
-9.079 6.307 155.808 126.000 137.000 57.000
-9.079 6.754 155.816 116.000 129.000 47.000
-9.079 7.201 155.824 113.000 126.000 45.000
-9.080 7.647 155.832 116.000 128.000 50.000
-8.632 5.413 155.818 82.000 88.000 31.000
-8.632 5.860 155.826 128.000 138.000 54.000
-8.633 6.307 155.834 102.000 116.000 37.000
-8.633 6.753 155.842 95.000 111.000 33.000
-8.633 7.200 155.850 109.000 123.000 40.000
-8.633 7.647 155.858 113.000 128.000 45.000
-8.186 5.859 155.852 96.000 107.000 32.000
-8.186 6.306 155.860 111.000 124.000 38.000
-8.187 6.753 155.868 108.000 123.000 37.000
-8.187 7.200 155.876 86.000 105.000 27.000
-8.187 7.647 155.884 88.000 105.000 32.000
-8.187 8.094 155.892 83.000 95.000 35.000
-7.740 6.306 155.886 70.000 85.000 21.000
-7.741 7.200 155.902 72.000 91.000 21.000
-9.997 6.299 156.202 129.000 123.000 97.000
-9.551 5.852 156.220 175.000 170.000 130.000
-9.551 6.299 156.228 135.000 142.000 78.000
-9.551 6.746 156.236 98.000 112.000 43.000
-9.552 7.193 156.244 104.000 120.000 42.000
-9.552 7.640 156.253 109.000 121.000 48.000
-9.104 5.405 156.238 123.000 130.000 60.000
-9.105 5.852 156.246 137.000 144.000 75.000
-9.105 6.299 156.254 119.000 130.000 50.000
-9.105 6.746 156.262 87.000 105.000 28.000
-9.105 7.192 156.270 95.000 112.000 32.000
-9.106 7.639 156.278 103.000 116.000 39.000
-8.658 4.958 156.256 135.000 142.000 74.000
-8.658 5.405 156.264 133.000 141.000 65.000
-8.658 5.852 156.272 143.000 153.000 70.000
-8.659 6.298 156.280 128.000 141.000 51.000
-8.659 6.745 156.288 109.000 124.000 35.000
-8.659 7.192 156.296 103.000 119.000 34.000
-8.659 7.639 156.304 114.000 126.000 46.000
-8.212 4.958 156.282 79.000 82.000 51.000
-8.212 5.404 156.290 133.000 140.000 74.000
-8.212 5.851 156.298 146.000 157.000 67.000
-8.212 6.298 156.306 112.000 125.000 38.000
-8.213 6.745 156.314 87.000 105.000 26.000
-8.213 7.192 156.322 101.000 117.000 34.000
-8.213 7.639 156.330 85.000 99.000 32.000
-8.213 8.086 156.339 91.000 102.000 43.000
-7.766 6.298 156.332 86.000 99.000 27.000
-7.766 6.745 156.340 69.000 84.000 21.000
-7.767 7.192 156.348 99.000 113.000 36.000
-10.469 6.291 156.622 141.000 132.000 113.000
-10.023 5.844 156.640 195.000 184.000 153.000
-10.023 6.291 156.648 194.000 184.000 153.000
-9.577 5.397 156.658 144.000 147.000 90.000
-9.577 5.844 156.666 175.000 170.000 127.000
-9.577 6.291 156.674 137.000 144.000 73.000
-9.577 6.738 156.682 89.000 104.000 33.000
-9.578 7.185 156.691 102.000 117.000 36.000
-9.578 7.631 156.699 110.000 123.000 42.000
-9.130 4.503 156.668 100.000 105.000 51.000
-9.130 4.950 156.676 139.000 147.000 77.000
-9.130 5.397 156.684 150.000 156.000 87.000
-9.131 5.844 156.692 141.000 148.000 77.000
-9.131 6.291 156.700 108.000 122.000 37.000
-9.131 6.737 156.708 103.000 123.000 28.000
-9.131 7.184 156.717 108.000 123.000 32.000
-9.132 7.631 156.725 112.000 124.000 41.000
-8.684 4.950 156.702 142.000 148.000 87.000
-8.684 5.397 156.710 151.000 158.000 82.000
-8.684 5.843 156.718 145.000 155.000 71.000
-8.685 6.290 156.726 120.000 135.000 41.000
-8.685 6.737 156.734 110.000 126.000 31.000
-8.685 7.184 156.743 111.000 126.000 33.000
-8.685 7.631 156.751 119.000 130.000 48.000
-8.238 4.949 156.728 90.000 93.000 60.000
-8.238 5.396 156.736 147.000 155.000 80.000
-8.238 5.843 156.744 144.000 156.000 61.000
-8.238 6.290 156.752 119.000 133.000 39.000
-8.239 6.737 156.760 104.000 119.000 31.000
-8.239 7.184 156.768 102.000 116.000 32.000
-8.239 7.631 156.777 99.000 111.000 40.000
-8.239 8.078 156.785 92.000 101.000 45.000
-7.792 6.290 156.778 97.000 112.000 29.000
-7.792 6.737 156.786 102.000 115.000 35.000
-7.793 7.184 156.794 111.000 120.000 46.000
-10.942 6.283 157.043 149.000 147.000 122.000
-10.495 5.836 157.060 196.000 190.000 159.000
-10.495 6.283 157.069 187.000 180.000 147.000
-10.049 4.942 157.070 154.000 155.000 105.000
-10.049 5.389 157.078 158.000 159.000 110.000
-10.049 5.836 157.086 172.000 169.000 126.000
-10.049 6.283 157.095 157.000 161.000 108.000
-10.049 6.730 157.103 110.000 116.000 57.000
-10.050 7.177 157.111 76.000 86.000 35.000
-9.602 4.942 157.096 104.000 110.000 53.000
-9.603 5.389 157.104 114.000 118.000 57.000
-9.603 5.836 157.112 152.000 158.000 89.000
-9.603 6.283 157.120 129.000 141.000 57.000
-9.603 6.730 157.129 116.000 130.000 40.000
-9.603 7.176 157.137 109.000 122.000 36.000
-9.604 7.623 157.145 117.000 128.000 46.000
-9.156 5.389 157.130 150.000 160.000 72.000
-9.157 5.836 157.138 141.000 151.000 64.000
-9.157 6.282 157.146 122.000 137.000 38.000
-9.157 6.729 157.155 109.000 126.000 29.000
-9.157 7.176 157.163 113.000 127.000 34.000
-9.158 7.623 157.171 123.000 135.000 45.000
-8.710 5.388 157.156 157.000 165.000 81.000
-8.710 5.835 157.164 148.000 159.000 64.000
-8.711 6.282 157.172 119.000 136.000 36.000
-8.711 6.729 157.181 115.000 131.000 33.000
-8.711 7.176 157.189 117.000 132.000 35.000
-8.711 7.623 157.197 118.000 130.000 43.000
-8.264 5.388 157.182 131.000 141.000 61.000
-8.264 5.835 157.190 132.000 146.000 48.000
-8.264 6.282 157.198 113.000 128.000 35.000
-8.265 6.729 157.207 119.000 133.000 38.000
-8.265 7.176 157.215 116.000 130.000 38.000
-8.265 7.623 157.223 91.000 104.000 34.000
-7.818 6.282 157.224 112.000 124.000 38.000
-7.818 6.729 157.232 123.000 135.000 48.000
-7.819 7.176 157.241 114.000 122.000 47.000
-10.967 5.382 157.472 206.000 199.000 162.000
-10.967 5.828 157.481 139.000 135.000 111.000
-10.521 4.934 157.490 160.000 159.000 114.000
-10.521 5.381 157.498 189.000 184.000 145.000
-10.074 4.487 157.508 78.000 84.000 38.000
-10.074 4.934 157.516 94.000 97.000 52.000
-10.075 6.275 157.541 98.000 106.000 47.000
-10.075 6.722 157.549 110.000 123.000 47.000
-10.076 7.169 157.557 104.000 119.000 41.000
-9.629 5.381 157.550 76.000 85.000 30.000
-9.629 5.828 157.559 133.000 143.000 58.000
-9.629 6.275 157.567 124.000 139.000 45.000
-9.629 6.722 157.575 113.000 128.000 35.000
-9.629 7.168 157.583 113.000 126.000 37.000
-9.630 7.615 157.591 121.000 133.000 45.000
-9.182 5.381 157.576 148.000 160.000 60.000
-9.183 5.827 157.584 149.000 162.000 58.000
-9.183 6.274 157.593 128.000 143.000 38.000
-9.183 6.721 157.601 113.000 129.000 30.000
-9.183 7.168 157.609 116.000 130.000 33.000
-9.184 7.615 157.617 130.000 143.000 46.000
-8.736 5.380 157.602 160.000 171.000 75.000
-8.736 5.827 157.610 150.000 164.000 58.000
-8.737 6.274 157.619 123.000 140.000 35.000
-8.737 6.721 157.627 120.000 135.000 34.000
-8.737 7.168 157.635 123.000 138.000 38.000
-8.737 7.615 157.643 124.000 137.000 43.000
-8.290 5.380 157.628 127.000 137.000 54.000
-8.290 5.827 157.636 138.000 152.000 53.000
-8.290 6.274 157.645 116.000 132.000 35.000
-8.291 6.721 157.653 118.000 132.000 38.000
-8.291 7.168 157.661 130.000 142.000 49.000
-8.291 7.615 157.669 96.000 110.000 35.000
-7.844 6.274 157.671 118.000 131.000 43.000
-7.844 6.721 157.679 132.000 143.000 56.000
-7.845 7.167 157.687 124.000 132.000 61.000
-11.439 5.374 157.893 115.000 110.000 86.000
-10.993 4.927 157.911 159.000 163.000 114.000
-10.993 5.373 157.919 203.000 195.000 156.000
-10.547 4.926 157.936 134.000 135.000 85.000
-10.547 5.373 157.945 131.000 129.000 90.000
-10.548 7.161 157.977 94.000 105.000 43.000
-10.101 5.820 157.979 80.000 84.000 42.000
-10.101 6.267 157.987 119.000 130.000 55.000
-10.101 6.714 157.995 111.000 126.000 42.000
-10.102 7.161 158.003 103.000 119.000 36.000
-9.655 5.373 157.997 105.000 113.000 40.000
-9.655 5.820 158.005 130.000 141.000 54.000
-9.655 6.267 158.013 125.000 139.000 44.000
-9.655 6.713 158.021 117.000 132.000 36.000
-9.655 7.160 158.029 114.000 130.000 34.000
-9.656 7.607 158.037 119.000 133.000 41.000
-9.208 5.373 158.023 157.000 168.000 68.000
-9.209 5.819 158.031 143.000 157.000 52.000
-9.209 6.266 158.039 130.000 145.000 40.000
-9.209 6.713 158.047 120.000 135.000 34.000
-9.209 7.160 158.055 121.000 135.000 36.000
-9.209 7.607 158.063 134.000 146.000 50.000
-8.762 4.925 158.040 103.000 108.000 44.000
-8.762 5.372 158.048 169.000 180.000 85.000
-8.762 5.819 158.057 156.000 169.000 65.000
-8.763 6.266 158.065 127.000 143.000 38.000
-8.763 6.713 158.073 122.000 137.000 35.000
-8.763 7.160 158.081 135.000 148.000 47.000
-8.763 7.607 158.089 124.000 138.000 43.000
-8.316 4.925 158.066 84.000 89.000 42.000
-8.316 5.372 158.074 118.000 128.000 48.000
-8.316 5.819 158.083 139.000 154.000 54.000
-8.316 6.266 158.091 114.000 129.000 36.000
-8.317 6.713 158.099 120.000 134.000 40.000
-8.317 7.160 158.107 130.000 143.000 49.000
-7.870 6.266 158.117 116.000 129.000 43.000
-7.870 6.712 158.125 128.000 138.000 55.000
-7.871 7.159 158.133 88.000 96.000 38.000
-11.019 5.365 158.365 190.000 185.000 145.000
-10.573 4.918 158.383 157.000 163.000 101.000
-10.573 5.365 158.391 187.000 188.000 139.000
-10.574 6.706 158.415 76.000 86.000 32.000
-10.574 7.153 158.423 94.000 104.000 38.000
-10.126 4.471 158.401 73.000 84.000 30.000
-10.127 5.365 158.417 96.000 102.000 49.000
-10.127 5.812 158.425 90.000 99.000 42.000
-10.127 6.259 158.433 117.000 130.000 50.000
-10.127 6.706 158.441 115.000 127.000 41.000
-10.128 7.152 158.449 114.000 126.000 40.000
-9.680 5.365 158.443 82.000 91.000 30.000
-9.681 5.812 158.451 117.000 128.000 47.000
-9.681 6.258 158.459 120.000 134.000 43.000
-9.681 6.705 158.467 113.000 129.000 32.000
-9.681 7.152 158.475 118.000 133.000 35.000
-9.682 7.599 158.483 124.000 138.000 44.000
-9.234 4.918 158.461 95.000 97.000 42.000
-9.234 5.364 158.469 173.000 183.000 91.000
-9.235 5.811 158.477 128.000 141.000 47.000
-9.235 6.258 158.485 103.000 118.000 28.000
-9.235 6.705 158.493 93.000 108.000 22.000
-9.235 7.152 158.501 113.000 129.000 31.000
-9.235 7.599 158.509 130.000 143.000 50.000
-8.788 4.917 158.487 173.000 183.000 99.000
-8.788 5.364 158.495 157.000 168.000 77.000
-8.788 5.811 158.503 140.000 152.000 57.000
-8.789 6.258 158.511 120.000 134.000 40.000
-8.789 6.705 158.519 106.000 122.000 29.000
-8.789 7.152 158.527 139.000 153.000 50.000
-8.789 7.599 158.535 102.000 115.000 36.000
-8.342 4.917 158.512 75.000 80.000 37.000
-8.342 5.364 158.521 105.000 114.000 45.000
-8.342 5.811 158.529 127.000 140.000 46.000
-8.342 6.258 158.537 124.000 138.000 45.000
-8.343 6.705 158.545 128.000 141.000 47.000
-8.343 7.151 158.553 134.000 146.000 54.000
-7.896 6.257 158.563 113.000 125.000 42.000
-7.896 6.704 158.571 120.000 131.000 50.000
-7.897 7.151 158.579 79.000 84.000 32.000
-11.045 5.357 158.811 112.000 116.000 68.000
-10.599 4.910 158.829 139.000 147.000 77.000
-10.599 5.357 158.837 153.000 159.000 100.000
-10.599 6.251 158.853 85.000 97.000 37.000
-10.600 6.698 158.861 109.000 123.000 42.000
-10.600 7.145 158.869 113.000 126.000 44.000
-10.152 4.910 158.855 84.000 90.000 37.000
-10.153 5.357 158.863 91.000 97.000 41.000
-10.153 5.804 158.871 87.000 96.000 39.000
-10.153 6.251 158.879 119.000 133.000 48.000
-10.153 6.697 158.887 118.000 131.000 43.000
-10.154 7.144 158.895 120.000 133.000 41.000
-9.706 5.357 158.889 74.000 85.000 27.000
-9.707 5.803 158.897 91.000 102.000 35.000
-9.707 6.250 158.905 108.000 121.000 37.000
-9.707 6.697 158.913 122.000 137.000 40.000
-9.707 7.144 158.921 128.000 143.000 42.000
-9.708 7.591 158.929 125.000 139.000 45.000
-9.260 4.909 158.907 162.000 166.000 96.000
-9.260 5.356 158.915 167.000 176.000 90.000
-9.260 5.803 158.923 144.000 155.000 65.000
-9.261 6.250 158.931 152.000 164.000 67.000
-9.261 6.697 158.939 140.000 154.000 53.000
-9.261 7.144 158.947 87.000 102.000 24.000
-8.814 4.909 158.933 149.000 157.000 81.000
-8.814 5.356 158.941 161.000 170.000 86.000
-8.814 5.803 158.949 118.000 132.000 44.000
-8.815 6.250 158.957 76.000 93.000 23.000
-8.815 6.697 158.965 125.000 141.000 43.000
-8.815 7.144 158.973 156.000 169.000 64.000
-8.368 5.356 158.967 76.000 84.000 32.000
-8.368 5.803 158.975 89.000 102.000 30.000
-8.368 6.250 158.983 88.000 105.000 28.000
-8.369 6.696 158.991 123.000 137.000 44.000
-8.369 7.143 158.999 149.000 160.000 67.000
-7.922 6.249 159.009 80.000 97.000 27.000
-7.922 6.696 159.017 113.000 125.000 42.000
-11.072 6.690 159.281 69.000 81.000 31.000
-10.625 6.243 159.299 112.000 122.000 50.000
-10.626 6.690 159.307 119.000 132.000 48.000
-10.626 7.136 159.315 124.000 135.000 50.000
-10.179 5.796 159.317 79.000 89.000 34.000
-10.179 6.242 159.325 124.000 138.000 51.000
-10.179 6.689 159.333 126.000 139.000 47.000
-10.180 7.136 159.341 132.000 145.000 48.000
-9.732 4.902 159.327 84.000 93.000 34.000
-9.732 5.348 159.335 111.000 121.000 48.000
-9.733 5.795 159.343 91.000 100.000 36.000
-9.733 6.242 159.351 127.000 139.000 51.000
-9.733 6.689 159.359 135.000 148.000 49.000
-9.733 7.136 159.367 156.000 169.000 61.000
-9.734 7.583 159.375 148.000 162.000 58.000
-9.286 4.901 159.353 93.000 95.000 60.000
-9.286 5.348 159.361 152.000 157.000 88.000
-9.286 5.795 159.369 132.000 144.000 59.000
-9.287 6.242 159.377 109.000 123.000 37.000
-9.287 6.689 159.385 121.000 136.000 39.000
-9.287 7.136 159.393 137.000 150.000 51.000
-9.287 7.583 159.401 117.000 125.000 59.000
-8.840 5.348 159.387 131.000 141.000 66.000
-8.840 5.795 159.395 111.000 122.000 45.000
-8.840 6.242 159.403 95.000 107.000 32.000
-8.841 6.689 159.411 114.000 129.000 37.000
-8.841 7.136 159.419 94.000 102.000 38.000
-8.394 5.348 159.413 75.000 87.000 30.000
-8.394 5.795 159.421 108.000 124.000 39.000
-8.394 6.242 159.429 114.000 129.000 39.000
-7.948 6.241 159.455 84.000 100.000 26.000
-11.098 7.129 159.736 98.000 106.000 46.000
-10.651 6.235 159.745 121.000 134.000 53.000
-10.652 6.681 159.753 128.000 139.000 54.000
-10.652 7.128 159.762 130.000 142.000 54.000
-10.205 5.787 159.763 93.000 103.000 42.000
-10.205 6.234 159.771 132.000 143.000 59.000
-10.205 6.681 159.779 134.000 146.000 53.000
-10.206 7.128 159.788 135.000 148.000 50.000
-9.758 5.340 159.781 87.000 97.000 38.000
-9.759 5.787 159.789 95.000 103.000 40.000
-9.759 6.234 159.797 128.000 139.000 52.000
-9.759 6.681 159.805 141.000 154.000 54.000
-9.759 7.128 159.813 157.000 170.000 65.000
-9.760 7.575 159.822 151.000 164.000 67.000
-9.312 5.340 159.807 104.000 111.000 55.000
-9.312 5.787 159.815 103.000 116.000 42.000
-9.313 6.234 159.823 101.000 114.000 36.000
-9.313 6.681 159.831 144.000 156.000 58.000
-9.313 7.128 159.839 171.000 181.000 82.000
-9.313 7.575 159.848 123.000 133.000 57.000
-8.866 5.787 159.841 93.000 104.000 38.000
-8.866 6.234 159.849 87.000 98.000 28.000
-8.867 6.681 159.857 100.000 113.000 31.000
-8.867 7.127 159.865 105.000 116.000 38.000
-8.420 5.340 159.859 73.000 87.000 31.000
-8.420 5.787 159.867 90.000 106.000 32.000
-8.420 6.233 159.875 88.000 104.000 27.000
-11.124 6.674 160.174 85.000 96.000 37.000
-11.124 7.120 160.182 121.000 129.000 64.000
-10.677 6.226 160.191 135.000 147.000 62.000
-10.677 6.673 160.200 137.000 148.000 62.000
-10.678 7.120 160.208 150.000 159.000 76.000
-10.231 5.779 160.209 111.000 119.000 56.000
-10.231 6.226 160.217 146.000 156.000 71.000
-10.231 6.673 160.226 151.000 161.000 69.000
-10.232 7.120 160.234 155.000 165.000 73.000
-9.785 5.779 160.235 110.000 119.000 50.000
-9.785 6.226 160.243 130.000 141.000 56.000
-9.785 6.673 160.252 156.000 166.000 70.000
-9.785 7.120 160.260 159.000 169.000 69.000
-9.786 7.567 160.268 134.000 143.000 64.000
-9.338 5.779 160.261 90.000 104.000 35.000
-9.339 6.226 160.269 138.000 149.000 60.000
-9.339 6.673 160.277 159.000 170.000 72.000
-9.339 7.120 160.286 169.000 178.000 81.000
-8.892 5.779 160.287 92.000 106.000 34.000
-8.892 6.226 160.295 106.000 120.000 36.000
-8.893 6.672 160.303 94.000 104.000 30.000
-8.893 7.119 160.312 79.000 88.000 23.000
-8.446 6.225 160.321 94.000 111.000 29.000
-11.150 6.666 160.620 126.000 137.000 64.000
-11.150 7.112 160.628 146.000 154.000 87.000
-10.703 6.218 160.638 136.000 147.000 66.000
-10.703 6.665 160.646 163.000 171.000 90.000
-10.704 7.112 160.654 170.000 178.000 101.000
-10.257 5.771 160.655 104.000 113.000 49.000
-10.257 6.218 160.664 144.000 153.000 71.000
-10.257 6.665 160.672 170.000 178.000 92.000
-10.257 7.112 160.680 176.000 183.000 100.000
-9.811 5.771 160.681 117.000 125.000 53.000
-9.811 6.218 160.690 160.000 169.000 84.000
-9.811 6.665 160.698 175.000 183.000 89.000
-9.811 7.112 160.706 158.000 166.000 74.000
-9.365 6.218 160.716 148.000 159.000 67.000
-9.365 6.665 160.724 175.000 186.000 84.000
-9.365 7.111 160.732 77.000 86.000 25.000
-8.919 6.664 160.750 113.000 124.000 40.000
-11.176 6.657 161.066 139.000 150.000 72.000
-11.176 7.104 161.074 101.000 107.000 58.000
-10.729 6.210 161.084 168.000 178.000 98.000
-10.729 6.657 161.092 203.000 205.000 136.000
-10.730 7.104 161.100 187.000 191.000 124.000
-10.283 5.763 161.102 102.000 111.000 46.000
-10.283 6.210 161.110 182.000 188.000 117.000
-10.283 6.657 161.118 208.000 207.000 140.000
-10.283 7.104 161.126 195.000 199.000 124.000
-9.837 6.210 161.136 152.000 160.000 76.000
-9.837 6.657 161.144 184.000 193.000 100.000
-9.837 7.104 161.152 85.000 91.000 33.000
-9.391 6.656 161.170 100.000 114.000 30.000
-8.945 6.656 161.196 98.000 108.000 33.000
-10.755 6.202 161.530 168.000 176.000 108.000
-10.755 6.649 161.538 180.000 181.000 124.000
-10.309 6.649 161.564 167.000 168.000 115.000
-9.863 6.649 161.590 76.000 80.000 35.000
-9.080 8.094 155.840 99.000 109.000 46.000
-8.634 8.094 155.866 111.000 120.000 52.000
-9.552 8.086 156.261 96.000 111.000 41.000
-9.106 8.086 156.287 106.000 116.000 45.000
-8.660 8.086 156.313 115.000 124.000 53.000
-8.660 8.533 156.321 86.000 98.000 41.000
-9.578 8.078 156.707 97.000 113.000 37.000
-9.132 8.078 156.733 117.000 127.000 50.000
-9.132 8.525 156.741 97.000 107.000 43.000
-8.686 8.078 156.759 116.000 127.000 51.000
-8.686 8.525 156.767 81.000 91.000 38.000
-10.050 7.624 157.119 80.000 86.000 38.000
-9.604 8.070 157.153 115.000 128.000 47.000
-9.158 8.070 157.179 123.000 135.000 52.000
-9.158 8.517 157.187 97.000 107.000 45.000
-8.712 8.070 157.205 121.000 132.000 53.000
-10.076 7.616 157.565 111.000 120.000 51.000
-10.076 8.062 157.573 102.000 111.000 47.000
-9.630 8.062 157.599 124.000 136.000 53.000
-9.630 8.509 157.607 92.000 101.000 44.000
-9.184 8.062 157.625 125.000 136.000 51.000
-9.184 8.509 157.633 83.000 91.000 39.000
-8.738 8.062 157.651 109.000 120.000 46.000
-10.548 7.608 157.985 102.000 109.000 52.000
-10.548 8.055 157.993 112.000 123.000 52.000
-10.102 7.607 158.011 122.000 133.000 53.000
-10.102 8.054 158.019 122.000 132.000 56.000
-9.656 8.054 158.045 126.000 138.000 53.000
-9.210 8.054 158.071 105.000 116.000 43.000
-11.021 8.047 158.413 114.000 123.000 53.000
-10.574 7.600 158.431 95.000 103.000 44.000
-10.574 8.046 158.439 118.000 130.000 51.000
-10.575 8.493 158.447 94.000 101.000 50.000
-10.128 7.599 158.457 120.000 132.000 46.000
-10.128 8.046 158.465 120.000 132.000 48.000
-10.128 8.493 158.473 86.000 97.000 40.000
-9.682 8.046 158.491 125.000 137.000 53.000
-9.682 8.493 158.499 86.000 98.000 40.000
-9.236 8.046 158.517 105.000 115.000 47.000
-11.046 8.039 158.859 107.000 117.000 50.000
-11.047 8.485 158.868 84.000 90.000 44.000
-10.600 7.591 158.877 126.000 136.000 55.000
-10.600 8.038 158.885 124.000 135.000 51.000
-10.601 8.485 158.894 107.000 115.000 52.000
-10.154 7.591 158.903 121.000 134.000 42.000
-10.154 8.038 158.911 127.000 139.000 50.000
-10.154 8.485 158.920 84.000 91.000 41.000
-9.708 8.038 158.937 123.000 135.000 53.000
-11.072 7.584 159.298 118.000 126.000 61.000
-11.072 8.030 159.306 117.000 127.000 55.000
-11.073 8.477 159.314 103.000 110.000 55.000
-10.626 7.583 159.323 136.000 146.000 62.000
-10.626 8.030 159.332 127.000 138.000 55.000
-10.626 8.477 159.340 96.000 106.000 48.000
-10.180 7.583 159.349 151.000 161.000 70.000
-10.180 8.030 159.358 125.000 137.000 51.000
-10.180 8.477 159.366 86.000 98.000 40.000
-9.734 8.030 159.384 114.000 128.000 48.000
-11.098 7.575 159.744 107.000 115.000 53.000
-11.098 8.022 159.752 125.000 135.000 62.000
-10.652 7.575 159.770 136.000 147.000 61.000
-10.652 8.022 159.778 131.000 141.000 60.000
-10.206 7.575 159.796 141.000 154.000 59.000
-10.206 8.022 159.804 125.000 136.000 53.000
-9.760 8.022 159.830 98.000 111.000 44.000
-11.124 7.567 160.190 133.000 141.000 78.000
-11.124 8.014 160.198 121.000 128.000 70.000
-10.678 7.567 160.216 154.000 163.000 85.000
-10.678 8.014 160.224 123.000 131.000 64.000
-10.232 7.567 160.242 145.000 155.000 72.000
-10.232 8.014 160.250 84.000 92.000 39.000
-11.150 7.559 160.636 128.000 135.000 81.000
-10.704 7.559 160.662 155.000 162.000 95.000
-10.258 7.559 160.688 139.000 146.000 79.000
-10.730 7.551 161.108 84.000 88.000 50.000
-7.688 6.322 154.994 68.000 85.000 22.000
-7.242 5.875 155.012 100.000 114.000 37.000
-7.714 5.420 155.424 98.000 105.000 45.000
-7.714 5.867 155.432 91.000 106.000 32.000
-7.294 5.412 155.896 87.000 101.000 37.000
-7.320 5.404 156.342 88.000 100.000 36.000
-7.320 5.851 156.350 75.000 89.000 26.000
-7.792 5.396 156.762 78.000 89.000 31.000
-7.792 5.843 156.770 78.000 93.000 21.000
-7.346 5.396 156.788 79.000 93.000 31.000
-7.346 5.843 156.796 86.000 101.000 31.000
-7.346 6.290 156.804 86.000 99.000 33.000
-6.899 5.396 156.814 100.000 111.000 42.000
-7.818 5.388 157.208 80.000 88.000 34.000
-7.818 5.835 157.216 99.000 113.000 30.000
-7.372 5.388 157.234 76.000 90.000 31.000
-7.372 5.835 157.242 93.000 108.000 35.000
-7.372 6.282 157.250 93.000 105.000 36.000
-7.372 6.728 157.258 86.000 93.000 34.000
-7.844 5.380 157.654 97.000 108.000 41.000
-7.844 5.827 157.662 121.000 135.000 43.000
-7.398 5.827 157.688 96.000 109.000 36.000
-7.398 6.273 157.696 90.000 104.000 33.000
-7.398 6.720 157.705 126.000 136.000 60.000
-7.870 5.372 158.100 84.000 93.000 36.000
-7.870 5.819 158.109 115.000 129.000 42.000
-7.424 5.818 158.135 84.000 96.000 32.000
-7.424 6.712 158.151 83.000 89.000 37.000
-7.896 5.811 158.555 95.000 107.000 33.000
-7.948 5.794 159.447 71.000 89.000 23.000
