3.6181615544700105 23.735364849938595 127.71324187823781 81.0 90.0 36.0
3.6179259666120833 24.18225147150387 127.72134244907191 111.0 120.0 52.0
3.6176903787541557 24.629138093069148 127.72944301990599 78.0 92.0 32.0
4.064366261712404 23.735129262080665 127.73921553829167 90.0 102.0 40.0
4.064130673854477 24.182015883645946 127.74731610912578 89.0 106.0 34.0
4.06389508599655 24.62890250521122 127.75541667995988 73.0 90.0 28.0
4.063659498138622 25.0757891267765 127.76351725079398 68.0 82.0 30.0
3.1455120114578836 24.621273110092975 128.14960059280838 75.0 82.0 33.0
3.5921878944161305 23.727264279104496 128.15937311119407 129.0 139.0 65.0
3.5919523065582033 24.17415090066977 128.16747368202817 113.0 123.0 48.0
3.5917167187002756 24.62103752223505 128.17557425286228 85.0 103.0 33.0
3.5914811308423484 25.067924143800322 128.18367482369638 99.0 112.0 48.0
4.038628189516452 23.28014206968129 128.17724620041386 96.0 103.0 47.0
4.038392601658525 23.727028691246566 128.18534677124796 119.0 131.0 52.0
4.038157013800597 24.173915312811843 128.19344734208207 98.0 114.0 36.0
4.0379214259426695 24.62080193437712 128.20154791291614 88.0 105.0 32.0
4.037685838084742 25.067688555942397 128.20964848375024 102.0 114.0 47.0
4.037450250226815 25.514575177507673 128.21774905458435 72.0 83.0 36.0
4.484597308900918 23.72679310338864 128.21132043130183 70.0 84.0 28.0
4.484361721042991 24.173679724953914 128.21942100213593 80.0 97.0 30.0
2.672626880587828 25.95406799181263 128.59405987821307 88.0 86.0 41.0
3.1200095271198593 23.71939929612832 128.57953068409645 106.0 112.0 50.0
3.1197739392619317 24.1662859176936 128.58763125493056 100.0 107.0 44.0
3.119538351404004 24.613172539258873 128.59573182576463 101.0 106.0 45.0
3.119302763546077 25.06005916082415 128.60383239659873 97.0 103.0 49.0
3.119067175688149 25.506945782389426 128.61193296743284 90.0 95.0 52.0
3.118831587830222 25.953832403954703 128.62003353826697 80.0 83.0 39.0
3.566449822220179 23.272277086705117 128.59740377331624 139.0 149.0 71.0
3.5662142343622514 23.719163708270393 128.60550434415032 112.0 124.0 47.0
3.565978646504324 24.16605032983567 128.61360491498442 103.0 113.0 41.0
3.5657430586463965 24.612936951400947 128.62170548581852 99.0 109.0 38.0
3.5655074707884693 25.059823572966224 128.62980605665263 117.0 125.0 59.0
3.5652718829305416 25.5067101945315 128.63790662748673 95.0 103.0 50.0
4.012890117320499 22.825154877281914 128.615276862536 103.0 107.0 67.0
4.012654529462573 23.27204149884719 128.6233774333701 139.0 148.0 73.0
4.012418941604645 23.718928120412464 128.6314780042042 115.0 126.0 48.0
4.0121833537467175 24.165814741977744 128.6395785750383 104.0 114.0 41.0
4.011947765888791 24.612701363543017 128.64767914587242 100.0 110.0 39.0
4.011712178030863 25.059587985108298 128.65577971670652 111.0 120.0 50.0
4.0114765901729355 25.50647460667357 128.6638802875406 80.0 95.0 38.0
4.458859236704967 23.27180591098926 128.64935109342397 80.0 92.0 31.0
4.458623648847039 23.718692532554538 128.6574516642581 88.0 103.0 33.0
4.458388060989112 24.165579154119815 128.6655522350922 106.0 118.0 40.0
2.6475955719656588 24.158420934717423 129.0077888278329 123.0 120.0 67.0
2.647359984107731 24.6053075562827 129.015889398667 98.0 95.0 56.0
3.0942714549239074 23.264412103728944 129.0175613462186 132.0 143.0 64.0
3.09403586706598 23.71129872529422 129.0256619170527 123.0 132.0 61.0
3.0938002792080526 24.158185346859497 129.0337624878868 137.0 134.0 69.0
3.093564691350125 24.605071968424774 129.0418630587209 109.0 109.0 49.0
3.0933291034921977 25.05195858999005 129.049963629555 98.0 103.0 53.0
3.09309351563427 25.498845211555324 129.0580642003891 88.0 91.0 56.0
3.540711750024226 22.81728989430574 129.0354344354384 144.0 152.0 80.0
3.5404761621663 23.264176515871014 129.0435350062725 127.0 139.0 56.0
3.5402405743083722 23.711063137436295 129.0516355771066 115.0 128.0 46.0
3.540004986450445 24.157949759001568 129.0597361479407 107.0 116.0 38.0
3.5397693985925174 24.604836380566848 129.06783671877477 98.0 106.0 35.0
3.53953381073459 25.05172300213212 129.07593728960887 112.0 121.0 53.0
3.5392982228766625 25.498609623697398 129.08403786044298 112.0 118.0 63.0
3.9871520451245472 22.37016768488254 129.05330752465815 107.0 112.0 72.0
3.9869164572666196 22.81705430644781 129.06140809549228 151.0 160.0 86.0
3.9866808694086937 23.26394092801309 129.06950866632639 129.0 141.0 56.0
3.9864452815507665 23.710827549578365 129.07760923716046 111.0 125.0 38.0
3.986209693692839 24.157714171143642 129.08570980799456 102.0 112.0 32.0
3.985974105834911 24.60460079270892 129.09381037882866 110.0 120.0 40.0
3.985738517976984 25.051487414274195 129.10191094966277 110.0 120.0 47.0
3.9855029301190563 25.49837403583947 129.11001152049687 84.0 99.0 38.0
4.433121164509013 22.816818718589886 129.08738175554612 112.0 123.0 53.0
4.4328855766510875 23.26370534015516 129.09548232638022 99.0 112.0 36.0
4.43264998879316 23.71059196172044 129.10358289721435 94.0 109.0 33.0
4.432414400935233 24.157478583285712 129.11168346804845 106.0 116.0 37.0
4.432178813077305 24.604365204850993 129.11978403888256 130.0 137.0 66.0
4.879325871751408 22.81658313073196 129.1133554156 69.0 83.0 30.0
4.879090283893482 23.263469752297233 129.1214559864341 63.0 80.0 21.0
2.622093087627634 23.25654712075277 129.43771891912098 91.0 97.0 46.0
2.6218574997697064 23.703433742318047 129.44581948995508 115.0 121.0 58.0
2.621621911911779 24.150320363883324 129.4539200607892 136.0 135.0 75.0
2.6213863240538515 24.5972069854486 129.4620206316233 118.0 123.0 69.0
3.0685333827279537 22.809424911329565 129.45559200834077 124.0 135.0 59.0
3.068297794870028 23.256311532894845 129.46369257917488 126.0 138.0 55.0
3.0680622070121006 23.703198154460118 129.47179315000895 120.0 131.0 52.0
3.067826619154173 24.1500847760254 129.47989372084305 124.0 134.0 54.0
3.0675910312962458 24.59697139759067 129.48799429167715 107.0 105.0 44.0
3.067355443438318 25.043858019155948 129.49609486251126 84.0 90.0 44.0
3.0671198555803905 25.490744640721225 129.5041954333454 111.0 116.0 70.0
3.0668842677224633 25.9376312622865 129.51229600417946 89.0 94.0 52.0
3.514738089970346 22.80918932347164 129.48156566839464 131.0 144.0 57.0
3.5145025021124203 23.256075945036915 129.48966623922874 124.0 137.0 47.0
3.5142669142544927 23.702962566602192 129.49776681006284 114.0 127.0 39.0
3.5140313263965655 24.14984918816747 129.50586738089694 80.0 82.0 17.0
3.513795738538638 24.596735809732746 129.51396795173105 88.0 92.0 25.0
3.5135601506807106 25.04362243129802 129.52206852256515 114.0 123.0 55.0
3.513324562822783 25.4905090528633 129.53016909339922 96.0 105.0 52.0
3.961178385070668 22.362067114048436 129.4994387576144 149.0 157.0 89.0
3.9609427972127405 22.80895373561371 129.50753932844853 139.0 150.0 63.0
3.9607072093548146 23.25584035717899 129.51563989928263 122.0 136.0 44.0
3.9604716214968874 23.702726978744263 129.52374047011673 95.0 108.0 24.0
3.960000445781032 24.596500221874816 129.5399416117849 80.0 82.0 19.0
3.959764857923105 25.043386843440093 129.548042182619 106.0 117.0 46.0
4.4073830923130615 22.36183152619051 129.5254124176683 103.0 111.0 56.0
4.407147504455135 22.808718147755783 129.5335129885024 114.0 126.0 47.0
4.406911916597209 23.25560476932106 129.54161355933653 91.0 108.0 28.0
4.406676328739281 23.702491390886337 129.5497141301706 71.0 90.0 21.0
2.596119427573755 23.24844654991867 129.88385015207723 136.0 145.0 72.0
2.5958838397158273 23.69533317148395 129.89195072291133 145.0 154.0 77.0
2.5956482518579 24.14221979304922 129.90005129374543 160.0 162.0 86.0
2.5954126639999724 24.5891064146145 129.90815186457957 98.0 93.0 55.0
2.5949414882841175 25.482879657745052 129.92435300624774 83.0 86.0 53.0
3.0425597226740746 22.801324340495466 129.90172324129702 143.0 154.0 70.0
3.0423241348161487 23.248210962060742 129.90982381213112 141.0 153.0 62.0
3.0420885469582215 23.69509758362602 129.91792438296523 146.0 154.0 68.0
3.041852959100294 24.141984205191296 129.92602495379933 139.0 143.0 60.0
3.0416173712423666 24.58887082675657 129.9341255246334 100.0 106.0 37.0
3.041381783384439 25.03575744832185 129.94222609546753 81.0 91.0 36.0
3.0411461955265113 25.482644069887122 129.95032666630163 109.0 115.0 61.0
3.040910607668584 25.929530691452403 129.95842723713574 86.0 94.0 47.0
3.4890000177743943 22.35420213107226 129.9195963305168 117.0 125.0 64.0
3.488764429916467 22.80108875263754 129.9276969013509 141.0 154.0 60.0
3.488528842058541 23.247975374202813 129.93579747218502 129.0 143.0 44.0
3.4882932542006135 23.694861995768093 129.9438980430191 124.0 137.0 42.0
3.4880576663426863 24.141748617333366 129.9519986138532 109.0 116.0 31.0
3.4878220784847587 24.588635238898643 129.9600991846873 106.0 116.0 35.0
3.4875864906268315 25.03552186046392 129.9681997555214 98.0 108.0 38.0
3.487350902768904 25.482408482029197 129.97630032635553 94.0 106.0 47.0
3.9354403128747153 21.907079921649057 129.93746941973657 102.0 108.0 56.0
3.935204725016788 22.353966543214334 129.94556999057068 141.0 152.0 68.0
3.9349691371588604 22.80085316477961 129.95367056140478 124.0 138.0 43.0
3.9347335493009346 23.247739786344887 129.96177113223888 123.0 138.0 36.0
3.9344979614430073 23.694626407910164 129.96987170307298 119.0 135.0 32.0
3.9342623735850797 24.14151302947544 129.97797227390708 94.0 97.0 20.0
3.9340267857271525 24.588399651040717 129.9860728447412 95.0 103.0 25.0
3.933791197869225 25.035286272605994 129.9941734155753 100.0 111.0 34.0
4.381409432259182 22.353730955356408 129.97154365062454 104.0 113.0 48.0
4.381173844401254 22.800617576921685 129.97964422145864 118.0 132.0 44.0
4.380938256543328 23.247504198486958 129.98774479229277 118.0 134.0 37.0
4.380702668685401 23.694390820052238 129.99584536312688 115.0 131.0 37.0
4.380467080827474 24.14127744161751 130.00394593396098 97.0 104.0 35.0
4.379995905111619 25.035050684748064 130.02014707562915 105.0 118.0 32.0
4.8273785516436485 22.80038198906376 130.00561788151253 89.0 102.0 36.0
4.827142963785723 23.247268610629032 130.01371845234664 100.0 115.0 35.0
2.123705472419554 23.687468188507772 130.31210829581374 79.0 83.0 50.0
2.1234698845616267 24.13435481007305 130.32020886664782 86.0 90.0 56.0
2.123234296703699 24.581241431638325 130.32830943748192 81.0 85.0 51.0
2.570381355377801 22.793459357519293 130.3218808141994 91.0 97.0 48.0
2.5701457675198753 23.24034597908457 130.3299813850335 150.0 160.0 82.0
2.569910179661948 23.687232600649846 130.33808195586758 160.0 167.0 86.0
2.5696745918040205 24.13411922221512 130.34618252670168 159.0 168.0 89.0
2.569439003946093 24.5810058437804 130.3542830975358 106.0 112.0 56.0
2.5692034160881656 25.027892465345673 130.36238366836992 104.0 112.0 55.0
2.568967828230238 25.474779086910953 130.37048423920402 97.0 103.0 56.0
3.0168216504781227 22.34633714809609 130.3397539034192 123.0 132.0 64.0
3.016586062620195 22.793223769661363 130.34785447425327 144.0 156.0 69.0
3.016350474762269 23.240110391226644 130.35595504508737 156.0 165.0 70.0
3.016114886904342 23.686997012791917 130.36405561592147 186.0 178.0 86.0
3.0158792990464143 24.133883634357193 130.37215618675557 146.0 149.0 63.0
3.015643711188487 24.58077025592247 130.38025675758968 78.0 84.0 24.0
3.0154081233305594 25.027656877487747 130.38835732842378 97.0 109.0 41.0
3.0151725354726318 25.474543499053024 130.39645789925788 103.0 115.0 50.0
3.463026357720515 22.34610156023816 130.36572756347306 156.0 167.0 84.0
3.4627907698625875 22.792988181803437 130.37382813430716 145.0 158.0 59.0
3.4625551820046616 23.239874803368714 130.38192870514126 139.0 153.0 43.0
3.462319594146734 23.68676142493399 130.39002927597537 129.0 142.0 39.0
3.4620840062888067 24.133648046499268 130.39812984680947 90.0 97.0 22.0
3.461848418430879 24.580534668064544 130.40623041764354 88.0 97.0 22.0
3.461612830572952 25.027421289629817 130.41433098847764 90.0 104.0 28.0
3.4613772427150242 25.474307911195098 130.42243155931178 96.0 109.0 36.0
3.909466652820836 21.898979350814958 130.38360065269282 139.0 149.0 74.0
3.909231064962909 22.345865972380235 130.39170122352695 130.0 143.0 53.0
3.9089954771049813 22.792752593945508 130.39980179436105 127.0 141.0 38.0
3.9087598892470554 23.23963921551079 130.40790236519516 123.0 140.0 28.0
3.908524301389128 23.68652583707606 130.41600293602923 118.0 135.0 28.0
3.9082887135312006 24.13341245864134 130.42410350686333 75.0 81.0 13.0
3.9080531256732733 24.580299080206615 130.43220407769743 91.0 101.0 20.0
3.9078175378153457 25.02718570177189 130.44030464853154 95.0 105.0 24.0
4.35567136006323 21.898743762957032 130.4095743127467 118.0 125.0 66.0
4.355435772205303 22.34563038452231 130.41767488358082 115.0 128.0 49.0
4.3552001843473755 22.792517006087582 130.42577545441492 90.0 107.0 27.0
4.35496459648945 23.23940362765286 130.43387602524902 112.0 131.0 29.0
4.354729008631522 23.686290249218136 130.44197659608312 127.0 142.0 42.0
4.354493420773594 24.133176870783412 130.45007716691723 100.0 114.0 31.0
4.354257832915667 24.58006349234869 130.45817773775133 95.0 106.0 28.0
4.801169303731843 23.239168039794933 130.4598496853029 89.0 103.0 32.0
4.800933715873916 23.686054661360206 130.46795025613702 100.0 111.0 41.0
5.247845186690091 22.345159208806454 130.46962220368857 105.0 110.0 64.0
2.0979674002236024 23.232480996108396 130.75013895793586 85.0 89.0 44.0
2.0977318123656747 23.67936761767367 130.75823952877 108.0 113.0 64.0
2.0974962245077475 24.12625423923895 130.7663400996041 85.0 88.0 56.0
2.09726063664982 24.573140860804223 130.7744406704382 90.0 95.0 53.0
2.544407695323922 22.785358786685194 130.76801204715565 147.0 156.0 87.0
2.544172107465996 23.232245408250467 130.77611261798975 168.0 177.0 102.0
2.543936519608069 23.679132029815744 130.78421318882386 169.0 179.0 98.0
2.5437009317501413 24.12601865138102 130.79231375965796 159.0 169.0 88.0
2.5434653438922137 24.572905272946297 130.80041433049206 112.0 122.0 52.0
2.5432297560342865 25.019791894511574 130.80851490132616 107.0 115.0 52.0
2.542994168176359 25.46667851607685 130.81661547216027 106.0 112.0 58.0
2.5427585803184316 25.913565137642127 130.82471604299437 97.0 101.0 53.0
2.9908479904242435 22.338236577261988 130.78588513637544 154.0 164.0 82.0
2.990612402566316 22.785123198827264 130.79398570720954 158.0 170.0 79.0
2.99037681470839 23.23200982039254 130.80208627804365 162.0 173.0 72.0
2.990141226850463 23.678896441957818 130.81018684887772 166.0 170.0 70.0
2.989905638992535 24.125783063523095 130.81828741971182 122.0 134.0 44.0
2.989670051134608 24.572669685088368 130.82638799054595 90.0 101.0 27.0
2.9894344632766803 25.019556306653648 130.83448856138006 113.0 124.0 47.0
2.9891988754187526 25.46644292821892 130.84258913221416 106.0 116.0 46.0
3.4372882855245632 21.891114367838785 130.80375822559523 88.0 95.0 46.0
3.437052697666636 22.33800098940406 130.81185879642933 146.0 158.0 68.0
3.4368171098087084 22.78488761096934 130.8199593672634 149.0 162.0 55.0
3.4365815219507825 23.23177423253461 130.8280599380975 148.0 160.0 40.0
3.436345934092855 23.678660854099892 130.8361605089316 122.0 139.0 30.0
3.4361103462349276 24.125547475665165 130.84426107976572 101.0 102.0 18.0
3.435874758377 24.572434097230442 130.85236165059982 92.0 103.0 22.0
3.4356391705190727 25.01932071879572 130.86046222143392 96.0 106.0 27.0
3.435403582661145 25.466207340360995 130.86856279226802 103.0 114.0 34.0
3.883492992766957 21.890878779980856 130.82973188564907 136.0 146.0 70.0
3.88325740490903 22.337765401546132 130.8378324564832 124.0 138.0 44.0
3.883021817051102 22.78465202311141 130.8459330273173 126.0 142.0 31.0
3.8827862291931763 23.231538644676686 130.8540335981514 136.0 151.0 27.0
3.882550641335249 23.678425266241963 130.8621341689855 114.0 133.0 22.0
3.882079465619394 24.572198509372512 130.87833531065368 88.0 99.0 17.0
3.8818438777614666 25.019085130937793 130.88643588148778 86.0 95.0 18.0
4.329697700009351 21.89064319212293 130.85570554570296 122.0 131.0 67.0
4.329462112151424 22.337529813688207 130.86380611653706 122.0 135.0 50.0
4.329226524293496 22.784416435253483 130.8719066873712 116.0 133.0 35.0
4.32899093643557 23.231303056818756 130.88000725820527 118.0 136.0 29.0
4.328755348577642 23.678189678384037 130.88810782903937 103.0 118.0 26.0
4.328284172861788 24.571962921514586 130.90430897070758 88.0 100.0 23.0
4.77543123153589 22.784180847395557 130.89788034742503 80.0 91.0 31.0
4.775195643677964 23.23106746896083 130.90598091825916 87.0 102.0 33.0
5.221871526636211 22.33705863797235 130.91575343664482 134.0 142.0 79.0
2.071993740169723 23.224380425274294 131.19627019089214 124.0 124.0 67.0
2.071758152311795 23.67126704683957 131.20437076172624 154.0 158.0 91.0
2.071522564453868 24.118153668404847 131.21247133256034 101.0 104.0 60.0
2.0712869765959403 24.565040289970124 131.22057190339444 77.0 81.0 44.0
2.5184340352700425 22.77725821585109 131.2141432801119 148.0 158.0 84.0
2.5181984474121166 23.224144837416365 131.222243850946 169.0 177.0 99.0
2.5179628595541894 23.671031458981645 131.2303444217801 160.0 170.0 90.0
2.5177272716962618 24.117918080546918 131.23844499261423 147.0 157.0 76.0
2.517491683838334 24.5648047021122 131.24654556344834 110.0 122.0 48.0
2.517256095980407 25.01169132367747 131.2546461342824 110.0 120.0 54.0
2.5170205081224792 25.458577945242748 131.2627467051165 103.0 110.0 58.0
2.516784920264552 25.905464566808025 131.27084727595062 87.0 92.0 47.0
2.9651099182282916 21.88324938486261 131.2239157984976 124.0 131.0 77.0
2.964874330370364 22.33013600642789 131.2320163693317 162.0 172.0 92.0
2.9646387425124363 22.777022627993162 131.2401169401658 160.0 171.0 81.0
2.9644031546545104 23.22390924955844 131.2482175109999 155.0 167.0 72.0
2.964167566796583 23.670795871123715 131.256318081834 139.0 151.0 57.0
2.9639319789386556 24.117682492688992 131.26441865266807 110.0 124.0 37.0
2.9636963910807284 24.56456911425427 131.2725192235022 106.0 119.0 38.0
2.9634608032228007 25.011455735819546 131.2806197943363 116.0 127.0 51.0
2.9632252153648735 25.458342357384822 131.2887203651704 110.0 119.0 52.0
3.4113146254706836 21.883013797004683 131.24988945855148 146.0 156.0 75.0
3.4110790376127564 22.32990041856996 131.25799002938558 152.0 163.0 70.0
3.410843449754829 22.776787040135236 131.26609060021968 156.0 168.0 64.0
3.410607861896903 23.223673661700513 131.27419117105376 145.0 160.0 46.0
3.4103722740389757 23.67056028326579 131.28229174188786 130.0 144.0 39.0
3.410136686181048 24.117446904831063 131.29039231272196 95.0 107.0 23.0
3.4099010983231204 24.564333526396343 131.29849288355607 100.0 112.0 28.0
3.409665510465193 25.011220147961616 131.3065934543902 100.0 109.0 32.0
3.857519332713078 21.882778209146753 131.27586311860537 139.0 150.0 68.0
3.8572837448551507 22.329664830712034 131.28396368943945 135.0 148.0 52.0
3.857048156997223 22.776551452277307 131.29206426027355 135.0 151.0 39.0
3.856812569139297 23.223438073842587 131.30016483110765 141.0 157.0 35.0
3.85657698128137 23.67032469540786 131.30826540194175 115.0 133.0 25.0
3.8563413934234423 24.117211316973137 131.31636597277586 81.0 91.0 17.0
3.856105805565515 24.564097938538414 131.32446654360996 75.0 88.0 16.0
3.8558702177075874 25.01098456010369 131.33256711444403 77.0 88.0 18.0
4.303724039955472 21.882542621288827 131.3018367786592 124.0 135.0 60.0
4.303488452097545 22.329429242854108 131.30993734949334 124.0 137.0 50.0
4.303252864239617 22.77631586441938 131.31803792032744 129.0 143.0 47.0
4.303017276381691 23.223202485984658 131.32613849116154 132.0 148.0 44.0
4.302781688523764 23.670089107549934 131.33423906199565 82.0 98.0 22.0
4.749457571482011 22.776080276561455 131.3440115803813 77.0 87.0 32.0
4.749221983624085 23.22296689812673 131.3521121512154 69.0 81.0 28.0
2.0460200801158437 23.216279854440195 131.6424014238484 135.0 134.0 77.0
2.045784492257916 23.66316647600547 131.65050199468251 161.0 161.0 95.0
2.045548904399989 24.11005309757075 131.6586025655166 112.0 116.0 65.0
2.492695963074091 22.322271023451712 131.65217394223407 97.0 102.0 62.0
2.4924603752161634 22.76915764501699 131.66027451306817 144.0 150.0 86.0
2.4922247873582375 23.216044266582266 131.66837508390225 166.0 176.0 96.0
2.4919891995003103 23.662930888147542 131.67647565473638 160.0 170.0 91.0
2.4917536116423826 24.10981750971282 131.68457622557048 135.0 144.0 66.0
2.491518023784455 24.556704131278096 131.69267679640458 113.0 124.0 50.0
2.4912824359265278 25.003590752843373 131.7007773672387 120.0 128.0 64.0
2.4910468480686 25.45047737440865 131.7088779380728 86.0 92.0 51.0
2.490811260210673 25.897363995973922 131.71697850890686 81.0 86.0 49.0
2.9391362581744125 21.87514881402851 131.67004703145386 135.0 140.0 84.0
2.938900670316485 22.322035435593786 131.67814760228794 170.0 180.0 98.0
2.938665082458557 22.768922057159063 131.68624817312204 159.0 170.0 83.0
2.9384294946006313 23.21580867872434 131.69434874395614 149.0 160.0 68.0
2.938193906742704 23.662695300289613 131.70244931479024 132.0 146.0 54.0
2.9379583188847764 24.109581921854893 131.71054988562437 107.0 124.0 38.0
2.937722731026849 24.556468543420166 131.71865045645848 109.0 124.0 41.0
2.9374871431689216 25.003355164985447 131.72675102729255 118.0 129.0 55.0
2.9372515553109944 25.45024178655072 131.73485159812665 102.0 113.0 52.0
3.385576553274732 21.428026604605304 131.68792012067362 139.0 144.0 93.0
3.3853409654168045 21.874913226170584 131.69602069150773 147.0 156.0 74.0
3.3851053775588773 22.321799847735857 131.70412126234183 157.0 168.0 75.0
3.3848697897009496 22.768686469301137 131.71222183317593 153.0 165.0 65.0
3.3846342018430238 23.21557309086641 131.72032240401003 131.0 147.0 42.0
3.384398613985096 23.662459712431687 131.72842297484414 120.0 135.0 37.0
3.384163026127169 24.109346333996964 131.7365235456782 95.0 112.0 29.0
3.3839274382692413 24.55623295556224 131.7446241165123 109.0 122.0 38.0
3.383691850411314 25.003119577127517 131.75272468734644 101.0 115.0 38.0
3.8317812605171255 21.427791016747378 131.7138937807275 150.0 156.0 93.0
3.8315456726591983 21.874677638312654 131.72199435156162 134.0 144.0 58.0
3.8313100848012707 22.32156425987793 131.73009492239572 137.0 151.0 51.0
3.831074496943343 22.768450881443208 131.73819549322982 153.0 167.0 59.0
3.830838909085417 23.215337503008485 131.7462960640639 151.0 165.0 52.0
3.83060332122749 23.66222412457376 131.754396634898 114.0 130.0 31.0
3.8303677333695623 24.109110746139038 131.7624972057321 84.0 101.0 23.0
3.830132145511635 24.55599736770431 131.7705977765662 66.0 85.0 18.0
4.27798596775952 21.427555428889452 131.73986744078138 101.0 106.0 60.0
4.277750379901592 21.87444205045473 131.74796801161548 128.0 139.0 58.0
4.2775147920436645 22.321328672020005 131.7560685824496 123.0 137.0 48.0
4.277279204185737 22.768215293585282 131.7641691532837 142.0 155.0 58.0
4.277043616327811 23.215101915150555 131.7722697241178 141.0 155.0 55.0
4.276808028469884 23.661988536715835 131.7803702949519 93.0 106.0 31.0
4.2765724406119565 24.10887515828111 131.788470865786 71.0 83.0 24.0
4.7230127357122775 23.661752948857906 131.8063439550058 80.0 92.0 34.0
4.72277714785435 24.108639570423183 131.81444452583986 80.0 89.0 33.0
2.020046420061964 23.208179283606093 132.08853265680466 170.0 175.0 106.0
2.0198108322040365 23.65506590517137 132.09663322763876 163.0 171.0 99.0
2.0195752443461092 24.101952526736646 132.10473379847286 128.0 135.0 75.0
2.0193396564881816 24.548839148301923 132.11283436930697 109.0 116.0 59.0
2.0191040686302544 24.9957257698672 132.12093494014104 92.0 97.0 55.0
2.4667223030202114 22.314170452617613 132.09830517519032 91.0 95.0 57.0
2.466486715162284 22.76105707418289 132.10640574602442 144.0 152.0 85.0
2.466251127304358 23.207943695748163 132.11450631685852 165.0 175.0 96.0
2.4660155394464307 23.654830317313444 132.12260688769265 160.0 169.0 89.0
2.465779951588503 24.101716938878717 132.13070745852673 123.0 133.0 55.0
2.465544363730576 24.548603560443997 132.13880802936083 120.0 128.0 59.0
2.465308775872648 24.99549018200927 132.14690860019493 133.0 139.0 81.0
2.4650731880147205 25.442376803574547 132.15500917102904 77.0 80.0 53.0
2.913162598120533 21.867048243194407 132.1161782644101 175.0 182.0 108.0
2.9129270102626053 22.313934864759688 132.1242788352442 180.0 188.0 107.0
2.9126914224046776 22.76082148632496 132.13237940607831 154.0 164.0 77.0
2.9124558345467517 23.207708107890237 132.1404799769124 139.0 151.0 63.0
2.9122202466888245 23.654594729455514 132.1485805477465 128.0 142.0 53.0
2.911984658830897 24.10148135102079 132.15668111858062 108.0 124.0 40.0
2.9117490709729696 24.548367972586068 132.16478168941472 112.0 126.0 47.0
2.911513483115042 24.995254594151344 132.17288226024883 110.0 122.0 52.0
2.911277895257115 25.44214121571662 132.18098283108293 78.0 87.0 45.0
3.3596028932208526 21.419926033771205 132.1340513536299 164.0 173.0 100.0
3.359367305362925 21.86681265533648 132.142151924464 155.0 165.0 79.0
3.3591317175049977 22.313699276901758 132.15025249529808 163.0 173.0 79.0
3.35889612964707 22.760585898467035 132.15835306613218 152.0 164.0 67.0
3.358660541789144 23.207472520032308 132.16645363696628 109.0 123.0 35.0
3.358424953931217 23.65435914159759 132.17455420780038 101.0 119.0 33.0
3.3581893660732893 24.10124576316286 132.1826547786345 102.0 120.0 35.0
3.3579537782153617 24.54813238472814 132.19075534946862 105.0 121.0 40.0
3.3577181903574345 24.995019006293415 132.1988559203027 99.0 112.0 43.0
3.8058076004632464 21.41969044591328 132.16002501368376 157.0 164.0 93.0
3.805572012605319 21.866577067478552 132.16812558451787 141.0 151.0 62.0
3.8053364247473915 22.313463689043832 132.17622615535197 141.0 153.0 54.0
3.805100836889464 22.760350310609105 132.18432672618607 149.0 162.0 60.0
3.804865249031538 23.207236932174382 132.19242729702017 134.0 149.0 48.0
3.804629661173611 23.65412355373966 132.20052786785428 82.0 101.0 24.0
3.804394073315683 24.101010175304936 132.20862843868835 101.0 116.0 36.0
3.804158485457756 24.547896796870212 132.21672900952245 85.0 102.0 29.0
4.25201230770564 21.419454858055353 132.18599867373763 138.0 146.0 79.0
4.2517767198477125 21.866341479620626 132.19409924457176 117.0 129.0 46.0
4.251541131989786 22.313228101185906 132.20219981540586 134.0 146.0 57.0
4.251305544131858 22.76011472275118 132.21030038623996 133.0 146.0 56.0
4.251069956273932 23.207001344316456 132.21840095707404 94.0 109.0 36.0
4.250834368416005 23.653887965881733 132.22650152790814 83.0 100.0 31.0
4.250598780558077 24.100774587447006 132.23460209874224 96.0 107.0 38.0
4.696803487800471 24.10053899958908 132.26057575879614 104.0 112.0 45.0
1.994072760008085 23.200078712771994 132.5346638897609 178.0 181.0 116.0
1.9938371721501575 23.646965334337267 132.542764460595 170.0 173.0 109.0
1.9936015842922301 24.093851955902547 132.5508650314291 117.0 122.0 71.0
1.9933659964343027 24.54073857746782 132.5589656022632 101.0 107.0 57.0
2.4407486429663323 22.30606988178351 132.54443640814657 148.0 156.0 86.0
2.4405130551084047 22.752956503348788 132.55253697898067 159.0 168.0 89.0
2.440277467250479 23.199843124914064 132.5606375498148 163.0 172.0 98.0
2.4400418793925516 23.64672974647934 132.5687381206489 161.0 170.0 92.0
2.439806291534624 24.093616368044618 132.576838691483 119.0 128.0 54.0
2.4395707036766967 24.540502989609895 132.5849392623171 123.0 131.0 64.0
2.439335115818769 24.987389611175168 132.59303983315118 131.0 137.0 84.0
2.8871889380666538 21.85894767236031 132.56230949736636 175.0 182.0 99.0
2.886953350208726 22.305834293925585 132.57041006820046 180.0 188.0 104.0
2.8867177623507985 22.75272091549086 132.57851063903456 172.0 181.0 99.0
2.8864821744928726 23.19960753705614 132.58661120986866 155.0 165.0 84.0
2.8862465866349454 23.64649415862141 132.5947117807028 132.0 144.0 61.0
2.8860109987770177 24.093380780186692 132.60281235153687 120.0 131.0 51.0
2.8857754109190905 24.540267401751965 132.61091292237097 127.0 136.0 63.0
2.885539823061163 24.987154023317242 132.61901349320507 93.0 105.0 47.0
3.3336292331669735 21.411825462937102 132.58018258658615 162.0 171.0 95.0
3.333393645309046 21.858712084502383 132.58828315742025 160.0 169.0 80.0
3.3331580574511186 22.305598706067656 132.59638372825435 165.0 176.0 82.0
3.332922469593191 22.752485327632932 132.60448429908845 158.0 168.0 77.0
3.332686881735265 23.19937194919821 132.61258486992253 143.0 154.0 70.0
3.332451293877338 23.646258570763486 132.62068544075663 109.0 123.0 44.0
3.33221570601941 24.093145192328763 132.62878601159073 116.0 129.0 46.0
3.3319801181614825 24.54003181389404 132.63688658242486 93.0 109.0 36.0
3.3317445303035553 24.986918435459316 132.64498715325897 86.0 101.0 37.0
3.7798339404093673 21.411589875079176 132.60615624664004 154.0 163.0 89.0
3.77959835255144 21.858476496644453 132.61425681747414 147.0 158.0 67.0
3.7793627646935124 22.30536311820973 132.62235738830822 146.0 158.0 61.0
3.7791271768355847 22.752249739775007 132.63045795914232 155.0 166.0 77.0
3.778891588977659 23.199136361340283 132.63855852997642 115.0 125.0 48.0
3.7786560011197317 23.646022982905556 132.64665910081052 90.0 104.0 36.0
3.778420413261804 24.092909604470837 132.65475967164463 94.0 110.0 37.0
3.778184825403877 24.53979622603611 132.66286024247873 86.0 104.0 32.0
4.2260386476517615 21.41135428722125 132.6321299066939 124.0 132.0 63.0
4.225803059793834 21.858240908786527 132.640230477528 108.0 118.0 39.0
4.225567471935906 22.305127530351804 132.6483310483621 131.0 144.0 55.0
4.2253318840779786 22.75201415191708 132.6564316191962 108.0 116.0 49.0
4.224860708362126 23.64578739504763 132.67263276086442 85.0 97.0 38.0
4.224625120504198 24.092674016612907 132.6807333316985 93.0 104.0 39.0
1.9680990999542054 23.19197814193789 132.98079512271718 181.0 188.0 113.0
1.967863512096278 23.638864763503168 132.98889569355129 176.0 183.0 109.0
1.9676279242383505 24.085751385068445 132.99699626438536 100.0 105.0 57.0
1.967392336380423 24.532638006633718 133.00509683521946 105.0 112.0 55.0
2.4147749829124527 22.29796931094941 132.99056764110284 90.0 91.0 55.0
2.414539395054525 22.74485593251469 132.99866821193694 177.0 186.0 105.0
2.414303807196599 23.191742554079962 133.00676878277105 166.0 175.0 96.0
2.414068219338672 23.638629175645242 133.01486935360515 154.0 163.0 83.0
2.4138326314807443 24.085515797210515 133.02296992443925 128.0 138.0 57.0
2.413597043622817 24.532402418775792 133.03107049527335 123.0 132.0 58.0
2.4133614557648895 24.97928904034107 133.03917106610746 112.0 116.0 74.0
2.8614508658707014 21.403960479960933 133.00034015948853 88.0 90.0 55.0
2.861215278012774 21.850847101526206 133.00844073032263 176.0 186.0 92.0
2.8609796901548465 22.297733723091483 133.0165413011567 178.0 188.0 99.0
2.8607441022969193 22.74462034465676 133.0246418719908 179.0 187.0 108.0
2.8605085144389935 23.191506966222036 133.0327424428249 170.0 179.0 105.0
2.860272926581066 23.638393587787313 133.04084301365904 111.0 119.0 53.0
2.860037338723138 24.08528020935259 133.04894358449314 138.0 146.0 72.0
2.859801750865211 24.532166830917866 133.05704415532722 121.0 130.0 61.0
2.8595661630072833 24.979053452483143 133.06514472616132 113.0 120.0 63.0
3.307655573113094 21.403724892103003 133.0263138195424 175.0 182.0 105.0
3.3074199852551662 21.85061151366828 133.0344143903765 172.0 182.0 87.0
3.307184397397239 22.297498135233557 133.0425149612106 165.0 175.0 82.0
3.3069488095393114 22.744384756798834 133.0506155320447 167.0 176.0 96.0
3.3067132216813855 23.191271378364107 133.0587161028788 106.0 111.0 58.0
3.3064776338234583 23.638157999929387 133.0668166737129 87.0 93.0 41.0
3.3062420459655306 24.08504462149466 133.074917244547 119.0 129.0 55.0
3.3060064581076034 24.53193124305994 133.0830178153811 99.0 113.0 41.0
3.753860280355488 21.403489304245078 133.0522874795963 157.0 166.0 87.0
3.753624692497561 21.85037592581035 133.0603880504304 158.0 168.0 77.0
3.7533891046396333 22.29726254737563 133.0684886212645 149.0 160.0 68.0
3.7531535167817056 22.744149168940904 133.0765891920986 143.0 152.0 73.0
3.752446753207925 24.084809033636734 133.10089090460087 90.0 105.0 39.0
4.200064987597882 21.40325371638715 133.07826113965015 79.0 88.0 35.0
4.199829399739954 21.850140337952425 133.08636171048428 78.0 87.0 27.0
4.1995938118820275 22.297026959517705 133.09446228131836 91.0 99.0 35.0
4.198651460450319 24.084573445778805 133.12686456465477 67.0 82.0 27.0
1.9423610277582521 22.736990949538512 133.41882578483933 100.0 103.0 61.0
1.9421254399003263 23.183877571103793 133.42692635567343 189.0 194.0 122.0
1.9418898520423988 23.630764192669066 133.43502692650753 163.0 168.0 102.0
1.9416542641844714 24.077650814234342 133.44312749734164 144.0 151.0 81.0
2.3888013228585736 22.28986874011531 133.4366988740591 190.0 197.0 111.0
2.388565735000646 22.736755361680586 133.44479944489322 181.0 189.0 107.0
2.38833014714272 23.183641983245863 133.45290001572732 185.0 192.0 115.0
2.388094559284793 23.63052860481114 133.4610005865614 177.0 181.0 107.0
2.387858971426865 24.077415226376417 133.4691011573955 143.0 148.0 79.0
2.387623383568938 24.524301847941693 133.4772017282296 154.0 161.0 90.0
2.3873877957110103 24.971188469506966 133.4853022990637 109.0 113.0 75.0
2.8354772058168223 21.39585990912683 133.44647139244478 143.0 145.0 97.0
2.835241617958895 21.842746530692107 133.45457196327888 181.0 189.0 103.0
2.8350060301009674 22.289633152257384 133.46267253411298 176.0 185.0 96.0
2.83477044224304 22.736519773822657 133.47077310494709 183.0 191.0 110.0
2.8345348543851143 23.183406395387937 133.47887367578116 176.0 185.0 105.0
2.8342992665271867 23.63029301695321 133.4869742466153 134.0 144.0 63.0
2.834063678669259 24.07717963851849 133.4950748174494 131.0 140.0 64.0
2.833828090811332 24.524066260083764 133.5031753882835 130.0 138.0 69.0
2.833592502953404 24.97095288164904 133.5112759591176 113.0 120.0 63.0
3.2816819130592148 21.3956243212689 133.47244505249867 185.0 190.0 121.0
3.281446325201287 21.84251094283418 133.48054562333277 180.0 187.0 105.0
3.28121073734336 22.289397564399454 133.48864619416685 168.0 178.0 88.0
3.2809751494854322 22.73628418596473 133.49674676500095 173.0 182.0 102.0
3.2807395616275064 23.183170807530008 133.50484733583505 168.0 177.0 102.0
3.280503973769579 23.630057429095285 133.51294790666915 135.0 146.0 67.0
3.2802683859116515 24.07694405066056 133.52104847750329 115.0 126.0 52.0
3.2800327980537243 24.523830672225838 133.52914904833736 111.0 121.0 53.0
3.727886620301608 21.395388733410975 133.49841871255254 160.0 165.0 99.0
3.727651032443681 21.842275354976252 133.50651928338664 145.0 156.0 66.0
3.7274154445857532 22.28916197654153 133.51461985422074 153.0 164.0 76.0
3.727179856727826 22.7360485981068 133.52272042505484 118.0 125.0 57.0
3.7269442688699 23.182935219672082 133.53082099588894 102.0 109.0 53.0
3.7267086810119725 23.629821841237355 133.53892156672305 84.0 95.0 39.0
3.726473093154045 24.076708462802635 133.54702213755712 70.0 85.0 31.0
3.7262375052961176 24.52359508436791 133.55512270839125 80.0 93.0 35.0
4.172913388254367 23.62958625337943 133.5648952267769 70.0 83.0 32.0
1.9161517798464467 23.17577700026969 133.87305758862968 184.0 186.0 125.0
1.9159161919885193 23.622663621834967 133.88115815946378 156.0 160.0 100.0
1.9156806041305918 24.069550243400244 133.88925873029788 140.0 142.0 92.0
2.3630632506626217 21.834881547715934 133.87472953618126 94.0 96.0 55.0
2.362827662804694 22.281768169281207 133.88283010701534 195.0 200.0 117.0
2.3625920749467664 22.728654790846488 133.89093067784947 201.0 205.0 124.0
2.3623564870888405 23.17554141241176 133.89903124868357 206.0 209.0 131.0
2.3621208992309133 23.62242803397704 133.90713181951767 201.0 201.0 131.0
2.3618853113729856 24.069314655542314 133.91523239035178 161.0 163.0 101.0
2.3616497235150584 24.51620127710759 133.92333296118585 150.0 156.0 92.0
2.8095035457629427 21.38775933829273 133.89260262540103 117.0 117.0 89.0
2.8092679579050155 21.834645959858005 133.90070319623513 189.0 195.0 111.0
2.809032370047088 22.28153258142328 133.90880376706923 194.0 197.0 119.0
2.8087967821891606 22.728419202988558 133.91690433790333 195.0 199.0 121.0
2.8085611943312347 23.175305824553835 133.92500490873746 194.0 199.0 120.0
2.808325606473307 23.62219244611911 133.93310547957154 180.0 188.0 112.0
2.8080900186153794 24.069079067684388 133.94120605040564 162.0 169.0 102.0
2.8078544307574522 24.51596568924966 133.94930662123974 157.0 163.0 102.0
2.8076188428995246 24.96285231081494 133.95740719207384 122.0 128.0 72.0
3.255708253005335 21.387523750434802 133.91857628545492 145.0 146.0 99.0
3.2554726651474075 21.83441037200008 133.92667685628902 174.0 182.0 102.0
3.2552370772894803 22.281296993565352 133.93477742712312 170.0 179.0 94.0
3.2550014894315527 22.728183615130632 133.94287799795723 169.0 178.0 97.0
3.2547659015736268 23.175070236695905 133.9509785687913 166.0 176.0 93.0
3.2545303137156996 23.621956858261186 133.95907913962543 146.0 156.0 76.0
3.254294725857772 24.06884347982646 133.96717971045953 125.0 135.0 65.0
3.2540591379998447 24.515730101391735 133.97528028129364 93.0 101.0 47.0
3.7016773723898018 21.83417478414215 133.9526505163429 128.0 135.0 57.0
3.701441784531874 22.281061405707426 133.960751087177 101.0 108.0 39.0
3.701206196673947 22.727948027272703 133.9688516580111 106.0 116.0 45.0
3.700970608816021 23.17483464883798 133.9769522288452 85.0 96.0 36.0
3.7007350209580934 23.621721270403256 133.9850527996793 87.0 97.0 40.0
1.8901781197925676 23.16767642943559 134.31918882158595 121.0 122.0 80.0
1.8899425319346401 23.614563051000864 134.32728939242003 103.0 104.0 69.0
2.336854002750815 22.27366759844711 134.32896133997164 203.0 206.0 133.0
2.3366184148928872 22.720554220012385 134.33706191080572 209.0 211.0 136.0
2.3363828270349614 23.167440841577662 134.34516248163982 216.0 216.0 146.0
2.336147239177034 23.61432746314294 134.35326305247392 208.0 206.0 142.0
2.3359116513191065 24.06121408470821 134.36136362330802 170.0 169.0 115.0
2.3356760634611793 24.508100706273492 134.36946419414213 147.0 147.0 102.0
2.7832942978511364 21.826545389023902 134.3468344291914 198.0 202.0 131.0
2.7830587099932087 22.273432010589183 134.35493500002548 197.0 200.0 124.0
2.7828231221352815 22.720318632154456 134.36303557085958 203.0 205.0 130.0
2.7825875342773556 23.167205253719736 134.3711361416937 206.0 207.0 133.0
2.782351946419428 23.61409187528501 134.3792367125278 200.0 200.0 133.0
2.7821163585615003 24.060978496850286 134.38733728336192 164.0 168.0 109.0
2.781880770703573 24.507865118415562 134.395437854196 107.0 111.0 68.0
2.7816451828456454 24.95475173998084 134.4035384250301 81.0 84.0 47.0
3.2294990050935284 21.826309801165976 134.37280808924527 144.0 151.0 88.0
3.229263417235601 22.273196422731253 134.38090866007937 156.0 165.0 81.0
3.2290278293776735 22.72008304429653 134.38900923091347 153.0 163.0 78.0
3.2287922415197476 23.166969665861807 134.39710980174758 150.0 160.0 74.0
3.2285566536618204 23.613856287427083 134.40521037258168 144.0 153.0 76.0
3.2283210658038928 24.06074290899236 134.41331094341578 98.0 105.0 50.0
3.6752325366200678 22.7198474564386 134.41498289096737 78.0 93.0 29.0
3.674996948762142 23.16673407800388 134.42308346180144 83.0 99.0 31.0
1.864204459738688 23.15957585860149 134.7653200545422 87.0 87.0 59.0
1.8639688718807605 23.606462480166762 134.7734206253763 95.0 96.0 64.0
2.3106447548390077 22.712453649178286 134.783193143762 224.0 225.0 167.0
2.310409166981082 23.15934027074356 134.7912937145961 223.0 222.0 160.0
2.3101735791231546 23.606226892308836 134.79939428543017 217.0 216.0 158.0
2.309937991265227 24.053113513874113 134.80749485626427 147.0 145.0 105.0
2.757085049939329 22.26533143975508 134.80106623298175 116.0 121.0 66.0
2.756849462081402 22.712218061320357 134.80916680381586 164.0 173.0 94.0
2.756613874223476 23.159104682885634 134.81726737464996 195.0 198.0 123.0
2.7563782863655484 23.60599130445091 134.82536794548406 208.0 205.0 146.0
2.756142698507621 24.052877926016187 134.83346851631816 149.0 149.0 105.0
3.2032897571817216 22.26509585189715 134.82703989303562 78.0 88.0 30.0
3.203054169323794 22.71198247346243 134.83514046386972 83.0 97.0 29.0
3.202818581465868 23.158869095027704 134.84324103470385 96.0 110.0 32.0
3.202582993607941 23.605755716592984 134.85134160553795 140.0 150.0 70.0
2.2844355069272027 23.15123969990946 135.23742494755234 217.0 218.0 167.0
2.2841999190692754 23.598126321474737 135.24552551838644 220.0 222.0 171.0
2.283964331211348 24.04501294304001 135.25362608922055 129.0 128.0 101.0
2.730640214169597 23.151004112051535 135.26339860760623 147.0 157.0 76.0
