5.476484465132707 23.449782881481553 118.86043762844018 81.0 95.0 36.0
5.476248877274779 23.89666950304683 118.86853819927428 72.0 85.0 34.0
5.476013289416851 24.343556124612107 118.87663877010836 72.0 80.0 36.0
5.9226891723751 23.449547293623628 118.88641128849405 92.0 106.0 42.0
5.004306097836434 23.44191789850538 119.28059520134254 95.0 107.0 47.0
5.004070509978506 23.888804520070657 119.28869577217664 86.0 100.0 40.0
5.0038349221205785 24.33569114163593 119.29679634301074 72.0 87.0 32.0
5.003599334262651 24.78257776320121 119.30489691384487 77.0 90.0 33.0
5.450746392936753 22.994795689082178 119.29846829056233 108.0 116.0 56.0
5.450510805078827 23.441682310647455 119.30656886139643 107.0 117.0 52.0
5.4502752172209 23.888568932212728 119.31466943223053 95.0 105.0 45.0
5.450039629362973 24.335455553778004 119.32277000306463 88.0 96.0 41.0
5.449804041505045 24.78234217534328 119.33087057389874 90.0 99.0 39.0
5.896951100179147 22.99456010122425 119.32444195061622 85.0 94.0 43.0
5.896715512321221 23.44144672278953 119.33254252145032 91.0 103.0 43.0
5.896479924463294 23.888333344354802 119.34064309228442 83.0 95.0 38.0
4.53212773054016 23.434052915529207 119.70075277424492 110.0 117.0 49.0
4.531892142682232 23.88093953709448 119.70885334507905 105.0 113.0 40.0
4.531656554824305 24.32782615865976 119.71695391591315 83.0 89.0 26.0
4.531420966966377 24.774712780225034 119.72505448674725 87.0 92.0 29.0
4.53118537910845 25.221599401790314 119.73315505758133 84.0 97.0 40.0
4.5309497912505226 25.668486023355587 119.74125562841543 72.0 80.0 44.0
4.978568025640479 22.986930706106005 119.71862586346471 127.0 135.0 73.0
4.978332437782553 23.433817327671278 119.72672643429881 125.0 136.0 62.0
4.9780968499246265 23.880703949236555 119.73482700513291 104.0 119.0 44.0
4.977861262066699 24.32759057080183 119.74292757596702 83.0 99.0 30.0
4.977625674208771 24.774477192367108 119.75102814680112 93.0 106.0 34.0
4.977390086350844 25.221363813932385 119.75912871763522 96.0 110.0 42.0
5.424772732882873 22.98669511824808 119.7445995235186 122.0 128.0 66.0
5.4245371450249475 23.433581739813352 119.75270009435268 112.0 123.0 55.0
5.42430155716702 23.880468361378625 119.76080066518678 90.0 104.0 38.0
5.424065969309092 24.327354982943906 119.76890123602088 88.0 101.0 35.0
5.4238303814511655 24.77424160450918 119.77700180685501 131.0 143.0 59.0
5.870741852267342 23.433346151955426 119.77867375440657 76.0 88.0 34.0
5.870506264409414 23.8802327735207 119.78677432524067 95.0 106.0 42.0
5.8702706765514865 24.327119395085976 119.79487489607477 97.0 108.0 40.0
4.059949363243887 23.42618793255303 120.12091034714733 84.0 89.0 38.0
4.059713775385959 23.87307455411831 120.12901091798143 109.0 116.0 49.0
4.059478187528032 24.319961175683584 120.1371114888155 82.0 84.0 31.0
4.059242599670104 24.766847797248865 120.14521205964961 88.0 92.0 34.0
4.059007011812176 25.213734418814138 120.15331263048371 82.0 88.0 38.0
4.058535836096322 26.10750766194469 120.16951377215192 79.0 85.0 35.0
4.506389658344206 22.97906572312983 120.13878343636709 115.0 125.0 59.0
4.50615407048628 23.425952344695105 120.14688400720117 131.0 142.0 63.0
4.505918482628353 23.87283896626038 120.1549845780353 112.0 123.0 44.0
4.505682894770426 24.31972558782566 120.1630851488694 91.0 100.0 30.0
4.505447306912498 24.766612209390935 120.1711857197035 82.0 91.0 25.0
4.505211719054571 25.213498830956212 120.1792862905376 86.0 98.0 37.0
4.504976131196643 25.660385452521485 120.1873868613717 91.0 102.0 50.0
4.9525943655866005 22.978830135271902 120.16475709642096 96.0 104.0 50.0
4.952358777728675 23.425716756837176 120.17285766725506 119.0 130.0 57.0
4.952123189870747 23.872603378402456 120.18095823808916 93.0 109.0 37.0
4.951887602012819 24.31948999996773 120.18905880892329 94.0 109.0 33.0
4.951652014154892 24.76637662153301 120.1971593797574 88.0 106.0 31.0
4.951416426296965 25.213263243098282 120.20525995059147 97.0 112.0 41.0
5.398563484971068 23.42548116897925 120.19883132730895 74.0 89.0 32.0
5.398327897113141 23.872367790544526 120.20693189814305 81.0 98.0 32.0
5.3980923092552136 24.319254412109803 120.21503246897713 95.0 110.0 35.0
5.397856721397286 24.76614103367508 120.22313303981126 120.0 133.0 46.0
5.844532604355535 23.8721322026866 120.23290555819692 82.0 95.0 35.0
5.844297016497607 24.319018824251874 120.24100612903102 89.0 102.0 33.0
5.84406142863968 24.765905445817154 120.24910669986512 99.0 111.0 36.0
3.58729982023176 24.312096192707415 120.55726906171789 76.0 81.0 46.0
3.587064232373833 24.758982814272688 120.56536963255199 99.0 104.0 61.0
3.5863574688000504 26.099642678968518 120.5896713450543 88.0 90.0 39.0
3.5861218809421227 26.546529300533795 120.5977719158884 99.0 103.0 42.0
4.033975703190007 23.418087361718932 120.56704158010358 159.0 168.0 99.0
4.03374011533208 23.86497398328421 120.57514215093768 141.0 150.0 76.0
4.033504527474152 24.311860604849485 120.58324272177178 116.0 125.0 53.0
4.033268939616225 24.758747226414762 120.59134329260588 115.0 123.0 51.0
4.033033351758298 25.205633847980035 120.59944386343996 88.0 95.0 37.0
4.03279776390037 25.652520469545316 120.60754443427406 79.0 83.0 36.0
4.032562176042442 26.09940709111059 120.61564500510816 93.0 101.0 40.0
4.4804159982903276 22.970965152295726 120.58491466932334 147.0 154.0 84.0
4.480180410432402 23.417851773861006 120.59301524015747 138.0 149.0 69.0
4.479944822574474 23.86473839542628 120.60111581099154 120.0 133.0 48.0
4.479709234716546 24.31162501699156 120.60921638182565 110.0 123.0 40.0
4.479473646858619 24.758511638556833 120.61731695265975 101.0 111.0 34.0
4.479238059000692 25.20539826012211 120.62541752349385 90.0 99.0 35.0
4.479002471142764 25.652284881687386 120.63351809432795 86.0 94.0 37.0
4.926620705532721 22.9707295644378 120.61088832937723 121.0 129.0 65.0
4.926385117674795 23.417616186003077 120.6189889002113 122.0 134.0 59.0
4.926149529816868 23.864502807568353 120.62708947104544 96.0 113.0 37.0
4.925913941958941 24.31138942913363 120.63519004187954 104.0 119.0 36.0
4.925678354101013 24.758276050698907 120.64329061271364 108.0 121.0 38.0
4.925442766243085 25.205162672264183 120.65139118354774 91.0 107.0 36.0
4.925207178385158 25.65204929382946 120.65949175438182 94.0 108.0 45.0
5.372589824917189 23.41738059814515 120.6449625602652 66.0 82.0 28.0
5.372354237059262 23.864267219710424 120.6530631310993 89.0 106.0 34.0
5.372118649201334 24.311153841275704 120.66116370193343 114.0 126.0 40.0
5.371883061343407 24.758040462840977 120.6692642727675 113.0 127.0 39.0
5.3716474734854796 25.204927084406258 120.67736484360161 90.0 106.0 34.0
5.818323356443728 24.310918253417775 120.68713736198727 100.0 114.0 36.0
5.818087768585801 24.75780487498305 120.69523793282137 80.0 97.0 25.0
6.2645280636861225 24.31068266555985 120.71311102204116 97.0 106.0 42.0
3.5613261601778805 24.303995621873312 121.00340029467414 99.0 105.0 58.0
3.5610905723199533 24.750882243438586 121.01150086550824 120.0 127.0 68.0
3.5608549844620256 25.197768865003866 121.01960143634234 82.0 83.0 38.0
3.5606193966040984 25.64465548656914 121.02770200717647 98.0 101.0 47.0
3.5603838087461708 26.09154210813442 121.03580257801057 101.0 105.0 49.0
3.5601482208882436 26.538428729699692 121.04390314884465 96.0 100.0 49.0
4.008237630994055 22.963100169319556 121.00507224222572 138.0 144.0 86.0
4.008002043136129 23.40998679088483 121.01317281305982 167.0 176.0 102.0
4.007766455278201 23.85687341245011 121.02127338389393 155.0 165.0 85.0
4.007530867420273 24.303760034015383 121.02937395472803 124.0 135.0 55.0
4.007295279562346 24.75064665558066 121.03747452556213 111.0 120.0 44.0
4.007059691704418 25.197533277145936 121.04557509639623 101.0 107.0 39.0
4.006824103846491 25.644419898711213 121.05367566723031 98.0 103.0 42.0
4.006588515988564 26.09130652027649 121.06177623806444 93.0 93.0 36.0
4.454677926094376 22.51597795989635 121.02294533144548 141.0 144.0 93.0
4.454442338236448 22.962864581461627 121.03104590227959 160.0 168.0 97.0
4.454206750378522 23.409751203026904 121.03914647311372 147.0 157.0 75.0
4.453971162520594 23.85663782459218 121.04724704394782 127.0 141.0 49.0
4.453735574662668 24.303524446157457 121.05534761478192 115.0 128.0 38.0
4.45349998680474 24.750411067722734 121.063448185616 108.0 121.0 33.0
4.453264398946812 25.19729768928801 121.0715487564501 99.0 109.0 35.0
4.453028811088885 25.644184310853284 121.0796493272842 87.0 93.0 33.0
4.452793223230957 26.091070932418564 121.0877498981183 78.0 92.0 29.0
4.90088263333677 22.515742372038424 121.04891899149938 86.0 92.0 49.0
4.900647045478842 22.9626289936037 121.05701956233348 142.0 151.0 79.0
4.900411457620916 23.409515615168974 121.06512013316758 123.0 135.0 55.0
4.900175869762989 23.856402236734255 121.07322070400168 112.0 128.0 40.0
4.899940281905061 24.303288858299528 121.08132127483579 113.0 127.0 36.0
4.899704694047133 24.750175479864808 121.08942184566989 115.0 130.0 36.0
4.899469106189207 25.19706210143008 121.09752241650399 95.0 110.0 34.0
4.899233518331279 25.643948722995358 121.1056229873381 77.0 94.0 31.0
5.34661616486331 23.40928002731105 121.09109379322145 74.0 90.0 31.0
5.346380577005383 23.856166648876325 121.09919436405555 96.0 114.0 34.0
5.346144989147455 24.303053270441602 121.10729493488968 133.0 146.0 49.0
5.345909401289528 24.74993989200688 121.11539550572378 106.0 122.0 28.0
5.3456738134316 25.196826513572155 121.12349607655788 89.0 107.0 29.0
5.792820872105704 23.409044439453123 121.11706745327534 71.0 86.0 29.0
5.792585284247776 23.8559310610184 121.12516802410944 116.0 130.0 45.0
5.792349696389849 24.302817682583672 121.13326859494354 150.0 162.0 61.0
5.792114108531922 24.749704304148953 121.14136916577765 80.0 92.0 20.0
6.239025579348098 23.408808851595193 121.14304111332923 109.0 121.0 46.0
6.238554403632243 24.302582094725746 121.15924225499741 101.0 113.0 38.0
3.0889122050236804 24.743017260462416 121.43165843841062 86.0 91.0 52.0
3.5358236758398562 23.40212180790866 121.43333038596221 142.0 146.0 91.0
3.5353525001240014 24.29589505103921 121.44953152763041 81.0 88.0 38.0
3.535116912266074 24.742781672604487 121.45763209846449 118.0 127.0 60.0
3.5348813244081465 25.189668294169763 121.46573266929859 115.0 121.0 63.0
3.5346457365502193 25.63655491573504 121.47383324013272 88.0 91.0 43.0
3.5344101486922916 26.083441537300317 121.48193381096682 89.0 90.0 45.0
3.982499558798102 22.508112976920177 121.4431029043479 83.0 86.0 50.0
3.982263970940174 22.954999598485454 121.451203475182 165.0 175.0 100.0
3.9820283830822483 23.40188622005073 121.4593040460161 162.0 172.0 90.0
3.981792795224321 23.848772841616007 121.46740461685017 145.0 157.0 67.0
3.9815572073663934 24.295659463181284 121.47550518768428 119.0 130.0 46.0
3.981321619508466 24.74254608474656 121.48360575851838 121.0 123.0 40.0
3.9810860316505385 25.189432706311834 121.49170632935248 100.0 104.0 36.0
3.980850443792611 25.636319327877114 121.49980690018658 96.0 102.0 40.0
3.9806148559346837 26.083205949442387 121.50790747102072 91.0 101.0 41.0
3.980379268076756 26.530092571007664 121.51600804185479 76.0 84.0 38.0
4.428704266040496 22.50787738906225 121.46907656440176 168.0 172.0 117.0
4.428468678182568 22.954764010627525 121.47717713523586 156.0 164.0 89.0
4.4282330903246425 23.401650632192805 121.48527770606997 139.0 152.0 59.0
4.427997502466715 23.848537253758078 121.49337827690407 127.0 141.0 44.0
4.427761914608787 24.29542387532336 121.50147884773817 108.0 122.0 27.0
4.4275263267508596 24.74231049688863 121.50957941857227 99.0 111.0 24.0
4.427290738892933 25.189197118453908 121.51767998940637 94.0 100.0 26.0
4.427055151035005 25.636083740019185 121.52578056024045 86.0 93.0 30.0
4.4268195631770775 26.08297036158446 121.53388113107455 89.0 100.0 37.0
4.874908973282889 22.507641801204326 121.49505022445562 131.0 138.0 81.0
4.874673385424962 22.9545284227696 121.50315079528973 127.0 137.0 64.0
4.874437797567036 23.401415044334875 121.51125136612386 122.0 135.0 49.0
4.874202209709109 23.848301665900152 121.51935193695796 119.0 133.0 38.0
4.8739666218511815 24.29518828746543 121.52745250779206 115.0 131.0 30.0
4.873731033993254 24.742074909030705 121.53555307862614 103.0 114.0 23.0
4.873495446135326 25.18896153059598 121.54365364946024 115.0 121.0 34.0
4.8732598582773985 25.63584815216126 121.55175422029434 87.0 97.0 30.0
5.320878092667356 22.954292834911673 121.52912445534362 66.0 82.0 27.0
5.32064250480943 23.40117945647695 121.53722502617772 75.0 93.0 29.0
5.3204069169515025 23.848066078042223 121.54532559701182 114.0 131.0 37.0
5.320171329093575 24.294952699607503 121.55342616784593 137.0 153.0 42.0
5.319935741235648 24.741839321172776 121.56152673868003 137.0 155.0 36.0
5.31970015337772 25.188725942738053 121.56962730951413 114.0 123.0 33.0
5.76708279990975 22.954057247053743 121.55509811539751 67.0 81.0 27.0
5.766611624193897 23.847830490184297 121.57129925706569 80.0 98.0 23.0
5.766376036335969 24.294717111749573 121.57939982789979 130.0 149.0 37.0
5.766140448478041 24.74160373331485 121.58750039873392 111.0 129.0 26.0
5.765904860620114 25.188490354880127 121.59560096956803 97.0 116.0 28.0
6.213051919294218 23.400708280761094 121.58917234628548 99.0 115.0 37.0
6.21281633143629 23.84759490232637 121.59727291711958 79.0 95.0 23.0
6.212580743578363 24.294481523891648 121.60537348795368 92.0 107.0 26.0
6.212345155720436 24.741368145456924 121.61347405878779 100.0 114.0 28.0
6.659021038678682 23.84735931446844 121.62324657717348 88.0 97.0 28.0
6.658785450820756 24.29424593603372 121.63134714800755 87.0 92.0 29.0
3.063174132827728 24.288030068063037 121.86968910053277 92.0 101.0 48.0
3.062938544969801 24.734916689628314 121.8777896713669 109.0 114.0 72.0
3.510085603643903 22.94713461550928 121.87136104808435 102.0 107.0 53.0
3.509850015785977 23.394021237074558 121.87946161891846 169.0 178.0 101.0
3.5096144279280495 23.840907858639834 121.88756218975256 154.0 165.0 83.0
3.509378840070122 24.28779448020511 121.89566276058666 134.0 144.0 67.0
3.5091432522121946 24.734681101770384 121.90376333142076 128.0 137.0 67.0
3.508907664354267 25.181567723335665 121.9118639022549 121.0 129.0 65.0
3.5086720764963397 25.628454344900938 121.91996447308897 87.0 89.0 43.0
3.508436488638412 26.075340966466218 121.92806504392307 82.0 87.0 45.0
3.9565258987442227 22.500012406086075 121.88923413730414 98.0 103.0 61.0
3.956290310886295 22.946899027651355 121.89733470813825 154.0 164.0 82.0
3.956054723028369 23.39378564921663 121.90543527897235 160.0 172.0 79.0
3.955819135170442 23.84067227078191 121.91353584980645 156.0 167.0 70.0
3.9555835473125143 24.28755889234718 121.92163642064055 106.0 118.0 31.0
3.955347959454587 24.73444551391246 121.92973699147463 96.0 105.0 28.0
3.9551123715966594 25.181332135477735 121.93783756230873 104.0 113.0 38.0
3.9548767837387317 25.628218757043012 121.94593813314283 102.0 106.0 41.0
3.9546411958808045 26.07510537860829 121.95403870397696 99.0 106.0 48.0
3.954405608022877 26.52199200017356 121.96213927481107 77.0 85.0 46.0
4.4027306059866165 22.49977681822815 121.91520779735801 156.0 162.0 102.0
4.402495018128689 22.946663439793426 121.92330836819214 149.0 158.0 77.0
4.402259430270763 23.393550061358702 121.93140893902624 137.0 151.0 51.0
4.402023842412835 23.84043668292398 121.93950950986032 124.0 139.0 36.0
4.4017882545549085 24.287323304489256 121.94761008069442 93.0 104.0 17.0
4.401552666696981 24.73420992605453 121.95571065152852 100.0 114.0 22.0
4.401317078839053 25.18109654761981 121.96381122236262 109.0 119.0 31.0
4.4010814909811256 25.627983169185082 121.97191179319672 94.0 101.0 32.0
4.400845903123199 26.074869790750363 121.98001236403083 85.0 98.0 38.0
4.848935313229011 22.499541230370223 121.9411814574119 125.0 133.0 68.0
4.848699725371083 22.9464278519355 121.949282028246 127.0 137.0 60.0
4.848464137513157 23.393314473500773 121.9573825990801 121.0 135.0 45.0
4.8482285496552295 23.840201095066053 121.96548316991421 110.0 126.0 29.0
4.847992961797302 24.287087716631326 121.97358374074831 108.0 123.0 21.0
4.847757373939375 24.733974338196603 121.98168431158241 131.0 146.0 34.0
4.8475217860814475 25.18086095976188 121.98978488241652 115.0 130.0 32.0
4.84728619822352 25.627747581327156 121.99788545325059 92.0 103.0 31.0
5.295140020471404 22.499305642512294 121.96715511746577 87.0 102.0 41.0
5.294904432613476 22.946192264077574 121.97525568829987 72.0 89.0 30.0
5.2946688447555506 23.393078885642847 121.98335625913397 81.0 98.0 30.0
5.294433256897624 23.839965507208124 121.9914568299681 139.0 154.0 49.0
5.294197669039696 24.2868521287734 121.9995574008022 157.0 174.0 47.0
5.2939620811817685 24.733738750338677 122.00765797163628 162.0 178.0 51.0
5.293726493323841 25.180625371903954 122.01575854247038 117.0 134.0 33.0
5.293490905465914 25.627511993469227 122.02385911330448 73.0 90.0 25.0
5.741109139855871 22.945956676219645 122.00122934835376 86.0 103.0 34.0
5.740873551997945 23.39284329778492 122.00932991918786 69.0 85.0 25.0
5.740637964140017 23.839729919350198 122.01743049002197 112.0 128.0 35.0
5.74040237628209 24.28661654091547 122.02553106085607 138.0 158.0 38.0
5.740166788424163 24.73350316248075 122.03363163169017 116.0 137.0 25.0
5.739931200566235 25.180389784046024 122.04173220252427 78.0 86.0 18.0
6.187078259240339 23.392607709926992 122.03530357924173 74.0 93.0 23.0
6.186607083524484 24.286380953057545 122.05150472090993 62.0 82.0 14.0
3.0374360606317765 23.83304287566366 122.30771976265494 95.0 101.0 54.0
3.037200472773849 24.279929497228935 122.31582033348904 116.0 124.0 63.0
3.0369648849159216 24.726816118794215 122.32392090432315 116.0 126.0 61.0
3.036729297057994 25.173702740359488 122.33202147515725 119.0 126.0 72.0
3.0364937092000663 25.620589361924768 122.34012204599135 81.0 85.0 49.0
3.484111943590024 22.93903404467518 122.31749228104063 153.0 160.0 90.0
3.483876355732098 23.38592066624046 122.32559285187473 186.0 194.0 114.0
3.4836407678741703 23.832807287805732 122.3336934227088 158.0 167.0 84.0
3.4834051800162427 24.27969390937101 122.34179399354291 105.0 115.0 44.0
3.4831695921583155 24.726580530936285 122.34989456437701 138.0 148.0 67.0
3.482934004300388 25.173467152501562 122.35799513521114 115.0 126.0 53.0
3.4826984164424606 25.62035377406684 122.36609570604524 97.0 104.0 48.0
3.9305522386903435 22.491911835251976 122.33536537026042 142.0 150.0 91.0
3.930316650832416 22.938798456817253 122.3434659410945 162.0 171.0 91.0
3.93008106297449 23.38568507838253 122.3515665119286 142.0 155.0 58.0
3.929845475116563 23.832571699947806 122.3596670827627 127.0 141.0 44.0
3.929609887258635 24.27945832151308 122.3677676535968 129.0 142.0 47.0
3.929374299400708 24.72634494307836 122.3758682244309 123.0 135.0 43.0
3.9291387115427803 25.173231564643633 122.383968795265 100.0 108.0 32.0
3.9289031236848526 25.620118186208913 122.39206936609911 100.0 108.0 38.0
3.9286675358269254 26.067004807774186 122.40016993693321 99.0 106.0 49.0
4.376756945932738 22.49167624739405 122.36133903031428 156.0 163.0 97.0
4.37652135807481 22.938562868959323 122.36943960114839 147.0 158.0 70.0
4.376285770216884 23.385449490524604 122.37754017198249 129.0 144.0 42.0
4.376050182358957 23.832336112089877 122.38564074281659 124.0 140.0 35.0
4.375814594501029 24.279222733655153 122.3937413136507 137.0 152.0 43.0
4.375579006643101 24.72610935522043 122.40184188448477 112.0 128.0 28.0
4.3753434187851745 25.172995976785707 122.40994245531887 93.0 102.0 22.0
4.375107830927247 25.619882598350983 122.41804302615297 102.0 112.0 35.0
4.374872243069319 26.06676921991626 122.4261435969871 106.0 115.0 46.0
4.822961653175131 22.491440659536124 122.38731269036815 119.0 128.0 61.0
4.8227260653172035 22.938327281101397 122.39541326120228 122.0 135.0 52.0
4.822490477459278 23.385213902666674 122.40351383203638 128.0 142.0 49.0
4.822254889601351 23.83210052423195 122.41161440287046 134.0 148.0 47.0
4.822019301743423 24.278987145797227 122.41971497370456 141.0 157.0 43.0
4.8217837138854955 24.725873767362504 122.42781554453866 123.0 140.0 31.0
4.821548126027568 25.172760388927777 122.43591611537276 107.0 121.0 28.0
4.82131253816964 25.619647010493058 122.44401668620687 89.0 97.0 24.0
4.8210769503117135 26.06653363205833 122.45211725704097 73.0 86.0 27.0
5.268695184701672 23.384978314808748 122.42948749209022 95.0 108.0 39.0
5.268459596843744 23.83186493637402 122.43758806292435 132.0 147.0 48.0
5.2682240089858166 24.2787515579393 122.44568863375845 161.0 176.0 59.0
5.26798842112789 24.725638179504575 122.45378920459255 195.0 204.0 95.0
5.267752833269962 25.17252480106985 122.46188977542666 133.0 149.0 43.0
5.7146643040861385 23.831629348516095 122.46356172297821 90.0 108.0 28.0
5.714428716228211 24.278515970081372 122.47166229381234 130.0 151.0 33.0
5.714193128370283 24.72540259164665 122.47976286464642 156.0 173.0 50.0
6.160869011328532 23.83139376065817 122.48953538303208 83.0 103.0 24.0
6.160633423470605 24.278280382223446 122.49763595386618 83.0 105.0 21.0
6.160397835612677 24.725167003788723 122.50573652470031 73.0 95.0 18.0
6.16016224775475 25.172053625353996 122.51383709553441 90.0 110.0 27.0
6.6068381307129975 24.27804479436552 122.52360961392007 61.0 80.0 16.0
3.011697988435824 23.378055683264282 122.74575042477709 133.0 136.0 86.0
3.011462400577897 23.82494230482956 122.75385099561119 149.0 157.0 88.0
3.0112268127199693 24.271828926394836 122.76195156644532 133.0 142.0 69.0
3.010991224862042 24.718715547960112 122.77005213727942 124.0 133.0 62.0
3.0107556370041144 25.16560216952539 122.7781527081135 125.0 132.0 73.0
3.4581382835361443 22.93093347384108 122.76362351399688 171.0 181.0 94.0
3.4579026956782184 23.377820095406356 122.77172408483098 179.0 188.0 105.0
3.4576671078202907 23.82470671697163 122.77982465566508 163.0 174.0 85.0
3.4574315199623635 24.27159333853691 122.78792522649918 120.0 134.0 45.0
3.457195932104436 24.718479960102183 122.79602579733329 125.0 136.0 54.0
3.456960344246508 25.165366581667463 122.80412636816739 123.0 133.0 56.0
3.456724756388581 25.612253203232736 122.81222693900149 103.0 115.0 45.0
3.4564891685306534 26.059139824798013 122.8203275098356 80.0 88.0 46.0
3.9045785786364644 22.483811264417874 122.78149660321667 145.0 150.0 93.0
3.9043429907785367 22.930697885983154 122.78959717405077 164.0 174.0 88.0
3.904107402920611 23.377584507548427 122.79769774488487 148.0 161.0 61.0
3.9038718150626837 23.824471129113704 122.80579831571895 138.0 151.0 50.0
3.903636227204756 24.27135775067898 122.81389888655305 129.0 142.0 44.0
3.903400639346829 24.718244372244257 122.82199945738715 118.0 132.0 38.0
3.903165051488901 25.165130993809534 122.83010002822125 100.0 110.0 30.0
3.9029294636309735 25.61201761537481 122.83820059905538 101.0 111.0 36.0
3.9026938757730463 26.058904236940087 122.84630116988946 92.0 102.0 43.0
4.350783285878858 22.483575676559948 122.80747026327056 151.0 160.0 88.0
4.3505476980209306 22.930462298125224 122.81557083410463 147.0 159.0 67.0
4.350312110163005 23.3773489196905 122.82367140493874 131.0 145.0 42.0
4.350076522305077 23.824235541255778 122.83177197577284 129.0 144.0 38.0
4.34984093444715 24.271122162821055 122.83987254660694 133.0 149.0 41.0
4.349605346589223 24.718008784386328 122.84797311744104 116.0 132.0 30.0
4.349369758731295 25.164895405951608 122.85607368827515 103.0 117.0 27.0
4.349134170873367 25.61178202751688 122.86417425910922 93.0 102.0 28.0
4.3488985830154405 26.05866864908216 122.87227482994335 97.0 103.0 38.0
4.7969879931212525 22.483340088702022 122.8334439233244 113.0 123.0 56.0
4.796752405263325 22.9302267102673 122.84154449415853 126.0 139.0 54.0
4.796516817405399 23.37711333183257 122.84964506499263 126.0 140.0 47.0
4.796281229547471 23.823999953397852 122.85774563582673 133.0 147.0 48.0
4.796045641689544 24.270886574963125 122.86584620666083 160.0 174.0 62.0
4.795810053831617 24.7177731965284 122.87394677749491 129.0 144.0 40.0
4.795574465973689 25.16465981809368 122.88204734832901 104.0 122.0 29.0
4.7953388781157615 25.611546439658955 122.89014791916311 89.0 100.0 27.0
4.795103290257834 26.058433061224232 122.89824848999721 77.0 86.0 25.0
5.2424859367898655 23.823764365539922 122.8837192958806 126.0 135.0 51.0
5.242250348931938 24.2706509871052 122.8918198667147 199.0 205.0 111.0
5.24201476107401 24.717537608670472 122.8999204375488 160.0 173.0 64.0
5.2417791732160826 25.164424230235753 122.9080210083829 99.0 115.0 30.0
5.688455056174332 24.27041539924727 122.91779352676859 88.0 101.0 26.0
5.6882194683164045 24.717302020812546 122.9258940976027 109.0 121.0 33.0
5.687748292600549 25.6110752639431 122.94209523927087 92.0 111.0 32.0
2.985724328381945 23.36995511243018 123.19188165773336 176.0 178.0 118.0
2.985488740524018 23.81684173399546 123.19998222856744 159.0 167.0 92.0
2.98525315266609 24.263728355560733 123.20808279940157 130.0 139.0 65.0
2.985017564808163 24.710614977126014 123.21618337023567 131.0 139.0 69.0
2.9847819769502353 25.157501598691287 123.22428394106977 131.0 139.0 72.0
2.984546389092308 25.604388220256563 123.23238451190387 112.0 119.0 59.0
3.432164623482265 22.922832903006977 123.20975474695312 174.0 182.0 103.0
3.4319290356243393 23.369719524572254 123.21785531778723 173.0 183.0 96.0
3.4316934477664116 23.81660614613753 123.22595588862133 155.0 166.0 76.0
3.431457859908484 24.263492767702807 123.23405645945543 125.0 137.0 50.0
3.4312222720505567 24.710379389268084 123.24215703028956 128.0 139.0 55.0
3.430986684192629 25.15726601083336 123.25025760112364 117.0 128.0 50.0
3.430751096334702 25.604152632398637 123.25835817195774 113.0 123.0 48.0
3.4305155084767742 26.051039253963914 123.26645874279184 107.0 115.0 58.0
3.8786049185825844 22.475710693583775 123.22762783617291 166.0 175.0 104.0
3.8783693307246567 22.92259731514905 123.23572840700702 164.0 175.0 87.0
3.878133742866731 23.369483936714328 123.24382897784112 155.0 168.0 69.0
3.8778981550088036 23.816370558279605 123.25192954867522 140.0 154.0 52.0
3.877662567150876 24.263257179844878 123.26003011950932 122.0 136.0 39.0
3.8774269792929488 24.710143801410158 123.2681306903434 121.0 135.0 39.0
3.877191391435021 25.15703042297543 123.27623126117753 115.0 129.0 39.0
3.876955803577094 25.60391704454071 123.28433183201163 113.0 124.0 40.0
3.8767202157191663 26.050803666105985 123.29243240284573 106.0 115.0 50.0
3.8764846278612386 26.497690287671258 123.30053297367984 75.0 84.0 47.0
4.324809625824979 22.47547510572585 123.2536014962268 151.0 160.0 84.0
4.324574037967051 22.922361727291122 123.26170206706091 150.0 161.0 72.0
4.324338450109125 23.369248348856402 123.26980263789501 138.0 152.0 51.0
4.324102862251197 23.816134970421675 123.27790320872909 130.0 144.0 42.0
4.32386727439327 24.263021591986952 123.28600377956319 127.0 142.0 36.0
4.323631686535342 24.70990821355223 123.29410435039729 117.0 134.0 32.0
4.323396098677415 25.156794835117505 123.3022049212314 110.0 125.0 31.0
4.323160510819488 25.603681456682782 123.31030549206552 101.0 113.0 29.0
4.32292492296156 26.05056807824806 123.3184060628996 93.0 100.0 33.0
4.770778745209444 22.922126139433196 123.28767572711477 124.0 135.0 53.0
4.7705431573515185 23.369012760998473 123.29577629794888 124.0 138.0 45.0
4.770307569493592 23.81589938256375 123.30387686878298 122.0 138.0 39.0
4.770071981635664 24.262786004129023 123.31197743961708 152.0 167.0 58.0
4.769836393777736 24.709672625694303 123.32007801045118 112.0 128.0 32.0
4.769600805919809 25.156559247259576 123.32817858128529 91.0 111.0 26.0
4.769365218061882 25.603445868824856 123.33627915211936 79.0 96.0 23.0
4.769129630203954 26.05033249039013 123.34437972295346 79.0 90.0 26.0
5.216512276735985 23.81566379470582 123.32985052883687 148.0 160.0 67.0
5.216276688878058 24.262550416271097 123.33795109967097 199.0 204.0 108.0
5.216041101020131 24.709437037836373 123.34605167050505 155.0 167.0 62.0
5.215805513162203 25.15632365940165 123.35415224133915 90.0 106.0 28.0
5.215569925304275 25.603210280966927 123.36225281217325 72.0 91.0 23.0
5.662245808262524 24.709201449978448 123.37202533055894 71.0 81.0 20.0
5.662010220404597 25.15608807154372 123.38012590139304 66.0 80.0 21.0
5.66177463254667 25.602974693109 123.38822647222715 67.0 87.0 23.0
2.9597506683280654 23.36185454159608 123.63801289068961 194.0 197.0 125.0
2.9595150804701382 23.808741163161358 123.64611346152374 171.0 178.0 105.0
2.9592794926122106 24.255627784726634 123.65421403235781 128.0 138.0 61.0
2.9590439047542834 24.70251440629191 123.66231460319192 124.0 133.0 61.0
2.9588083168963557 25.149401027857184 123.67041517402602 128.0 137.0 66.0
2.9585727290384285 25.596287649422464 123.67851574486012 115.0 124.0 57.0
2.958337141180501 26.043174270987738 123.68661631569422 83.0 88.0 49.0
3.4061909634283856 22.914732332172875 123.6558859799094 173.0 180.0 105.0
3.4059553755704597 23.361618953738155 123.6639865507435 176.0 186.0 102.0
3.405719787712532 23.80850557530343 123.67208712157758 165.0 175.0 91.0
3.405484199854605 24.25539219686871 123.68018769241168 135.0 146.0 60.0
3.405248611996677 24.70227881843398 123.68828826324581 133.0 142.0 61.0
3.4050130241387495 25.14916543999926 123.69638883407991 115.0 128.0 45.0
3.4047774362808223 25.596052061564535 123.70448940491401 112.0 123.0 45.0
3.4045418484228946 26.04293868312981 123.71258997574809 104.0 116.0 51.0
3.4043062605649674 26.48982530469509 123.72069054658219 80.0 87.0 50.0
3.8526312585287052 22.467610122749672 123.67375906912919 144.0 149.0 94.0
3.8523956706707776 22.91449674431495 123.68185963996326 168.0 178.0 95.0
3.8521600828128517 23.361383365880226 123.68996021079737 166.0 176.0 86.0
3.8519244949549245 23.808269987445502 123.69806078163147 157.0 168.0 73.0
3.851688907096997 24.25515660901078 123.70616135246557 121.0 136.0 40.0
3.8514533192390696 24.702043230576056 123.71426192329967 114.0 129.0 37.0
3.851217731381142 25.148929852141332 123.72236249413378 120.0 133.0 40.0
3.8509821435232148 25.59581647370661 123.73046306496788 118.0 129.0 41.0
3.850746555665287 26.042703095271882 123.73856363580198 102.0 111.0 41.0
4.298835965771099 22.467374534891746 123.69973272918305 152.0 161.0 88.0
4.298600377913171 22.914261156457023 123.70783330001716 159.0 169.0 86.0
4.2983647900552455 23.3611477780223 123.71593387085126 147.0 159.0 64.0
4.298129202197319 23.808034399587573 123.72403444168536 131.0 146.0 45.0
4.297893614339391 24.254921021152853 123.73213501251946 122.0 139.0 37.0
4.2976580264814634 24.701807642718126 123.74023558335354 95.0 113.0 24.0
4.297422438623536 25.148694264283407 123.74833615418764 113.0 128.0 32.0
4.297186850765608 25.59558088584868 123.75643672502177 114.0 126.0 35.0
4.296951262907681 26.042467507413956 123.76453729585587 100.0 108.0 37.0
4.744805085155566 22.914025568599097 123.73380696007105 106.0 118.0 42.0
4.74456949729764 23.36091219016437 123.74190753090515 122.0 137.0 43.0
4.744333909439712 23.807798811729647 123.75000810173923 143.0 157.0 53.0
4.7440983215817845 24.254685433294924 123.75810867257333 134.0 149.0 43.0
4.743862733723858 24.7015720548602 123.76620924340743 119.0 135.0 36.0
4.74362714586593 25.148458676425477 123.77430981424153 98.0 118.0 28.0
4.743391558008002 25.595345297990754 123.78241038507564 88.0 107.0 27.0
4.743155970150075 26.04223191955603 123.79051095590974 85.0 96.0 30.0
5.190538616682106 23.80756322387172 123.77598176179312 107.0 120.0 34.0
5.190303028824179 24.254449845436998 123.78408233262722 170.0 183.0 70.0
5.190067440966251 24.70133646700227 123.79218290346132 115.0 125.0 34.0
5.189831853108323 25.14822308856755 123.80028347429543 93.0 110.0 29.0
5.189596265250397 25.595109710132824 123.8083840451295 70.0 91.0 22.0
5.636036560350718 25.147987500709622 123.82625713434929 60.0 80.0 17.0
6.082948031166894 23.80709204815587 123.82792908190085 68.0 88.0 18.0
2.9337770082741863 23.35375397076198 124.08414412364586 191.0 196.0 122.0
2.933541420416259 23.80064059232726 124.09224469447999 180.0 186.0 112.0
2.9333058325583314 24.247527213892532 124.10034526531409 135.0 144.0 68.0
2.9330702447004042 24.69441383545781 124.10844583614819 121.0 129.0 60.0
2.9328346568424766 25.141300457023085 124.11654640698227 128.0 137.0 66.0
2.9325990689845494 25.588187078588362 124.12464697781637 119.0 128.0 56.0
2.9323634811266217 26.03507370015364 124.13274754865047 84.0 89.0 47.0
3.3802173033745064 22.906631761338776 124.10201721286565 178.0 183.0 112.0
3.3799817155165806 23.353518382904053 124.11011778369975 177.0 186.0 105.0
3.379746127658653 23.80040500446933 124.11821835453385 163.0 173.0 88.0
3.3795105398007257 24.247291626034606 124.12631892536795 149.0 159.0 77.0
3.379274951942798 24.694178247599883 124.13441949620206 118.0 129.0 51.0
3.3790393640848704 25.14106486916516 124.14252006703616 117.0 128.0 46.0
3.378803776226943 25.587951490730433 124.15062063787026 113.0 124.0 43.0
3.3785681883690155 26.034838112295713 124.15872120870436 107.0 119.0 49.0
3.3783326005110883 26.481724733860986 124.16682177953847 106.0 113.0 62.0
3.826657598474826 22.459509551915573 124.11989030208544 124.0 126.0 83.0
3.8264220106168985 22.90639617348085 124.12799087291954 175.0 183.0 106.0
3.8261864227589726 23.353282795046123 124.13609144375364 166.0 176.0 91.0
3.8259508349010454 23.800169416611404 124.14419201458772 149.0 161.0 68.0
3.8257152470431177 24.247056038176677 124.15229258542182 80.0 95.0 26.0
3.825244071327263 25.14082928130723 124.16849372709005 121.0 133.0 44.0
3.8250084834693356 25.587715902872507 124.17659429792415 117.0 130.0 39.0
3.824772895611408 26.034602524437783 124.18469486875823 101.0 110.0 40.0
4.27286230571722 22.459273964057648 124.14586396213933 123.0 132.0 66.0
4.272626717859293 22.90616058562292 124.1539645329734 152.0 161.0 82.0
4.272391130001367 23.353047207188197 124.1620651038075 154.0 165.0 77.0
4.272155542143439 23.799933828753474 124.17016567464161 135.0 146.0 60.0
4.271448778569657 25.140593693449304 124.19446738714392 113.0 128.0 33.0
4.2712131907117294 25.58748031501458 124.20256795797802 118.0 130.0 35.0
4.270977602853802 26.034366936579858 124.21066852881212 96.0 106.0 33.0
4.718831425101686 22.905924997764995 124.1799381930273 103.0 115.0 41.0
4.71859583724376 23.35281161933027 124.1880387638614 139.0 151.0 57.0
4.718360249385833 23.799698240895548 124.1961393346955 165.0 177.0 79.0
4.718124661527906 24.24658486246082 124.2042399055296 159.0 170.0 69.0
4.717889073669978 24.6934714840261 124.21234047636368 145.0 159.0 55.0
4.7176534858120505 25.140358105591375 124.22044104719778 100.0 119.0 29.0
4.717417897954124 25.587244727156655 124.22854161803188 89.0 108.0 27.0
4.717182310096196 26.034131348721928 124.23664218886601 78.0 91.0 26.0
5.164564956628227 23.79946265303762 124.22211299474937 73.0 84.0 19.0
5.164329368770299 24.246349274602895 124.23021356558347 76.0 89.0 19.0
5.164093780912372 24.693235896168172 124.23831413641757 72.0 87.0 18.0
5.163858193054445 25.14012251773345 124.24641470725167 79.0 98.0 24.0
5.163622605196517 25.587009139298726 124.25451527808578 72.0 91.0 23.0
6.056974371113015 23.798991477321767 124.27406031485715 83.0 104.0 20.0
2.907803348220307 23.34565339992788 124.53027535660213 184.0 192.0 112.0
2.9075677603623795 23.792540021493156 124.53837592743623 186.0 193.0 116.0
2.907332172504452 24.239426643058433 124.54647649827034 162.0 170.0 96.0
2.9070965846465247 24.68631326462371 124.55457706910444 106.0 113.0 53.0
2.906860996788597 25.133199886188983 124.56267763993854 127.0 135.0 66.0
2.90662540893067 25.580086507754263 124.57077821077264 123.0 131.0 65.0
2.906389821072742 26.026973129319536 124.57887878160672 107.0 114.0 62.0
3.354243643320627 22.898531190504674 124.5481484458219 188.0 194.0 118.0
3.354008055462701 23.345417812069954 124.556249016656 171.0 180.0 97.0
3.3537724676047733 23.792304433635227 124.5643495874901 163.0 173.0 87.0
3.353536879746846 24.239191055200507 124.57245015832423 153.0 162.0 79.0
3.3533012918889185 24.68607767676578 124.58055072915833 114.0 125.0 48.0
3.3530657040309912 25.132964298331057 124.5886512999924 105.0 116.0 41.0
3.3528301161730636 25.579850919896334 124.59675187082651 118.0 128.0 52.0
3.352594528315136 26.02673754146161 124.60485244166061 113.0 124.0 56.0
3.3523589404572087 26.473624163026887 124.61295301249471 97.0 108.0 54.0
3.800683938420947 22.45140898108147 124.56602153504168 127.0 131.0 83.0
3.8004483505630193 22.898295602646748 124.57412210587579 179.0 187.0 110.0
3.8002127627050934 23.345182224212024 124.58222267670989 166.0 176.0 86.0
3.7999771748471662 23.7920688457773 124.59032324754399 139.0 152.0 58.0
3.7997415869892386 24.238955467342578 124.5984238183781 118.0 131.0 42.0
3.7995059991313114 24.685842088907854 124.6065243892122 116.0 128.0 42.0
3.7992704112733837 25.13272871047313 124.6146249600463 123.0 134.0 49.0
3.7990348234154565 25.579615332038408 124.6227255308804 114.0 126.0 42.0
3.798799235557529 26.02650195360368 124.6308261017145 104.0 119.0 46.0
3.798563647699601 26.473388575168958 124.6389266725486 86.0 96.0 46.0
4.246888645663341 22.451173393223545 124.59199519509558 105.0 112.0 62.0
4.246653057805413 22.89806001478882 124.60009576592968 152.0 161.0 83.0
4.246417469947487 23.3449466363541 124.60819633676378 151.0 162.0 72.0
4.2461818820895605 23.79183325791937 124.61629690759786 145.0 157.0 60.0
4.245946294231633 24.238719879484652 124.62439747843196 126.0 141.0 42.0
4.245710706373705 24.685606501049925 124.63249804926606 157.0 167.0 71.0
4.2454751185157775 25.132493122615205 124.64059862010019 147.0 160.0 60.0
4.24523953065785 25.57937974418048 124.6486991909343 112.0 126.0 37.0
4.245003942799923 26.026266365745755 124.65679976176837 90.0 103.0 35.0
4.692857765047807 22.897824426930896 124.62606942598354 73.0 83.0 30.0
4.6926221771898815 23.34471104849617 124.63416999681765 132.0 143.0 59.0
4.692386589331954 23.791597670061446 124.64227056765175 143.0 154.0 69.0
4.692151001474026 24.238484291626722 124.65037113848585 132.0 143.0 53.0
4.691915413616099 24.685370913192 124.65847170931995 130.0 142.0 48.0
4.691679825758172 25.132257534757276 124.66657228015403 101.0 117.0 33.0
4.691444237900244 25.579144156322553 124.67467285098816 88.0 107.0 29.0
5.137884533000565 25.13202194689935 124.69254594020792 75.0 92.0 25.0
5.137648945142638 25.578908568464623 124.70064651104202 78.0 97.0 27.0
2.4349182173502517 24.678448281647533 124.97473464200682 108.0 113.0 67.0
2.881829688166428 23.337552829093777 124.97640658955841 190.0 198.0 115.0
2.8815941003085004 23.784439450659058 124.98450716039251 195.0 200.0 124.0
2.8813585124505727 24.23132607222433 124.99260773122658 199.0 198.0 133.0
2.8811229245926455 24.678212693789607 125.00070830206069 116.0 121.0 66.0
2.880887336734718 25.125099315354884 125.00880887289479 121.0 130.0 64.0
2.8806517488767907 25.57198593692016 125.01690944372889 122.0 129.0 69.0
2.880416161018863 26.018872558485437 125.025010014563 115.0 121.0 70.0
3.3282699832667477 22.890430619670575 124.99427967877817 187.0 193.0 117.0
3.328034395408822 23.33731724123585 125.00238024961227 180.0 189.0 107.0
3.327798807550894 23.784203862801128 125.01048082044638 169.0 178.0 93.0
3.327563219692967 24.231090484366405 125.01858139128048 179.0 185.0 105.0
3.3273276318350393 24.677977105931678 125.02668196211458 115.0 125.0 50.0
3.327092043977112 25.124863727496958 125.03478253294868 103.0 115.0 43.0
3.3268564561191845 25.57175034906223 125.04288310378278 122.0 130.0 62.0
3.326620868261257 26.01863697062751 125.05098367461686 123.0 130.0 69.0
3.3263852804033296 26.465523592192785 125.05908424545096 103.0 110.0 61.0
3.774710278367067 22.44330841024737 125.01215276799796 116.0 121.0 76.0
3.7744746905091398 22.89019503181265 125.02025333883203 178.0 187.0 110.0
3.774239102651214 23.337081653377922 125.02835390966614 171.0 181.0 95.0
3.774003514793286 23.783968274943202 125.03645448050024 149.0 160.0 66.0
3.7737679269353586 24.230854896508475 125.04455505133437 133.0 144.0 51.0
3.7735323390774314 24.677741518073752 125.05265562216847 127.0 138.0 48.0
3.7732967512195037 25.12462813963903 125.06075619300255 110.0 121.0 41.0
3.7730611633615765 25.571514761204305 125.06885676383665 112.0 122.0 49.0
3.772825575503649 26.018401382769582 125.07695733467075 100.0 111.0 47.0
4.220679397751534 22.88995944395472 125.04622699888593 144.0 154.0 75.0
4.220443809893608 23.336846065519996 125.05432756972003 149.0 160.0 66.0
4.22020822203568 23.783732687085273 125.06242814055413 139.0 151.0 54.0
4.219972634177752 24.23061930865055 125.0705287113882 131.0 144.0 43.0
4.219737046319826 24.677505930215826 125.07862928222231 142.0 152.0 53.0
4.219501458461898 25.124392551781103 125.08672985305644 116.0 129.0 41.0
4.21926587060397 25.571279173346376 125.09483042389054 99.0 113.0 37.0
4.219030282746043 26.018165794911656 125.10293099472464 88.0 100.0 35.0
4.666412929278074 23.783497099227347 125.088401800608 153.0 162.0 78.0
4.666177341420147 24.23038372079262 125.0965023714421 131.0 144.0 51.0
4.665941753562219 24.6772703423579 125.1046029422762 152.0 163.0 69.0
4.665706165704291 25.124156963923173 125.1127035131103 104.0 120.0 38.0
4.6654705778463645 25.57104358548845 125.12080408394444 88.0 106.0 31.0
2.4091801451542993 24.223461089248158 125.41276530412897 140.0 146.0 87.0
2.408944557296372 24.670347710813434 125.42086587496307 88.0 91.0 58.0
2.8558560281125485 23.32945225825968 125.42253782251466 196.0 201.0 124.0
2.855620440254621 23.776338879824955 125.43063839334876 198.0 201.0 127.0
2.855384852396693 24.22322550139023 125.43873896418286 203.0 205.0 135.0
2.855149264538766 24.67011212295551 125.44683953501696 174.0 180.0 112.0
2.854678088822911 25.563885366086062 125.46304067668514 144.0 150.0 93.0
2.8544425009649834 26.010771987651335 125.47114124751924 144.0 150.0 96.0
3.302296323212868 22.882330048836472 125.44041091173442 198.0 201.0 134.0
3.3020607353549423 23.329216670401753 125.44851148256852 192.0 198.0 119.0
3.3018251474970146 23.776103291967026 125.45661205340265 186.0 193.0 113.0
3.3015895596390874 24.222989913532302 125.46471262423672 184.0 188.0 112.0
3.3013539717811597 24.66987653509758 125.47281319507083 151.0 159.0 77.0
3.3011183839232325 25.116763156662856 125.48091376590493 136.0 146.0 69.0
3.300882796065305 25.563649778228132 125.48901433673903 138.0 145.0 82.0
3.3006472082073772 26.01053639979341 125.49711490757313 126.0 134.0 73.0
3.7485010304552606 22.882094460978546 125.46638457178831 185.0 190.0 121.0
3.7482654425973347 23.328981082543823 125.47448514262238 183.0 192.0 108.0
3.748029854739407 23.7758677041091 125.48258571345649 171.0 180.0 90.0
3.7477942668814794 24.222754325674376 125.49068628429062 169.0 173.0 86.0
3.747558679023552 24.669640947239653 125.49878685512472 144.0 153.0 65.0
3.7473230911656246 25.116527568804926 125.50688742595882 111.0 121.0 49.0
3.7470875033076974 25.563414190370207 125.51498799679293 121.0 128.0 65.0
3.7468519154497697 26.01030081193548 125.523088567627 103.0 110.0 57.0
4.194470149839728 23.328745494685897 125.50045880267628 154.0 164.0 76.0
4.194234561981801 23.77563211625117 125.50855937351038 164.0 173.0 82.0
4.193998974123874 24.22251873781645 125.51665994434448 173.0 175.0 88.0
4.193763386265946 24.669405359381724 125.52476051517861 166.0 166.0 85.0
4.193527798408018 25.116291980947 125.53286108601269 118.0 126.0 51.0
4.193292210550091 25.563178602512277 125.54096165684679 109.0 116.0 55.0
4.640439269224195 23.775396528393244 125.53453303356427 83.0 89.0 36.0
4.640203681366267 24.22228314995852 125.54263360439835 111.0 117.0 45.0
4.63996809350834 24.669169771523798 125.55073417523245 134.0 139.0 66.0
4.639732505650413 25.116056393089075 125.55883474606658 119.0 129.0 55.0
4.639496917792485 25.56294301465435 125.56693531690068 85.0 95.0 34.0
2.38320648510042 24.21536051841406 125.85889653708522 118.0 119.0 82.0
2.382970897242493 24.662247139979332 125.86699710791932 95.0 98.0 61.0
2.3827353093845653 25.109133761544612 125.87509767875342 118.0 123.0 79.0
2.8298823680586693 23.321351687425576 125.8686690554709 196.0 198.0 132.0
2.8296467802007417 23.768238308990853 125.876769626305 203.0 205.0 133.0
2.829411192342814 24.21512493055613 125.88487019713911 210.0 211.0 141.0
2.829175604484887 24.662011552121406 125.89297076797321 187.0 190.0 121.0
2.828940016626959 25.108898173686683 125.90107133880731 170.0 175.0 112.0
2.828704428769032 25.55578479525196 125.90917190964142 163.0 164.0 115.0
2.8284688409111043 26.002671416817236 125.91727248047549 138.0 136.0 104.0
3.276322663158989 22.874229478002373 125.88654214469067 173.0 179.0 112.0
3.276087075301063 23.32111609956765 125.8946427155248 203.0 208.0 132.0
3.2758514874431355 23.768002721132927 125.9027432863589 203.0 205.0 132.0
3.2756158995852083 24.214889342698203 125.910843857193 204.0 205.0 131.0
3.2753803117272806 24.661775964263477 125.9189444280271 193.0 197.0 124.0
3.2751447238693534 25.108662585828757 125.92704499886118 180.0 184.0 121.0
3.2749091360114257 25.55554920739403 125.93514556969528 157.0 162.0 105.0
3.274673548153498 26.00243582895931 125.94324614052938 117.0 122.0 77.0
3.7225273704013815 22.873993890144448 125.91251580474456 156.0 160.0 102.0
3.7222917825434556 23.32088051170972 125.92061637557866 195.0 200.0 126.0
3.722056194685528 23.767767133275 125.92871694641279 196.0 199.0 126.0
3.7218206068276003 24.214653754840274 125.93681751724687 205.0 201.0 135.0
3.721585018969673 24.66154037640555 125.94491808808097 181.0 185.0 111.0
3.7213494311117454 25.108426997970827 125.95301865891507 156.0 161.0 94.0
3.721113843253818 25.555313619536104 125.96111922974917 127.0 133.0 76.0
4.168496489785849 23.320644923851795 125.94659003563252 111.0 117.0 49.0
4.168260901927922 23.76753154541707 125.95469060646663 167.0 175.0 95.0
4.168025314069994 24.214418166982348 125.96279117730073 194.0 190.0 123.0
4.167789726212067 24.66130478854762 125.97089174813486 165.0 165.0 98.0
4.16755413835414 25.1081914101129 125.97899231896896 120.0 127.0 62.0
4.167318550496212 25.555078031678175 125.98709288980307 84.0 89.0 45.0
4.614230021312388 24.21418257912442 125.98876483735462 150.0 157.0 83.0
4.613994433454461 24.661069200689695 125.99686540818873 119.0 125.0 58.0
5.060199140696855 24.66083361283177 126.02283906824259 84.0 93.0 38.0
2.8039087080047898 23.313251116591477 126.31480028842718 81.0 82.0 49.0
2.803673120146862 23.760137738156754 126.32290085926128 208.0 207.0 145.0
2.803437532288935 24.207024359722027 126.33100143009536 209.0 209.0 138.0
2.8032019444310072 24.653910981287307 126.33910200092946 190.0 190.0 120.0
2.8029663565730796 25.10079760285258 126.34720257176356 189.0 182.0 133.0
3.2501134152471836 23.31301552873355 126.34077394848104 208.0 210.0 143.0
3.249877827389256 23.759902150298824 126.34887451931515 215.0 214.0 151.0
3.2496422395313287 24.2067887718641 126.35697509014925 214.0 211.0 146.0
3.249406651673401 24.653675393429378 126.36507566098335 211.0 207.0 147.0
3.249171063815474 25.100562014994654 126.37317623181745 197.0 193.0 139.0
3.248935475957546 25.54744863655993 126.38127680265156 115.0 110.0 84.0
3.6963181224895756 23.31277994087562 126.36674760853491 112.0 116.0 59.0
3.696082534631648 23.7596665624409 126.37484817936904 186.0 191.0 122.0
3.6958469467737207 24.20655318400617 126.38294875020314 200.0 199.0 135.0
3.695611358915793 24.653439805571452 126.39104932103724 196.0 193.0 135.0
3.6953757710578654 25.100326427136725 126.39914989187132 142.0 140.0 95.0
3.695140183199938 25.547213048702005 126.40725046270542 93.0 93.0 61.0
4.1420516540161145 24.206317596148246 126.408922410257 96.0 97.0 52.0
4.141816066158187 24.653204217713522 126.41702298109111 107.0 107.0 59.0
2.7776994600929825 23.75203716732265 126.76903209221753 118.0 119.0 76.0
2.7774638722350553 24.198923788887928 126.77713266305163 192.0 196.0 126.0
2.7772282843771277 24.645810410453205 126.78523323388573 173.0 172.0 117.0
3.2239041673353763 23.751801579464722 126.79500575227142 212.0 214.0 151.0
3.223668579477449 24.198688201030002 126.8031063231055 213.0 211.0 149.0
3.2234329916195215 24.645574822595275 126.8112068939396 214.0 208.0 157.0
3.6698732867198416 24.198452613172073 126.82907998315939 170.0 174.0 105.0
3.669637698861914 24.64533923473735 126.83718055399349 189.0 186.0 130.0
3.6694021110039863 25.092225856302626 126.8452811248276 97.0 98.0 53.0
2.751490212181176 24.190823218053826 127.22326389600788 195.0 197.0 136.0
3.197930507281497 23.743701008630623 127.24113698522767 131.0 135.0 74.0
3.19769491942357 24.1905876301959 127.24923755606177 200.0 202.0 139.0
3.1974593315656423 24.637474251761176 127.25733812689585 165.0 165.0 113.0
3.6438996266659625 24.19035204233797 127.27521121611564 103.0 107.0 49.0
3.643664038808035 24.63723866390325 127.28331178694974 108.0 113.0 52.0
