-1.451 4.302 93.973 110.000 120.000 49.000
-1.005 4.302 93.999 102.000 109.000 41.000
-1.005 4.749 94.007 93.000 102.000 32.000
-1.005 5.196 94.015 66.000 81.000 24.000
-0.559 5.196 94.041 69.000 82.000 30.000
-1.923 4.295 94.393 91.000 98.000 44.000
-1.477 4.294 94.419 142.000 152.000 73.000
-1.477 4.741 94.427 116.000 130.000 50.000
-1.031 3.847 94.437 92.000 102.000 40.000
-1.031 4.294 94.445 126.000 136.000 60.000
-1.031 4.741 94.453 105.000 116.000 45.000
-1.031 5.188 94.461 79.000 96.000 34.000
-1.032 5.635 94.469 85.000 102.000 39.000
-0.585 4.294 94.471 78.000 84.000 32.000
-0.585 4.741 94.479 85.000 95.000 38.000
-0.585 5.188 94.487 63.000 80.000 31.000
-0.139 4.741 94.505 83.000 95.000 44.000
-1.949 4.286 94.839 130.000 140.000 64.000
-1.949 4.733 94.847 127.000 140.000 50.000
-1.503 3.839 94.857 136.000 146.000 65.000
-1.503 4.286 94.865 149.000 160.000 77.000
-1.503 4.733 94.873 132.000 144.000 61.000
-1.503 5.180 94.881 116.000 131.000 45.000
-1.057 3.839 94.883 138.000 147.000 64.000
-1.057 4.286 94.891 142.000 151.000 74.000
-1.057 4.733 94.899 123.000 134.000 63.000
-1.057 5.180 94.907 91.000 106.000 41.000
-1.058 5.627 94.915 94.000 109.000 43.000
-1.058 6.074 94.924 98.000 111.000 46.000
-0.610 3.839 94.909 99.000 107.000 36.000
-0.611 4.286 94.917 96.000 101.000 50.000
-0.611 4.733 94.925 93.000 100.000 53.000
-0.611 5.180 94.933 82.000 96.000 44.000
-0.611 5.626 94.941 76.000 90.000 40.000
-0.165 4.732 94.951 91.000 99.000 56.000
-0.165 5.179 94.959 72.000 85.000 41.000
-0.165 5.626 94.967 65.000 80.000 33.000
-2.422 4.725 95.267 98.000 110.000 39.000
-1.975 4.278 95.285 132.000 144.000 58.000
-1.975 4.725 95.293 126.000 139.000 49.000
-1.976 5.172 95.302 124.000 138.000 43.000
-1.529 3.831 95.303 137.000 148.000 64.000
-1.529 4.278 95.311 144.000 156.000 71.000
-1.529 4.725 95.319 123.000 135.000 54.000
-1.529 5.172 95.327 112.000 127.000 44.000
-1.530 5.619 95.336 97.000 115.000 33.000
-1.530 6.066 95.344 97.000 115.000 32.000
-1.082 3.384 95.321 128.000 140.000 53.000
-1.083 3.831 95.329 135.000 147.000 53.000
-1.083 4.278 95.337 138.000 149.000 69.000
-1.083 4.725 95.345 102.000 110.000 54.000
-1.083 5.172 95.353 97.000 111.000 47.000
-1.083 5.619 95.362 86.000 102.000 37.000
-1.084 6.065 95.370 102.000 117.000 46.000
-1.084 6.512 95.378 97.000 113.000 44.000
-0.636 3.384 95.347 100.000 110.000 33.000
-0.636 3.831 95.355 118.000 127.000 41.000
-0.637 4.278 95.363 87.000 92.000 45.000
-0.637 4.725 95.371 86.000 90.000 55.000
-0.637 5.171 95.379 80.000 91.000 44.000
-0.637 5.618 95.388 78.000 93.000 40.000
-0.638 6.065 95.396 86.000 94.000 45.000
-0.638 6.512 95.404 92.000 105.000 48.000
-0.190 3.384 95.373 91.000 97.000 34.000
-0.191 4.724 95.397 86.000 91.000 55.000
-2.447 4.271 95.705 88.000 94.000 47.000
-2.448 4.717 95.714 128.000 140.000 57.000
-2.448 5.164 95.722 123.000 138.000 49.000
-2.001 3.823 95.723 135.000 146.000 68.000
-2.001 4.270 95.731 134.000 147.000 59.000
-2.001 4.717 95.740 121.000 136.000 44.000
-2.002 5.164 95.748 120.000 135.000 40.000
-2.002 5.611 95.756 109.000 129.000 30.000
-2.002 6.058 95.764 98.000 119.000 25.000
-1.554 3.376 95.741 130.000 143.000 57.000
-1.555 3.823 95.749 131.000 144.000 54.000
-1.555 4.270 95.757 118.000 133.000 47.000
-1.555 4.717 95.766 109.000 123.000 44.000
-1.555 5.164 95.774 113.000 128.000 43.000
-1.556 5.611 95.782 100.000 119.000 33.000
-1.556 6.058 95.790 98.000 118.000 30.000
-1.556 6.504 95.798 98.000 115.000 34.000
-1.108 3.376 95.767 124.000 139.000 46.000
-1.109 3.823 95.775 131.000 143.000 49.000
-1.109 4.270 95.783 103.000 116.000 43.000
-1.109 4.717 95.791 93.000 101.000 49.000
-1.109 5.164 95.800 109.000 121.000 52.000
-1.109 5.610 95.808 97.000 112.000 40.000
-1.110 6.057 95.816 106.000 120.000 43.000
-1.110 6.504 95.824 93.000 101.000 44.000
-0.662 3.376 95.793 109.000 116.000 31.000
-0.662 3.823 95.801 106.000 113.000 37.000
-0.663 4.716 95.817 83.000 87.000 53.000
-0.663 5.163 95.826 113.000 121.000 65.000
-0.663 5.610 95.834 101.000 113.000 51.000
-0.663 6.057 95.842 101.000 108.000 53.000
-0.217 4.716 95.843 73.000 80.000 43.000
-0.217 5.610 95.860 71.000 83.000 34.000
-2.473 4.262 96.152 130.000 139.000 68.000
-2.474 4.709 96.160 135.000 146.000 65.000
-2.474 5.156 96.168 119.000 130.000 51.000
-2.474 5.603 96.176 120.000 134.000 44.000
-2.027 3.815 96.169 135.000 146.000 64.000
-2.027 4.262 96.178 127.000 140.000 53.000
-2.027 4.709 96.186 121.000 135.000 44.000
-2.028 5.156 96.194 121.000 136.000 40.000
-2.028 5.603 96.202 112.000 130.000 30.000
-2.028 6.050 96.210 109.000 125.000 30.000
-2.028 6.497 96.218 102.000 122.000 34.000
-1.580 3.368 96.187 124.000 137.000 51.000
-1.581 3.815 96.195 136.000 150.000 57.000
-1.581 4.262 96.204 131.000 144.000 56.000
-1.581 4.709 96.212 118.000 130.000 51.000
-1.581 5.156 96.220 119.000 132.000 46.000
-1.582 5.603 96.228 117.000 132.000 39.000
-1.582 6.049 96.236 117.000 132.000 40.000
-1.582 6.496 96.244 103.000 117.000 38.000
-1.134 2.921 96.205 105.000 120.000 43.000
-1.134 3.368 96.213 124.000 140.000 42.000
-1.134 3.815 96.221 139.000 154.000 54.000
-1.135 4.262 96.230 129.000 140.000 60.000
-1.135 4.709 96.238 111.000 116.000 63.000
-1.135 5.155 96.246 121.000 131.000 61.000
-1.135 5.602 96.254 119.000 132.000 50.000
-1.136 6.049 96.262 121.000 132.000 52.000
-0.688 2.921 96.231 100.000 113.000 37.000
-0.688 3.368 96.239 137.000 148.000 48.000
-0.688 3.815 96.247 119.000 125.000 40.000
-0.689 4.708 96.264 92.000 95.000 60.000
-0.689 5.155 96.272 120.000 128.000 71.000
-0.689 5.602 96.280 119.000 129.000 60.000
-0.689 6.049 96.288 105.000 112.000 51.000
-0.243 6.049 96.314 84.000 90.000 41.000
-2.946 5.148 96.588 83.000 90.000 38.000
-2.946 5.595 96.596 121.000 133.000 51.000
-2.499 3.807 96.590 87.000 92.000 45.000
-2.499 4.254 96.598 148.000 159.000 78.000
-2.500 4.701 96.606 134.000 146.000 64.000
-2.500 5.148 96.614 121.000 134.000 46.000
-2.500 5.595 96.622 109.000 125.000 33.000
-2.500 6.042 96.630 109.000 124.000 34.000
-2.500 6.489 96.638 111.000 124.000 42.000
-2.053 3.360 96.607 131.000 141.000 63.000
-2.053 3.807 96.616 143.000 156.000 64.000
-2.053 4.254 96.624 136.000 150.000 56.000
-2.053 4.701 96.632 126.000 139.000 48.000
-2.054 5.148 96.640 120.000 135.000 38.000
-2.054 5.595 96.648 124.000 140.000 36.000
-2.054 6.042 96.656 115.000 132.000 33.000
-2.054 6.489 96.664 109.000 123.000 37.000
-2.055 6.935 96.672 104.000 114.000 46.000
-1.606 3.360 96.633 133.000 148.000 53.000
-1.607 3.807 96.642 147.000 160.000 64.000
-1.607 4.254 96.650 140.000 153.000 62.000
-1.607 4.701 96.658 109.000 122.000 45.000
-1.607 5.148 96.666 119.000 133.000 44.000
-1.608 5.594 96.674 125.000 139.000 44.000
-1.608 6.041 96.682 118.000 132.000 38.000
-1.608 6.488 96.690 111.000 123.000 42.000
-1.160 3.360 96.659 125.000 141.000 41.000
-1.160 3.807 96.668 147.000 160.000 63.000
-1.161 4.254 96.676 118.000 129.000 52.000
-1.161 4.700 96.684 97.000 105.000 52.000
-1.161 5.147 96.692 111.000 121.000 53.000
-1.161 5.594 96.700 120.000 131.000 52.000
-1.162 6.041 96.708 90.000 99.000 35.000
-0.714 2.913 96.677 93.000 109.000 34.000
-0.714 3.360 96.685 103.000 113.000 27.000
-0.714 3.806 96.694 110.000 122.000 35.000
-0.715 4.253 96.702 92.000 103.000 41.000
-0.715 4.700 96.710 90.000 94.000 57.000
-0.715 5.147 96.718 114.000 121.000 65.000
-0.715 5.594 96.726 116.000 126.000 59.000
-0.715 6.041 96.734 89.000 100.000 40.000
-0.269 6.041 96.760 97.000 110.000 47.000
-2.972 4.693 97.026 87.000 95.000 38.000
-2.972 5.140 97.034 108.000 119.000 47.000
-2.972 5.587 97.042 133.000 145.000 58.000
-2.972 6.034 97.050 123.000 136.000 47.000
-2.973 6.481 97.058 96.000 109.000 40.000
-2.525 3.799 97.036 132.000 140.000 76.000
-2.525 4.246 97.044 149.000 160.000 76.000
-2.526 4.693 97.052 132.000 143.000 60.000
-2.526 5.140 97.060 126.000 139.000 46.000
-2.526 5.587 97.068 128.000 142.000 42.000
-2.526 6.034 97.076 114.000 127.000 38.000
-2.526 6.481 97.084 115.000 127.000 45.000
-2.527 6.928 97.092 88.000 99.000 40.000
-2.079 3.352 97.054 126.000 136.000 60.000
-2.079 3.799 97.062 140.000 154.000 61.000
-2.079 4.246 97.070 148.000 160.000 68.000
-2.079 4.693 97.078 129.000 141.000 52.000
-2.080 5.140 97.086 124.000 139.000 40.000
-2.080 5.587 97.094 130.000 145.000 39.000
-2.080 6.034 97.102 121.000 136.000 35.000
-2.080 6.480 97.110 114.000 127.000 41.000
-2.081 6.927 97.118 93.000 101.000 43.000
-1.632 3.352 97.080 140.000 153.000 62.000
-1.633 3.799 97.088 135.000 150.000 52.000
-1.633 4.246 97.096 138.000 150.000 64.000
-1.633 4.693 97.104 130.000 141.000 62.000
-1.633 5.140 97.112 123.000 136.000 48.000
-1.634 5.586 97.120 126.000 139.000 43.000
-1.634 6.033 97.128 122.000 136.000 39.000
-1.634 6.480 97.136 123.000 135.000 48.000
-1.186 3.352 97.106 120.000 135.000 39.000
-1.186 3.799 97.114 125.000 141.000 44.000
-1.187 4.245 97.122 102.000 111.000 49.000
-1.187 4.692 97.130 99.000 106.000 55.000
-1.187 5.139 97.138 114.000 123.000 56.000
-1.187 5.586 97.146 117.000 130.000 49.000
-1.188 6.033 97.154 117.000 128.000 48.000
-0.740 3.351 97.132 86.000 92.000 24.000
-0.741 5.139 97.164 83.000 92.000 47.000
-0.741 5.586 97.172 91.000 101.000 46.000
-0.741 6.033 97.180 87.000 98.000 39.000
-3.445 6.026 97.470 87.000 95.000 38.000
-2.997 4.238 97.464 98.000 102.000 59.000
-2.998 4.685 97.472 103.000 112.000 50.000
-2.998 5.132 97.480 99.000 110.000 41.000
-2.998 5.579 97.488 136.000 147.000 59.000
-2.998 6.026 97.496 121.000 134.000 45.000
-2.999 6.473 97.505 106.000 120.000 43.000
-2.551 3.791 97.482 113.000 121.000 55.000
-2.551 4.238 97.490 150.000 161.000 78.000
-2.552 4.685 97.498 125.000 138.000 54.000
-2.552 5.132 97.506 122.000 134.000 45.000
-2.552 5.579 97.514 131.000 145.000 47.000
-2.552 6.026 97.522 113.000 127.000 37.000
-2.552 6.473 97.530 109.000 124.000 40.000
-2.553 6.919 97.539 83.000 94.000 38.000
-2.104 2.897 97.492 76.000 80.000 38.000
-2.105 3.344 97.500 109.000 121.000 45.000
-2.105 3.791 97.508 141.000 154.000 62.000
-2.105 4.238 97.516 152.000 163.000 75.000
-2.105 4.685 97.524 132.000 143.000 55.000
-2.106 5.132 97.532 123.000 137.000 39.000
-2.106 5.579 97.540 131.000 145.000 39.000
-2.106 6.025 97.548 126.000 141.000 39.000
-2.106 6.472 97.556 118.000 131.000 42.000
-2.106 6.919 97.565 75.000 81.000 36.000
-1.658 2.897 97.518 75.000 85.000 33.000
-1.658 3.344 97.526 118.000 135.000 44.000
-1.659 3.791 97.534 130.000 146.000 48.000
-1.659 4.238 97.542 135.000 146.000 63.000
-1.659 4.685 97.550 123.000 135.000 56.000
-1.659 5.131 97.558 113.000 129.000 40.000
-1.660 5.578 97.566 121.000 136.000 40.000
-1.660 6.025 97.574 127.000 140.000 44.000
-1.660 6.472 97.582 120.000 133.000 45.000
-1.212 3.344 97.552 114.000 127.000 38.000
-1.212 3.791 97.560 85.000 90.000 26.000
-1.213 4.237 97.568 85.000 94.000 37.000
-1.213 5.131 97.584 74.000 88.000 32.000
-1.213 5.578 97.592 93.000 109.000 38.000
-1.214 6.025 97.600 123.000 134.000 54.000
-3.470 5.571 97.908 95.000 103.000 44.000
-3.471 6.018 97.917 107.000 117.000 49.000
-3.471 6.465 97.925 76.000 83.000 36.000
-3.023 4.230 97.910 134.000 140.000 84.000
-3.024 4.677 97.918 122.000 130.000 69.000
-3.024 5.124 97.926 82.000 90.000 36.000
-3.024 5.571 97.934 139.000 150.000 62.000
-3.024 6.018 97.943 121.000 133.000 47.000
-3.025 6.465 97.951 113.000 125.000 50.000
-3.025 6.912 97.959 77.000 86.000 36.000
-2.577 3.783 97.928 133.000 144.000 63.000
-2.577 4.230 97.936 147.000 158.000 74.000
-2.577 4.677 97.944 123.000 136.000 54.000
-2.578 5.124 97.952 115.000 127.000 43.000
-2.578 5.571 97.960 132.000 145.000 49.000
-2.578 6.018 97.969 120.000 134.000 41.000
-2.578 6.464 97.977 115.000 128.000 45.000
-2.579 6.911 97.985 84.000 95.000 37.000
-2.130 2.889 97.938 118.000 124.000 62.000
-2.131 3.336 97.946 135.000 147.000 62.000
-2.131 3.783 97.954 139.000 152.000 61.000
-2.131 4.230 97.962 146.000 158.000 68.000
-2.131 4.677 97.970 128.000 141.000 50.000
-2.132 5.124 97.978 121.000 135.000 39.000
-2.132 5.570 97.986 131.000 145.000 41.000
-2.132 6.017 97.994 128.000 142.000 41.000
-2.132 6.464 98.003 125.000 138.000 47.000
-1.684 2.889 97.964 71.000 82.000 32.000
-1.684 3.336 97.972 109.000 125.000 42.000
-1.685 3.783 97.980 132.000 146.000 52.000
-1.685 4.230 97.988 140.000 153.000 63.000
-1.685 4.676 97.996 111.000 125.000 44.000
-1.685 5.123 98.004 116.000 132.000 43.000
-1.686 5.570 98.012 124.000 138.000 45.000
-1.686 6.017 98.020 129.000 142.000 51.000
-1.686 6.464 98.029 129.000 140.000 57.000
-1.238 3.336 97.998 82.000 91.000 27.000
-1.239 5.123 98.030 75.000 89.000 31.000
-1.239 5.570 98.038 108.000 120.000 49.000
-1.240 6.017 98.046 106.000 117.000 47.000
-3.496 5.563 98.355 122.000 132.000 60.000
-3.497 6.010 98.363 93.000 102.000 40.000
-3.497 6.457 98.371 87.000 94.000 44.000
-3.049 4.222 98.356 127.000 132.000 79.000
-3.050 4.669 98.364 119.000 125.000 76.000
-3.050 5.116 98.372 133.000 142.000 69.000
-3.050 5.563 98.381 142.000 152.000 65.000
-3.050 6.010 98.389 125.000 137.000 51.000
-3.051 6.457 98.397 122.000 133.000 55.000
-3.051 6.903 98.405 94.000 102.000 47.000
-2.603 3.775 98.374 147.000 158.000 75.000
-2.603 4.222 98.382 150.000 160.000 78.000
-2.603 4.669 98.390 141.000 152.000 72.000
-2.604 5.116 98.398 126.000 139.000 52.000
-2.604 5.563 98.407 134.000 146.000 53.000
-2.604 6.009 98.415 126.000 139.000 47.000
-2.604 6.456 98.423 120.000 133.000 49.000
-2.605 6.903 98.431 101.000 112.000 47.000
-2.156 2.881 98.384 112.000 121.000 55.000
-2.157 3.328 98.392 146.000 158.000 73.000
-2.157 3.775 98.400 147.000 159.000 70.000
-2.157 4.222 98.408 143.000 156.000 62.000
-2.157 4.669 98.416 137.000 150.000 55.000
-2.157 5.115 98.424 125.000 139.000 44.000
-2.158 5.562 98.433 131.000 145.000 45.000
-2.158 6.009 98.441 129.000 143.000 44.000
-2.158 6.456 98.449 125.000 136.000 52.000
-1.710 3.328 98.418 112.000 121.000 46.000
-1.711 3.775 98.426 113.000 126.000 41.000
-1.711 4.221 98.434 116.000 133.000 44.000
-1.711 4.668 98.442 109.000 126.000 39.000
-1.711 5.115 98.450 116.000 130.000 42.000
-1.712 5.562 98.458 131.000 143.000 56.000
-1.712 6.009 98.467 131.000 143.000 58.000
-1.712 6.456 98.475 103.000 113.000 45.000
-1.265 5.115 98.476 87.000 101.000 36.000
-1.265 5.562 98.484 113.000 121.000 55.000
-1.266 6.009 98.493 78.000 84.000 37.000
-3.522 5.555 98.801 130.000 138.000 68.000
-3.523 6.002 98.809 127.000 137.000 60.000
-3.075 4.214 98.802 110.000 114.000 67.000
-3.076 4.661 98.811 104.000 109.000 66.000
-3.076 5.108 98.819 129.000 137.000 67.000
-3.076 5.555 98.827 150.000 160.000 72.000
-3.076 6.002 98.835 138.000 149.000 62.000
-3.077 6.448 98.843 125.000 135.000 60.000
-3.077 6.895 98.851 83.000 90.000 40.000
-2.629 3.767 98.820 159.000 168.000 96.000
-2.629 4.214 98.828 161.000 170.000 91.000
-2.629 4.661 98.836 157.000 167.000 83.000
-2.630 5.108 98.845 153.000 164.000 75.000
-2.630 5.554 98.853 142.000 155.000 59.000
-2.630 6.001 98.861 129.000 141.000 50.000
-2.630 6.448 98.869 124.000 136.000 54.000
-2.183 3.320 98.838 123.000 132.000 60.000
-2.183 3.767 98.846 142.000 154.000 67.000
-2.183 4.214 98.854 143.000 156.000 62.000
-2.183 4.660 98.862 152.000 165.000 65.000
-2.183 5.107 98.871 156.000 169.000 67.000
-2.184 5.554 98.879 147.000 161.000 58.000
-2.184 6.001 98.887 137.000 150.000 53.000
-2.184 6.448 98.895 141.000 153.000 68.000
-1.736 3.320 98.864 82.000 91.000 31.000
-1.737 3.766 98.872 78.000 91.000 26.000
-1.737 4.213 98.880 96.000 114.000 32.000
-1.737 4.660 98.888 114.000 132.000 38.000
-1.737 5.107 98.897 139.000 152.000 58.000
-1.737 5.554 98.905 138.000 150.000 62.000
-1.738 6.001 98.913 133.000 144.000 61.000
-1.738 6.448 98.921 85.000 94.000 36.000
-1.290 3.319 98.890 84.000 92.000 33.000
-1.290 3.766 98.898 106.000 116.000 41.000
-1.291 4.213 98.906 88.000 102.000 30.000
-1.291 4.660 98.914 89.000 107.000 30.000
-1.291 5.107 98.923 102.000 117.000 42.000
-1.291 5.554 98.931 100.000 109.000 47.000
-1.292 6.001 98.939 92.000 101.000 45.000
-3.548 5.547 99.247 152.000 160.000 89.000
-3.549 5.994 99.255 131.000 140.000 63.000
-3.549 6.441 99.263 77.000 83.000 39.000
-3.101 3.759 99.240 118.000 119.000 75.000
-3.101 4.206 99.249 133.000 135.000 102.000
-3.102 5.100 99.265 124.000 131.000 69.000
-3.102 5.547 99.273 161.000 170.000 83.000
-3.102 5.993 99.281 144.000 155.000 68.000
-3.103 6.440 99.289 127.000 138.000 59.000
-3.103 6.887 99.297 104.000 113.000 53.000
-2.655 3.759 99.266 151.000 159.000 89.000
-2.655 4.206 99.275 170.000 179.000 104.000
-2.655 4.653 99.283 163.000 173.000 83.000
-2.656 5.099 99.291 165.000 175.000 81.000
-2.656 5.546 99.299 161.000 172.000 75.000
-2.656 5.993 99.307 134.000 147.000 55.000
-2.656 6.440 99.315 125.000 136.000 58.000
-2.209 3.759 99.292 113.000 127.000 49.000
-2.209 4.205 99.300 141.000 156.000 59.000
-2.209 4.652 99.309 147.000 162.000 54.000
-2.209 5.099 99.317 163.000 177.000 67.000
-2.210 5.546 99.325 153.000 166.000 61.000
-2.210 5.993 99.333 129.000 143.000 47.000
-1.763 3.758 99.318 105.000 121.000 42.000
-1.763 4.205 99.326 110.000 127.000 39.000
-1.763 4.652 99.335 117.000 136.000 38.000
-1.763 5.099 99.343 145.000 160.000 58.000
-1.763 5.546 99.351 146.000 157.000 67.000
-1.764 5.993 99.359 111.000 124.000 46.000
-1.317 5.993 99.385 81.000 91.000 41.000
-3.574 5.539 99.693 163.000 163.000 105.000
-3.574 5.986 99.701 127.000 127.000 79.000
-3.127 4.198 99.695 132.000 134.000 93.000
-3.128 4.645 99.703 155.000 156.000 124.000
-3.128 5.092 99.711 185.000 181.000 131.000
-3.128 5.538 99.719 186.000 188.000 113.000
-3.128 5.985 99.727 163.000 172.000 91.000
-3.129 6.432 99.735 135.000 145.000 73.000
-2.681 3.751 99.713 107.000 115.000 58.000
-2.681 4.198 99.721 171.000 180.000 106.000
-2.681 4.644 99.729 174.000 184.000 96.000
-2.682 5.091 99.737 187.000 192.000 107.000
-2.682 5.538 99.745 176.000 185.000 95.000
-2.682 5.985 99.753 152.000 163.000 74.000
-2.682 6.432 99.761 88.000 98.000 39.000
-2.235 3.750 99.739 80.000 95.000 31.000
-2.235 4.197 99.747 150.000 162.000 70.000
-2.235 4.644 99.755 177.000 185.000 91.000
-2.235 5.091 99.763 171.000 181.000 81.000
-2.236 5.538 99.771 144.000 158.000 54.000
-2.236 5.985 99.779 133.000 146.000 52.000
-1.790 5.985 99.805 98.000 111.000 40.000
-3.600 5.531 100.139 110.000 112.000 75.000
-3.600 5.978 100.147 114.000 113.000 76.000
-3.154 4.637 100.149 97.000 101.000 58.000
-3.154 5.084 100.157 179.000 183.000 122.000
-3.154 5.530 100.165 208.000 210.000 136.000
-3.154 5.977 100.173 177.000 185.000 110.000
-3.154 6.424 100.181 109.000 115.000 62.000
-2.707 4.190 100.167 83.000 96.000 34.000
-2.707 4.636 100.175 133.000 147.000 52.000
-2.708 5.083 100.183 152.000 164.000 71.000
-2.708 5.530 100.191 184.000 193.000 103.000
-2.708 5.977 100.199 163.000 175.000 84.000
-2.262 5.530 100.217 106.000 125.000 30.000
-2.262 5.977 100.225 106.000 126.000 35.000
-3.180 5.522 100.611 117.000 124.000 58.000
-3.180 5.969 100.619 158.000 158.000 116.000
-2.734 5.522 100.637 93.000 111.000 31.000
-2.734 5.969 100.645 81.000 90.000 31.000
