82 74 401 110 116 53 0 0
82 75 401 109 112 55 0 0
82 76 401 107 110 56 0 0
82 77 401 84 88 51 0 0
83 75 401 118 121 50 0 0
83 76 401 123 126 52 0 0
83 77 401 83 86 43 0 0
84 75 401 129 135 56 0 0
84 76 401 133 138 58 0 0
85 76 401 84 86 45 0 0
82 73 402 117 123 54 0 0
82 75 402 85 88 42 0 0
82 76 402 96 98 50 0 0
83 74 402 135 141 64 0 0
83 75 402 135 138 67 0 0
83 76 402 142 147 71 0 0
83 77 402 104 107 59 0 0
84 74 402 148 155 71 0 0
84 75 402 149 156 68 0 0
84 76 402 154 158 71 0 0
84 77 402 128 131 73 0 0
85 75 402 154 156 78 0 0
85 76 402 153 154 74 0 0
85 77 402 119 121 66 0 0
86 75 402 101 102 58 0 0
86 76 402 80 81 46 0 0
86 77 402 79 80 48 0 0
77 73 403 100 104 49 0 0
81 75 403 80 82 47 0 0
82 73 403 101 107 44 0 0
82 74 403 109 113 53 0 0
82 75 403 108 112 58 0 0
82 76 403 113 117 63 0 0
83 73 403 106 113 41 0 0
83 74 403 128 135 58 0 0
83 75 403 140 144 68 0 0
83 76 403 152 155 74 0 0
83 77 403 138 142 77 0 0
84 74 403 148 155 67 0 0
84 75 403 154 159 68 0 0
84 76 403 162 164 71 0 0
84 77 403 154 157 81 0 0
84 78 403 103 104 63 0 0
85 74 403 152 156 77 0 0
85 75 403 157 160 73 0 0
85 76 403 172 173 81 0 0
85 77 403 163 164 85 0 0
85 78 403 96 97 53 0 0
86 74 403 158 159 83 0 0
86 75 403 165 167 87 0 0
86 76 403 184 184 99 0 0
86 77 403 173 173 100 0 0
87 75 403 146 148 81 0 0
87 76 403 155 155 86 0 0
87 77 403 117 118 69 0 0
88 75 403 116 117 70 0 0
88 76 403 81 82 47 0 0
81 73 404 78 90 28 0 0
81 74 404 102 106 52 0 0
81 75 404 99 103 60 0 0
81 76 404 79 81 45 0 0
82 73 404 89 101 33 0 0
82 74 404 136 142 67 0 0
82 75 404 122 126 65 0 0
82 76 404 114 116 62 0 0
82 77 404 90 91 53 0 0
83 73 404 105 113 41 0 0
83 74 404 134 140 61 0 0
83 75 404 137 141 63 0 0
83 76 404 143 142 65 0 0
83 77 404 136 136 71 0 0
83 78 404 98 100 58 0 0
84 73 404 134 141 54 0 0
84 74 404 147 152 62 0 0
84 75 404 151 153 66 0 0
84 76 404 161 161 68 0 0
84 77 404 162 162 79 0 0
84 78 404 128 131 73 0 0
85 73 404 151 156 72 0 0
85 74 404 151 156 65 0 0
85 75 404 155 157 67 0 0
85 76 404 169 169 75 0 0
85 77 404 172 173 85 0 0
85 78 404 130 132 76 0 0
86 74 404 163 165 74 0 0
86 75 404 177 178 85 0 0
86 76 404 192 193 93 0 0
86 77 404 190 192 103 0 0
86 78 404 128 129 78 0 0
87 74 404 153 155 78 0 0
87 75 404 180 181 96 0 0
87 76 404 185 187 99 0 0
87 77 404 167 168 98 0 0
88 74 404 98 99 54 0 0
88 75 404 127 128 78 0 0
88 76 404 130 131 79 0 0
81 73 405 91 102 36 0 0
81 74 405 114 119 54 0 0
81 75 405 99 101 56 0 0
81 76 405 89 91 52 0 0
82 73 405 126 132 58 0 0
82 74 405 146 154 69 0 0
82 75 405 115 118 55 0 0
82 76 405 108 110 52 0 0
82 77 405 85 88 47 0 0
83 73 405 132 139 61 0 0
83 74 405 148 155 64 0 0
83 75 405 137 142 57 0 0
83 76 405 116 118 43 0 0
83 77 405 119 121 56 0 0
83 78 405 87 89 50 0 0
84 73 405 115 120 42 0 0
84 74 405 150 155 60 0 0
84 75 405 153 156 57 0 0
84 76 405 162 164 58 0 0
84 77 405 161 164 70 0 0
84 78 405 140 143 72 0 0
85 73 405 137 142 60 0 0
85 74 405 152 156 62 0 0
85 75 405 162 164 66 0 0
85 76 405 180 183 77 0 0
85 77 405 183 186 87 0 0
85 78 405 159 162 85 0 0
86 73 405 161 162 84 0 0
86 74 405 166 167 77 0 0
86 75 405 180 182 87 0 0
86 76 405 190 192 94 0 0
86 77 405 192 194 104 0 0
86 78 405 167 169 99 0 0
87 73 405 166 167 94 0 0
87 74 405 166 167 89 0 0
87 75 405 192 195 104 0 0
87 76 405 194 197 106 0 0
87 77 405 186 189 109 0 0
87 78 405 111 112 71 0 0
88 74 405 109 110 65 0 0
88 75 405 160 161 95 0 0
88 76 405 172 174 104 0 0
88 77 405 96 98 61 0 0
80 74 406 77 81 41 0 0
80 75 406 80 83 48 0 0
81 72 406 71 81 28 0 0
81 73 406 85 95 31 0 0
81 74 406 114 119 55 0 0
81 75 406 106 109 56 0 0
81 76 406 115 117 63 0 0
81 77 406 84 86 50 0 0
82 72 406 81 93 30 0 0
82 73 406 130 137 60 0 0
82 74 406 143 150 65 0 0
82 75 406 142 146 65 0 0
82 76 406 123 125 55 0 0
82 77 406 93 95 49 0 0
83 73 406 133 139 62 0 0
83 74 406 151 158 63 0 0
83 75 406 145 151 54 0 0
83 76 406 90 91 27 0 0
83 77 406 106 109 45 0 0
83 78 406 108 108 61 0 0
84 73 406 134 141 56 0 0
84 74 406 157 162 61 0 0
84 75 406 153 156 50 0 0
84 76 406 96 97 23 0 0
84 77 406 117 118 42 0 0
84 78 406 126 127 64 0 0
84 79 406 91 92 61 0 0
85 72 406 78 81 42 0 0
85 73 406 139 143 63 0 0
85 74 406 165 168 71 0 0
85 75 406 171 174 71 0 0
85 76 406 180 183 72 0 0
85 77 406 184 186 85 0 0
85 78 406 189 193 101 0 0
85 79 406 88 89 54 0 0
86 72 406 115 116 71 0 0
86 73 406 146 147 75 0 0
86 74 406 180 181 87 0 0
86 75 406 188 190 92 0 0
86 76 406 198 200 99 0 0
86 77 406 199 200 107 0 0
86 78 406 194 196 107 0 0
86 79 406 87 88 51 0 0
87 73 406 110 111 60 0 0
87 74 406 183 185 99 0 0
87 75 406 196 198 107 0 0
87 76 406 200 202 109 0 0
87 77 406 198 200 115 0 0
87 78 406 158 159 95 0 0
88 74 406 110 111 68 0 0
88 75 406 156 157 94 0 0
88 76 406 179 182 107 0 0
88 77 406 156 158 98 0 0
80 73 407 76 85 29 0 0
80 74 407 77 80 36 0 0
80 75 407 84 87 46 0 0
80 76 407 96 98 56 0 0
81 72 407 75 87 27 0 0
81 73 407 72 84 23 0 0
81 74 407 114 119 53 0 0
81 75 407 122 126 63 0 0
81 76 407 119 122 62 0 0
82 72 407 68 80 22 0 0
82 73 407 117 123 47 0 0
82 74 407 145 153 64 0 0
82 75 407 146 151 65 0 0
82 76 407 135 138 59 0 0
82 77 407 109 112 53 0 0
82 78 407 93 94 58 0 0
83 73 407 137 144 58 0 0
83 74 407 153 159 62 0 0
83 75 407 145 150 53 0 0
83 76 407 97 99 27 0 0
83 77 407 116 118 47 0 0
83 78 407 142 142 77 0 0
83 79 407 95 95 66 0 0
84 73 407 156 161 69 0 0
84 74 407 162 166 63 0 0
84 75 407 157 160 51 0 0
84 76 407 124 126 33 0 0
84 77 407 129 130 47 0 0
84 78 407 151 151 75 0 0
84 79 407 108 108 68 0 0
85 73 407 151 153 74 0 0
85 74 407 176 179 78 0 0
85 75 407 179 182 76 0 0
85 76 407 183 185 77 0 0
85 77 407 184 184 84 0 0
85 78 407 188 189 96 0 0
85 79 407 114 116 68 0 0
86 73 407 136 137 73 0 0
86 74 407 192 193 99 0 0
86 75 407 197 199 100 0 0
86 76 407 201 203 103 0 0
86 77 407 202 203 107 0 0
86 78 407 203 204 110 0 0
86 79 407 129 130 75 0 0
87 73 407 103 103 61 0 0
87 74 407 180 181 98 0 0
87 75 407 199 200 110 0 0
87 76 407 204 206 112 0 0
87 77 407 203 205 116 0 0
87 78 407 196 197 116 0 0
88 74 407 105 106 65 0 0
88 75 407 161 162 98 0 0
88 76 407 182 184 107 0 0
88 77 407 171 172 104 0 0
88 78 407 97 97 61 0 0
79 73 408 97 105 41 0 0
80 73 408 97 107 38 0 0
80 74 408 81 86 33 0 0
80 76 408 78 81 42 0 0
81 72 408 87 95 35 0 0
81 74 408 126 132 62 0 0
81 75 408 133 138 68 0 0
81 76 408 113 116 57 0 0
81 77 408 86 90 44 0 0
82 73 408 121 127 47 0 0
82 74 408 149 157 65 0 0
82 75 408 140 145 62 0 0
82 76 408 118 120 51 0 0
82 77 408 119 122 57 0 0
82 78 408 131 134 74 0 0
83 73 408 145 152 66 0 0
83 74 408 157 163 66 0 0
83 75 408 142 146 53 0 0
83 76 408 129 132 43 0 0
83 77 408 131 133 50 0 0
83 78 408 168 170 84 0 0
83 79 408 144 146 89 0 0
84 73 408 163 167 74 0 0
84 74 408 168 173 66 0 0
84 75 408 171 175 61 0 0
84 76 408 164 165 50 0 0
84 77 408 158 159 61 0 0
84 78 408 169 169 80 0 0
84 79 408 156 158 88 0 0
85 73 408 161 163 83 0 0
85 74 408 180 184 83 0 0
85 75 408 188 191 86 0 0
85 76 408 189 189 86 0 0
85 77 408 184 185 88 0 0
85 78 408 190 190 97 0 0
85 79 408 152 154 84 0 0
86 73 408 136 136 77 0 0
86 74 408 188 189 97 0 0
86 75 408 198 200 103 0 0
86 76 408 205 206 108 0 0
86 77 408 207 208 111 0 0
86 78 408 210 210 115 0 0
86 79 408 179 180 99 0 0
87 73 408 95 95 57 0 0
87 74 408 187 188 109 0 0
87 75 408 205 206 117 0 0
87 76 408 208 210 116 0 0
87 77 408 207 208 117 0 0
87 78 408 209 209 121 0 0
87 79 408 96 97 58 0 0
88 74 408 94 94 62 0 0
88 75 408 159 160 97 0 0
88 76 408 188 189 107 0 0
88 77 408 174 175 103 0 0
88 78 408 114 114 70 0 0
79 73 409 99 106 40 0 0
79 74 409 90 95 43 0 0
80 73 409 80 93 25 0 0
80 74 409 98 106 40 0 0
81 73 409 69 82 22 0 0
81 74 409 121 128 60 0 0
81 75 409 119 124 61 0 0
81 76 409 111 115 57 0 0
81 77 409 104 107 57 0 0
81 78 409 98 102 55 0 0
82 72 409 89 100 30 0 0
82 73 409 93 101 33 0 0
82 74 409 142 149 64 0 0
82 75 409 132 137 60 0 0
82 76 409 133 137 60 0 0
82 77 409 136 139 68 0 0
82 78 409 155 157 85 0 0
82 79 409 95 96 61 0 0
83 73 409 145 153 64 0 0
83 74 409 161 168 71 0 0
83 75 409 146 151 60 0 0
83 76 409 135 139 52 0 0
83 77 409 154 155 68 0 0
83 78 409 186 187 94 0 0
83 79 409 170 171 98 0 0
83 80 409 92 93 59 0 0
84 73 409 177 182 86 0 0
84 74 409 175 178 74 0 0
84 75 409 173 176 69 0 0
84 76 409 166 168 64 0 0
84 77 409 163 165 66 0 0
84 78 409 182 181 84 0 0
84 79 409 179 181 96 0 0
84 80 409 94 96 58 0 0
85 73 409 171 172 94 0 0
85 74 409 181 184 89 0 0
85 75 409 193 195 94 0 0
85 76 409 192 192 90 0 0
85 77 409 192 192 93 0 0
85 78 409 199 199 101 0 0
85 79 409 178 179 96 0 0
86 73 409 130 130 77 0 0
86 74 409 188 189 102 0 0
86 75 409 202 203 110 0 0
86 76 409 210 211 115 0 0
86 77 409 213 213 119 0 0
86 78 409 213 214 118 0 0
86 79 409 179 180 101 0 0
87 74 409 184 185 109 0 0
87 75 409 206 208 119 0 0
87 76 409 208 210 115 0 0
87 77 409 208 208 117 0 0
87 78 409 204 204 114 0 0
87 79 409 85 85 49 0 0
88 75 409 157 158 99 0 0
88 76 409 184 185 103 0 0
88 77 409 171 172 98 0 0
88 78 409 114 114 67 0 0
78 74 410 90 95 43 0 0
79 74 410 105 109 48 0 0
79 75 410 83 87 37 0 0
80 73 410 77 88 23 0 0
80 74 410 75 84 25 0 0
80 75 410 81 86 31 0 0
80 76 410 84 88 39 0 0
81 75 410 116 121 57 0 0
81 76 410 127 132 70 0 0
81 77 410 94 97 53 0 0
82 73 410 75 81 31 0 0
82 74 410 150 158 75 0 0
82 75 410 158 165 75 0 0
82 76 410 147 152 66 0 0
82 77 410 140 145 67 0 0
82 78 410 157 161 85 0 0
82 79 410 144 146 98 0 0
83 72 410 80 85 35 0 0
83 73 410 156 163 83 0 0
83 74 410 165 171 78 0 0
83 75 410 169 175 69 0 0
83 76 410 149 155 50 0 0
83 77 410 156 160 60 0 0
83 78 410 193 196 95 0 0
83 79 410 197 199 115 0 0
83 80 410 81 82 52 0 0
84 73 410 176 181 92 0 0
84 74 410 176 180 83 0 0
84 75 410 174 178 67 0 0
84 76 410 171 174 57 0 0
84 77 410 176 177 67 0 0
84 78 410 196 196 90 0 0
84 79 410 190 191 103 0 0
84 80 410 90 92 58 0 0
85 73 410 141 142 82 0 0
85 74 410 181 183 94 0 0
85 75 410 192 195 93 0 0
85 76 410 196 198 87 0 0
85 77 410 197 198 91 0 0
85 78 410 200 200 101 0 0
85 79 410 187 187 104 0 0
86 74 410 180 180 105 0 0
86 75 410 205 206 114 0 0
86 76 410 214 215 115 0 0
86 77 410 213 214 115 0 0
86 78 410 218 217 124 0 0
86 79 410 192 192 113 0 0
87 74 410 128 128 83 0 0
87 75 410 208 208 125 0 0
87 76 410 209 210 115 0 0
87 77 410 208 208 116 0 0
87 78 410 209 209 119 0 0
87 79 410 130 130 82 0 0
88 75 410 155 155 98 0 0
88 76 410 194 196 107 0 0
88 77 410 185 186 103 0 0
88 78 410 142 143 78 0 0
78 74 411 80 84 33 0 0
79 74 411 120 127 49 0 0
79 75 411 116 123 50 0 0
79 76 411 96 100 45 0 0
80 73 411 68 83 17 0 0
80 74 411 87 98 27 0 0
80 75 411 103 108 40 0 0
80 76 411 105 110 43 0 0
81 75 411 127 134 64 0 0
81 76 411 147 153 79 0 0
81 77 411 127 133 74 0 0
81 78 411 91 96 56 0 0
82 74 411 130 138 64 0 0
82 75 411 153 159 67 0 0
82 76 411 160 168 65 0 0
82 77 411 161 167 76 0 0
82 78 411 169 173 94 0 0
82 79 411 147 149 96 0 0
83 72 411 92 95 53 0 0
83 73 411 147 153 78 0 0
83 74 411 163 171 79 0 0
83 75 411 155 164 57 0 0
83 76 411 158 164 51 0 0
83 77 411 169 174 67 0 0
83 78 411 198 203 93 0 0
83 79 411 205 207 123 0 0
83 80 411 152 155 110 0 0
84 73 411 154 157 89 0 0
84 74 411 181 186 87 0 0
84 75 411 173 178 67 0 0
84 76 411 171 174 54 0 0
84 77 411 179 182 63 0 0
84 78 411 196 200 86 0 0
84 79 411 197 198 107 0 0
84 80 411 145 147 96 0 0
85 73 411 108 109 68 0 0
85 74 411 187 190 104 0 0
85 75 411 192 195 93 0 0
85 76 411 192 195 77 0 0
85 77 411 195 199 82 0 0
85 78 411 204 205 103 0 0
85 79 411 195 195 111 0 0
86 74 411 185 185 115 0 0
86 75 411 207 208 119 0 0
86 76 411 213 215 111 0 0
86 77 411 212 213 112 0 0
86 78 411 217 217 122 0 0
86 79 411 205 204 126 0 0
87 75 411 206 207 127 0 0
87 76 411 212 214 117 0 0
87 77 411 209 210 114 0 0
87 78 411 206 206 114 0 0
87 79 411 172 172 105 0 0
88 75 411 101 100 65 0 0
88 76 411 177 178 95 0 0
88 77 411 186 188 99 0 0
88 78 411 170 170 94 0 0
88 79 411 85 85 52 0 0
78 74 412 92 95 39 0 0
79 74 412 99 104 38 0 0
79 75 412 93 98 39 0 0
79 76 412 78 81 35 0 0
80 74 412 76 86 23 0 0
80 75 412 114 120 44 0 0
80 76 412 128 136 55 0 0
80 77 412 79 83 39 0 0
81 75 412 129 138 64 0 0
81 76 412 145 153 71 0 0
81 77 412 88 92 43 0 0
82 74 412 137 146 72 0 0
82 75 412 161 169 79 0 0
82 76 412 158 165 68 0 0
82 77 412 153 156 72 0 0
82 78 412 170 173 98 0 0
82 79 412 186 188 133 0 0
83 74 412 178 185 98 0 0
83 75 412 174 180 79 0 0
83 76 412 165 170 60 0 0
83 77 412 175 178 72 0 0
83 78 412 210 213 110 0 0
83 79 412 211 213 133 0 0
83 80 412 142 144 109 0 0
84 73 412 84 86 51 0 0
84 74 412 184 188 101 0 0
84 75 412 182 186 80 0 0
84 76 412 178 181 62 0 0
84 77 412 186 188 71 0 0
84 78 412 200 203 89 0 0
84 79 412 201 203 114 0 0
84 80 412 127 128 89 0 0
85 73 412 116 117 77 0 0
85 74 412 182 184 109 0 0
85 75 412 194 196 101 0 0
85 76 412 197 199 84 0 0
85 77 412 202 204 90 0 0
85 78 412 207 209 101 0 0
85 79 412 201 201 117 0 0
85 80 412 100 100 70 0 0
86 73 412 81 81 55 0 0
86 74 412 161 162 104 0 0
86 75 412 205 207 119 0 0
86 76 412 214 216 112 0 0
86 77 412 219 220 122 0 0
86 78 412 219 219 124 0 0
86 79 412 206 205 128 0 0
87 75 412 197 197 122 0 0
87 76 412 208 209 111 0 0
87 77 412 210 210 116 0 0
87 78 412 208 207 118 0 0
87 79 412 165 164 103 0 0
88 76 412 159 159 91 0 0
88 77 412 185 186 103 0 0
88 78 412 175 175 99 0 0
80 75 413 82 88 29 0 0
80 76 413 99 105 39 0 0
80 77 413 77 81 39 0 0
81 75 413 121 127 59 0 0
81 76 413 136 141 68 0 0
81 77 413 116 119 65 0 0
81 78 413 112 115 73 0 0
82 74 413 85 90 39 0 0
82 75 413 161 168 80 0 0
82 76 413 166 170 77 0 0
82 77 413 166 168 88 0 0
82 78 413 191 193 115 0 0
82 79 413 181 182 135 0 0
83 74 413 163 168 96 0 0
83 75 413 168 173 85 0 0
83 76 413 164 167 68 0 0
83 77 413 178 181 83 0 0
83 78 413 207 209 110 0 0
83 79 413 210 213 133 0 0
83 80 413 114 115 88 0 0
84 74 413 187 189 111 0 0
84 75 413 184 187 91 0 0
84 76 413 182 184 77 0 0
84 77 413 187 189 84 0 0
84 78 413 201 202 102 0 0
84 79 413 194 195 114 0 0
84 80 413 96 97 65 0 0
85 74 413 190 191 119 0 0
85 75 413 199 200 107 0 0
85 76 413 199 200 93 0 0
85 77 413 203 204 100 0 0
85 78 413 213 214 116 0 0
85 79 413 186 187 111 0 0
86 74 413 140 139 93 0 0
86 75 413 206 206 119 0 0
86 76 413 216 216 118 0 0
86 77 413 221 222 126 0 0
86 78 413 225 226 134 0 0
86 79 413 210 210 134 0 0
87 75 413 143 142 93 0 0
87 76 413 211 211 118 0 0
87 77 413 214 215 120 0 0
87 78 413 213 213 120 0 0
87 79 413 168 168 104 0 0
88 76 413 163 163 97 0 0
88 77 413 181 181 99 0 0
88 78 413 160 160 88 0 0
80 75 414 82 87 32 0 0
80 76 414 82 86 34 0 0
81 75 414 86 90 34 0 0
81 76 414 138 143 66 0 0
81 77 414 125 126 66 0 0
81 78 414 144 144 96 0 0
82 75 414 160 166 86 0 0
82 76 414 170 173 85 0 0
82 77 414 175 177 93 0 0
82 78 414 219 220 146 0 0
82 79 414 210 211 154 0 0
83 74 414 96 98 61 0 0
83 75 414 177 180 97 0 0
83 76 414 178 181 86 0 0
83 77 414 188 190 94 0 0
83 78 414 222 223 134 0 0
83 79 414 223 223 151 0 0
83 80 414 113 114 86 0 0
84 74 414 138 138 93 0 0
84 75 414 189 191 107 0 0
84 76 414 188 190 89 0 0
84 77 414 203 204 101 0 0
84 78 414 222 223 130 0 0
84 79 414 207 208 133 0 0
85 74 414 129 129 88 0 0
85 75 414 197 198 117 0 0
85 76 414 206 207 107 0 0
85 77 414 215 216 117 0 0
85 78 414 224 225 132 0 0
85 79 414 188 189 122 0 0
86 75 414 202 201 125 0 0
86 76 414 217 217 123 0 0
86 77 414 224 225 133 0 0
86 78 414 228 228 137 0 0
86 79 414 212 212 137 0 0
87 75 414 135 134 91 0 0
87 76 414 211 210 125 0 0
87 77 414 214 214 125 0 0
87 78 414 215 215 125 0 0
87 79 414 155 155 94 0 0
88 76 414 117 116 76 0 0
88 77 414 182 181 106 0 0
88 78 414 174 174 99 0 0
81 76 415 132 138 61 0 0
81 77 415 118 120 68 0 0
81 78 415 107 108 75 0 0
82 75 415 128 133 70 0 0
82 76 415 173 177 86 0 0
82 77 415 187 190 105 0 0
82 78 415 225 225 175 0 0
82 79 415 168 169 133 0 0
83 75 415 168 171 96 0 0
83 76 415 189 192 96 0 0
83 77 415 201 204 111 0 0
83 78 415 223 224 146 0 0
83 79 415 204 205 147 0 0
84 75 415 192 194 117 0 0
84 76 415 202 205 107 0 0
84 77 415 210 212 115 0 0
84 78 415 225 226 141 0 0
84 79 415 183 183 123 0 0
85 75 415 185 185 119 0 0
85 76 415 209 210 120 0 0
85 77 415 217 218 128 0 0
85 78 415 227 227 143 0 0
85 79 415 172 173 114 0 0
86 75 415 167 165 114 0 0
86 76 415 213 212 134 0 0
86 77 415 220 220 136 0 0
86 78 415 223 223 135 0 0
86 79 415 172 172 109 0 0
87 76 415 191 189 126 0 0
87 77 415 207 207 128 0 0
87 78 415 201 200 116 0 0
87 79 415 92 91 58 0 0
88 77 415 160 159 105 0 0
88 78 415 145 143 90 0 0
81 76 416 107 113 49 0 0
81 77 416 130 133 79 0 0
81 78 416 100 100 73 0 0
82 76 416 181 186 93 0 0
82 77 416 205 208 128 0 0
82 78 416 220 221 173 0 0
83 75 416 121 126 67 0 0
83 76 416 202 205 114 0 0
83 77 416 211 214 128 0 0
83 78 416 217 218 149 0 0
83 79 416 131 131 100 0 0
84 75 416 158 159 107 0 0
84 76 416 217 219 133 0 0
84 77 416 216 218 132 0 0
84 78 416 221 222 144 0 0
84 79 416 102 102 73 0 0
85 75 416 111 111 82 0 0
85 76 416 216 216 141 0 0
85 77 416 213 213 132 0 0
85 78 416 217 217 136 0 0
85 79 416 84 85 54 0 0
86 76 416 206 204 144 0 0
86 77 416 210 209 134 0 0
86 78 416 206 205 123 0 0
86 79 416 104 103 62 0 0
87 76 416 134 132 105 0 0
87 77 416 183 181 124 0 0
87 78 416 164 162 101 0 0
88 78 416 82 80 55 0 0
81 77 417 177 180 128 0 0
81 78 417 171 171 138 0 0
82 76 417 174 179 102 0 0
82 77 417 229 231 166 0 0
82 78 417 228 229 183 0 0
83 76 417 196 200 120 0 0
83 77 417 218 220 144 0 0
83 78 417 226 228 168 0 0
84 76 417 204 205 137 0 0
84 77 417 219 220 148 0 0
84 78 417 207 208 142 0 0
85 76 417 153 153 115 0 0
85 77 417 198 197 129 0 0
85 78 417 162 162 101 0 0
86 77 417 175 173 119 0 0
86 78 417 157 155 95 0 0
81 77 418 173 174 142 0 0
81 78 418 163 162 127 0 0
82 76 418 144 146 102 0 0
82 77 418 234 236 186 0 0
82 78 418 232 233 186 0 0
82 79 418 122 120 96 0 0
83 76 418 83 85 51 0 0
83 77 418 211 213 144 0 0
83 78 418 224 226 169 0 0
84 77 418 165 166 114 0 0
84 78 418 143 144 103 0 0
86 78 418 124 122 82 0 0
81 78 419 139 138 112 0 0
82 77 419 216 218 163 0 0
82 78 419 221 223 171 0 0
82 79 419 155 154 121 0 0
83 77 419 163 164 108 0 0
83 78 419 203 205 132 0 0
83 79 419 105 104 76 0 0
84 78 419 153 154 114 0 0
82 78 420 109 111 82 0 0
85 62 364 86 89 35 nan 1
86 62 364 91 92 47 nan 1
85 62 365 96 99 37 nan 1
86 62 365 127 127 61 nan 1
87 62 365 93 92 51 nan 1
85 62 366 130 132 54 nan 1
86 62 366 143 142 65 nan 1
87 62 366 118 117 60 nan 1
85 62 367 140 144 62 nan 1
86 62 367 155 157 68 nan 1
87 62 367 153 153 75 nan 1
88 62 367 138 139 80 nan 1
89 63 367 163 164 88 nan 1
85 62 368 152 156 67 nan 1
86 61 368 98 89 30 nan 1
86 62 368 164 165 74 nan 1
87 62 368 162 163 80 nan 1
88 62 368 148 149 85 nan 1
89 62 368 98 98 61 nan 1
89 63 368 180 181 98 nan 1
90 63 368 115 117 73 nan 1
85 61 369 95 88 24 nan 1
85 62 369 161 162 69 nan 1
86 61 369 99 92 26 nan 1
86 62 369 171 171 73 nan 1
87 61 369 85 85 34 nan 1
87 62 369 168 169 85 nan 1
88 61 369 90 90 50 nan 1
88 62 369 164 166 90 nan 1
89 62 369 166 166 99 nan 1
89 63 369 190 192 106 nan 1
90 63 369 149 151 95 nan 1
85 61 370 104 98 27 nan 1
85 62 370 155 155 64 nan 1
86 61 370 132 129 45 nan 1
86 62 370 177 179 82 nan 1
87 60 370 93 93 45 nan 1
87 61 370 134 135 62 nan 1
87 62 370 171 174 87 nan 1
88 61 370 133 134 70 nan 1
88 62 370 170 172 87 nan 1
89 61 370 108 108 65 nan 1
89 62 370 181 183 108 nan 1
89 63 370 195 197 111 nan 1
90 62 370 97 98 68 nan 1
90 63 370 172 173 111 nan 1
84 61 371 92 94 25 nan 1
85 61 371 111 112 29 nan 1
85 62 371 145 149 58 nan 1
86 61 371 152 152 56 nan 1
86 62 371 153 159 68 nan 1
87 60 371 98 97 41 nan 1
87 61 371 154 156 70 nan 1
87 62 371 168 173 86 nan 1
88 61 371 143 144 73 nan 1
88 62 371 171 173 90 nan 1
89 61 371 121 121 72 nan 1
89 62 371 179 180 104 nan 1
89 63 371 193 195 107 nan 1
90 62 371 148 149 98 nan 1
90 63 371 193 196 117 nan 1
91 63 371 112 113 76 nan 1
84 61 372 131 135 47 nan 1
84 62 372 158 164 72 nan 1
85 61 372 147 150 55 nan 1
85 62 372 150 156 66 nan 1
86 61 372 165 164 62 nan 1
86 62 372 154 158 68 nan 1
87 61 372 155 153 63 nan 1
87 62 372 166 170 79 nan 1
88 61 372 155 155 76 nan 1
88 62 372 167 170 86 nan 1
89 60 372 86 85 45 nan 1
89 61 372 128 129 72 nan 1
89 62 372 165 166 92 nan 1
89 63 372 180 183 97 nan 1
90 61 372 140 141 89 nan 1
90 62 372 194 196 120 nan 1
90 63 372 198 202 115 nan 1
91 62 372 112 113 75 nan 1
91 63 372 181 183 114 nan 1
84 61 373 145 150 62 nan 1
84 62 373 161 167 72 nan 1
85 61 373 173 176 85 nan 1
85 62 373 170 177 78 nan 1
86 61 373 174 178 88 nan 1
86 62 373 177 183 86 nan 1
87 61 373 174 173 80 nan 1
87 62 373 178 182 88 nan 1
88 61 373 178 178 84 nan 1
88 62 373 171 174 80 nan 1
89 60 373 87 87 43 nan 1
89 61 373 111 110 51 nan 1
89 62 373 176 179 96 nan 1
89 63 373 177 180 96 nan 1
90 61 373 114 115 72 nan 1
90 62 373 192 195 121 nan 1
90 63 373 203 206 122 nan 1
91 61 373 111 111 75 nan 1
91 62 373 177 179 116 nan 1
91 63 373 203 205 127 nan 1
84 61 374 112 116 44 nan 1
84 62 374 165 171 78 nan 1
85 61 374 157 162 79 nan 1
85 62 374 173 179 86 nan 1
86 61 374 176 181 98 nan 1
86 62 374 176 181 89 nan 1
87 61 374 176 180 99 nan 1
87 62 374 177 181 91 nan 1
88 61 374 125 128 61 nan 1
88 62 374 180 183 96 nan 1
89 60 374 105 104 42 nan 1
89 61 374 149 151 70 nan 1
89 62 374 196 199 112 nan 1
89 63 374 197 199 118 nan 1
90 60 374 103 104 59 nan 1
90 61 374 162 164 95 nan 1
90 62 374 216 218 139 nan 1
90 63 374 206 209 128 nan 1
91 61 374 93 93 60 nan 1
91 62 374 169 169 114 nan 1
91 63 374 206 207 134 nan 1
84 62 375 178 184 84 nan 1
85 61 375 113 114 52 nan 1
85 62 375 175 180 83 nan 1
86 61 375 137 139 66 nan 1
86 62 375 176 182 85 nan 1
87 60 375 104 103 55 nan 1
87 61 375 165 168 86 nan 1
87 62 375 178 182 93 nan 1
88 60 375 108 106 46 nan 1
88 61 375 182 185 97 nan 1
88 62 375 188 191 102 nan 1
89 60 375 142 143 64 nan 1
89 61 375 182 185 90 nan 1
89 62 375 200 203 115 nan 1
89 63 375 210 213 128 nan 1
90 60 375 81 82 46 nan 1
90 61 375 144 145 86 nan 1
90 62 375 206 209 128 nan 1
90 63 375 207 210 129 nan 1
91 61 375 82 83 53 nan 1
91 62 375 165 166 107 nan 1
91 63 375 203 205 131 nan 1
84 61 376 101 104 53 nan 1
84 62 376 173 178 78 nan 1
85 61 376 134 137 69 nan 1
85 62 376 172 178 81 nan 1
86 61 376 164 167 87 nan 1
86 62 376 176 182 88 nan 1
87 61 376 185 188 102 nan 1
87 62 376 185 190 96 nan 1
88 60 376 90 89 49 nan 1
88 61 376 198 201 117 nan 1
88 62 376 194 197 107 nan 1
88 63 376 216 219 128 nan 1
89 60 376 93 94 50 nan 1
89 61 376 184 187 107 nan 1
89 62 376 203 206 118 nan 1
89 63 376 208 211 122 nan 1
90 61 376 127 128 76 nan 1
90 62 376 196 198 119 nan 1
90 63 376 209 211 129 nan 1
91 62 376 128 129 81 nan 1
91 63 376 181 183 115 nan 1
84 62 377 150 154 72 nan 1
85 61 377 124 126 67 nan 1
85 62 377 168 172 83 nan 1
86 61 377 187 191 109 nan 1
86 62 377 180 184 94 nan 1
87 61 377 197 201 120 nan 1
87 62 377 201 205 115 nan 1
88 61 377 185 187 115 nan 1
88 62 377 205 209 120 nan 1
88 63 377 215 219 130 nan 1
89 61 377 164 165 100 nan 1
89 62 377 206 209 124 nan 1
89 63 377 214 216 134 nan 1
90 61 377 123 125 79 nan 1
90 62 377 191 194 118 nan 1
90 63 377 207 210 129 nan 1
91 63 377 92 93 58 nan 1
84 62 378 89 90 50 nan 1
85 61 378 92 93 54 nan 1
85 62 378 161 164 89 nan 1
86 61 378 175 178 105 nan 1
86 62 378 201 204 114 nan 1
87 61 378 180 183 107 nan 1
87 62 378 216 218 137 nan 1
88 61 378 132 134 82 nan 1
88 62 378 214 217 138 nan 1
88 63 378 223 225 147 nan 1
89 61 378 106 107 67 nan 1
89 62 378 209 211 138 nan 1
89 63 378 218 220 147 nan 1
90 61 378 96 97 64 nan 1
90 62 378 151 152 101 nan 1
90 63 378 167 169 112 nan 1
85 62 379 143 145 89 nan 1
86 61 379 135 136 79 nan 1
86 62 379 221 223 145 nan 1
87 61 379 152 153 91 nan 1
87 62 379 233 233 168 nan 1
88 61 379 116 117 73 nan 1
88 62 379 224 225 160 nan 1
88 63 379 230 231 170 nan 1
89 62 379 135 135 99 nan 1
89 63 379 174 173 131 nan 1
85 62 380 90 92 55 nan 1
86 61 380 108 109 65 nan 1
86 62 380 216 218 146 nan 1
87 61 380 142 142 95 nan 1
87 62 380 234 233 173 nan 1
88 61 380 89 90 60 nan 1
88 62 380 220 220 164 nan 1
88 63 380 134 135 96 nan 1
86 62 381 179 182 117 nan 1
87 61 381 102 102 69 nan 1
87 62 381 215 215 148 nan 1
88 62 381 191 191 135 nan 1
86 62 382 102 99 57 nan 1
87 61 382 88 86 54 nan 1
87 62 382 163 164 103 nan 1
88 62 382 108 109 72 nan 1
83 65 361 84 88 48 nan 1
84 64 361 108 115 59 nan 1
84 65 361 118 123 64 nan 1
85 64 361 111 114 66 nan 1
85 65 361 113 115 69 nan 1
83 66 362 80 83 45 nan 1
83 67 362 89 92 64 nan 1
84 64 362 84 93 35 nan 1
84 65 362 107 113 46 nan 1
84 66 362 98 101 51 nan 1
84 67 362 81 82 56 nan 1
85 64 362 127 132 70 nan 1
85 65 362 137 141 75 nan 1
86 64 362 120 121 74 nan 1
86 65 362 142 142 92 nan 1
83 66 363 84 87 52 nan 1
83 67 363 105 109 75 nan 1
84 65 363 88 96 34 nan 1
84 66 363 98 102 52 nan 1
84 67 363 103 104 69 nan 1
85 63 363 98 105 36 nan 1
85 64 363 122 127 53 nan 1
85 65 363 134 140 65 nan 1
85 66 363 115 119 62 nan 1
86 63 363 119 120 56 nan 1
86 64 363 148 151 74 nan 1
86 65 363 153 155 82 nan 1
86 66 363 122 124 70 nan 1
87 64 363 119 120 65 nan 1
87 65 363 147 147 88 nan 1
87 66 363 84 84 54 nan 1
81 64 364 74 89 27 nan 1
83 65 364 83 92 35 nan 1
83 66 364 96 100 57 nan 1
83 67 364 95 100 66 nan 1
84 63 364 92 102 34 nan 1
84 64 364 99 106 39 nan 1
84 65 364 116 122 53 nan 1
84 66 364 113 118 65 nan 1
84 67 364 102 105 63 nan 1
84 68 364 80 82 56 nan 1
85 63 364 136 145 57 nan 1
85 64 364 139 146 61 nan 1
85 65 364 145 152 68 nan 1
85 66 364 132 136 63 nan 1
85 67 364 113 116 60 nan 1
86 63 364 157 159 64 nan 1
86 64 364 158 161 67 nan 1
86 65 364 160 161 68 nan 1
86 66 364 155 157 67 nan 1
86 67 364 119 122 53 nan 1
87 63 364 136 135 63 nan 1
87 64 364 156 157 75 nan 1
87 65 364 159 161 79 nan 1
87 66 364 145 148 76 nan 1
88 63 364 91 92 51 nan 1
88 64 364 137 138 81 nan 1
88 65 364 135 135 84 nan 1
88 66 364 92 92 60 nan 1
81 63 365 67 80 22 nan 1
81 64 365 75 84 36 nan 1
81 65 365 74 80 46 nan 1
82 64 365 80 88 34 nan 1
83 64 365 79 89 30 nan 1
83 65 365 98 104 49 nan 1
83 66 365 96 101 63 nan 1
83 67 365 96 100 67 nan 1
84 63 365 89 97 31 nan 1
84 64 365 106 111 47 nan 1
84 65 365 118 123 57 nan 1
84 66 365 106 111 61 nan 1
84 67 365 110 113 70 nan 1
84 68 365 86 86 60 nan 1
85 63 365 144 152 62 nan 1
85 64 365 149 155 69 nan 1
85 65 365 148 155 69 nan 1
85 66 365 146 151 69 nan 1
85 67 365 127 130 70 nan 1
85 68 365 82 83 52 nan 1
86 63 365 165 165 65 nan 1
86 64 365 163 165 64 nan 1
86 65 365 160 164 64 nan 1
86 66 365 160 162 69 nan 1
86 67 365 155 157 76 nan 1
87 63 365 155 154 71 nan 1
87 64 365 162 162 76 nan 1
87 65 365 164 166 78 nan 1
87 66 365 156 159 76 nan 1
87 67 365 133 138 69 nan 1
88 63 365 102 102 56 nan 1
88 64 365 129 129 72 nan 1
88 65 365 158 159 93 nan 1
88 66 365 143 143 91 nan 1
89 65 365 96 96 67 nan 1
82 63 366 79 88 28 nan 1
83 63 366 90 102 34 nan 1
83 64 366 90 100 38 nan 1
83 65 366 80 87 42 nan 1
83 66 366 87 92 57 nan 1
83 67 366 100 105 69 nan 1
84 62 366 88 92 28 nan 1
84 63 366 104 112 42 nan 1
84 64 366 110 116 49 nan 1
84 65 366 97 104 42 nan 1
84 66 366 130 136 76 nan 1
84 67 366 123 126 78 nan 1
84 68 366 103 104 71 nan 1
85 63 366 143 150 63 nan 1
85 64 366 141 146 64 nan 1
85 65 366 147 153 68 nan 1
85 66 366 148 154 69 nan 1
85 67 366 131 134 73 nan 1
86 63 366 160 161 67 nan 1
86 64 366 159 163 65 nan 1
86 65 366 161 164 65 nan 1
86 66 366 162 165 66 nan 1
86 67 366 161 164 79 nan 1
87 63 366 161 160 75 nan 1
87 64 366 162 163 74 nan 1
87 65 366 162 163 72 nan 1
87 66 366 159 161 72 nan 1
87 67 366 143 145 72 nan 1
88 63 366 152 153 80 nan 1
88 64 366 162 162 85 nan 1
88 65 366 168 169 90 nan 1
88 66 366 150 152 83 nan 1
89 63 366 84 84 49 nan 1
89 64 366 136 137 81 nan 1
89 65 366 150 151 93 nan 1
89 66 366 86 86 56 nan 1
83 66 367 88 93 54 nan 1
83 67 367 101 106 66 nan 1
84 62 367 96 100 32 nan 1
84 63 367 106 113 45 nan 1
84 64 367 100 108 42 nan 1
84 65 367 99 107 42 nan 1
84 66 367 122 129 69 nan 1
84 67 367 142 146 88 nan 1
84 68 367 121 123 82 nan 1
85 63 367 141 146 62 nan 1
85 64 367 141 147 63 nan 1
85 65 367 145 153 63 nan 1
85 66 367 144 150 66 nan 1
85 67 367 131 134 73 nan 1
85 68 367 90 91 56 nan 1
86 63 367 159 162 67 nan 1
86 64 367 159 162 65 nan 1
86 65 367 161 164 63 nan 1
86 66 367 163 167 63 nan 1
86 67 367 166 169 83 nan 1
86 68 367 89 90 54 nan 1
87 63 367 165 166 74 nan 1
87 64 367 173 174 76 nan 1
87 65 367 168 170 69 nan 1
87 66 367 156 159 66 nan 1
87 67 367 162 165 83 nan 1
88 63 367 165 167 82 nan 1
88 64 367 171 173 85 nan 1
88 65 367 171 173 84 nan 1
88 66 367 150 153 78 nan 1
88 67 367 101 104 59 nan 1
89 64 367 177 179 97 nan 1
89 65 367 173 174 96 nan 1
89 66 367 140 141 84 nan 1
90 64 367 86 86 57 nan 1
83 66 368 91 96 54 nan 1
83 67 368 84 90 52 nan 1
84 62 368 99 105 30 nan 1
84 63 368 106 112 44 nan 1
84 64 368 98 106 40 nan 1
84 65 368 112 119 49 nan 1
84 66 368 132 139 74 nan 1
84 67 368 139 144 85 nan 1
84 68 368 121 123 83 nan 1
85 63 368 135 141 60 nan 1
85 64 368 139 146 63 nan 1
85 65 368 149 156 67 nan 1
85 66 368 138 144 63 nan 1
85 67 368 126 130 67 nan 1
85 68 368 109 110 69 nan 1
86 63 368 159 163 70 nan 1
86 64 368 159 162 69 nan 1
86 65 368 162 165 66 nan 1
86 66 368 171 175 76 nan 1
86 67 368 162 164 84 nan 1
87 63 368 166 167 76 nan 1
87 64 368 176 177 80 nan 1
87 65 368 181 183 80 nan 1
87 66 368 178 182 84 nan 1
87 67 368 173 177 93 nan 1
88 63 368 170 172 85 nan 1
88 64 368 180 183 94 nan 1
88 65 368 182 185 95 nan 1
88 66 368 168 172 89 nan 1
88 67 368 125 128 71 nan 1
89 64 368 186 188 103 nan 1
89 65 368 185 187 103 nan 1
89 66 368 158 160 93 nan 1
89 67 368 81 83 51 nan 1
90 64 368 154 156 98 nan 1
90 65 368 123 125 80 nan 1
82 62 369 85 92 28 nan 1
82 63 369 91 93 40 nan 1
83 62 369 91 96 28 nan 1
83 63 369 89 92 34 nan 1
83 64 369 82 88 34 nan 1
83 65 369 83 89 35 nan 1
83 66 369 93 99 51 nan 1
84 62 369 121 125 43 nan 1
84 63 369 121 125 53 nan 1
84 64 369 116 121 52 nan 1
84 65 369 116 121 53 nan 1
84 66 369 135 141 72 nan 1
84 67 369 128 134 76 nan 1
84 68 369 111 113 77 nan 1
85 63 369 138 144 62 nan 1
85 64 369 141 147 65 nan 1
85 65 369 148 155 72 nan 1
85 66 369 137 142 64 nan 1
85 67 369 116 120 64 nan 1
85 68 369 91 92 56 nan 1
86 63 369 162 166 75 nan 1
86 64 369 156 160 73 nan 1
86 65 369 160 163 71 nan 1
86 66 369 160 163 78 nan 1
86 67 369 124 127 63 nan 1
87 63 369 164 169 81 nan 1
87 64 369 166 170 77 nan 1
87 65 369 180 183 87 nan 1
87 66 369 182 186 94 nan 1
87 67 369 186 189 103 nan 1
88 63 369 180 182 94 nan 1
88 64 369 186 189 99 nan 1
88 65 369 186 188 97 nan 1
88 66 369 185 188 103 nan 1
88 67 369 164 168 96 nan 1
89 64 369 194 197 109 nan 1
89 65 369 191 194 108 nan 1
89 66 369 185 187 107 nan 1
89 67 369 145 147 91 nan 1
90 64 369 182 184 116 nan 1
90 65 369 163 166 103 nan 1
90 66 369 98 100 59 nan 1
82 63 370 96 98 44 nan 1
82 64 370 86 89 41 nan 1
82 65 370 75 82 32 nan 1
83 62 370 104 108 38 nan 1
83 63 370 113 117 49 nan 1
83 64 370 95 101 39 nan 1
83 65 370 93 100 42 nan 1
83 66 370 103 110 58 nan 1
83 67 370 97 103 62 nan 1
84 62 370 121 125 41 nan 1
84 63 370 129 133 57 nan 1
84 64 370 123 127 59 nan 1
84 65 370 120 125 60 nan 1
84 66 370 140 146 84 nan 1
84 67 370 146 150 96 nan 1
84 68 370 117 119 86 nan 1
85 63 370 154 160 75 nan 1
85 64 370 145 152 71 nan 1
85 65 370 149 155 78 nan 1
85 66 370 131 136 68 nan 1
85 67 370 100 104 59 nan 1
85 68 370 86 87 57 nan 1
86 63 370 163 168 79 nan 1
86 64 370 160 163 78 nan 1
86 65 370 159 162 77 nan 1
86 66 370 133 134 69 nan 1
87 63 370 167 170 85 nan 1
87 64 370 167 170 83 nan 1
87 65 370 174 176 88 nan 1
87 66 370 181 182 100 nan 1
87 67 370 172 174 103 nan 1
88 63 370 180 183 94 nan 1
88 64 370 182 185 94 nan 1
88 65 370 190 192 100 nan 1
88 66 370 197 199 114 nan 1
88 67 370 188 192 114 nan 1
89 64 370 190 193 105 nan 1
89 65 370 186 189 100 nan 1
89 66 370 192 194 110 nan 1
89 67 370 159 161 98 nan 1
90 64 370 171 174 104 nan 1
90 65 370 158 161 94 nan 1
90 66 370 125 128 74 nan 1
82 63 371 81 84 40 nan 1
82 64 371 86 88 42 nan 1
83 62 371 109 114 43 nan 1
83 63 371 117 121 53 nan 1
83 64 371 104 109 45 nan 1
83 65 371 100 107 47 nan 1
83 66 371 100 106 61 nan 1
83 67 371 104 110 72 nan 1
84 62 371 124 129 45 nan 1
84 63 371 140 146 62 nan 1
84 64 371 131 137 65 nan 1
84 65 371 129 135 72 nan 1
84 66 371 152 157 101 nan 1
84 67 371 171 174 122 nan 1
85 63 371 152 158 73 nan 1
85 64 371 154 159 80 nan 1
85 65 371 150 154 85 nan 1
85 66 371 142 145 88 nan 1
85 67 371 123 124 85 nan 1
85 68 371 101 101 75 nan 1
86 63 371 157 163 75 nan 1
86 64 371 163 167 80 nan 1
86 65 371 162 164 85 nan 1
86 66 371 119 120 71 nan 1
87 63 371 163 167 85 nan 1
87 64 371 167 169 85 nan 1
87 65 371 179 181 95 nan 1
87 66 371 178 180 103 nan 1
87 67 371 124 125 82 nan 1
88 63 371 171 174 90 nan 1
88 64 371 180 183 94 nan 1
88 65 371 197 199 109 nan 1
88 66 371 201 203 115 nan 1
88 67 371 194 196 122 nan 1
89 64 371 193 196 108 nan 1
89 65 371 190 193 102 nan 1
89 66 371 196 200 111 nan 1
89 67 371 167 170 105 nan 1
90 64 371 180 184 103 nan 1
90 65 371 168 172 96 nan 1
90 66 371 146 150 84 nan 1
82 63 372 92 95 48 nan 1
82 64 372 90 92 46 nan 1
83 62 372 116 120 47 nan 1
83 63 372 118 122 55 nan 1
83 64 372 104 107 49 nan 1
83 65 372 98 103 50 nan 1
83 66 372 87 93 49 nan 1
84 63 372 136 141 60 nan 1
84 64 372 127 131 63 nan 1
84 65 372 123 129 69 nan 1
84 66 372 130 136 87 nan 1
84 67 372 137 139 104 nan 1
85 63 372 140 145 61 nan 1
85 64 372 148 154 74 nan 1
85 65 372 158 163 93 nan 1
85 66 372 159 161 105 nan 1
85 67 372 126 126 97 nan 1
86 63 372 151 156 68 nan 1
86 64 372 169 173 86 nan 1
86 65 372 181 182 101 nan 1
86 66 372 172 173 110 nan 1
87 63 372 168 174 86 nan 1
87 64 372 175 179 88 nan 1
87 65 372 193 195 108 nan 1
87 66 372 183 185 111 nan 1
87 67 372 99 100 66 nan 1
88 63 372 175 179 92 nan 1
88 64 372 189 193 102 nan 1
88 65 372 201 204 114 nan 1
88 66 372 202 204 123 nan 1
88 67 372 155 156 102 nan 1
89 64 372 188 191 103 nan 1
89 65 372 200 204 113 nan 1
89 66 372 207 210 121 nan 1
89 67 372 177 180 111 nan 1
90 64 372 188 192 105 nan 1
90 65 372 180 185 100 nan 1
90 66 372 161 165 92 nan 1
91 64 372 175 178 103 nan 1
91 65 372 120 124 67 nan 1
82 64 373 84 87 39 nan 1
82 65 373 90 97 38 nan 1
82 66 373 79 88 36 nan 1
83 62 373 103 106 40 nan 1
83 63 373 143 149 65 nan 1
83 64 373 125 129 56 nan 1
83 65 373 102 108 47 nan 1
83 66 373 88 97 44 nan 1
84 63 373 162 168 78 nan 1
84 64 373 147 153 71 nan 1
84 65 373 122 127 65 nan 1
84 66 373 111 118 70 nan 1
84 67 373 84 89 60 nan 1
85 63 373 171 178 82 nan 1
85 64 373 167 174 87 nan 1
85 65 373 161 167 94 nan 1
85 66 373 157 162 100 nan 1
85 67 373 101 103 68 nan 1
86 63 373 176 180 81 nan 1
86 64 373 174 177 89 nan 1
86 65 373 177 179 99 nan 1
86 66 373 185 186 115 nan 1
87 63 373 176 180 85 nan 1
87 64 373 180 183 94 nan 1
87 65 373 189 191 107 nan 1
87 66 373 195 197 122 nan 1
88 63 373 177 180 92 nan 1
88 64 373 193 196 107 nan 1
88 65 373 208 212 123 nan 1
88 66 373 211 213 134 nan 1
88 67 373 154 156 105 nan 1
89 64 373 185 189 103 nan 1
89 65 373 199 203 113 nan 1
89 66 373 211 214 129 nan 1
89 67 373 97 99 64 nan 1
90 64 373 192 196 109 nan 1
90 65 373 177 181 98 nan 1
90 66 373 137 140 79 nan 1
91 64 373 178 181 104 nan 1
91 65 373 112 114 62 nan 1
82 64 374 88 93 39 nan 1
82 65 374 111 119 50 nan 1
82 66 374 100 109 45 nan 1
82 67 374 69 84 27 nan 1
83 62 374 114 118 46 nan 1
83 63 374 139 143 67 nan 1
83 64 374 131 138 60 nan 1
83 65 374 110 116 46 nan 1
83 66 374 82 92 33 nan 1
83 67 374 77 89 41 nan 1
84 63 374 168 173 83 nan 1
84 64 374 142 148 67 nan 1
84 65 374 111 117 53 nan 1
84 66 374 91 99 44 nan 1
84 67 374 78 86 47 nan 1
85 63 374 175 179 82 nan 1
85 64 374 166 170 87 nan 1
85 65 374 150 156 87 nan 1
85 66 374 133 139 85 nan 1
86 63 374 176 179 81 nan 1
86 64 374 171 173 91 nan 1
86 65 374 172 172 104 nan 1
86 66 374 147 147 97 nan 1
87 63 374 177 180 87 nan 1
87 64 374 177 180 96 nan 1
87 65 374 183 184 108 nan 1
87 66 374 183 183 119 nan 1
88 63 374 191 194 104 nan 1
88 64 374 207 209 125 nan 1
88 65 374 216 217 145 nan 1
88 66 374 206 206 141 nan 1
88 67 374 119 119 83 nan 1
89 64 374 191 193 112 nan 1
89 65 374 195 198 115 nan 1
89 66 374 206 208 129 nan 1
90 64 374 190 194 108 nan 1
90 65 374 182 185 98 nan 1
90 66 374 109 112 61 nan 1
91 64 374 178 180 105 nan 1
91 65 374 108 111 56 nan 1
82 64 375 86 94 29 nan 1
82 65 375 107 118 39 nan 1
82 66 375 94 103 44 nan 1
82 67 375 78 88 36 nan 1
83 62 375 167 173 71 nan 1
83 63 375 151 157 68 nan 1
83 64 375 121 127 47 nan 1
83 65 375 92 104 30 nan 1
83 66 375 84 97 32 nan 1
83 67 375 75 89 35 nan 1
84 63 375 167 171 75 nan 1
84 64 375 145 151 68 nan 1
84 65 375 110 118 45 nan 1
84 66 375 89 100 37 nan 1
84 67 375 85 97 46 nan 1
84 68 375 81 84 57 nan 1
84 69 375 89 89 63 nan 1
85 63 375 176 180 79 nan 1
85 64 375 163 167 83 nan 1
85 65 375 142 148 78 nan 1
85 66 375 115 121 64 nan 1
85 67 375 97 101 56 nan 1
86 63 375 181 184 83 nan 1
86 64 375 173 177 90 nan 1
86 65 375 162 163 98 nan 1
86 66 375 106 108 68 nan 1
87 63 375 187 191 93 nan 1
87 64 375 191 194 104 nan 1
87 65 375 189 191 117 nan 1
87 66 375 104 105 69 nan 1
88 63 375 217 219 131 nan 1
88 64 375 224 225 145 nan 1
88 65 375 221 222 149 nan 1
88 66 375 205 205 145 nan 1
89 64 375 215 217 134 nan 1
89 65 375 211 213 132 nan 1
89 66 375 196 197 133 nan 1
90 64 375 204 208 123 nan 1
90 65 375 198 202 114 nan 1
90 66 375 130 133 74 nan 1
91 64 375 176 179 106 nan 1
82 62 376 94 99 34 nan 1
82 63 376 133 141 57 nan 1
82 64 376 119 125 50 nan 1
82 65 376 96 104 40 nan 1
82 67 376 73 81 37 nan 1
82 68 376 75 82 42 nan 1
83 62 376 144 151 60 nan 1
83 63 376 147 153 60 nan 1
83 64 376 135 143 58 nan 1
83 65 376 104 113 37 nan 1
83 66 376 106 116 46 nan 1
83 67 376 99 110 50 nan 1
83 68 376 94 104 57 nan 1
83 69 376 95 105 60 nan 1
84 63 376 167 172 69 nan 1
84 64 376 149 157 63 nan 1
84 65 376 112 121 39 nan 1
84 66 376 102 111 43 nan 1
84 67 376 93 105 46 nan 1
84 68 376 106 117 64 nan 1
84 69 376 122 126 81 nan 1
85 63 376 179 185 76 nan 1
85 64 376 166 172 77 nan 1
85 65 376 131 138 57 nan 1
85 66 376 109 117 53 nan 1
85 67 376 106 113 59 nan 1
86 63 376 181 186 83 nan 1
86 64 376 175 180 89 nan 1
86 65 376 157 162 85 nan 1
86 66 376 99 104 55 nan 1
86 67 376 111 114 68 nan 1
87 63 376 193 197 98 nan 1
87 64 376 197 200 110 nan 1
87 65 376 166 168 103 nan 1
88 64 376 227 228 150 nan 1
88 65 376 226 227 156 nan 1
89 64 376 217 219 135 nan 1
89 65 376 218 219 145 nan 1
89 66 376 100 101 74 nan 1
90 64 376 207 209 125 nan 1
90 65 376 179 183 103 nan 1
91 64 376 136 139 81 nan 1
81 63 377 78 96 24 nan 1
81 64 377 71 82 26 nan 1
82 62 377 76 85 21 nan 1
82 63 377 129 137 50 nan 1
82 64 377 121 127 51 nan 1
82 65 377 99 107 45 nan 1
83 62 377 112 117 49 nan 1
83 63 377 153 158 66 nan 1
83 64 377 124 131 53 nan 1
83 65 377 106 111 47 nan 1
83 66 377 99 105 46 nan 1
83 67 377 105 115 50 nan 1
83 68 377 99 109 57 nan 1
83 69 377 100 109 60 nan 1
83 70 377 80 85 50 nan 1
84 63 377 165 168 69 nan 1
84 64 377 145 151 62 nan 1
84 65 377 118 125 46 nan 1
84 66 377 113 121 48 nan 1
84 67 377 100 112 44 nan 1
84 68 377 101 113 54 nan 1
84 69 377 134 140 85 nan 1
85 63 377 178 182 78 nan 1
85 64 377 165 171 74 nan 1
85 65 377 122 128 48 nan 1
85 66 377 111 119 49 nan 1
85 67 377 112 121 58 nan 1
86 63 377 188 193 89 nan 1
86 64 377 180 185 91 nan 1
86 65 377 137 142 65 nan 1
86 66 377 101 107 47 nan 1
86 67 377 118 122 70 nan 1
87 63 377 206 209 112 nan 1
87 64 377 201 205 114 nan 1
87 65 377 157 160 89 nan 1
87 67 377 141 143 88 nan 1
88 64 377 225 227 148 nan 1
88 65 377 172 173 118 nan 1
89 64 377 217 219 138 nan 1
89 65 377 168 169 112 nan 1
90 64 377 200 203 124 nan 1
90 65 377 116 118 67 nan 1
82 65 378 81 84 46 nan 1
82 66 378 95 98 54 nan 1
82 68 378 85 88 50 nan 1
82 69 378 74 81 38 nan 1
83 63 378 83 85 46 nan 1
83 64 378 88 91 50 nan 1
83 65 378 99 103 55 nan 1
83 66 378 99 103 54 nan 1
83 67 378 104 111 55 nan 1
83 68 378 105 113 58 nan 1
83 69 378 107 114 60 nan 1
83 70 378 93 98 58 nan 1
84 63 378 141 143 76 nan 1
84 64 378 122 125 66 nan 1
84 65 378 110 114 59 nan 1
84 66 378 125 130 66 nan 1
84 67 378 112 121 57 nan 1
84 68 378 102 112 51 nan 1
84 69 378 129 134 77 nan 1
84 70 378 113 115 78 nan 1
85 63 378 184 187 96 nan 1
85 64 378 159 163 80 nan 1
85 65 378 127 133 60 nan 1
85 66 378 132 139 63 nan 1
85 67 378 138 146 71 nan 1
85 68 378 114 120 58 nan 1
85 69 378 95 99 58 nan 1
86 63 378 207 211 111 nan 1
86 64 378 180 185 91 nan 1
86 65 378 130 135 56 nan 1
86 66 378 134 140 62 nan 1
86 67 378 148 154 77 nan 1
86 68 378 110 114 58 nan 1
87 63 378 224 226 143 nan 1
87 64 378 208 211 124 nan 1
87 65 378 102 104 48 nan 1
87 66 378 104 108 52 nan 1
87 67 378 161 166 85 nan 1
87 68 378 105 108 58 nan 1
88 64 378 224 225 148 nan 1
88 67 378 150 152 90 nan 1
89 64 378 213 215 140 nan 1
89 65 378 83 85 52 nan 1
90 64 378 136 138 87 nan 1
82 66 379 94 95 64 nan 1
82 67 379 92 94 55 nan 1
82 68 379 103 106 63 nan 1
82 69 379 91 97 49 nan 1
83 65 379 80 81 55 nan 1
83 66 379 99 101 64 nan 1
83 67 379 94 99 52 nan 1
83 68 379 104 112 52 nan 1
83 69 379 108 114 56 nan 1
83 70 379 106 111 63 nan 1
84 63 379 86 87 58 nan 1
84 64 379 91 92 60 nan 1
84 65 379 104 105 69 nan 1
84 66 379 131 133 86 nan 1
84 67 379 114 119 63 nan 1
84 68 379 102 111 48 nan 1
84 69 379 125 130 70 nan 1
84 70 379 146 152 101 nan 1
85 63 379 158 161 93 nan 1
85 64 379 127 129 69 nan 1
85 65 379 125 129 66 nan 1
85 66 379 139 144 74 nan 1
85 67 379 137 144 72 nan 1
85 68 379 141 149 73 nan 1
85 69 379 143 149 80 nan 1
85 70 379 96 99 61 nan 1
86 63 379 222 223 140 nan 1
86 64 379 157 160 78 nan 1
86 65 379 136 141 58 nan 1
86 66 379 151 155 66 nan 1
86 67 379 154 160 70 nan 1
86 68 379 157 162 80 nan 1
86 69 379 142 148 74 nan 1
87 63 379 234 234 168 nan 1
87 64 379 165 168 96 nan 1
87 65 379 98 101 41 nan 1
87 66 379 138 140 65 nan 1
87 67 379 157 162 78 nan 1
87 68 379 150 155 82 nan 1
87 69 379 84 88 44 nan 1
88 64 379 160 161 104 nan 1
88 67 379 163 166 91 nan 1
88 68 379 92 94 57 nan 1
89 64 379 142 143 96 nan 1
89 67 379 112 113 73 nan 1
82 66 380 93 96 60 nan 1
82 67 380 94 97 55 nan 1
82 68 380 100 105 56 nan 1
82 69 380 78 83 40 nan 1
83 65 380 92 94 56 nan 1
83 66 380 101 105 56 nan 1
83 67 380 100 104 52 nan 1
83 68 380 90 100 39 nan 1
83 69 380 98 105 49 nan 1
83 70 380 101 108 60 nan 1
83 71 380 77 82 50 nan 1
84 65 380 121 123 70 nan 1
84 66 380 138 142 75 nan 1
84 67 380 117 122 56 nan 1
84 68 380 102 111 45 nan 1
84 69 380 126 132 70 nan 1
84 70 380 131 136 89 nan 1
85 63 380 85 86 49 nan 1
85 64 380 99 101 50 nan 1
85 65 380 134 135 67 nan 1
85 66 380 144 150 68 nan 1
85 67 380 140 148 65 nan 1
85 68 380 148 155 76 nan 1
85 69 380 149 156 82 nan 1
85 70 380 115 120 71 nan 1
86 63 380 156 158 97 nan 1
86 64 380 90 92 36 nan 1
86 65 380 146 146 58 nan 1
86 66 380 157 159 66 nan 1
86 67 380 158 162 67 nan 1
86 68 380 159 161 71 nan 1
86 69 380 162 168 82 nan 1
86 70 380 110 113 65 nan 1
87 63 380 217 217 156 nan 1
87 65 380 141 141 63 nan 1
87 66 380 158 159 70 nan 1
87 67 380 160 163 77 nan 1
87 68 380 158 161 83 nan 1
87 69 380 136 140 72 nan 1
88 65 380 104 105 58 nan 1
88 66 380 163 166 86 nan 1
88 67 380 172 175 93 nan 1
88 68 380 153 156 91 nan 1
89 65 380 108 108 66 nan 1
89 66 380 104 104 62 nan 1
89 67 380 158 158 99 nan 1
89 68 380 85 86 58 nan 1
82 64 381 80 85 41 nan 1
82 65 381 110 118 52 nan 1
82 66 381 113 121 52 nan 1
82 67 381 121 128 62 nan 1
82 68 381 92 96 49 nan 1
83 65 381 135 141 63 nan 1
83 66 381 131 139 55 nan 1
83 67 381 119 126 54 nan 1
83 68 381 92 99 42 nan 1
83 69 381 92 99 47 nan 1
83 70 381 84 91 52 nan 1
84 65 381 138 143 59 nan 1
84 66 381 142 150 56 nan 1
84 67 381 142 149 60 nan 1
84 68 381 98 107 40 nan 1
84 69 381 105 112 54 nan 1
84 70 381 125 130 85 nan 1
85 64 381 112 113 47 nan 1
85 65 381 153 155 65 nan 1
85 66 381 151 158 63 nan 1
85 67 381 156 163 68 nan 1
85 68 381 147 154 71 nan 1
85 69 381 150 156 81 nan 1
85 70 381 122 126 73 nan 1
86 63 381 90 92 48 nan 1
86 64 381 133 134 55 nan 1
86 65 381 165 160 66 nan 1
86 66 381 162 162 65 nan 1
86 67 381 162 164 66 nan 1
86 68 381 161 163 71 nan 1
86 69 381 163 167 81 nan 1
86 70 381 132 136 73 nan 1
87 63 381 122 124 77 nan 1
87 64 381 105 105 53 nan 1
87 65 381 158 155 72 nan 1
87 66 381 162 156 68 nan 1
87 67 381 163 165 74 nan 1
87 68 381 151 153 68 nan 1
87 69 381 137 140 72 nan 1
87 70 381 79 82 42 nan 1
88 65 381 153 154 82 nan 1
88 66 381 172 175 87 nan 1
88 67 381 169 172 89 nan 1
88 68 381 166 169 93 nan 1
88 69 381 115 119 69 nan 1
89 65 381 146 147 86 nan 1
89 66 381 155 156 90 nan 1
89 67 381 172 174 102 nan 1
89 68 381 143 145 93 nan 1
82 65 382 116 124 47 nan 1
82 66 382 111 122 43 nan 1
82 67 382 89 96 36 nan 1
83 64 382 85 88 33 nan 1
83 65 382 136 146 50 nan 1
83 66 382 142 151 53 nan 1
83 67 382 118 126 47 nan 1
83 68 382 88 95 38 nan 1
83 69 382 87 95 46 nan 1
83 70 382 83 90 54 nan 1
84 64 382 105 107 37 nan 1
84 65 382 149 157 52 nan 1
84 66 382 151 160 56 nan 1
84 67 382 137 145 54 nan 1
84 68 382 92 99 39 nan 1
84 69 382 99 105 55 nan 1
84 70 382 120 125 83 nan 1
85 64 382 149 150 62 nan 1
85 65 382 158 161 64 nan 1
85 66 382 156 162 64 nan 1
85 67 382 154 160 65 nan 1
85 68 382 141 148 67 nan 1
85 69 382 142 148 77 nan 1
85 70 382 102 106 60 nan 1
86 64 382 161 160 71 nan 1
86 65 382 163 163 69 nan 1
86 66 382 163 163 68 nan 1
86 67 382 160 163 64 nan 1
86 68 382 161 164 74 nan 1
86 69 382 163 167 81 nan 1
86 70 382 152 155 83 nan 1
87 64 382 116 115 58 nan 1
87 65 382 166 165 81 nan 1
87 66 382 167 165 74 nan 1
87 67 382 168 170 77 nan 1
87 68 382 156 158 78 nan 1
87 69 382 148 151 77 nan 1
87 70 382 135 139 70 nan 1
88 65 382 145 147 73 nan 1
88 66 382 166 168 82 nan 1
88 67 382 179 182 92 nan 1
88 68 382 175 178 97 nan 1
88 69 382 149 153 86 nan 1
89 65 382 87 88 49 nan 1
89 66 382 158 159 89 nan 1
89 67 382 176 177 100 nan 1
89 68 382 164 167 103 nan 1
89 69 382 104 107 67 nan 1
90 67 382 100 100 68 nan 1
81 66 383 77 89 31 nan 1
81 67 383 80 86 39 nan 1
82 65 383 99 110 36 nan 1
82 66 383 99 107 36 nan 1
82 68 383 77 83 38 nan 1
83 65 383 97 101 28 nan 1
83 66 383 107 113 32 nan 1
83 67 383 76 81 27 nan 1
83 69 383 80 87 47 nan 1
83 70 383 89 97 61 nan 1
83 71 383 79 85 59 nan 1
84 64 383 145 146 60 nan 1
84 65 383 159 162 57 nan 1
84 66 383 144 149 46 nan 1
84 67 383 127 133 53 nan 1
84 68 383 74 83 31 nan 1
84 69 383 80 87 45 nan 1
84 70 383 101 106 69 nan 1
84 71 383 115 119 89 nan 1
85 63 383 117 114 53 nan 1
85 64 383 166 166 76 nan 1
85 65 383 169 170 70 nan 1
85 66 383 166 171 66 nan 1
85 67 383 144 152 61 nan 1
85 68 383 136 144 65 nan 1
85 69 383 128 134 65 nan 1
85 70 383 108 112 63 nan 1
86 63 383 92 91 39 nan 1
86 64 383 167 164 76 nan 1
86 65 383 165 163 68 nan 1
86 66 383 162 162 63 nan 1
86 67 383 167 168 67 nan 1
86 68 383 161 164 70 nan 1
86 69 383 164 169 75 nan 1
86 70 383 167 172 90 nan 1
86 71 383 86 89 55 nan 1
87 64 383 169 168 84 nan 1
87 65 383 172 171 77 nan 1
87 66 383 166 166 70 nan 1
87 67 383 187 188 79 nan 1
87 68 383 185 186 85 nan 1
87 69 383 183 187 88 nan 1
87 70 383 169 174 90 nan 1
88 65 383 119 119 60 nan 1
88 66 383 164 167 84 nan 1
88 67 383 176 180 88 nan 1
88 68 383 181 185 99 nan 1
88 69 383 162 167 89 nan 1
88 70 383 91 95 48 nan 1
89 66 383 170 171 93 nan 1
89 67 383 176 178 98 nan 1
89 68 383 176 178 104 nan 1
89 69 383 134 138 82 nan 1
90 66 383 118 119 73 nan 1
90 67 383 126 126 81 nan 1
90 68 383 91 91 61 nan 1
82 65 384 108 120 38 nan 1
82 66 384 106 118 35 nan 1
82 67 384 128 137 55 nan 1
82 68 384 96 103 50 nan 1
83 63 384 81 84 36 nan 1
83 64 384 102 107 38 nan 1
83 65 384 126 132 47 nan 1
83 66 384 116 125 39 nan 1
83 67 384 88 99 35 nan 1
83 70 384 82 88 53 nan 1
83 71 384 81 86 60 nan 1
84 63 384 97 98 48 nan 1
84 64 384 147 151 69 nan 1
84 65 384 156 162 70 nan 1
84 66 384 130 137 51 nan 1
84 67 384 93 104 37 nan 1
84 70 384 92 96 63 nan 1
84 71 384 106 110 80 nan 1
85 63 384 107 105 53 nan 1
85 64 384 161 164 78 nan 1
85 65 384 163 168 75 nan 1
85 66 384 152 159 68 nan 1
85 67 384 139 146 58 nan 1
85 68 384 128 135 62 nan 1
85 69 384 124 130 67 nan 1
85 70 384 95 99 56 nan 1
86 63 384 128 125 64 nan 1
86 64 384 164 163 79 nan 1
86 65 384 162 160 72 nan 1
86 66 384 164 165 71 nan 1
86 67 384 169 172 67 nan 1
86 68 384 157 161 61 nan 1
86 69 384 169 176 78 nan 1
86 70 384 158 163 90 nan 1
87 64 384 168 167 92 nan 1
87 65 384 172 172 85 nan 1
87 66 384 168 169 76 nan 1
87 67 384 173 176 74 nan 1
87 68 384 172 175 71 nan 1
87 69 384 162 167 79 nan 1
87 70 384 162 167 89 nan 1
87 71 384 98 102 59 nan 1
88 64 384 123 124 73 nan 1
88 65 384 170 171 89 nan 1
88 66 384 175 178 84 nan 1
88 67 384 177 181 87 nan 1
88 68 384 181 185 89 nan 1
88 69 384 172 177 92 nan 1
88 70 384 136 141 75 nan 1
89 65 384 114 114 65 nan 1
89 66 384 182 182 99 nan 1
89 67 384 185 186 101 nan 1
89 68 384 173 175 96 nan 1
89 69 384 159 161 92 nan 1
89 70 384 85 88 48 nan 1
90 66 384 135 135 81 nan 1
90 67 384 107 107 66 nan 1
90 68 384 90 91 57 nan 1
81 66 385 71 81 23 nan 1
82 65 385 109 120 37 nan 1
82 66 385 131 141 48 nan 1
82 67 385 109 115 45 nan 1
82 68 385 93 101 43 nan 1
82 69 385 68 82 30 nan 1
83 64 385 118 125 42 nan 1
83 65 385 133 142 45 nan 1
83 66 385 135 144 43 nan 1
83 67 385 109 117 38 nan 1
83 70 385 89 98 54 nan 1
83 71 385 97 104 70 nan 1
84 63 385 105 107 45 nan 1
84 64 385 151 155 64 nan 1
84 65 385 147 155 58 nan 1
84 66 385 145 154 55 nan 1
84 67 385 123 130 48 nan 1
84 68 385 76 87 29 nan 1
84 71 385 110 115 80 nan 1
85 63 385 116 114 58 nan 1
85 64 385 157 160 75 nan 1
85 65 385 159 163 72 nan 1
85 66 385 153 160 62 nan 1
85 67 385 144 153 59 nan 1
85 68 385 132 141 55 nan 1
85 69 385 106 112 47 nan 1
86 63 385 127 125 70 nan 1
86 64 385 161 161 80 nan 1
86 65 385 163 162 71 nan 1
86 66 385 170 174 70 nan 1
86 67 385 164 170 67 nan 1
86 68 385 158 165 62 nan 1
86 69 385 159 167 73 nan 1
86 70 385 142 148 77 nan 1
87 64 385 168 166 92 nan 1
87 65 385 174 173 85 nan 1
87 66 385 172 174 77 nan 1
87 67 385 168 173 72 nan 1
87 68 385 168 172 63 nan 1
87 69 385 175 182 83 nan 1
87 70 385 170 175 97 nan 1
87 71 385 81 84 50 nan 1
88 64 385 156 157 90 nan 1
88 65 385 174 175 88 nan 1
88 66 385 173 176 83 nan 1
88 67 385 177 181 87 nan 1
88 68 385 181 186 93 nan 1
88 69 385 183 188 99 nan 1
88 70 385 167 172 91 nan 1
89 65 385 144 145 81 nan 1
89 66 385 178 179 93 nan 1
89 67 385 181 182 98 nan 1
89 68 385 179 181 100 nan 1
89 69 385 176 179 100 nan 1
90 65 385 83 83 50 nan 1
90 66 385 168 169 98 nan 1
90 67 385 166 167 101 nan 1
90 68 385 132 134 85 nan 1
81 67 386 87 92 39 nan 1
81 68 386 89 96 47 nan 1
82 65 386 94 102 27 nan 1
82 66 386 133 141 46 nan 1
82 67 386 146 155 58 nan 1
82 68 386 84 94 31 nan 1
82 71 386 76 82 51 nan 1
83 64 386 124 130 41 nan 1
83 65 386 149 156 48 nan 1
83 66 386 161 169 52 nan 1
83 67 386 137 145 43 nan 1
83 68 386 71 88 18 nan 1
83 70 386 81 93 39 nan 1
83 71 386 99 107 68 nan 1
84 63 386 90 93 27 nan 1
84 64 386 151 156 54 nan 1
84 65 386 154 162 53 nan 1
84 66 386 168 175 56 nan 1
84 67 386 133 143 39 nan 1
84 68 386 79 93 21 nan 1
84 70 386 70 80 29 nan 1
84 71 386 116 124 78 nan 1
85 63 386 97 97 37 nan 1
85 64 386 161 163 71 nan 1
85 65 386 162 165 66 nan 1
85 66 386 172 178 64 nan 1
85 67 386 138 148 43 nan 1
85 68 386 108 118 34 nan 1
85 69 386 99 108 35 nan 1
85 70 386 81 87 33 nan 1
86 63 386 132 131 73 nan 1
86 64 386 169 168 85 nan 1
86 65 386 169 168 71 nan 1
86 66 386 177 180 68 nan 1
86 67 386 153 161 56 nan 1
86 68 386 142 152 52 nan 1
86 69 386 155 165 72 nan 1
86 70 386 132 140 67 nan 1
87 63 386 128 129 75 nan 1
87 64 386 172 173 92 nan 1
87 65 386 176 177 83 nan 1
87 66 386 172 175 76 nan 1
87 67 386 172 178 75 nan 1
87 68 386 175 181 79 nan 1
87 69 386 178 185 91 nan 1
87 70 386 182 188 102 nan 1
88 64 386 160 162 86 nan 1
88 65 386 176 178 88 nan 1
88 66 386 174 177 82 nan 1
88 67 386 179 181 86 nan 1
88 68 386 177 180 91 nan 1
88 69 386 182 185 97 nan 1
88 70 386 165 169 94 nan 1
89 65 386 129 130 71 nan 1
89 66 386 182 183 93 nan 1
89 67 386 188 189 98 nan 1
89 68 386 184 185 100 nan 1
89 69 386 183 186 104 nan 1
89 70 386 98 100 56 nan 1
90 65 386 85 85 53 nan 1
90 66 386 173 174 103 nan 1
90 67 386 187 188 113 nan 1
90 68 386 161 163 101 nan 1
90 69 386 84 86 54 nan 1
81 68 387 83 90 41 nan 1
82 65 387 115 123 39 nan 1
82 66 387 136 143 51 nan 1
82 67 387 146 154 59 nan 1
82 68 387 93 108 31 nan 1
82 70 387 67 80 29 nan 1
82 71 387 80 90 45 nan 1
82 72 387 76 84 53 nan 1
83 64 387 113 120 32 nan 1
83 65 387 146 155 51 nan 1
83 66 387 156 166 54 nan 1
83 67 387 146 156 49 nan 1
83 68 387 72 91 16 nan 1
83 69 387 62 80 16 nan 1
83 70 387 76 91 30 nan 1
83 71 387 87 98 49 nan 1
83 72 387 104 113 81 nan 1
84 63 387 81 84 25 nan 1
84 64 387 147 154 52 nan 1
84 65 387 155 164 51 nan 1
84 66 387 163 172 51 nan 1
84 67 387 133 144 37 nan 1
84 68 387 74 89 16 nan 1
84 69 387 69 82 19 nan 1
84 70 387 80 92 31 nan 1
84 71 387 120 129 68 nan 1
84 72 387 109 113 83 nan 1
85 63 387 86 87 36 nan 1
85 64 387 162 165 71 nan 1
85 65 387 169 172 65 nan 1
85 66 387 176 181 62 nan 1
85 67 387 129 135 35 nan 1
85 68 387 110 120 33 nan 1
85 69 387 87 96 27 nan 1
85 70 387 99 106 41 nan 1
85 71 387 107 114 60 nan 1
86 63 387 115 114 63 nan 1
86 64 387 172 171 87 nan 1
86 65 387 171 171 69 nan 1
86 66 387 178 180 66 nan 1
86 67 387 144 151 48 nan 1
86 68 387 150 159 65 nan 1
86 69 387 159 169 75 nan 1
86 70 387 117 125 51 nan 1
87 63 387 120 122 72 nan 1
87 64 387 171 173 91 nan 1
87 65 387 175 176 79 nan 1
87 66 387 173 176 76 nan 1
87 67 387 168 173 78 nan 1
87 68 387 172 178 83 nan 1
87 69 387 180 185 91 nan 1
87 70 387 183 188 102 nan 1
88 64 387 167 169 90 nan 1
88 65 387 176 178 86 nan 1
88 66 387 174 177 82 nan 1
88 67 387 180 183 85 nan 1
88 68 387 183 185 92 nan 1
88 69 387 190 193 105 nan 1
88 70 387 168 170 99 nan 1
89 65 387 140 141 78 nan 1
89 66 387 192 193 99 nan 1
89 67 387 188 190 96 nan 1
89 68 387 188 190 100 nan 1
89 69 387 188 191 107 nan 1
89 70 387 117 119 69 nan 1
90 65 387 90 90 57 nan 1
90 66 387 190 192 114 nan 1
90 67 387 193 195 115 nan 1
90 68 387 181 183 110 nan 1
90 69 387 125 127 79 nan 1
91 66 387 107 107 79 nan 1
91 67 387 105 105 75 nan 1
81 71 388 73 84 36 nan 1
82 65 388 109 115 41 nan 1
82 66 388 130 137 52 nan 1
82 67 388 121 128 55 nan 1
82 68 388 83 97 27 nan 1
82 71 388 78 91 38 nan 1
82 72 388 72 82 45 nan 1
83 64 388 104 109 32 nan 1
83 65 388 141 150 51 nan 1
83 66 388 147 157 55 nan 1
83 67 388 137 147 50 nan 1
83 68 388 70 86 19 nan 1
83 69 388 72 85 24 nan 1
83 70 388 73 86 29 nan 1
83 71 388 84 96 42 nan 1
83 72 388 103 114 72 nan 1
83 73 388 116 120 91 nan 1
84 64 388 144 148 51 nan 1
84 65 388 153 161 55 nan 1
84 66 388 150 160 50 nan 1
84 67 388 128 136 40 nan 1
84 68 388 75 89 20 nan 1
84 69 388 71 81 24 nan 1
84 70 388 83 94 32 nan 1
84 71 388 100 112 48 nan 1
84 72 388 109 115 76 nan 1
85 64 388 160 163 72 nan 1
85 65 388 165 170 66 nan 1
85 66 388 166 174 61 nan 1
85 67 388 135 143 44 nan 1
85 68 388 115 123 44 nan 1
85 69 388 106 114 40 nan 1
85 70 388 97 104 36 nan 1
85 71 388 113 121 54 nan 1
85 72 388 108 113 68 nan 1
86 64 388 170 171 82 nan 1
86 65 388 174 176 70 nan 1
86 66 388 177 179 65 nan 1
86 67 388 156 164 63 nan 1
86 68 388 156 164 76 nan 1
86 69 388 160 167 75 nan 1
86 70 388 120 128 48 nan 1
86 71 388 95 101 39 nan 1
86 72 388 144 149 88 nan 1
87 64 388 175 177 91 nan 1
87 65 388 180 181 79 nan 1
87 66 388 179 181 76 nan 1
87 67 388 173 177 82 nan 1
87 68 388 182 185 97 nan 1
87 69 388 188 192 99 nan 1
87 70 388 174 179 89 nan 1
87 72 388 95 97 61 nan 1
88 64 388 167 169 92 nan 1
88 65 388 186 188 91 nan 1
88 66 388 187 189 86 nan 1
88 67 388 184 188 88 nan 1
88 68 388 192 195 100 nan 1
88 69 388 197 200 107 nan 1
88 70 388 184 188 106 nan 1
89 64 388 88 88 53 nan 1
89 65 388 192 194 108 nan 1
89 66 388 199 201 104 nan 1
89 67 388 194 196 100 nan 1
89 68 388 200 202 107 nan 1
89 69 388 197 201 111 nan 1
89 70 388 129 132 76 nan 1
90 65 388 111 111 72 nan 1
90 66 388 192 194 116 nan 1
90 67 388 198 201 118 nan 1
90 68 388 194 197 117 nan 1
90 69 388 155 157 97 nan 1
91 66 388 122 123 85 nan 1
91 67 388 128 129 88 nan 1
91 68 388 100 101 69 nan 1
81 70 389 86 91 42 nan 1
81 71 389 103 112 50 nan 1
82 66 389 111 118 47 nan 1
82 67 389 80 85 32 nan 1
82 71 389 76 88 31 nan 1
82 72 389 68 80 35 nan 1
83 64 389 95 100 31 nan 1
83 65 389 139 148 50 nan 1
83 66 389 145 154 55 nan 1
83 67 389 124 132 44 nan 1
83 70 389 77 87 31 nan 1
83 71 389 86 97 38 nan 1
83 72 389 102 114 59 nan 1
83 73 389 116 121 82 nan 1
84 64 389 142 146 52 nan 1
84 65 389 144 154 52 nan 1
84 66 389 144 154 51 nan 1
84 67 389 136 146 52 nan 1
84 68 389 77 85 33 nan 1
84 69 389 76 85 31 nan 1
84 70 389 89 100 34 nan 1
84 71 389 102 114 42 nan 1
84 72 389 128 137 76 nan 1
84 73 389 112 116 75 nan 1
85 64 389 151 157 67 nan 1
85 65 389 155 162 62 nan 1
85 66 389 155 163 59 nan 1
85 67 389 148 156 61 nan 1
85 68 389 119 125 59 nan 1
85 69 389 109 116 47 nan 1
85 70 389 115 123 40 nan 1
85 71 389 130 141 49 nan 1
85 72 389 126 134 63 nan 1
85 73 389 97 102 57 nan 1
86 64 389 170 172 82 nan 1
86 65 389 173 176 73 nan 1
86 66 389 177 179 66 nan 1
86 67 389 178 184 83 nan 1
86 68 389 165 167 90 nan 1
86 69 389 158 164 76 nan 1
86 70 389 97 102 28 nan 1
86 71 389 113 120 36 nan 1
86 72 389 148 153 65 nan 1
86 73 389 124 130 65 nan 1
87 64 389 183 185 96 nan 1
87 65 389 187 188 84 nan 1
87 66 389 187 189 79 nan 1
87 67 389 183 186 87 nan 1
87 68 389 193 196 110 nan 1
87 69 389 194 197 105 nan 1
87 70 389 147 152 62 nan 1
87 72 389 168 173 90 nan 1
87 73 389 160 164 94 nan 1
88 64 389 168 169 95 nan 1
88 65 389 200 202 102 nan 1
88 66 389 201 204 97 nan 1
88 67 389 199 202 99 nan 1
88 68 389 202 205 110 nan 1
88 69 389 202 206 112 nan 1
88 70 389 164 170 86 nan 1
88 72 389 87 88 59 nan 1
89 64 389 107 108 65 nan 1
89 65 389 203 206 114 nan 1
89 66 389 205 208 108 nan 1
89 67 389 208 211 114 nan 1
89 68 389 215 218 123 nan 1
89 69 389 209 213 122 nan 1
89 70 389 135 138 80 nan 1
90 65 389 96 96 62 nan 1
90 66 389 195 197 119 nan 1
90 67 389 207 210 127 nan 1
90 68 389 206 209 131 nan 1
90 69 389 182 185 116 nan 1
91 66 389 122 123 84 nan 1
91 67 389 143 145 98 nan 1
91 68 389 124 124 86 nan 1
81 71 390 75 80 38 nan 1
82 66 390 103 108 50 nan 1
82 67 390 76 81 31 nan 1
83 64 390 78 82 31 nan 1
83 65 390 135 142 54 nan 1
83 66 390 144 153 57 nan 1
83 67 390 107 116 34 nan 1
83 70 390 96 102 41 nan 1
83 71 390 95 102 42 nan 1
83 72 390 97 109 52 nan 1
84 64 390 133 140 57 nan 1
84 65 390 144 151 53 nan 1
84 66 390 138 146 46 nan 1
84 67 390 139 149 55 nan 1
84 68 390 86 91 37 nan 1
84 69 390 90 96 39 nan 1
84 70 390 114 122 48 nan 1
84 71 390 127 134 54 nan 1
84 72 390 139 146 79 nan 1
84 73 390 119 123 81 nan 1
85 64 390 138 144 65 nan 1
85 65 390 155 161 65 nan 1
85 66 390 151 158 59 nan 1
85 67 390 151 160 70 nan 1
85 68 390 134 137 64 nan 1
85 69 390 122 127 56 nan 1
85 70 390 126 135 52 nan 1
85 71 390 138 147 54 nan 1
85 72 390 139 148 66 nan 1
85 73 390 113 118 64 nan 1
86 64 390 156 160 81 nan 1
86 65 390 172 177 80 nan 1
86 66 390 177 182 80 nan 1
86 67 390 183 189 90 nan 1
86 68 390 190 193 111 nan 1
86 69 390 164 170 81 nan 1
86 70 390 146 154 57 nan 1
86 71 390 137 144 45 nan 1
86 72 390 148 155 59 nan 1
86 73 390 135 141 62 nan 1
87 64 390 167 169 95 nan 1
87 65 390 183 186 91 nan 1
87 66 390 186 190 87 nan 1
87 67 390 187 193 90 nan 1
87 68 390 209 211 126 nan 1
87 69 390 179 182 94 nan 1
87 70 390 136 141 55 nan 1
87 71 390 114 119 38 nan 1
87 72 390 157 162 75 nan 1
87 73 390 175 180 92 nan 1
88 64 390 121 122 74 nan 1
88 65 390 203 206 110 nan 1
88 66 390 213 216 116 nan 1
88 67 390 208 211 111 nan 1
88 68 390 214 217 125 nan 1
88 69 390 202 206 113 nan 1
88 70 390 94 98 43 nan 1
88 72 390 141 144 84 nan 1
88 73 390 188 190 125 nan 1
89 64 390 90 91 57 nan 1
89 65 390 213 215 131 nan 1
89 66 390 212 216 119 nan 1
89 67 390 214 218 121 nan 1
89 68 390 222 224 134 nan 1
89 69 390 218 221 133 nan 1
89 70 390 81 83 47 nan 1
90 65 390 148 149 97 nan 1
90 66 390 202 204 128 nan 1
90 67 390 213 215 136 nan 1
90 68 390 212 215 132 nan 1
90 69 390 197 200 122 nan 1
91 66 390 102 102 74 nan 1
91 67 390 145 146 102 nan 1
91 68 390 143 144 93 nan 1
82 72 391 72 81 37 nan 1
83 65 391 130 137 62 nan 1
83 66 391 137 146 61 nan 1
83 67 391 124 135 45 nan 1
83 68 391 78 88 28 nan 1
83 71 391 86 91 41 nan 1
83 72 391 82 91 47 nan 1
84 64 391 100 105 43 nan 1
84 65 391 148 154 61 nan 1
84 66 391 136 143 51 nan 1
84 67 391 148 156 56 nan 1
84 68 391 112 118 45 nan 1
84 69 391 118 125 51 nan 1
84 70 391 124 132 55 nan 1
84 71 391 126 133 57 nan 1
84 72 391 134 143 77 nan 1
84 73 391 99 102 72 nan 1
85 64 391 112 116 54 nan 1
85 65 391 156 162 72 nan 1
85 66 391 143 149 58 nan 1
85 67 391 166 175 78 nan 1
85 68 391 132 136 61 nan 1
85 69 391 139 146 65 nan 1
85 70 391 140 148 59 nan 1
85 71 391 139 145 58 nan 1
85 72 391 151 160 76 nan 1
85 73 391 126 130 73 nan 1
86 64 391 126 129 67 nan 1
86 65 391 171 177 88 nan 1
86 66 391 171 177 82 nan 1
86 67 391 191 195 100 nan 1
86 68 391 179 182 97 nan 1
86 69 391 166 171 83 nan 1
86 70 391 149 154 62 nan 1
86 71 391 154 159 59 nan 1
86 72 391 150 156 62 nan 1
86 73 391 147 152 66 nan 1
87 64 391 95 95 58 nan 1
87 65 391 184 188 100 nan 1
87 66 391 189 194 98 nan 1
87 67 391 213 216 122 nan 1
87 68 391 214 216 131 nan 1
87 69 391 184 189 96 nan 1
87 70 391 143 148 60 nan 1
87 71 391 155 160 60 nan 1
87 72 391 167 173 76 nan 1
87 73 391 171 176 83 nan 1
88 65 391 205 208 119 nan 1
88 66 391 221 224 131 nan 1
88 67 391 219 223 126 nan 1
88 68 391 224 227 136 nan 1
88 69 391 199 203 115 nan 1
88 71 391 87 90 43 nan 1
88 72 391 173 177 96 nan 1
89 65 391 175 177 110 nan 1
89 66 391 215 218 130 nan 1
89 67 391 226 228 142 nan 1
89 68 391 234 234 157 nan 1
89 69 391 192 193 126 nan 1
89 72 391 115 116 73 nan 1
90 65 391 93 93 64 nan 1
90 66 391 167 168 113 nan 1
90 67 391 214 215 142 nan 1
90 68 391 221 223 140 nan 1
90 69 391 186 189 109 nan 1
90 70 391 82 85 43 nan 1
91 67 391 103 105 71 nan 1
91 68 391 103 104 62 nan 1
83 66 392 83 88 33 nan 1
83 68 392 81 89 29 nan 1
83 71 392 88 91 43 nan 1
83 72 392 104 112 60 nan 1
83 73 392 80 87 56 nan 1
84 65 392 119 121 58 nan 1
84 66 392 134 139 54 nan 1
84 67 392 115 121 40 nan 1
84 68 392 110 118 41 nan 1
84 69 392 103 109 37 nan 1
84 70 392 111 115 44 nan 1
84 71 392 133 138 58 nan 1
84 72 392 129 137 71 nan 1
84 73 392 104 108 73 nan 1
85 65 392 167 169 84 nan 1
85 66 392 160 164 73 nan 1
85 67 392 135 138 55 nan 1
85 68 392 122 127 51 nan 1
85 69 392 131 137 54 nan 1
85 70 392 150 157 66 nan 1
85 71 392 154 162 67 nan 1
85 72 392 150 158 78 nan 1
85 73 392 125 130 73 nan 1
86 65 392 164 165 86 nan 1
86 66 392 176 177 87 nan 1
86 67 392 184 183 95 nan 1
86 68 392 147 148 73 nan 1
86 69 392 150 156 71 nan 1
86 70 392 156 162 69 nan 1
86 71 392 158 163 68 nan 1
86 72 392 154 159 68 nan 1
86 73 392 137 142 59 nan 1
87 65 392 177 179 100 nan 1
87 66 392 201 203 115 nan 1
87 67 392 216 219 132 nan 1
87 68 392 181 183 102 nan 1
87 69 392 157 162 80 nan 1
87 70 392 154 158 73 nan 1
87 71 392 158 163 69 nan 1
87 72 392 158 163 67 nan 1
88 65 392 170 173 96 nan 1
88 66 392 207 211 120 nan 1
88 67 392 225 228 137 nan 1
88 68 392 210 213 122 nan 1
88 69 392 154 159 78 nan 1
88 70 392 149 154 75 nan 1
88 71 392 166 171 82 nan 1
88 72 392 186 190 100 nan 1
89 65 392 115 116 70 nan 1
89 66 392 202 205 121 nan 1
89 67 392 224 227 139 nan 1
89 68 392 231 232 154 nan 1
89 71 392 97 98 57 nan 1
89 72 392 178 180 107 nan 1
90 66 392 93 93 62 nan 1
90 67 392 159 159 104 nan 1
90 68 392 192 194 118 nan 1
90 72 392 106 107 65 nan 1
81 73 393 67 80 29 nan 1
82 70 393 75 81 40 nan 1
82 71 393 101 106 57 nan 1
83 68 393 85 91 33 nan 1
83 69 393 89 96 36 nan 1
83 70 393 83 87 37 nan 1
83 71 393 101 103 49 nan 1
83 72 393 84 88 48 nan 1
83 73 393 86 96 49 nan 1
84 66 393 82 88 30 nan 1
84 67 393 87 95 25 nan 1
84 68 393 125 132 43 nan 1
84 69 393 123 130 45 nan 1
84 70 393 135 141 58 nan 1
84 71 393 141 145 68 nan 1
84 72 393 115 119 66 nan 1
84 73 393 101 107 65 nan 1
85 65 393 93 93 48 nan 1
85 66 393 156 160 75 nan 1
85 67 393 122 126 48 nan 1
85 68 393 143 148 60 nan 1
85 69 393 145 152 62 nan 1
85 70 393 157 164 72 nan 1
85 71 393 162 169 79 nan 1
85 72 393 145 152 77 nan 1
85 73 393 105 109 56 nan 1
86 65 393 158 159 99 nan 1
86 66 393 209 211 127 nan 1
86 67 393 160 160 77 nan 1
86 68 393 140 144 66 nan 1
86 69 393 145 150 70 nan 1
86 70 393 158 163 75 nan 1
86 71 393 164 169 73 nan 1
86 72 393 156 162 74 nan 1
87 65 393 155 156 103 nan 1
87 66 393 214 215 137 nan 1
87 67 393 195 198 111 nan 1
87 68 393 172 176 93 nan 1
87 69 393 157 161 82 nan 1
87 70 393 163 167 78 nan 1
87 71 393 179 183 83 nan 1
87 72 393 165 169 81 nan 1
88 65 393 86 86 57 nan 1
88 66 393 192 194 116 nan 1
88 67 393 196 200 110 nan 1
88 68 393 177 181 94 nan 1
88 69 393 86 89 40 nan 1
88 70 393 159 163 81 nan 1
88 71 393 188 193 95 nan 1
88 72 393 194 199 106 nan 1
89 66 393 89 90 55 nan 1
89 67 393 210 212 130 nan 1
89 68 393 159 162 91 nan 1
89 70 393 123 124 69 nan 1
89 71 393 160 161 92 nan 1
89 72 393 199 200 123 nan 1
90 67 393 118 119 81 nan 1
80 72 394 79 84 35 nan 1
80 73 394 77 87 30 nan 1
82 72 394 92 96 50 nan 1
82 73 394 75 85 31 nan 1
83 68 394 92 103 30 nan 1
83 69 394 92 101 34 nan 1
83 70 394 100 106 46 nan 1
83 71 394 110 115 56 nan 1
83 72 394 100 103 53 nan 1
83 73 394 108 118 58 nan 1
84 67 394 79 82 23 nan 1
84 68 394 134 140 46 nan 1
84 69 394 144 152 56 nan 1
84 70 394 133 140 57 nan 1
84 71 394 128 135 63 nan 1
84 72 394 113 117 60 nan 1
84 73 394 130 135 79 nan 1
85 68 394 129 134 53 nan 1
85 69 394 144 149 62 nan 1
85 70 394 157 164 78 nan 1
85 71 394 154 160 81 nan 1
85 72 394 135 141 71 nan 1
86 68 394 120 124 50 nan 1
86 69 394 136 142 65 nan 1
86 70 394 147 150 74 nan 1
86 71 394 141 145 69 nan 1
86 72 394 139 144 74 nan 1
87 67 394 118 118 55 nan 1
87 68 394 115 117 54 nan 1
87 69 394 143 148 69 nan 1
87 70 394 162 166 80 nan 1
87 71 394 162 166 79 nan 1
87 72 394 158 160 85 nan 1
88 66 394 165 166 102 nan 1
88 67 394 191 193 109 nan 1
88 68 394 141 143 76 nan 1
88 69 394 150 152 82 nan 1
88 70 394 178 180 93 nan 1
88 71 394 181 183 92 nan 1
88 72 394 185 187 101 nan 1
89 66 394 168 169 109 nan 1
89 67 394 226 227 150 nan 1
89 68 394 167 169 94 nan 1
89 69 394 87 88 46 nan 1
89 70 394 155 157 83 nan 1
89 71 394 180 181 95 nan 1
89 72 394 195 196 111 nan 1
90 67 394 119 119 87 nan 1
90 71 394 89 89 56 nan 1
80 72 395 98 103 40 nan 1
80 73 395 106 115 43 nan 1
82 72 395 106 111 54 nan 1
82 73 395 93 102 39 nan 1
83 68 395 96 103 35 nan 1
83 69 395 105 111 41 nan 1
83 70 395 105 111 46 nan 1
83 71 395 99 103 47 nan 1
83 72 395 98 101 51 nan 1
83 73 395 116 122 66 nan 1
84 68 395 140 147 55 nan 1
84 69 395 141 149 58 nan 1
84 70 395 136 143 56 nan 1
84 71 395 128 133 58 nan 1
84 72 395 115 120 59 nan 1
84 73 395 129 134 82 nan 1
85 68 395 139 145 63 nan 1
85 69 395 154 160 78 nan 1
85 70 395 160 167 79 nan 1
85 71 395 147 153 70 nan 1
85 72 395 137 144 72 nan 1
86 68 395 129 132 66 nan 1
86 69 395 155 161 83 nan 1
86 70 395 165 169 86 nan 1
86 71 395 164 170 84 nan 1
86 72 395 149 155 77 nan 1
87 67 395 89 89 46 nan 1
87 68 395 110 112 56 nan 1
87 69 395 167 170 90 nan 1
87 70 395 176 180 88 nan 1
87 71 395 176 179 90 nan 1
87 72 395 169 172 88 nan 1
88 67 395 92 93 52 nan 1
88 69 395 147 148 84 nan 1
88 70 395 186 188 102 nan 1
88 71 395 185 187 98 nan 1
88 72 395 178 180 95 nan 1
89 67 395 175 176 113 nan 1
89 70 395 150 152 85 nan 1
89 71 395 182 184 100 nan 1
80 72 396 105 110 46 nan 1
80 73 396 107 114 41 nan 1
82 73 396 83 91 36 nan 1
83 68 396 78 80 30 nan 1
83 69 396 113 119 45 nan 1
83 70 396 107 114 41 nan 1
83 71 396 80 85 27 nan 1
83 72 396 95 98 45 nan 1
83 73 396 110 117 62 nan 1
84 68 396 120 125 49 nan 1
84 69 396 136 143 61 nan 1
84 70 396 135 144 51 nan 1
84 71 396 132 140 52 nan 1
84 72 396 119 123 58 nan 1
85 68 396 130 132 64 nan 1
85 69 396 150 156 74 nan 1
85 70 396 160 166 78 nan 1
85 71 396 154 161 73 nan 1
85 72 396 135 142 66 nan 1
86 68 396 145 144 81 nan 1
86 69 396 169 171 94 nan 1
86 70 396 176 180 93 nan 1
86 71 396 169 174 89 nan 1
86 72 396 153 158 81 nan 1
87 68 396 124 123 70 nan 1
87 69 396 181 184 103 nan 1
87 70 396 188 191 103 nan 1
87 71 396 185 189 95 nan 1
87 72 396 171 175 88 nan 1
88 69 396 163 164 99 nan 1
88 70 396 196 198 114 nan 1
88 71 396 191 194 104 nan 1
89 70 396 134 135 80 nan 1
89 71 396 179 181 100 nan 1
80 73 397 106 112 39 nan 1
81 73 397 84 93 29 nan 1
82 72 397 79 83 33 nan 1
82 73 397 90 97 38 nan 1
83 69 397 77 80 30 nan 1
83 70 397 87 91 26 nan 1
83 71 397 76 80 21 nan 1
83 72 397 91 96 35 nan 1
84 68 397 97 100 43 nan 1
84 69 397 126 130 54 nan 1
84 70 397 126 131 45 nan 1
84 71 397 117 123 39 nan 1
84 72 397 117 122 48 nan 1
85 68 397 130 131 67 nan 1
85 69 397 150 153 76 nan 1
85 70 397 162 167 76 nan 1
85 71 397 163 169 76 nan 1
85 72 397 141 147 67 nan 1
86 68 397 148 149 82 nan 1
86 69 397 173 174 95 nan 1
86 70 397 177 180 94 nan 1
86 71 397 175 179 92 nan 1
86 72 397 151 158 75 nan 1
87 68 397 106 106 62 nan 1
87 69 397 180 181 102 nan 1
87 70 397 194 197 107 nan 1
87 71 397 190 194 100 nan 1
88 69 397 144 145 90 nan 1
88 70 397 200 202 119 nan 1
88 71 397 196 199 109 nan 1
89 70 397 117 117 72 nan 1
89 71 397 188 190 108 nan 1
80 73 398 91 97 34 nan 1
83 72 398 107 113 43 nan 1
84 68 398 106 108 48 nan 1
84 69 398 131 135 54 nan 1
84 70 398 129 134 50 nan 1
84 71 398 113 119 41 nan 1
84 72 398 130 137 57 nan 1
85 68 398 141 143 74 nan 1
85 69 398 163 167 80 nan 1
85 70 398 160 163 76 nan 1
85 71 398 159 164 74 nan 1
85 72 398 147 154 67 nan 1
86 68 398 145 147 81 nan 1
86 69 398 175 177 94 nan 1
86 70 398 179 182 93 nan 1
86 71 398 175 179 91 nan 1
87 69 398 181 183 104 nan 1
87 70 398 198 200 112 nan 1
87 71 398 196 199 107 nan 1
88 69 398 105 106 67 nan 1
88 70 398 203 205 122 nan 1
88 71 398 199 201 111 nan 1
89 70 398 132 132 86 nan 1
89 71 398 195 197 115 nan 1
83 71 399 85 89 33 nan 1
83 72 399 117 124 50 nan 1
84 68 399 88 90 36 nan 1
84 69 399 128 132 49 nan 1
84 70 399 124 129 47 nan 1
84 71 399 109 114 42 nan 1
84 72 399 140 148 64 nan 1
85 68 399 112 114 59 nan 1
85 69 399 160 163 80 nan 1
85 70 399 163 167 76 nan 1
85 71 399 157 162 72 nan 1
86 68 399 122 124 70 nan 1
86 69 399 175 179 94 nan 1
86 70 399 186 189 97 nan 1
86 71 399 181 184 92 nan 1
87 69 399 173 176 102 nan 1
87 70 399 198 201 111 nan 1
87 71 399 196 199 104 nan 1
88 69 399 111 112 80 nan 1
88 70 399 210 212 129 nan 1
88 71 399 204 206 117 nan 1
89 70 399 147 147 98 nan 1
83 72 400 107 112 42 nan 1
84 69 400 80 81 34 nan 1
84 70 400 111 114 48 nan 1
84 71 400 118 124 51 nan 1
85 69 400 147 148 78 nan 1
85 70 400 164 165 82 nan 1
85 71 400 160 163 79 nan 1
86 69 400 163 165 91 nan 1
86 70 400 184 186 100 nan 1
86 71 400 185 188 96 nan 1
87 69 400 136 138 78 nan 1
87 70 400 198 200 113 nan 1
87 71 400 201 203 113 nan 1
88 70 400 196 198 123 nan 1
89 70 400 108 108 73 nan 1
84 70 401 108 110 53 nan 1
84 71 401 145 149 74 nan 1
85 69 401 106 106 60 nan 1
85 70 401 168 169 89 nan 1
85 71 401 171 172 89 nan 1
86 69 401 144 144 82 nan 1
86 70 401 181 181 98 nan 1
86 71 401 192 192 103 nan 1
87 69 401 107 108 64 nan 1
87 70 401 196 197 112 nan 1
88 70 401 176 176 113 nan 1
84 71 402 147 149 76 nan 1
85 70 402 158 158 93 nan 1
85 71 402 181 182 98 nan 1
86 70 402 178 178 106 nan 1
86 71 402 197 197 111 nan 1
87 70 402 137 137 94 nan 1
84 71 403 91 95 46 nan 1
85 71 403 172 174 100 nan 1
86 70 403 136 136 91 nan 1
86 74 390 86 91 38 nan 1
87 74 390 114 119 59 nan 1
88 74 390 105 106 66 nan 1
89 73 390 154 154 108 nan 1
85 74 391 81 82 51 nan 1
86 74 391 112 117 51 nan 1
87 74 391 149 154 73 nan 1
88 73 391 184 187 105 nan 1
88 74 391 156 159 88 nan 1
89 73 391 147 148 94 nan 1
85 74 392 101 103 65 nan 1
86 74 392 132 137 63 nan 1
87 73 392 163 168 76 nan 1
87 74 392 150 155 70 nan 1
87 75 392 83 85 31 nan 1
88 73 392 188 191 105 nan 1
88 74 392 175 178 95 nan 1
88 75 392 109 113 57 nan 1
89 73 392 189 190 115 nan 1
89 74 392 156 158 91 nan 1
90 73 392 86 85 57 nan 1
85 74 393 104 107 64 nan 1
86 73 393 83 88 35 nan 1
86 74 393 114 118 57 nan 1
86 75 393 88 90 48 nan 1
87 73 393 154 157 79 nan 1
87 74 393 160 164 83 nan 1
87 75 393 108 112 58 nan 1
88 73 393 194 195 111 nan 1
88 74 393 187 189 106 nan 1
88 75 393 141 144 83 nan 1
89 73 393 193 194 111 nan 1
89 74 393 191 193 111 nan 1
89 75 393 132 134 80 nan 1
90 73 393 94 94 64 nan 1
90 74 393 112 112 72 nan 1
83 74 394 78 82 45 nan 1
84 74 394 89 92 59 nan 1
85 73 394 132 139 71 nan 1
85 74 394 94 96 57 nan 1
86 73 394 101 107 46 nan 1
86 74 394 97 99 53 nan 1
87 73 394 155 157 84 nan 1
87 74 394 121 124 68 nan 1
87 75 394 82 83 49 nan 1
88 73 394 192 194 107 nan 1
88 74 394 191 193 109 nan 1
88 75 394 171 175 106 nan 1
89 73 394 202 203 116 nan 1
89 74 394 194 196 111 nan 1
89 75 394 170 172 103 nan 1
90 72 394 154 154 98 nan 1
90 73 394 203 204 132 nan 1
90 74 394 174 175 110 nan 1
83 74 395 98 103 59 nan 1
84 74 395 106 109 76 nan 1
85 73 395 147 155 82 nan 1
85 74 395 83 85 49 nan 1
86 73 395 144 152 67 nan 1
87 73 395 167 171 84 nan 1
87 74 395 80 82 41 nan 1
87 75 395 88 89 51 nan 1
88 73 395 179 181 97 nan 1
88 74 395 187 189 107 nan 1
88 75 395 154 155 93 nan 1
89 72 395 198 200 111 nan 1
89 73 395 210 212 124 nan 1
89 74 395 199 201 114 nan 1
89 75 395 175 178 103 nan 1
90 72 395 192 193 122 nan 1
90 73 395 213 215 136 nan 1
90 74 395 196 197 122 nan 1
90 75 395 105 107 65 nan 1
80 74 396 75 84 30 nan 1
83 74 396 100 106 65 nan 1
84 73 396 119 124 76 nan 1
84 74 396 123 127 93 nan 1
85 73 396 127 134 67 nan 1
86 73 396 133 138 60 nan 1
87 73 396 155 159 75 nan 1
87 75 396 92 93 52 nan 1
88 72 396 179 182 94 nan 1
88 73 396 181 183 97 nan 1
88 74 396 176 177 103 nan 1
88 75 396 166 168 96 nan 1
88 76 396 84 86 49 nan 1
89 72 396 198 201 112 nan 1
89 73 396 210 212 124 nan 1
89 74 396 201 204 114 nan 1
89 75 396 182 184 103 nan 1
89 76 396 100 103 59 nan 1
90 72 396 205 206 129 nan 1
90 73 396 212 214 134 nan 1
90 74 396 204 205 126 nan 1
90 75 396 166 169 100 nan 1
83 73 397 116 123 59 nan 1
83 74 397 107 113 63 nan 1
84 73 397 118 125 61 nan 1
84 74 397 121 124 80 nan 1
85 73 397 124 130 60 nan 1
85 74 397 87 90 47 nan 1
86 73 397 129 136 54 nan 1
87 72 397 171 175 89 nan 1
87 73 397 160 164 78 nan 1
87 74 397 148 150 76 nan 1
87 75 397 118 120 70 nan 1
88 72 397 181 183 95 nan 1
88 73 397 186 188 98 nan 1
88 74 397 195 197 109 nan 1
88 75 397 176 178 102 nan 1
88 76 397 109 111 64 nan 1
89 72 397 201 203 113 nan 1
89 73 397 206 208 115 nan 1
89 74 397 204 207 113 nan 1
89 75 397 189 191 103 nan 1
89 76 397 122 125 67 nan 1
90 72 397 206 207 129 nan 1
90 73 397 214 215 135 nan 1
90 74 397 207 209 125 nan 1
90 75 397 183 185 106 nan 1
90 76 397 79 82 41 nan 1
91 73 397 147 147 106 nan 1
91 74 397 110 111 73 nan 1
82 73 398 98 109 38 nan 1
83 73 398 116 124 53 nan 1
83 74 398 113 121 55 nan 1
84 73 398 137 144 72 nan 1
84 74 398 127 131 76 nan 1
85 73 398 134 141 60 nan 1
85 74 398 108 113 54 nan 1
86 72 398 156 162 80 nan 1
86 73 398 141 149 68 nan 1
86 74 398 109 115 55 nan 1
87 72 398 167 172 86 nan 1
87 73 398 169 173 90 nan 1
87 74 398 175 178 100 nan 1
87 75 398 122 124 77 nan 1
88 72 398 185 188 96 nan 1
88 73 398 190 192 101 nan 1
88 74 398 196 199 107 nan 1
88 75 398 174 176 102 nan 1
88 76 398 87 88 49 nan 1
89 72 398 208 210 121 nan 1
89 73 398 216 217 123 nan 1
89 74 398 208 210 115 nan 1
89 75 398 191 194 104 nan 1
89 76 398 105 108 54 nan 1
90 72 398 211 212 133 nan 1
90 73 398 220 221 138 nan 1
90 74 398 206 208 123 nan 1
90 75 398 170 173 97 nan 1
91 73 398 180 180 123 nan 1
91 74 398 155 157 98 nan 1
82 73 399 82 95 27 nan 1
83 73 399 115 124 48 nan 1
83 74 399 108 119 47 nan 1
84 73 399 131 140 61 nan 1
84 74 399 132 138 69 nan 1
85 72 399 144 151 67 nan 1
85 73 399 136 142 63 nan 1
85 74 399 115 120 57 nan 1
86 72 399 149 155 77 nan 1
86 73 399 156 165 83 nan 1
86 74 399 110 114 59 nan 1
87 72 399 167 171 88 nan 1
87 73 399 173 177 95 nan 1
87 74 399 175 178 106 nan 1
87 75 399 130 131 91 nan 1
88 72 399 197 200 107 nan 1
88 73 399 198 200 107 nan 1
88 74 399 199 202 110 nan 1
88 75 399 186 189 114 nan 1
89 71 399 198 199 119 nan 1
89 72 399 205 207 118 nan 1
89 73 399 219 221 127 nan 1
89 74 399 208 210 112 nan 1
89 75 399 196 199 105 nan 1
89 76 399 108 110 58 nan 1
90 72 399 209 210 130 nan 1
90 73 399 221 222 138 nan 1
90 74 399 207 210 119 nan 1
90 75 399 182 186 100 nan 1
91 72 399 136 136 93 nan 1
91 73 399 197 197 132 nan 1
91 74 399 167 168 104 nan 1
91 75 399 108 111 58 nan 1
82 73 400 76 90 23 nan 1
83 73 400 104 116 33 nan 1
83 74 400 111 121 43 nan 1
83 75 400 90 98 37 nan 1
84 72 400 143 150 65 nan 1
84 73 400 133 141 57 nan 1
84 74 400 130 137 61 nan 1
84 75 400 114 120 54 nan 1
85 72 400 148 153 75 nan 1
85 73 400 143 149 73 nan 1
85 74 400 137 143 73 nan 1
85 75 400 88 91 47 nan 1
86 72 400 158 161 87 nan 1
86 73 400 157 162 92 nan 1
86 74 400 137 142 82 nan 1
87 72 400 182 185 98 nan 1
87 73 400 182 186 104 nan 1
87 74 400 194 196 121 nan 1
87 75 400 102 103 66 nan 1
88 71 400 212 215 130 nan 1
88 72 400 207 209 120 nan 1
88 73 400 213 215 125 nan 1
88 74 400 223 224 143 nan 1
88 75 400 181 183 113 nan 1
89 71 400 196 197 124 nan 1
89 72 400 196 197 113 nan 1
89 73 400 219 221 130 nan 1
89 74 400 217 219 126 nan 1
89 75 400 206 210 118 nan 1
89 76 400 108 111 51 nan 1
90 72 400 184 185 118 nan 1
90 73 400 221 222 141 nan 1
90 74 400 217 220 133 nan 1
90 75 400 193 196 111 nan 1
91 72 400 113 114 87 nan 1
91 73 400 174 174 117 nan 1
91 74 400 158 159 100 nan 1
91 75 400 87 89 47 nan 1
82 73 401 76 84 26 nan 1
83 72 401 136 144 61 nan 1
83 73 401 132 140 51 nan 1
83 74 401 123 130 54 nan 1
84 72 401 151 157 71 nan 1
84 73 401 147 156 67 nan 1
84 74 401 135 143 62 nan 1
85 72 401 153 157 81 nan 1
85 73 401 147 153 76 nan 1
85 74 401 141 147 72 nan 1
85 75 401 126 130 65 nan 1
86 72 401 163 165 88 nan 1
86 73 401 162 164 97 nan 1
86 74 401 159 161 97 nan 1
86 75 401 88 89 55 nan 1
87 71 401 199 200 111 nan 1
87 72 401 185 187 104 nan 1
87 73 401 195 196 119 nan 1
87 74 401 194 194 124 nan 1
88 71 401 207 208 130 nan 1
88 72 401 189 190 111 nan 1
88 73 401 206 208 123 nan 1
88 74 401 212 214 132 nan 1
88 75 401 98 98 65 nan 1
89 71 401 157 157 108 nan 1
89 72 401 211 212 134 nan 1
89 73 401 222 223 139 nan 1
89 74 401 227 228 146 nan 1
89 75 401 215 218 131 nan 1
90 72 401 162 162 107 nan 1
90 73 401 222 223 144 nan 1
90 74 401 225 226 147 nan 1
90 75 401 157 160 92 nan 1
91 73 401 158 159 115 nan 1
91 74 401 158 160 99 nan 1
91 75 401 86 90 44 nan 1
83 72 402 114 118 55 nan 1
84 72 402 157 161 76 nan 1
84 73 402 155 162 76 nan 1
85 72 402 168 170 87 nan 1
85 73 402 153 156 81 nan 1
86 72 402 176 177 98 nan 1
86 73 402 153 154 91 nan 1
86 74 402 136 137 81 nan 1
87 71 402 209 210 128 nan 1
87 72 402 199 200 121 nan 1
87 73 402 191 192 115 nan 1
87 74 402 140 140 88 nan 1
88 71 402 212 212 143 nan 1
88 72 402 227 226 155 nan 1
88 73 402 223 223 148 nan 1
88 74 402 219 220 143 nan 1
88 75 402 117 118 72 nan 1
89 71 402 135 134 108 nan 1
89 72 402 222 221 151 nan 1
89 73 402 227 228 153 nan 1
89 74 402 217 219 136 nan 1
89 75 402 168 170 100 nan 1
90 72 402 138 138 97 nan 1
90 73 402 209 209 140 nan 1
90 74 402 190 192 124 nan 1
84 72 403 122 129 54 nan 1
85 72 403 167 171 87 nan 1
86 71 403 198 199 123 nan 1
86 72 403 193 194 116 nan 1
86 73 403 167 169 90 nan 1
87 71 403 200 201 130 nan 1
87 72 403 210 210 131 nan 1
87 73 403 207 209 125 nan 1
88 71 403 121 120 86 nan 1
88 72 403 228 227 160 nan 1
88 73 403 237 236 172 nan 1
88 74 403 190 191 125 nan 1
89 72 403 215 214 155 nan 1
89 73 403 226 226 160 nan 1
89 74 403 170 172 112 nan 1
90 73 403 121 121 90 nan 1
86 71 404 151 153 101 nan 1
87 71 404 178 179 127 nan 1
87 72 404 216 218 142 nan 1
88 72 404 212 211 154 nan 1
87 71 405 111 112 77 nan 1
83 73 402 153 162 73 nan 1
85 74 402 150 154 79 nan 1
84 73 403 136 144 59 nan 1
85 73 403 153 157 78 nan 1
87 74 403 182 185 105 nan 1
85 72 404 128 131 66 nan 1
86 72 404 187 189 109 nan 1
86 73 404 164 166 82 nan 1
87 73 404 198 200 112 nan 1
88 73 404 183 184 123 nan 1
85 72 405 97 101 49 nan 1
86 71 405 82 83 57 nan 1
86 72 405 180 182 108 nan 1
87 72 405 197 198 126 nan 1
88 72 405 144 144 100 nan 1
87 72 406 87 87 55 nan 1
