28.020886402042024 23.53182703733287 97.16536750178248 92.0 103.0 60.0
28.020884199780983 23.964467503381915 97.16995504804466 136.0 150.0 89.0
28.45354878799426 23.964465301120875 97.17037043952003 147.0 164.0 86.0
28.886213376207543 23.964463098859834 97.1707858309954 143.0 161.0 74.0
28.02047101056665 23.527239491070695 97.59800776842198 155.0 169.0 103.0
28.02046880830561 23.959879957119742 97.60259531468417 151.0 166.0 101.0
28.020466606044568 24.392520423168786 97.60718286094634 115.0 134.0 67.0
28.453133396518883 23.959877754858702 97.60301070615954 141.0 159.0 82.0
28.453131194257846 24.392518220907746 97.60759825242171 123.0 144.0 64.0
28.885797984732164 23.95987555259766 97.60342609763491 135.0 155.0 66.0
28.885795782471128 24.392516018646706 97.60801364389708 118.0 142.0 53.0
29.318460370684402 24.392513816385662 97.60842903537247 114.0 140.0 45.0
29.751124958897677 24.392511614124622 97.60884442684782 119.0 145.0 44.0
27.587391030878003 23.522654147069563 98.03023264358613 117.0 130.0 84.0
27.587388828616962 23.95529461311861 98.0348201898483 137.0 153.0 94.0
27.58738662635592 24.387935079167658 98.03940773611048 95.0 108.0 59.0
27.58738442409488 24.820575545216702 98.04399528237265 101.0 119.0 57.0
27.587382221833835 25.25321601126575 98.04858282863482 126.0 148.0 66.0
28.02005561909128 23.522651944808523 98.0306480350615 136.0 153.0 83.0
28.02005341683024 23.955292410857567 98.03523558132368 131.0 148.0 78.0
28.0200512145692 24.387932876906614 98.03982312758585 132.0 149.0 79.0
28.020049012308153 24.820573342955658 98.04441067384803 137.0 158.0 77.0
28.020046810047113 25.253213809004706 98.0489982201102 137.0 159.0 73.0
28.452720207304555 23.522649742547483 98.03106342653687 141.0 160.0 78.0
28.452718005043515 23.955290208596526 98.03565097279906 132.0 152.0 70.0
28.452715802782475 24.38793067464557 98.04023851906123 137.0 156.0 76.0
28.45271360052143 24.820571140694618 98.0448260653234 145.0 165.0 82.0
28.885382593256796 23.955288006335486 98.03606636427442 135.0 155.0 65.0
28.885380390995756 24.38792847238453 98.04065391053659 141.0 160.0 72.0
28.885378188734713 24.820568938433578 98.04524145679876 140.0 160.0 75.0
29.31804718147007 23.955285804074443 98.03648175574979 140.0 162.0 62.0
29.31804497920903 24.387926270123486 98.04106930201196 124.0 148.0 54.0
29.318042776947987 24.820566736172534 98.04565684827413 105.0 133.0 44.0
29.75070956742231 24.387924067862446 98.04148469348735 140.0 162.0 58.0
29.75070736516126 24.820564533911494 98.04607223974952 113.0 138.0 49.0
30.18337415563559 24.387921865601406 98.04190008496272 140.0 165.0 58.0
26.72163545167086 25.6812733355747 98.48497985858577 97.0 108.0 62.0
27.154304444406225 24.815990201215566 98.4762201575368 90.0 103.0 56.0
27.15430224214518 25.24863066726461 98.48080770379897 126.0 145.0 76.0
27.154300039884138 25.681271133313658 98.48539525006115 152.0 171.0 97.0
27.586977841663668 23.08542613475834 98.45828536396345 96.0 106.0 68.0
27.586975639402628 23.518066600807387 98.46287291022564 129.0 144.0 89.0
27.586973437141587 23.950707066856435 98.46746045648781 134.0 150.0 88.0
27.586971234880544 24.38334753290548 98.47204800274999 149.0 167.0 98.0
27.586969032619503 24.815987998954526 98.47663554901217 153.0 170.0 98.0
27.58696683035846 25.24862846500357 98.48122309527434 159.0 176.0 98.0
27.586964628097416 25.681268931052614 98.48581064153652 159.0 176.0 100.0
28.019640227615906 23.518064398546343 98.46328830170101 133.0 150.0 79.0
28.019638025354865 23.95070486459539 98.46787584796319 134.0 152.0 80.0
28.019635823093825 24.383345330644435 98.47246339422536 146.0 164.0 91.0
28.019633620832778 24.815985796693482 98.47705094048753 157.0 175.0 98.0
28.019631418571738 25.24862626274253 98.4816384867497 158.0 176.0 96.0
28.019629216310697 25.681266728791574 98.48622603301189 150.0 168.0 89.0
28.45230481582918 23.518062196285303 98.46370369317638 137.0 156.0 75.0
28.45230261356814 23.95070266233435 98.46829123943856 135.0 154.0 73.0
28.4523004113071 24.383343128383395 98.47287878570073 147.0 164.0 85.0
28.452298209046052 24.81598359443244 98.47746633196292 155.0 173.0 95.0
28.452296006785016 25.248624060481486 98.48205387822509 150.0 168.0 90.0
28.88496720178142 23.950700460073307 98.46870663091394 141.0 159.0 71.0
28.88496499952038 24.383340926122354 98.47329417717611 145.0 163.0 77.0
28.884962797259334 24.8159813921714 98.47788172343829 146.0 164.0 83.0
28.884960594998297 25.248621858220446 98.48246926970046 137.0 157.0 80.0
29.317631789994696 23.950698257812263 98.46912202238931 140.0 163.0 61.0
29.317629587733656 24.38333872386131 98.47370956865149 137.0 156.0 63.0
29.317627385472612 24.815979189910355 98.47829711491366 126.0 148.0 62.0
29.31762518321157 25.248619655959402 98.48288466117583 93.0 117.0 46.0
29.750294175946934 24.38333652160027 98.47412496012684 135.0 159.0 55.0
29.750291973685886 24.815976987649318 98.47871250638903 114.0 139.0 51.0
29.750289771424846 25.248617453698362 98.4833000526512 91.0 119.0 46.0
30.182958764160215 24.383334319339227 98.47454035160223 136.0 162.0 53.0
30.182956561899168 24.815974785388274 98.4791278978644 103.0 132.0 45.0
30.182954359638128 25.248615251437318 98.48371544412657 89.0 118.0 45.0
30.615621150112442 24.81597258312723 98.47954328933977 100.0 130.0 44.0
31.048285738325724 24.81597038086619 98.47995868081514 112.0 139.0 54.0
26.721224464717572 24.811404857214434 98.90844503270093 80.0 91.0 52.0
26.721222262456532 25.244045323263478 98.9130325789631 128.0 145.0 83.0
26.72122006019549 25.676685789312526 98.91762012522528 144.0 159.0 96.0
26.721217857934448 26.109326255361573 98.92220767148746 72.0 81.0 53.0
27.153891255191894 24.378762188904343 98.90427287791412 89.0 102.0 57.0
27.153889052930854 24.81140265495339 98.9088604241763 133.0 151.0 85.0
27.15388685066981 25.244043121002438 98.91344797043848 160.0 179.0 103.0
27.153884648408766 25.676683587051482 98.91803551670066 162.0 178.0 110.0
27.153882446147726 26.10932405310053 98.92262306296283 138.0 153.0 103.0
27.586562450188296 23.080838588496167 98.89092563060298 104.0 118.0 71.0
27.586560247927252 23.51347905454521 98.89551317686515 123.0 139.0 82.0
27.586558045666212 23.94611952059426 98.90010072312732 134.0 151.0 86.0
27.586555843405172 24.378759986643306 98.90468826938951 142.0 160.0 90.0
27.586553641144132 24.81140045269235 98.90927581565168 150.0 169.0 96.0
27.586551438883088 25.244040918741398 98.91386336191385 160.0 176.0 106.0
27.586549236622044 25.676681384790438 98.91845090817603 174.0 189.0 120.0
27.586547034361004 26.109321850839486 98.9230384544382 121.0 135.0 86.0
28.019227038401574 23.080836386235124 98.89134102207835 129.0 147.0 76.0
28.019224836140534 23.51347685228417 98.89592856834052 127.0 147.0 73.0
28.019222633879494 23.946117318333215 98.90051611460271 138.0 156.0 82.0
28.019220431618454 24.378757784382262 98.90510366086488 142.0 160.0 85.0
28.01921822935741 24.811398250431306 98.90969120712705 150.0 168.0 93.0
28.01921602709637 25.244038716480354 98.91427875338923 152.0 169.0 96.0
28.01921382483533 25.6766791825294 98.9188662996514 155.0 170.0 104.0
28.019211622574282 26.109319648578445 98.92345384591357 106.0 123.0 70.0
28.451889424353812 23.51347465002313 98.8963439598159 137.0 157.0 74.0
28.451887222092772 23.946115116072175 98.90093150607807 143.0 161.0 81.0
28.45188501983173 24.37875558212122 98.90551905234024 152.0 169.0 89.0
28.451882817570684 24.811396048170266 98.91010659860241 148.0 165.0 90.0
28.451880615309644 25.24403651421931 98.9146941448646 150.0 165.0 95.0
28.451878413048604 25.676676980268358 98.91928169112677 129.0 146.0 81.0
28.884554012567094 23.513472447762087 98.89675935129127 143.0 164.0 73.0
28.884551810306053 23.946112913811135 98.90134689755344 146.0 164.0 76.0
28.884549608045013 24.37875337986018 98.90593444381561 146.0 164.0 78.0
28.884547405783966 24.811393845909226 98.9105219900778 144.0 161.0 84.0
28.884545203522926 25.24403431195827 98.91510953633997 133.0 151.0 80.0
28.884543001261886 25.676674778007317 98.91969708260214 72.0 90.0 41.0
29.317216398519328 23.94611071155009 98.90176228902882 145.0 166.0 66.0
29.317214196258288 24.378751177599135 98.906349835291 141.0 161.0 67.0
29.31721199399724 24.811391643648182 98.91093738155317 130.0 150.0 68.0
29.3172097917362 25.244032109697226 98.91552492781534 122.0 142.0 72.0
29.749880986732602 23.94610850928905 98.9021776805042 149.0 173.0 61.0
29.749878784471562 24.378748975338095 98.90676522676637 138.0 162.0 57.0
29.74987658221052 24.811389441387142 98.91135277302854 122.0 145.0 56.0
29.74987437994948 25.24402990743619 98.91594031929071 107.0 130.0 59.0
30.182543372684844 24.378746773077054 98.90718061824174 140.0 166.0 55.0
30.1825411704238 24.8113872391261 98.91176816450391 113.0 140.0 49.0
30.18253896816276 25.244027705175146 98.9163557107661 90.0 120.0 43.0
30.18253676590172 25.67666817122419 98.92094325702827 81.0 106.0 43.0
30.615207960898122 24.378744570816014 98.90759600971711 141.0 171.0 54.0
30.615205758637074 24.811385036865055 98.91218355597928 100.0 131.0 40.0
30.615203556376034 25.244025502914102 98.91677110224146 73.0 106.0 30.0
31.047870346850356 24.811382834604018 98.91259894745465 112.0 141.0 49.0
31.047868144589316 25.244023300653062 98.91718649371683 62.0 90.0 26.0
31.48053493506363 24.811380632342974 98.91301433893003 113.0 138.0 58.0
26.7208090732422 24.80681731095226 99.34108529934045 123.0 141.0 80.0
26.720806870981157 25.239457777001306 99.34567284560262 148.0 168.0 98.0
26.720804668720117 25.67209824305035 99.3502603918648 144.0 161.0 96.0
26.720802466459077 26.104738709099397 99.35484793812697 79.0 89.0 58.0
27.15347586371652 24.37417464264217 99.33691314455365 124.0 145.0 76.0
27.15347366145548 24.806815108691218 99.34150069081582 141.0 161.0 90.0
27.15347145919444 25.239455574740262 99.34608823707799 157.0 175.0 106.0
27.153469256933395 25.67209604078931 99.35067578334017 153.0 170.0 103.0
27.153467054672355 26.104736506838353 99.35526332960234 99.0 112.0 72.0
27.586147058712925 23.07625104223399 99.32356589724249 83.0 96.0 54.0
27.58614485645188 23.50889150828304 99.32815344350466 114.0 129.0 73.0
27.58614265419084 23.941531974332083 99.33274098976683 139.0 157.0 87.0
27.586140451929797 24.37417244038113 99.337328536029 131.0 151.0 75.0
27.58613824966876 24.806812906430178 99.34191608229118 135.0 154.0 81.0
27.586136047407717 25.239453372479222 99.34650362855336 149.0 167.0 95.0
27.586133845146673 25.672093838528266 99.35109117481554 162.0 177.0 113.0
27.586131642885633 26.10473430457731 99.35567872107772 91.0 107.0 63.0
28.0188116469262 23.07624883997295 99.32398128871786 124.0 145.0 72.0
28.01880944466516 23.508889306021995 99.32856883498003 130.0 151.0 73.0
28.01880724240412 23.941529772071043 99.3331563812422 148.0 167.0 83.0
28.01880504014308 24.374170238120087 99.33774392750439 140.0 160.0 75.0
28.018802837882035 24.806810704169134 99.34233147376656 134.0 153.0 76.0
28.018800635620995 25.239451170218178 99.34691902002874 134.0 151.0 81.0
28.018798433359954 25.672091636267226 99.35150656629091 137.0 152.0 90.0
28.018796231098907 26.104732102316273 99.35609411255308 67.0 84.0 41.0
28.451474032878433 23.508887103760955 99.32898422645542 140.0 161.0 73.0
28.451471830617397 23.941527569810003 99.33357177271759 148.0 168.0 79.0
28.451469628356357 24.374168035859043 99.33815931897976 142.0 162.0 74.0
28.45146742609531 24.80680850190809 99.34274686524193 133.0 152.0 74.0
28.45146522383427 25.239448967957138 99.34733441150411 126.0 145.0 75.0
28.45146302157323 25.672089434006182 99.35192195776628 103.0 124.0 62.0
28.884138621091715 23.50888490149991 99.32939961793079 146.0 167.0 71.0
28.88413641883068 23.94152536754896 99.33398716419296 151.0 171.0 76.0
28.884134216569638 24.374165833598006 99.33857471045513 142.0 162.0 69.0
28.88413201430859 24.80680629964705 99.3431622567173 131.0 150.0 71.0
28.88412981204755 25.239446765696098 99.34774980297948 113.0 134.0 66.0
28.88412760978651 25.67208723174514 99.35233734924167 74.0 95.0 44.0
29.316801007043953 23.941523165287915 99.33440255566832 146.0 167.0 67.0
29.316798804782913 24.374163631336963 99.33899010193049 137.0 160.0 59.0
29.316796602521865 24.806804097386006 99.34357764819268 115.0 138.0 57.0
29.316794400260825 25.239444563435054 99.34816519445486 93.0 118.0 53.0
29.316792197999785 25.6720850294841 99.35275274071704 85.0 108.0 60.0
29.749465595257227 23.941520963026875 99.3348179471437 153.0 176.0 66.0
29.749463392996187 24.374161429075922 99.33940549340588 142.0 165.0 61.0
29.749461190735143 24.806801895124966 99.34399303966805 123.0 144.0 62.0
29.749458988474103 25.239442361174014 99.34858058593022 103.0 123.0 61.0
30.18212798120947 24.37415922681488 99.33982088488125 143.0 167.0 62.0
30.182125778948425 24.806799692863926 99.34440843114342 121.0 143.0 60.0
30.182123576687385 25.23944015891297 99.3489959774056 92.0 120.0 49.0
30.614792569422743 24.37415702455384 99.34023627635662 139.0 166.0 57.0
30.6147903671617 24.806797490602882 99.34482382261879 99.0 128.0 43.0
30.61478816490066 25.239437956651926 99.34941136888098 63.0 95.0 25.0
31.04745495537498 24.806795288341842 99.34523921409418 102.0 129.0 48.0
31.480119543588255 24.8067930860808 99.34565460556954 91.0 112.0 51.0
26.72039588402787 24.36958929864104 99.76913801971777 106.0 122.0 70.0
26.72039368176683 24.802229764690086 99.77372556597994 143.0 162.0 96.0
26.720391479505786 25.23487023073913 99.77831311224213 148.0 166.0 99.0
26.720389277244742 25.667510696788177 99.7829006585043 149.0 165.0 104.0
26.720387074983705 26.10015116283722 99.78748820476648 86.0 98.0 63.0
27.15306267450219 23.93694663033095 99.76496586493097 115.0 133.0 70.0
27.153060472241147 24.369587096379995 99.76955341119316 132.0 153.0 76.0
27.153058269980107 24.802227562429042 99.77414095745533 136.0 157.0 82.0
27.153056067719064 25.23486802847809 99.7787285037175 143.0 162.0 93.0
27.153053865458023 25.667508494527134 99.78331604997967 150.0 167.0 105.0
27.153051663196983 26.10014896057618 99.78790359624185 108.0 123.0 80.0
27.585731667237553 23.07166349597182 99.756206163882 122.0 138.0 81.0
27.58572946497651 23.504303962020863 99.76079371014418 136.0 154.0 84.0
27.58572726271547 23.93694442806991 99.76538125640636 136.0 156.0 78.0
27.585725060454426 24.369584894118955 99.76996880266853 132.0 154.0 69.0
27.585722858193385 24.802225360168002 99.7745563489307 134.0 154.0 77.0
27.585720655932345 25.23486582621705 99.77914389519287 140.0 158.0 91.0
27.5857184536713 25.66750629226609 99.78373144145505 141.0 156.0 101.0
27.58571625141026 26.100146758315137 99.78831898771722 74.0 89.0 52.0
28.01839625545083 23.071661293710775 99.75662155535737 132.0 151.0 77.0
28.01839405318979 23.504301759759823 99.76120910161954 143.0 162.0 81.0
28.01839185092875 23.936942225808867 99.76579664788171 153.0 172.0 85.0
28.01838964866771 24.369582691857914 99.7703841941439 142.0 164.0 70.0
28.018387446406663 24.80222315790696 99.77497174040607 138.0 158.0 76.0
28.018385244145627 25.234863623956006 99.77955928666825 133.0 151.0 82.0
28.018383041884587 25.66750409000505 99.78414683293043 120.0 139.0 78.0
28.451058641403066 23.504299557498783 99.76162449309491 145.0 165.0 75.0
28.451056439142025 23.936940023547827 99.76621203935709 159.0 179.0 84.0
28.451054236880985 24.36958048959687 99.77079958561927 138.0 161.0 63.0
28.45105203461994 24.802220955645915 99.77538713188144 123.0 145.0 65.0
28.4510498323589 25.234861421694962 99.77997467814362 121.0 140.0 76.0
28.45104763009786 25.66750188774401 99.78456222440579 117.0 134.0 82.0
28.451045427836814 26.100142353793053 99.78914977066798 97.0 117.0 70.0
28.883723229616347 23.50429735523774 99.7620398845703 147.0 170.0 69.0
28.883721027355307 23.936937821286783 99.76662743083247 156.0 179.0 77.0
28.883718825094267 24.36957828733583 99.77121497709464 124.0 150.0 52.0
28.883716622833223 24.802218753384878 99.77580252335682 97.0 123.0 48.0
28.883714420572183 25.234859219433922 99.78039006961899 107.0 127.0 67.0
28.883712218311143 25.66749968548297 99.78497761588116 117.0 132.0 90.0
28.883710016050095 26.100140151532013 99.78956516214333 106.0 123.0 79.0
29.31638561556858 23.936935619025743 99.76704282230784 148.0 170.0 65.0
29.316383413307545 24.369576085074787 99.77163036857002 144.0 165.0 65.0
29.316381211046497 24.802216551123834 99.77621791483219 102.0 127.0 48.0
29.316379008785457 25.234857017172878 99.78080546109436 85.0 114.0 45.0
29.316376806524417 25.667497483221926 99.78539300735655 83.0 99.0 66.0
29.74905020378186 23.936933416764703 99.76745821378321 153.0 179.0 64.0
29.74904800152082 24.369573882813746 99.77204576004539 147.0 168.0 68.0
29.749045799259772 24.802214348862794 99.77663330630757 111.0 134.0 54.0
29.74904359699873 25.234854814911838 99.78122085256975 84.0 111.0 47.0
30.1817125897341 24.369571680552706 99.77246115152076 144.0 166.0 67.0
30.181710387473053 24.80221214660175 99.77704869778293 117.0 138.0 60.0
30.181708185212013 25.234852612650798 99.7816362440451 87.0 112.0 49.0
30.614377177947375 24.369569478291666 99.77287654299613 139.0 163.0 66.0
30.614374975686328 24.802209944340706 99.7774640892583 112.0 136.0 55.0
30.61437277342529 25.234850410389754 99.78205163552047 84.0 111.0 45.0
31.04703956389961 24.802207742079666 99.77787948073367 94.0 118.0 51.0
26.287313702078183 24.79764442068895 100.2059504411441 74.0 83.0 51.0
26.28731149981714 25.230284886737998 100.21053798740627 104.0 115.0 72.0
26.71998269481354 23.93236128632982 100.19719074009512 73.0 85.0 49.0
26.719980492552498 24.365001752378866 100.2017782863573 135.0 155.0 90.0
26.719978290291458 24.79764221842791 100.20636583261947 138.0 157.0 93.0
26.719976088030414 25.230282684476958 100.21095337888164 138.0 155.0 94.0
26.71997388576937 25.662923150526 100.21554092514381 145.0 162.0 104.0
26.71997168350833 26.09556361657505 100.220128471406 74.0 86.0 53.0
27.15264948528786 23.49971861801973 100.19301858530831 69.0 81.0 44.0
27.15264728302682 23.932359084068775 100.19760613157048 110.0 130.0 63.0
27.152645080765776 24.364999550117822 100.20219367783265 133.0 156.0 73.0
27.152642878504736 24.797640016166866 100.20678122409484 133.0 154.0 80.0
27.152640676243692 25.230280482215914 100.21136877035703 130.0 151.0 82.0
27.15263847398265 25.66292094826496 100.2159563166192 125.0 142.0 86.0
27.152636271721608 26.095561414314005 100.22054386288137 75.0 90.0 52.0
27.585316275762178 23.067075949709643 100.18884643052151 72.0 81.0 48.0
27.585314073501138 23.49971641575869 100.19343397678368 139.0 156.0 85.0
27.585311871240098 23.932356881807735 100.19802152304587 136.0 157.0 73.0
27.585309668979054 24.364997347856782 100.20260906930804 136.0 158.0 69.0
27.585307466718014 24.797637813905826 100.20719661557021 130.0 150.0 72.0
27.58530526445697 25.230278279954874 100.21178416183238 113.0 134.0 66.0
27.58530306219593 25.662918746003918 100.21637170809456 104.0 125.0 69.0
27.58530085993489 26.09555921205296 100.22095925435673 73.0 91.0 48.0
28.017980863975456 23.0670737474486 100.18926182199688 136.0 153.0 80.0
28.017978661714416 23.499714213497647 100.19384936825907 151.0 171.0 85.0
28.017976459453376 23.932354679546695 100.19843691452124 151.0 173.0 78.0
28.017974257192336 24.36499514559574 100.20302446078341 147.0 170.0 71.0
28.01797205493129 24.797635611644786 100.20761200704558 137.0 157.0 75.0
28.017969852670248 25.23027607769383 100.21219955330776 120.0 140.0 72.0
28.01796765040921 25.662916543742877 100.21678709956993 95.0 119.0 60.0
28.45064545218873 23.06707154518756 100.18967721347227 140.0 160.0 73.0
28.45064324992769 23.499712011236607 100.19426475973444 149.0 171.0 77.0
28.45064104766665 23.932352477285654 100.19885230599661 158.0 181.0 79.0
28.45063884540561 24.364992943334695 100.20343985225878 150.0 172.0 71.0
28.450636643144566 24.797633409383742 100.20802739852095 132.0 153.0 71.0
28.450634440883526 25.230273875432786 100.21261494478313 104.0 126.0 63.0
28.450632238622486 25.662914341481834 100.21720249104531 98.0 119.0 70.0
28.45063003636144 26.09555480753088 100.22179003730749 76.0 95.0 56.0
28.883307838140972 23.499709808975563 100.1946801512098 149.0 172.0 69.0
28.883305635879932 23.93235027502461 100.19926769747197 155.0 180.0 71.0
28.88330343361889 24.364990741073655 100.20385524373415 142.0 166.0 62.0
28.883301231357848 24.797631207122702 100.20844278999634 105.0 130.0 51.0
28.883299029096808 25.23027167317175 100.21303033625851 91.0 114.0 56.0
28.883296826835767 25.662912139220794 100.21761788252068 96.0 114.0 76.0
28.88329462457472 26.09555260526984 100.22220542878286 85.0 103.0 67.0
29.315972426354246 23.49970760671452 100.19509554268518 150.0 175.0 62.0
29.315970224093206 23.932348072763567 100.19968308894735 150.0 175.0 62.0
29.315968021832166 24.364988538812614 100.20427063520953 131.0 157.0 53.0
29.315965819571122 24.79762900486166 100.2088581814717 101.0 125.0 51.0
29.315963617310082 25.230269470910706 100.21344572773387 74.0 93.0 45.0
29.315961415049042 25.66290993695975 100.21803327399604 81.0 96.0 67.0
29.315959212787995 26.095550403008797 100.22262082025821 83.0 99.0 67.0
29.748634812306484 23.932345870502527 100.20009848042272 138.0 165.0 52.0
29.748632610045444 24.364986336551574 100.2046860266849 131.0 157.0 53.0
29.748630407784397 24.797626802600618 100.20927357294707 92.0 118.0 45.0
29.748628205523357 25.230267268649666 100.21386111920924 59.0 84.0 29.0
30.181299400519766 23.932343668241483 100.2005138718981 132.0 161.0 51.0
30.181297198258726 24.36498413429053 100.20510141816027 125.0 151.0 54.0
30.18129499599768 24.797624600339578 100.20968896442245 92.0 118.0 45.0
30.613961786472 24.36498193202949 100.20551680963565 109.0 137.0 48.0
30.613959584210953 24.797622398078534 100.21010435589783 70.0 97.0 30.0
31.04662637468528 24.364979729768447 100.20593220111101 89.0 111.0 44.0
26.28689831060281 24.793056874426775 100.6385907077836 95.0 108.0 62.0
26.286896108341768 25.22569734047582 100.64317825404578 115.0 130.0 79.0
26.286893906080724 25.658337806524866 100.64776580030795 80.0 88.0 56.0
26.719567303338167 23.927773740067643 100.62983100673463 109.0 122.0 76.0
26.719565101077126 24.360414206116687 100.6344185529968 145.0 164.0 97.0
26.719562898816086 24.793054672165734 100.63900609925898 132.0 151.0 88.0
26.719560696555043 25.22569513821478 100.64359364552115 134.0 151.0 90.0
26.719558494294 25.658335604263826 100.64818119178332 123.0 140.0 87.0
27.152234093812485 23.49513107175755 100.62565885194783 92.0 106.0 59.0
27.152231891551445 23.9277715378066 100.63024639821 126.0 146.0 76.0
27.152229689290404 24.360412003855643 100.63483394447218 142.0 163.0 86.0
27.152227487029364 24.79305246990469 100.63942149073435 131.0 153.0 80.0
27.15222528476832 25.225692935953738 100.64400903699652 130.0 149.0 82.0
27.152223082507277 25.658333402002782 100.6485965832587 105.0 126.0 68.0
27.152220880246237 26.09097386805183 100.65318412952088 63.0 85.0 37.0
27.584900884286807 23.062488403447468 100.62148669716102 94.0 106.0 61.0
27.584898682025763 23.49512886949651 100.6260742434232 128.0 147.0 75.0
27.584896479764726 23.92776933554556 100.63066178968538 132.0 155.0 70.0
27.584894277503683 24.360409801594603 100.63524933594755 136.0 160.0 70.0
27.584892075242642 24.79305026764365 100.63983688220972 127.0 149.0 70.0
27.5848898729816 25.225690733692698 100.64442442847191 107.0 133.0 59.0
27.584887670720555 25.65833119974174 100.64901197473408 91.0 117.0 54.0
27.584885468459515 26.090971665790786 100.65359952099625 72.0 92.0 45.0
28.01756547250008 23.062486201186424 100.62190208863639 141.0 159.0 83.0
28.01756327023904 23.49512666723547 100.62648963489856 147.0 167.0 80.0
28.017561067978 23.927767133284515 100.63107718116075 147.0 169.0 74.0
28.01755886571696 24.360407599333563 100.63566472742292 144.0 167.0 70.0
28.017556663455913 24.793048065382607 100.64025227368509 133.0 154.0 71.0
28.017554461194873 25.225688531431654 100.64483981994726 116.0 137.0 65.0
28.017552258933833 25.658328997480698 100.64942736620945 73.0 101.0 38.0
28.450227858452315 23.49512446497443 100.62690502637395 148.0 170.0 75.0
28.450225656191275 23.927764931023475 100.63149257263612 150.0 173.0 73.0
28.450223453930235 24.36040539707252 100.63608011889829 139.0 163.0 66.0
28.450221251669188 24.793045863121563 100.64066766516046 127.0 148.0 66.0
28.45021904940815 25.22568632917061 100.64525521142264 99.0 125.0 57.0
28.45021684714711 25.658326795219658 100.64984275768481 58.0 84.0 30.0
28.450214644886064 26.090967261268702 100.654430303947 71.0 90.0 48.0
28.882892446665597 23.495122262713387 100.62732041784932 148.0 172.0 67.0
28.882890244404557 23.92776272876243 100.63190796411149 145.0 169.0 64.0
28.882888042143517 24.36040319481148 100.63649551037366 128.0 155.0 54.0
28.88288583988247 24.793043660860526 100.64108305663584 99.0 126.0 48.0
28.882883637621433 25.22568412690957 100.64567060289802 84.0 109.0 49.0
28.882879233099345 26.09096505900766 100.65484569542237 70.0 91.0 47.0
29.31555703487887 23.495120060452344 100.62773580932469 147.0 174.0 59.0
29.31555483261783 23.92776052650139 100.63232335558686 136.0 163.0 53.0
29.31555263035679 24.360400992550435 100.63691090184903 90.0 124.0 30.0
29.315550428095747 24.793041458599482 100.64149844811122 59.0 84.0 23.0
29.31554382131262 26.09096285674662 100.65526108689774 80.0 102.0 58.0
29.74821942083111 23.92775832424035 100.63273874706223 114.0 146.0 39.0
29.74821721857007 24.360398790289395 100.6373262933244 81.0 115.0 27.0
29.74821501630902 24.793039256338442 100.64191383958659 65.0 94.0 26.0
29.748208409525898 26.090960654485578 100.65567647837311 65.0 85.0 43.0
30.18088400904439 23.927756121979307 100.6331541385376 102.0 135.0 36.0
30.18088180678335 24.360396588028355 100.63774168479978 71.0 103.0 24.0
30.180879604522303 24.7930370540774 100.64232923106195 51.0 80.0 19.0
26.286482919127437 24.7884693281646 101.07123097442312 84.0 96.0 55.0
26.286480716866393 25.221109794213646 101.07581852068529 87.0 98.0 57.0
26.719151911862795 23.923186193805467 101.06247127337413 127.0 142.0 91.0
26.71914970960175 24.355826659854515 101.0670588196363 138.0 159.0 90.0
26.71914750734071 24.78846712590356 101.07164636589849 127.0 147.0 83.0
26.71914530507967 25.221107591952606 101.07623391216067 119.0 139.0 79.0
27.151818702337113 23.49054352549538 101.05829911858733 108.0 126.0 68.0
27.151816500076073 23.923183991544423 101.06288666484951 146.0 166.0 91.0
27.15181429781503 24.35582445759347 101.06747421111169 139.0 162.0 83.0
27.151812095553993 24.788464923642515 101.07206175737386 130.0 152.0 80.0
27.58448329055039 23.49054132323434 101.05871451006271 125.0 145.0 70.0
27.58448108828935 23.923181789283383 101.06330205632489 137.0 160.0 74.0
27.58447888602831 24.35582225533243 101.06788960258706 136.0 160.0 72.0
27.58447668376727 24.788462721381475 101.07247714884923 124.0 149.0 68.0
28.01714787876367 23.490539120973295 101.05912990153809 142.0 164.0 76.0
28.01714567650263 23.923179587022343 101.06371744780026 145.0 167.0 73.0
28.017143474241593 24.355820053071387 101.06830499406243 130.0 156.0 60.0
28.017141271980545 24.788460519120434 101.0728925403246 124.0 147.0 62.0
28.017139069719505 25.22110098516948 101.07748008658679 101.0 128.0 52.0
28.449812466976947 23.490536918712255 101.05954529301344 145.0 168.0 71.0
28.449810264715907 23.923177384761303 101.06413283927563 141.0 165.0 67.0
28.449808062454867 24.355817850810343 101.06872038553782 127.0 153.0 57.0
28.44980586019382 24.78845831685939 101.07330793179999 118.0 143.0 58.0
28.44980365793278 25.221098782908435 101.07789547806216 94.0 119.0 53.0
28.449799253410696 26.08637971500653 101.0870705705865 70.0 91.0 44.0
28.88247705519023 23.49053471645121 101.05996068448883 145.0 170.0 64.0
28.88247485292919 23.92317518250026 101.064548230751 134.0 160.0 57.0
28.88247265066815 24.355815648549303 101.06913577701317 111.0 142.0 43.0
28.8824704484071 24.78845611459835 101.07372332327535 97.0 125.0 47.0
28.88246824614606 25.221096580647398 101.07831086953752 79.0 104.0 44.0
28.882463841623977 26.08637751274549 101.08748596206188 61.0 84.0 35.0
29.315141643403503 23.490532514190168 101.0603760759642 141.0 170.0 53.0
29.315139441142463 23.923172980239215 101.06496362222637 101.0 136.0 33.0
29.315137238881423 24.355813446288263 101.06955116848854 76.0 113.0 24.0
29.747806231616778 23.49053031192913 101.06079146743957 136.0 166.0 50.0
29.747804029355738 23.923170777978175 101.06537901370174 90.0 125.0 30.0
29.747801827094698 24.355811244027223 101.06996655996393 55.0 89.0 16.0
29.747799624833654 24.788451710076266 101.0745541062261 51.0 81.0 17.0
29.747797422572614 25.221092176125314 101.07914165248827 71.0 97.0 35.0
30.18046861756902 23.92316857571713 101.06579440517713 60.0 91.0 18.0
30.180462010785895 25.22108997386427 101.07955704396365 67.0 93.0 33.0
28.882061663714854 23.48594717018904 101.49260095112832 137.0 164.0 57.0
28.882059461453814 23.918587636238083 101.49718849739051 123.0 152.0 49.0
28.882057259192774 24.35122810228713 101.50177604365268 111.0 141.0 46.0
28.882055056931726 24.783868568336175 101.50636358991486 112.0 136.0 56.0
28.882052854670686 25.216509034385222 101.51095113617703 93.0 120.0 50.0
29.31472625192813 23.485944967927995 101.49301634260371 121.0 153.0 40.0
29.31472404966709 23.91858543397704 101.49760388886588 83.0 124.0 23.0
29.314721847406048 24.351225900026087 101.50219143512805 77.0 115.0 25.0
29.314719645145 24.783866366075134 101.50677898139023 76.0 110.0 30.0
29.31471744288396 25.21650683212418 101.5113665276524 68.0 96.0 31.0
29.31471524062292 25.649147298173226 101.51595407391457 71.0 95.0 40.0
29.74738423335828 24.783864163814094 101.5071943728656 61.0 92.0 23.0
29.74738203109724 25.216504629863138 101.51178191912778 72.0 100.0 34.0
29.746973246404995 23.913995685453827 101.93065954698076 55.0 89.0 16.0
28.887866133064865 25.713375148104717 95.45857494948605 103.0 122.0 60.0
29.32053292353918 25.28073247979463 95.45440279469925 60.0 94.0 20.0
29.32053072127814 25.713372945843673 95.45899034096142 105.0 130.0 55.0
29.753197511752454 25.28073027753359 95.45481818617462 87.0 118.0 38.0
30.185862099965735 25.280728075272545 95.45523357764999 104.0 129.0 55.0
30.618526688179013 25.2807258730115 95.45564896912536 113.0 133.0 67.0
28.022128171946065 24.41087060821749 95.8766217943883 73.0 87.0 37.0
28.022125969685018 24.843511074266534 95.88120934065047 70.0 85.0 37.0
28.454790557898296 24.84350887200549 95.88162473212584 61.0 80.0 27.0
28.454788355637255 25.276149338054537 95.88621227838802 80.0 103.0 38.0
28.454786153376215 25.70878980410358 95.8907998246502 82.0 105.0 43.0
28.454783951115168 26.14143027015263 95.89538737091237 73.0 94.0 41.0
28.88745734837262 24.410866203695406 95.87745257733904 63.0 92.0 19.0
28.887455146111577 24.84350666974445 95.88204012360121 78.0 108.0 29.0
28.887452943850537 25.276147135793497 95.88662766986339 90.0 119.0 39.0
28.887450741589497 25.708787601842545 95.89121521612556 103.0 131.0 54.0
28.88744853932845 26.14142806789159 95.89580276238773 99.0 123.0 61.0
29.32011973432485 24.84350446748341 95.88245551507659 79.0 116.0 25.0
29.32011753206381 25.276144933532454 95.88704306133876 107.0 135.0 49.0
29.32011532980277 25.7087853995815 95.89163060760093 120.0 142.0 64.0
29.752784322538126 24.84350226522237 95.88287090655196 107.0 136.0 43.0
29.752782120277086 25.276142731271413 95.88745845281413 124.0 148.0 61.0
29.752779918016046 25.708783197320457 95.89204599907632 119.0 141.0 66.0
30.185446708490367 25.276140529010373 95.88787384428952 131.0 152.0 72.0
30.185444506229327 25.708780995059417 95.89246139055169 127.0 146.0 82.0
30.618111296703642 25.27613832674933 95.88828923576487 97.0 114.0 53.0
30.6181090944426 25.708778792798373 95.89287678202705 141.0 156.0 104.0
31.050773682655883 25.708776590537333 95.89329217350242 126.0 138.0 96.0
28.02171278047069 24.40628306195531 96.30926206102781 109.0 127.0 57.0
28.021710578209643 24.838923528004358 96.31384960728998 83.0 101.0 41.0
28.454379570945004 23.973640393645226 96.30508990624101 91.0 112.0 42.0
28.454377368683964 24.406280859694267 96.30967745250318 113.0 137.0 49.0
28.454375166422917 24.838921325743314 96.31426499876535 88.0 112.0 38.0
28.45437296416188 25.271561791792358 96.31885254502753 64.0 90.0 24.0
28.454368559639793 26.136842723890453 96.32802763755187 57.0 81.0 27.0
28.887041956897246 24.406278657433226 96.31009284397855 101.0 133.0 36.0
28.8870397546362 24.838919123482274 96.31468039024072 97.0 126.0 38.0
28.887037552375162 25.27155958953132 96.3192679365029 83.0 113.0 34.0
28.88703535011412 25.704200055580365 96.32385548276508 53.0 83.0 18.0
28.887033147853074 26.136840521629413 96.32844302902726 54.0 80.0 23.0
29.31970654511052 24.406276455172186 96.31050823545392 95.0 128.0 31.0
29.319704342849477 24.83891692122123 96.3150957817161 112.0 143.0 43.0
29.319702140588436 25.271557387270278 96.31968332797828 107.0 138.0 44.0
29.319699938327396 25.70419785331932 96.32427087424045 95.0 129.0 37.0
29.31969773606635 26.13683831936837 96.32885842050263 65.0 95.0 29.0
29.75236893106275 24.83891471896019 96.31551117319147 112.0 142.0 42.0
29.75236672880171 25.271555185009237 96.32009871945364 114.0 142.0 49.0
29.75236452654067 25.70419565105828 96.32468626571581 101.0 129.0 50.0
29.752362324279623 26.136836117107325 96.32927381197798 90.0 116.0 52.0
30.185033519276033 24.83891251669915 96.31592656466684 118.0 148.0 45.0
30.185031317014992 25.271552982748194 96.32051411092901 107.0 135.0 49.0
30.185029114753952 25.70419344879724 96.3251016571912 84.0 106.0 46.0
30.185026912492905 26.136833914846285 96.32968920345337 62.0 80.0 38.0
30.617695905228267 25.27155078048715 96.3209295024044 90.0 114.0 45.0
31.05036049344155 25.27154857822611 96.32134489387977 73.0 96.0 34.0
28.021299591256355 23.96905504964409 96.73731478140513 99.0 112.0 60.0
28.021297388995315 24.401695515693138 96.74190232766732 134.0 152.0 77.0
28.021295186734267 24.834335981742182 96.74648987392949 76.0 97.0 36.0
28.021288579951143 26.13225737988932 96.76025251271602 73.0 99.0 35.0
28.45396417946963 23.96905284738305 96.73773017288052 130.0 149.0 70.0
28.45396197720859 24.401693313432094 96.74231771914269 133.0 154.0 66.0
28.453959774947542 24.83433377948114 96.74690526540486 102.0 129.0 45.0
28.4539575726865 25.266974245530186 96.75149281166703 69.0 103.0 24.0
28.453955370425465 25.69961471157923 96.7560803579292 54.0 87.0 18.0
28.453953168164418 26.132255177628277 96.7606679041914 81.0 108.0 42.0
28.88662656542187 24.401691111171054 96.74273311061806 126.0 152.0 54.0
28.886624363160823 24.834331577220098 96.74732065688023 105.0 135.0 43.0
28.886622160899783 25.266972043269146 96.7519082031424 94.0 128.0 37.0
28.886619958638747 25.699612509318193 96.75649574940458 64.0 98.0 22.0
28.8866177563777 26.132252975367237 96.76108329566677 67.0 96.0 31.0
29.319291153635145 24.40168890891001 96.74314850209343 107.0 139.0 36.0
29.3192889513741 24.834329374959058 96.7477360483556 122.0 151.0 50.0
29.31928674911306 25.266969841008102 96.75232359461778 114.0 142.0 50.0
29.31928454685202 25.69961030705715 96.75691114087996 74.0 112.0 25.0
29.751953539587376 24.834327172698018 96.74815143983099 115.0 143.0 43.0
29.751951337326336 25.26696763874706 96.75273898609316 101.0 131.0 43.0
29.751949135065296 25.699608104796106 96.75732653235534 82.0 114.0 36.0
29.75194693280425 26.132248570845153 96.76191407861751 73.0 100.0 38.0
29.751944730543208 26.564889036894197 96.76650162487968 62.0 82.0 39.0
30.184618127800658 24.834324970436974 96.74856683130635 121.0 147.0 51.0
30.184615925539617 25.26696543648602 96.75315437756853 95.0 124.0 44.0
30.184613723278577 25.699605902535065 96.75774192383071 78.0 102.0 43.0
30.18461152101753 26.132246368584113 96.76232947009288 74.0 95.0 46.0
30.617280513752892 25.266963234224978 96.75356976904389 88.0 114.0 46.0
27.588210802523538 25.69503156983914 97.18788984161797 76.0 104.0 29.0
28.020881997519943 24.397107969430962 97.17454259430683 124.0 140.0 72.0
28.0208797952589 24.82974843548001 97.179130140569 77.0 103.0 32.0
28.02087759299786 25.262388901529054 97.18371768683117 53.0 87.0 15.0
28.02087539073682 25.6950293675781 97.18830523309335 81.0 116.0 33.0
28.020873188475772 26.127669833627145 97.19289277935553 99.0 127.0 50.0
28.02087098621473 26.560310299676193 97.1974803256177 81.0 99.0 50.0
28.45354658573322 24.39710576716992 97.1749579857822 132.0 152.0 69.0
28.453544383472174 24.829746233218966 97.17954553204437 94.0 125.0 39.0
28.453542181211134 25.26238669926801 97.18413307830656 68.0 103.0 23.0
28.453539978950094 25.695027165317057 97.18872062456873 81.0 116.0 34.0
28.45353777668905 26.1276676313661 97.1933081708309 101.0 127.0 54.0
28.45353557442801 26.56030809741515 97.19789571709308 68.0 85.0 43.0
28.886211173946503 24.39710356490888 97.17537337725759 121.0 145.0 53.0
28.886208971685456 24.829744030957926 97.17996092351976 107.0 135.0 45.0
28.886206769424415 25.26238449700697 97.18454846978193 96.0 128.0 39.0
28.886204567163375 25.695024963056017 97.1891360160441 87.0 120.0 38.0
28.88620236490233 26.127665429105065 97.19372356230627 83.0 111.0 45.0
29.318875762159777 24.397101362647835 97.17578876873294 108.0 138.0 39.0
29.31887355989873 24.829741828696882 97.18037631499512 111.0 138.0 46.0
29.31887135763769 25.26238229474593 97.18496386125729 110.0 136.0 50.0
29.31886915537665 25.695022760794973 97.18955140751946 74.0 108.0 29.0
29.751540350373052 24.397099160386798 97.17620416020831 117.0 146.0 40.0
29.751538148112004 24.829739626435842 97.18079170647049 104.0 133.0 40.0
29.751535945850968 25.26238009248489 97.18537925273267 93.0 124.0 40.0
29.751533743589928 25.69502055853393 97.18996679899485 77.0 109.0 35.0
29.75153154132888 26.127661024582977 97.19455434525702 66.0 92.0 35.0
30.184202736325286 24.829737424174798 97.18120709794587 99.0 129.0 39.0
30.18420053406425 25.262377890223846 97.18579464420804 81.0 111.0 38.0
30.18419833180321 25.695018356272893 97.19038219047022 59.0 83.0 30.0
30.184196129542162 26.127658822321937 97.19496973673239 63.0 83.0 37.0
30.616867324538564 24.829735221913758 97.18162248942124 100.0 128.0 45.0
27.155130822834888 25.69044622583801 97.62011471678213 84.0 102.0 41.0
27.587797613309206 25.25780355752792 97.61594256199533 100.0 133.0 40.0
27.587795411048166 25.690444023576966 97.6205301082575 111.0 140.0 49.0
27.587793208787126 26.123084489626013 97.62511765451967 107.0 131.0 57.0
28.020464403783524 24.825160889217834 97.61177040720851 97.0 126.0 43.0
28.020462201522484 25.25780135526688 97.61635795347068 99.0 131.0 40.0
28.020459999261444 25.690441821315925 97.62094549973287 111.0 141.0 50.0
28.020457797000397 26.123082287364973 97.62553304599504 117.0 142.0 62.0
28.020455594739357 26.555722753414017 97.63012059225721 102.0 122.0 63.0
28.4531289919968 24.82515868695679 97.61218579868388 99.0 129.0 42.0
28.45312678973576 25.257799153005838 97.61677334494605 96.0 128.0 40.0
28.45312458747472 25.69043961905488 97.62136089120823 112.0 140.0 52.0
28.45312238521367 26.12308008510393 97.62594843747041 112.0 136.0 62.0
28.453120182952635 26.555720551152973 97.63053598373259 94.0 113.0 63.0
28.88579358021008 24.82515648469575 97.61260119015925 101.0 131.0 41.0
28.88579137794904 25.257796950744797 97.61718873642144 99.0 129.0 42.0
28.885789175688 25.69043741679384 97.62177628268361 102.0 130.0 49.0
28.885786973426953 26.12307788284289 97.62636382894578 94.0 121.0 54.0
29.318458168423355 24.825154282434706 97.61301658163464 113.0 138.0 49.0
29.318455966162315 25.257794748483754 97.61760412789681 102.0 131.0 45.0
29.318453763901275 25.6904352145328 97.62219167415898 71.0 103.0 33.0
29.31845156164023 26.123075680581845 97.62677922042116 57.0 82.0 29.0
29.75112275663663 24.82515208017367 97.61343197311001 98.0 127.0 39.0
29.75112055437559 25.257792546222714 97.61801951937218 86.0 119.0 37.0
29.751118352114553 25.690433012271757 97.62260706563436 80.0 111.0 41.0
29.751116149853505 26.1230734783208 97.62719461189653 75.0 100.0 44.0
29.751113947592465 26.55571394436985 97.63178215815871 74.0 91.0 52.0
30.18378734484991 24.825149877912626 97.61384736458537 89.0 120.0 38.0
30.18378514258887 25.25779034396167 97.61843491084755 67.0 94.0 32.0
30.183782940327834 25.690430810010717 97.62302245710973 59.0 80.0 34.0
30.183780738066787 26.123071276059765 97.6276100033719 64.0 80.0 42.0
30.183778535805747 26.55571174210881 97.63219754963409 73.0 86.0 50.0
30.61645193306319 24.825147675651582 97.61426275606075 80.0 107.0 35.0
27.154715431359513 25.685858679575833 98.05275498342162 116.0 133.0 66.0
27.154713229098473 26.11849914562488 98.0573425296838 75.0 85.0 47.0
27.58738001957279 25.68585647731479 98.05317037489701 128.0 152.0 67.0
27.587377817311754 26.118496943363837 98.05775792115918 127.0 148.0 75.0
27.58737561505071 26.551137409412885 98.06234546742135 65.0 87.0 36.0
28.020044607786073 25.685854275053753 98.05358576637238 127.0 152.0 64.0
28.02004240552503 26.118494741102797 98.05817331263455 119.0 142.0 65.0
28.02004020326399 26.551135207151844 98.06276085889672 85.0 104.0 53.0
28.45271139826039 25.253211606743662 98.04941361158558 143.0 165.0 78.0
28.45270919599935 25.68585207279271 98.05400115784775 118.0 144.0 60.0
28.452706993738303 26.118492538841753 98.05858870410992 97.0 123.0 52.0
28.885375986473672 25.25320940448262 98.04982900306094 128.0 150.0 70.0
28.885373784212632 25.68584987053167 98.05441654932312 96.0 125.0 48.0
28.885371581951585 26.118490336580713 98.05900409558531 62.0 88.0 31.0
29.318040574686947 25.25320720222158 98.05024439453632 100.0 127.0 46.0
29.318038372425907 25.685847668270625 98.0548319407985 65.0 98.0 27.0
29.75070516290022 25.25320499996054 98.05065978601169 91.0 120.0 43.0
29.75070296063918 25.68584546600958 98.05524733227386 67.0 98.0 32.0
30.183371953374543 24.82056233165045 98.04648763122489 110.0 136.0 49.0
30.183369751113503 25.253202797699497 98.05107517748706 86.0 114.0 45.0
30.183367548852463 25.68584326374854 98.05566272374924 55.0 81.0 27.0
30.18336314433038 26.551124195846636 98.0648378162736 60.0 82.0 32.0
30.616036541587818 24.820560129389406 98.04690302270026 92.0 122.0 42.0
31.0487011298011 24.82055792712837 98.04731841417563 84.0 109.0 39.0
27.154297837623098 26.1139115993627 98.48998279632332 114.0 128.0 79.0
27.586962425836376 26.11390939710166 98.49039818779869 137.0 154.0 92.0
27.586960223575336 26.546549863150705 98.49498573406086 75.0 92.0 52.0
28.019627014049654 26.11390719484062 98.49081357927406 120.0 140.0 73.0
28.452293804523975 25.68126452653053 98.48664142448726 135.0 153.0 80.0
28.452291602262928 26.113904992579577 98.49122897074943 89.0 111.0 51.0
28.884958392737257 25.68126232426949 98.48705681596263 91.0 114.0 51.0
29.750287569163806 25.681257919747406 98.48788759891337 72.0 100.0 36.0
30.182952157377088 25.681255717486366 98.48830299038875 81.0 110.0 45.0
30.615618947851402 25.248613049176278 98.48413083560195 69.0 97.0 32.0
30.615616745590362 25.681253515225322 98.48871838186412 83.0 108.0 50.0
30.61561454332932 26.11389398127437 98.49330592812629 60.0 81.0 31.0
30.615201354114994 25.67666596896315 98.92135864850363 88.0 119.0 43.0
28.888692511493524 26.587831172727157 94.60246950873137 76.0 93.0 48.0
28.888690309232484 27.0204716387762 94.60705705499355 102.0 118.0 73.0
29.321354897445758 27.02046943651516 94.60747244646893 61.0 82.0 41.0
29.754021687920073 26.587826768205073 94.60330029168213 59.0 80.0 36.0
29.32094391049247 26.150600958154897 95.03093762058408 81.0 106.0 47.0
29.32094170823143 26.58324142420394 95.03552516684626 72.0 99.0 43.0
30.61893987739335 25.71795388532272 95.02759624874804 82.0 100.0 47.0
29.320528519017095 26.14601341189272 95.46357788722361 104.0 125.0 64.0
29.320526316756055 26.57865387794177 95.46816543348578 91.0 112.0 64.0
29.753195309491417 25.713370743582633 95.4594057324368 102.0 128.0 54.0
29.75319310723037 26.146011209631677 95.46399327869898 58.0 83.0 29.0
30.1858598977047 25.713368541321593 95.45982112391216 107.0 129.0 63.0
30.618524485917973 25.71336633906055 95.46023651538754 104.0 120.0 67.0
29.320113127541724 26.141425865630545 95.8962181538631 124.0 142.0 84.0
29.320110925280684 26.574066331679592 95.90080570012529 99.0 114.0 79.0
29.752777715755002 26.141423663369505 95.89663354533849 86.0 110.0 53.0
32.34836526938659 23.108339641197755 96.29965333699501 136.0 151.0 67.0
28.45396858399171 23.10377191528496 96.72855508035616 111.0 123.0 71.0
28.45396638173067 23.536412381334003 96.73314262661833 116.0 130.0 68.0
28.88663317220499 23.103769713023915 96.72897047183154 146.0 163.0 85.0
28.88663096994395 23.536410179072963 96.73355801809372 142.0 160.0 76.0
29.319297760418266 23.103767510762875 96.72938586330692 152.0 169.0 80.0
29.75196234863154 23.10376530850183 96.72980125478229 162.0 181.0 83.0
30.184626936844822 23.10376310624079 96.73021664625765 149.0 172.0 70.0
30.617291525058096 23.10376090397975 96.73063203773303 127.0 156.0 51.0
31.049956113271378 23.103758701718707 96.7310474292084 126.0 154.0 52.0
31.482620701484656 23.103756499457667 96.73146282068377 152.0 174.0 80.0
31.915287491958978 22.67111383114758 96.72729066589697 122.0 136.0 76.0
31.91528528969793 23.103754297196623 96.73187821215915 186.0 201.0 119.0
32.34794987791121 23.10375209493558 96.73229360363452 165.0 174.0 95.0
28.453555394777386 22.66654390297374 97.15660780073351 74.0 83.0 47.0
28.45355319251634 23.099184369022783 97.16119534699568 143.0 158.0 88.0
28.453550990255298 23.53182483507183 97.16578289325786 148.0 165.0 87.0
28.886219982990667 22.666541700712695 97.15702319220887 142.0 159.0 83.0
28.88621778072962 23.099182166761743 97.16161073847104 153.0 171.0 86.0
28.88621557846858 23.531822632810787 97.16619828473321 151.0 169.0 81.0
29.318886773464982 22.233899032402608 97.15285103742207 221.0 225.0 157.0
29.31888457120394 22.666539498451655 97.15743858368424 172.0 188.0 102.0
29.318882368942898 23.099179964500703 97.16202612994643 157.0 176.0 82.0
29.318880166681858 23.531820430549743 97.1666136762086 145.0 165.0 69.0
29.318877964420818 23.96446089659879 97.17120122247077 141.0 163.0 63.0
29.751551361678256 22.233896830141568 97.15326642889745 234.0 235.0 165.0
29.75154915941722 22.66653729619061 97.15785397515963 179.0 196.0 104.0
29.751546957156172 23.09917776223966 97.1624415214218 157.0 177.0 76.0
29.751544754895132 23.531818228288703 97.16702906768397 141.0 165.0 60.0
30.1842137476305 22.666535093929568 97.158269366635 156.0 176.0 83.0
30.184211545369454 23.099175559978615 97.16285691289717 151.0 174.0 70.0
30.184209343108414 23.531816026027663 97.16744445915934 141.0 167.0 57.0
30.61687613358273 23.099173357717575 97.16327230437253 136.0 164.0 57.0
30.616873931321688 23.531813823766623 97.16785985063471 140.0 169.0 56.0
31.049542924057057 22.666530689407487 97.15910014958574 79.0 99.0 35.0
31.04954072179601 23.09917115545653 97.16368769584791 138.0 164.0 62.0
31.04953851953497 23.53181162150558 97.16827524211008 136.0 164.0 55.0
31.48220751227033 22.666528487146447 97.15951554106111 145.0 164.0 85.0
31.482205310009284 23.09916895319549 97.16410308732328 154.0 176.0 83.0
31.482203107748244 23.53180941924454 97.16869063358546 150.0 175.0 73.0
31.914872100483606 22.666526284885403 97.15993093253648 157.0 165.0 98.0
31.914869898222562 23.09916675093445 97.16451847879866 193.0 205.0 127.0
32.34753448643584 23.099164548673407 97.16493387027404 176.0 183.0 111.0
28.02047321282769 23.09459902502165 97.5934202221598 140.0 152.0 92.0
28.45314000330201 22.661956356711563 97.589248067373 142.0 158.0 92.0
28.453137801040963 23.09459682276061 97.59383561363519 158.0 176.0 94.0
28.453135598779923 23.527237288809655 97.59842315989737 153.0 171.0 89.0
28.885806793776332 22.229313688401476 97.58507591258622 94.0 107.0 59.0
28.885804591515292 22.66195415445052 97.58966345884839 144.0 163.0 82.0
28.885802389254245 23.094594620499567 97.59425100511056 150.0 169.0 80.0
28.885800186993205 23.527235086548615 97.59883855137274 142.0 162.0 73.0
29.318471381989607 22.229311486140436 97.58549130406158 174.0 187.0 112.0
29.318469179728567 22.66195195218948 97.59007885032376 156.0 175.0 85.0
29.318466977467523 23.094592418238527 97.59466639658594 148.0 169.0 73.0
29.318464775206483 23.52723288428757 97.59925394284811 132.0 155.0 58.0
29.318462572945442 23.959873350336615 97.60384148911028 118.0 144.0 47.0
29.75113817246392 21.796668817830348 97.58131914927478 80.0 90.0 43.0
29.75113597020288 22.22930928387939 97.58590669553695 151.0 169.0 85.0
29.75113376794184 22.66194974992844 97.59049424179912 156.0 176.0 81.0
29.751131565680797 23.094590215977483 97.59508178806131 155.0 178.0 73.0
29.751129363419757 23.52723068202653 97.59966933432348 146.0 170.0 63.0
29.751127161158717 23.959871148075575 97.60425688058565 135.0 160.0 54.0
30.183800558416163 22.22930708161835 97.58632208701233 113.0 131.0 61.0
30.183798356155123 22.661947547667395 97.5909096332745 146.0 167.0 76.0
30.18379615389408 23.09458801371644 97.59549717953668 159.0 183.0 76.0
30.18379395163304 23.527228479765487 97.60008472579885 156.0 181.0 70.0
30.183791749372 23.959868945814534 97.60467227206102 145.0 171.0 61.0
30.6164629443684 22.661945345406355 97.59132502474988 116.0 133.0 59.0
30.616460742107353 23.094585811455403 97.59591257101205 161.0 184.0 80.0
30.616458539846313 23.527226277504447 97.60050011727422 158.0 184.0 72.0
30.616456337585273 23.959866743553494 97.6050876635364 151.0 178.0 66.0
31.049129734842722 22.229302677096268 97.58715286996308 80.0 84.0 39.0
31.049127532581682 22.66194314314531 97.59174041622525 135.0 156.0 72.0
31.049125330320635 23.09458360919436 97.59632796248742 139.0 164.0 66.0
31.049123128059595 23.527224075243403 97.60091550874961 132.0 159.0 58.0
31.049120925798555 23.95986454129245 97.60550305501178 126.0 154.0 52.0
31.481794323055997 22.229300474835227 97.58756826143845 73.0 80.0 38.0
31.481792120794957 22.66194094088427 97.59215580770062 137.0 156.0 80.0
31.48178991853391 23.09458140693332 97.5967433539628 147.0 169.0 81.0
31.48178771627287 23.527221872982363 97.60133090022498 138.0 164.0 68.0
31.48178551401183 23.959862339031407 97.60591844648715 135.0 162.0 64.0
31.91445670900823 22.66193873862323 97.59257119917599 122.0 135.0 74.0
31.914454506747187 23.094579204672275 97.59715874543816 168.0 185.0 105.0
31.914452304486147 23.527219670721323 97.60174629170034 161.0 182.0 95.0
32.34712129722151 22.661936536362187 97.59298659065136 88.0 93.0 53.0
32.34711909496047 23.09457700241123 97.59757413691354 184.0 189.0 121.0
32.347116892699425 23.52721746846028 97.60216168317571 165.0 181.0 104.0
28.020060023613365 22.65737101271043 98.02147294253716 99.0 109.0 67.0
28.02005782135232 23.090011478759475 98.02606048879933 136.0 152.0 85.0
28.45272681408768 22.224728344400344 98.01730078775034 86.0 96.0 59.0
28.452724611826643 22.65736881044939 98.02188833401252 150.0 167.0 95.0
28.452722409565595 23.090009276498435 98.02647588027469 150.0 168.0 86.0
28.88539140230096 22.2247261421393 98.01771617922572 139.0 156.0 89.0
28.885389200039924 22.657366608188347 98.0223037254879 151.0 169.0 89.0
28.885386997778877 23.09000707423739 98.02689127175007 153.0 172.0 83.0
28.885384795517837 23.52264754028644 98.03147881801225 143.0 163.0 72.0
29.31805599051424 22.22472393987826 98.0181315707011 145.0 163.0 87.0
29.3180537882532 22.657364405927307 98.02271911696327 153.0 171.0 85.0
29.31805158599215 23.09000487197635 98.02730666322545 153.0 173.0 77.0
29.31804938373111 23.522645338025395 98.03189420948762 150.0 170.0 72.0
29.750722780988553 21.792081271568172 98.0139594159143 111.0 126.0 64.0
29.750720578727513 22.22472173761722 98.01854696217647 158.0 177.0 89.0
29.750718376466473 22.657362203666263 98.02313450843864 157.0 177.0 79.0
29.750716174205426 23.09000266971531 98.02772205470082 161.0 183.0 76.0
29.75071397194439 23.522643135764355 98.03230960096299 159.0 182.0 71.0
29.75071176968335 23.955283601813402 98.03689714722516 149.0 174.0 63.0
30.183387369201835 21.792079069307132 98.01437480738966 122.0 141.0 71.0
30.183385166940795 22.22471953535618 98.01896235365183 159.0 180.0 90.0
30.183382964679755 22.65736000140522 98.02354989991402 150.0 174.0 73.0
30.183380762418707 23.090000467454267 98.02813744617619 156.0 181.0 72.0
30.18337856015767 23.522640933503315 98.03272499243838 158.0 183.0 70.0
30.18337635789663 23.95528139955236 98.03731253870055 151.0 178.0 61.0
30.61605195741511 21.792076867046088 98.01479019886503 90.0 101.0 47.0
30.61604975515407 22.224717333095136 98.01937774512722 156.0 179.0 86.0
30.61604755289303 22.65735779914418 98.02396529138939 151.0 177.0 73.0
30.616045350631985 23.089998265193227 98.02855283765156 146.0 174.0 63.0
30.616043148370945 23.522638731242274 98.03314038391373 141.0 170.0 57.0
30.616040946109905 23.95527919729132 98.0377279301759 136.0 166.0 52.0
30.616038743848865 24.387919663340366 98.04231547643808 124.0 155.0 46.0
31.04871434336735 22.224715130834092 98.01979313660259 118.0 124.0 69.0
31.04871214110631 22.65735559688314 98.02438068286476 158.0 181.0 86.0
31.048709938845267 23.089996062932183 98.02896822912693 143.0 170.0 68.0
31.048707736584227 23.52263652898123 98.0335557753891 137.0 165.0 59.0
31.048705534323187 23.955276995030275 98.03814332165128 138.0 166.0 58.0
31.048703332062146 24.387917461079322 98.04273086791346 126.0 154.0 53.0
31.48137672931959 22.6573533946221 98.02479607434013 162.0 180.0 102.0
31.48137452705854 23.089993860671143 98.0293836206023 168.0 189.0 99.0
31.4813723247975 23.52263432672019 98.03397116686449 157.0 181.0 81.0
31.48137012253646 23.955274792769234 98.03855871312666 147.0 172.0 72.0
31.48136792027542 24.38791525881828 98.04314625938883 135.0 161.0 65.0
31.914041317532863 22.657351192361055 98.02521146581552 112.0 124.0 74.0
31.914039115271816 23.089991658410103 98.02979901207769 181.0 195.0 122.0
31.914036913010776 23.522632124459147 98.03438655833986 168.0 188.0 103.0
31.914034710749736 23.955272590508194 98.03897410460203 151.0 175.0 83.0
31.914032508488695 24.387913056557238 98.0435616508642 119.0 140.0 64.0
32.3467037034851 23.08998945614906 98.03021440355305 141.0 155.0 89.0
32.34670150122406 23.522629922198103 98.03480194981522 151.0 170.0 97.0
32.34669929896302 23.95527038824715 98.0393894960774 121.0 139.0 73.0
28.01964463213799 22.652783466448252 98.45411320917667 123.0 137.0 83.0
28.019642429876946 23.0854239324973 98.45870075543884 137.0 154.0 85.0
28.452311422612304 22.220140798138168 98.44994105438987 151.0 162.0 106.0
28.452309220351264 22.65278126418721 98.45452860065204 145.0 162.0 90.0
28.45230701809022 23.08542173023626 98.45911614691421 140.0 159.0 78.0
28.884978213086626 21.787498129828077 98.44576889960307 88.0 99.0 57.0
28.884976010825586 22.220138595877124 98.45035644586524 153.0 169.0 97.0
28.884973808564546 22.652779061926168 98.45494399212741 148.0 166.0 85.0
28.884971606303502 23.085419527975215 98.45953153838958 144.0 165.0 76.0
28.88496940404246 23.518059994024263 98.46411908465176 143.0 162.0 72.0
29.317642801299904 21.787495927567036 98.44618429107842 136.0 150.0 85.0
29.317640599038864 22.220136393616084 98.4507718373406 145.0 162.0 83.0
29.317638396777824 22.652776859665128 98.45535938360278 147.0 166.0 77.0
29.317636194516776 23.085417325714175 98.45994692986496 143.0 165.0 66.0
29.317633992255736 23.51805779176322 98.46453447612713 141.0 164.0 63.0
29.75030738951318 21.787493725305996 98.44659968255381 159.0 176.0 97.0
29.75030518725214 22.22013419135504 98.45118722881598 161.0 179.0 89.0
29.750302984991098 22.652774657404088 98.45577477507815 155.0 175.0 77.0
29.75030078273005 23.08541512345313 98.46036232134033 157.0 180.0 70.0
29.75029858046901 23.51805558950218 98.4649498676025 150.0 175.0 62.0
29.750296378207974 23.950696055551223 98.46953741386467 144.0 170.0 57.0
30.18296977546542 22.220131989094 98.45160262029135 156.0 176.0 84.0
30.18296757320438 22.652772455143044 98.45619016655353 155.0 177.0 75.0
30.182965370943332 23.085412921192088 98.4607777128157 157.0 182.0 69.0
30.182963168682292 23.518053387241135 98.46536525907787 154.0 181.0 64.0
30.182960966421255 23.950693853290183 98.46995280534006 148.0 175.0 58.0
30.615632161417654 22.652770252882004 98.4566055580289 150.0 176.0 70.0
30.61562995915661 23.08541071893105 98.46119310429107 151.0 178.0 64.0
30.61562775689557 23.518051184980095 98.46578065055326 146.0 175.0 58.0
30.61562555463453 23.950691651029143 98.47036819681543 145.0 174.0 56.0
30.61562335237349 24.383332117078186 98.4749557430776 134.0 164.0 51.0
31.048296749630936 22.65276805062096 98.45702094950427 145.0 171.0 72.0
31.048294547369892 23.085408516670007 98.46160849576646 152.0 178.0 73.0
31.04829234510885 23.51804898271905 98.46619604202863 147.0 175.0 65.0
31.04829014284781 23.9506894487681 98.4707835882908 143.0 171.0 60.0
31.04828794058677 24.383329914817146 98.47537113455297 133.0 161.0 55.0
31.480959135583166 23.085406314408967 98.46202388724181 150.0 174.0 82.0
31.480956933322126 23.51804678045801 98.46661143350399 151.0 177.0 76.0
31.480954731061086 23.950687246507055 98.47119897976616 147.0 174.0 71.0
31.480952528800046 24.383327712556103 98.47578652602834 137.0 163.0 64.0
31.480950326539 24.815968178605146 98.48037407229052 114.0 136.0 64.0
31.91362372379644 23.085404112147923 98.46243927871718 157.0 176.0 101.0
31.9136215215354 23.51804457819697 98.46702682497937 158.0 180.0 92.0
31.91361931927436 23.950685044246015 98.47161437124154 148.0 173.0 79.0
31.91361711701332 24.383325510295062 98.47620191750372 109.0 129.0 58.0
32.346288312009726 23.08540190988688 98.46285467019257 140.0 156.0 95.0
32.34628610974868 23.518042375935927 98.46744221645474 141.0 160.0 90.0
28.01922924066262 22.648195920186076 98.88675347581616 132.0 147.0 84.0
28.451896031136936 22.215553251875992 98.88258132102936 151.0 164.0 102.0
28.451893828875896 22.64819371792504 98.88716886729155 139.0 156.0 84.0
28.45189162661485 23.080834183974083 98.89175641355372 135.0 155.0 74.0
28.884560619350218 22.215551049614948 98.88299671250475 154.0 170.0 97.0
28.884558417089178 22.648191515663996 98.88758425876692 145.0 163.0 83.0
28.88455621482813 23.08083198171304 98.8921718050291 143.0 163.0 74.0
29.317223005302452 22.648189313402955 98.88799965024229 153.0 172.0 81.0
29.31722080304141 23.080829779452 98.89258719650446 143.0 165.0 65.0
29.317218600780368 23.513470245501043 98.89717474276664 140.0 163.0 63.0
29.74988759351573 22.64818711114191 98.88841504171766 156.0 175.0 76.0
29.749885391254683 23.08082757719096 98.89300258797985 154.0 178.0 68.0
29.749883188993643 23.513468043240003 98.89759013424202 152.0 177.0 64.0
30.18255218172901 22.648184908880868 98.88883043319304 151.0 173.0 70.0
30.182549979467964 23.080825374929915 98.89341797945521 152.0 178.0 63.0
30.182547777206924 23.51346584097896 98.89800552571738 153.0 180.0 62.0
30.182545574945884 23.946106307028007 98.90259307197957 150.0 177.0 59.0
30.61521456768124 23.080823172668875 98.89383337093058 145.0 175.0 57.0
30.6152123654202 23.513463638717923 98.89842091719275 145.0 176.0 55.0
30.61521016315916 23.946104104766967 98.90300846345494 148.0 178.0 57.0
31.04787915589452 23.08082097040783 98.89424876240597 153.0 181.0 73.0
31.04787695363348 23.51346143645688 98.89883630866814 154.0 182.0 69.0
31.04787475137244 23.946101902505923 98.90342385493031 144.0 173.0 61.0
31.0478725491114 24.37874236855497 98.90801140119248 141.0 169.0 59.0
31.480543744107795 23.08081876814679 98.89466415388134 145.0 170.0 78.0
31.48054154184676 23.51345923419584 98.89925170014351 149.0 175.0 75.0
31.480539339585718 23.946099700244883 98.90383924640568 144.0 173.0 69.0
31.480537137324678 24.378740166293927 98.90842679266785 150.0 175.0 74.0
31.913206130060033 23.513457031934795 98.89966709161888 154.0 177.0 91.0
31.913203927798993 23.946097497983843 98.90425463788105 151.0 177.0 82.0
31.913201725537952 24.378737964032887 98.90884218414323 137.0 160.0 76.0
31.913199523276905 24.811378430081934 98.91342973040541 66.0 83.0 34.0
32.34587071827331 23.51345482967375 98.90008248309425 98.0 115.0 60.0
28.018816051448287 22.210967907874856 99.31480619619352 75.0 85.0 51.0
28.018813849187246 22.643608373923904 99.31939374245569 117.0 133.0 72.0
28.45147843740052 22.643606171662864 99.31980913393106 138.0 156.0 82.0
28.451476235139474 23.07624663771191 99.32439668019323 137.0 157.0 74.0
28.884143025613803 22.64360396940182 99.32022452540643 149.0 166.0 83.0
28.884140823352755 23.076244435450867 99.32481207166862 143.0 164.0 71.0
29.316805411566033 23.076242233189827 99.32522746314397 146.0 167.0 68.0
29.316803209304993 23.50888269923887 99.32981500940615 141.0 163.0 62.0
29.749469999779308 23.076240030928783 99.32564285461935 153.0 177.0 65.0
29.749467797518268 23.50888049697783 99.33023040088152 155.0 178.0 65.0
30.18213458799259 23.07623782866774 99.32605824609473 148.0 175.0 58.0
30.18213238573155 23.508878294716787 99.3306457923569 150.0 178.0 61.0
30.18213018347051 23.941518760765835 99.33523333861908 154.0 180.0 65.0
30.614796973944824 23.508876092455747 99.33106118383228 143.0 175.0 54.0
30.614794771683783 23.941516558504794 99.33564873009445 147.0 176.0 60.0
31.047461562158105 23.508873890194703 99.33147657530763 149.0 178.0 67.0
31.047459359897065 23.94151435624375 99.33606412156982 131.0 161.0 57.0
31.047457157636025 24.374154822292795 99.340651667832 136.0 161.0 66.0
31.48012615037138 23.508871687933663 99.33189196678302 147.0 174.0 75.0
31.480123948110343 23.941512153982707 99.33647951304519 148.0 173.0 79.0
31.480121745849303 24.374152620031754 99.34106705930736 145.0 166.0 83.0
31.912790738584658 23.508869485672623 99.33230735825839 141.0 164.0 84.0
31.912788536323617 23.941509951721667 99.33689490452056 159.0 179.0 100.0
31.912786334062577 24.374150417770714 99.34148245078273 108.0 125.0 68.0
28.018398457711875 22.639020827661728 99.7520340090952 118.0 136.0 69.0
28.451063045925153 22.639018625400688 99.75244940057057 132.0 154.0 72.0
28.451060843664106 23.071659091449735 99.75703694683274 134.0 155.0 69.0
28.883725431877387 23.07165688918869 99.75745233830811 139.0 163.0 65.0
29.31639002009066 23.07165468692765 99.7578677297835 151.0 175.0 67.0
29.31638781782962 23.504295152976695 99.76245527604567 146.0 171.0 62.0
29.74905460830394 23.07165248466661 99.75828312125886 154.0 182.0 62.0
29.7490524060429 23.504292950715655 99.76287066752104 155.0 183.0 62.0
30.18171699425618 23.50429074845461 99.7632860589964 153.0 183.0 61.0
30.18171479199514 23.93693121450366 99.76787360525859 149.0 177.0 61.0
30.614381582469456 23.50428854619357 99.76370145047179 155.0 185.0 63.0
30.614379380208415 23.93692901224262 99.76828899673396 154.0 181.0 68.0
31.047046170682737 23.50428634393253 99.76411684194716 153.0 181.0 68.0
31.047043968421697 23.936926809981575 99.76870438820933 150.0 176.0 73.0
31.047041766160657 24.369567276030622 99.7732919344715 134.0 158.0 72.0
31.47971075889601 23.50428414167149 99.76453223342253 148.0 174.0 74.0
31.47970855663497 23.93692460772053 99.7691197796847 151.0 175.0 87.0
31.47970635437393 24.36956507376958 99.77370732594689 77.0 97.0 40.0
31.912375347109286 23.504281939410447 99.7649476248979 127.0 152.0 74.0
31.912373144848246 23.936922405459494 99.76953517116007 116.0 135.0 75.0
28.883310040402012 23.06706934292652 100.19009260494762 142.0 164.0 66.0
29.748637014567525 23.499705404453483 100.19551093416055 143.0 171.0 52.0
30.181301602780806 23.49970320219244 100.19592632563592 136.0 168.0 48.0
30.61396619099408 23.4997009999314 100.1963417171113 139.0 173.0 50.0
30.61396398873304 23.932341465980443 100.20092926337348 140.0 168.0 59.0
31.046630779207362 23.499698797670355 100.19675710858667 140.0 172.0 57.0
31.046628576946322 23.932339263719403 100.20134465484884 128.0 154.0 62.0
31.479293165159596 23.93233706145836 100.20176004632421 86.0 103.0 49.0
29.748221623092146 23.495117858191303 100.62815120080006 133.0 163.0 47.0
30.180886211305427 23.49511565593026 100.62856659227543 116.0 151.0 39.0
30.613548597257665 23.927753919718267 100.63356953001298 94.0 126.0 37.0
31.046213185470947 23.927751717457223 100.63398492148836 80.0 105.0 36.0
31.48385806686661 24.848081002440374 95.45189220581395 88.0 111.0 41.0
30.185451113012455 24.410859596912278 95.87869875176516 95.0 128.0 32.0
30.185448910751408 24.843500062961326 95.88328629802734 117.0 144.0 53.0
30.61811570122573 24.410857394651238 95.87911414324053 131.0 156.0 56.0
30.618113498964682 24.843497860700282 95.8837016895027 124.0 148.0 60.0
31.05078028943901 24.410855192390198 95.8795295347159 125.0 153.0 49.0
31.050778087177964 24.84349565843924 95.88411708097807 114.0 138.0 54.0
31.050775884916924 25.27613612448829 95.88870462724024 88.0 102.0 53.0
31.483444877652285 24.410852990129154 95.87994492619127 141.0 170.0 59.0
31.48344267539124 24.843493456178198 95.88453247245344 95.0 118.0 45.0
31.9161116681266 23.978210321819066 95.87577277140447 176.0 196.0 91.0
31.91610946586556 24.410850787868114 95.88036031766666 146.0 174.0 65.0
32.34877625633988 23.978208119558026 95.87618816287984 122.0 140.0 57.0
28.454381773206045 23.54099992759618 96.30050235997884 89.0 102.0 51.0
28.887044159158286 23.973638191384183 96.30550529771638 102.0 131.0 40.0
29.31970874737156 23.97363598912314 96.30592068919174 92.0 124.0 31.0
29.752373335584835 23.9736337868621 96.30633608066712 91.0 124.0 27.0
29.7523711333238 24.406274252911146 96.3109236269293 105.0 139.0 32.0
30.185037923798117 23.973631584601055 96.3067514721425 107.0 140.0 33.0
30.18503572153708 24.406272050650102 96.31133901840467 122.0 154.0 39.0
30.617702512011395 23.973629382340015 96.30716686361787 140.0 171.0 48.0
30.617700309750354 24.406269848389062 96.31175440988004 144.0 174.0 51.0
30.617698107489307 24.838910314438106 96.31634195614222 120.0 148.0 48.0
31.050367100224676 23.973627180078974 96.30758225509324 144.0 174.0 55.0
31.050364897963636 24.40626764612802 96.31216980135542 149.0 179.0 57.0
31.05036269570259 24.838908112177066 96.3167573476176 125.0 152.0 56.0
31.48303389069899 23.540984511768887 96.30341010030644 149.0 175.0 70.0
31.48303168843795 23.97362497781793 96.30799764656861 148.0 176.0 63.0
31.48302948617691 24.406265443866975 96.31258519283078 153.0 181.0 64.0
31.483027283915863 24.838905909916022 96.31717273909295 123.0 146.0 64.0
31.915698478912265 23.540982309507843 96.30382549178181 168.0 190.0 93.0
31.915696276651225 23.97362277555689 96.30841303804398 153.0 178.0 74.0
31.915694074390185 24.406263241605938 96.31300058430615 154.0 178.0 76.0
31.91569187212914 24.838903707654982 96.31758813056832 73.0 88.0 37.0
32.34836306712555 23.540980107246803 96.30424088325718 152.0 166.0 79.0
32.34836086486451 23.973620573295847 96.30882842951935 102.0 119.0 51.0
28.88662876768291 23.969050645122007 96.73814556435589 134.0 155.0 65.0
29.319295558157226 23.53640797681192 96.73397340956909 143.0 162.0 68.0
29.319293355896185 23.969048442860963 96.73856095583126 139.0 161.0 62.0
29.7519601463705 23.53640577455088 96.73438880104446 140.0 162.0 60.0
29.75195794410946 23.969046240599926 96.73897634730663 131.0 157.0 49.0
29.75195574184842 24.40168670664897 96.7435638935688 119.0 149.0 39.0
30.18462473458378 23.536403572289835 96.73480419251983 127.0 154.0 47.0
30.18462253232274 23.969044038338883 96.739391738782 124.0 153.0 42.0
30.1846203300617 24.401684504387926 96.74397928504418 125.0 156.0 40.0
30.61728932279706 23.536401370028795 96.7352195839952 124.0 155.0 42.0
30.61728712053602 23.969041836077842 96.73980713025738 134.0 164.0 46.0
30.61728491827498 24.401682302126886 96.74439467651955 131.0 160.0 44.0
30.617282716013932 24.83432276817593 96.74898222278172 117.0 144.0 51.0
31.04995391101034 23.536399167767755 96.73563497547057 131.0 163.0 49.0
31.0499517087493 23.9690396338168 96.74022252173275 138.0 168.0 51.0
31.04994950648826 24.401680099865846 96.74481006799492 131.0 162.0 47.0
31.049947304227214 24.83432056591489 96.7493976142571 109.0 137.0 49.0
31.482618499223616 23.536396965506714 96.73605036694595 153.0 178.0 72.0
31.482616296962576 23.969037431555755 96.74063791320813 145.0 173.0 62.0
31.482614094701535 24.401677897604802 96.7452254594703 121.0 152.0 46.0
31.91528308743689 23.53639476324567 96.73646575842132 188.0 204.0 110.0
31.91528088517585 23.969035229294715 96.74105330468349 160.0 185.0 81.0
31.91527868291481 24.401675695343762 96.74564085094568 100.0 122.0 44.0
32.347947675650175 23.536392560984627 96.73688114989669 199.0 207.0 121.0
32.34794547338913 23.969033027033674 96.74146869615886 133.0 149.0 73.0
29.751542552634092 23.96445869433775 97.17161661394614 137.0 162.0 53.0
30.184207140847374 23.964456492076707 97.17203200542151 138.0 165.0 54.0
30.184204938586333 24.397096958125754 97.1766195516837 120.0 149.0 41.0
30.616871729060648 23.964454289815666 97.1724473968969 141.0 169.0 54.0
30.616869526799608 24.397094755864714 97.17703494315907 119.0 150.0 41.0
31.04953631727393 23.964452087554626 97.17286278837226 130.0 159.0 49.0
31.04953411501289 24.39709255360367 97.17745033463443 115.0 147.0 42.0
31.049531912751846 24.829733019652718 97.1820378808966 99.0 126.0 48.0
31.482200905487208 23.964449885293583 97.17327817984763 140.0 168.0 62.0
31.482198703226167 24.397090351342626 97.1778657261098 108.0 139.0 42.0
31.914867695961522 23.531807216983495 97.16910602506083 179.0 197.0 106.0
31.914865493700482 23.964447683032542 97.17369357132301 156.0 181.0 82.0
31.914863291439442 24.397088149081586 97.17828111758519 79.0 99.0 35.0
32.347532284174804 23.53180501472245 97.16952141653621 197.0 207.0 125.0
32.34753008191376 23.9644454807715 97.17410896279839 134.0 153.0 79.0
30.18378954711096 24.39250941186358 97.6092598183232 119.0 147.0 45.0
30.616454135324233 24.392507209602538 97.60967520979858 113.0 143.0 42.0
31.049118723537514 24.392505007341498 97.61009060127395 108.0 139.0 42.0
31.04911652127647 24.825145473390542 97.61467814753613 94.0 119.0 48.0
31.481783311750792 24.392502805080454 97.61050599274932 124.0 152.0 57.0
31.481781109489745 24.825143271129498 97.6150935390115 91.0 111.0 52.0
31.914450102225107 23.959860136770367 97.60633383796251 151.0 174.0 83.0
31.914447899964067 24.392500602819414 97.61092138422468 124.0 147.0 68.0
32.34711469043839 23.959857934509323 97.6067492294379 116.0 135.0 67.0
31.481365718014377 24.820555724867326 98.047733805651 89.0 106.0 50.0
