-5.651 -10.837 105.405 78.000 110.000 30.000
-5.218 -11.703 105.396 66.000 99.000 23.000
-6.517 -10.409 105.841 123.000 149.000 52.000
-6.517 -9.977 105.846 100.000 125.000 50.000
-6.084 -11.275 105.832 127.000 155.000 50.000
-6.084 -10.842 105.837 114.000 143.000 45.000
-6.084 -10.409 105.842 96.000 123.000 40.000
-6.084 -9.977 105.846 84.000 109.000 41.000
-5.652 -12.140 105.824 124.000 149.000 54.000
-5.652 -11.707 105.828 110.000 140.000 44.000
-5.652 -11.275 105.833 96.000 126.000 39.000
-5.652 -10.842 105.837 93.000 123.000 40.000
-5.652 -10.409 105.842 73.000 100.000 31.000
-5.652 -9.977 105.847 57.000 83.000 24.000
-5.219 -12.573 105.819 95.000 121.000 42.000
-5.219 -12.140 105.824 94.000 124.000 41.000
-5.219 -11.707 105.829 82.000 115.000 34.000
-5.219 -11.275 105.833 91.000 120.000 46.000
-5.219 -10.842 105.838 92.000 119.000 48.000
-5.219 -10.409 105.842 84.000 111.000 43.000
-4.786 -12.573 105.820 59.000 85.000 23.000
-4.786 -12.140 105.824 93.000 123.000 44.000
-7.383 -9.549 106.282 78.000 99.000 47.000
-6.950 -10.414 106.273 140.000 162.000 65.000
-6.950 -9.981 106.278 112.000 135.000 57.000
-6.517 -11.279 106.265 140.000 167.000 58.000
-6.517 -10.847 106.269 141.000 166.000 61.000
-6.517 -10.414 106.274 132.000 157.000 55.000
-6.517 -9.981 106.278 95.000 124.000 42.000
-6.085 -12.577 106.251 143.000 169.000 60.000
-6.085 -12.145 106.256 141.000 165.000 61.000
-6.085 -11.712 106.260 134.000 159.000 56.000
-6.085 -11.279 106.265 131.000 158.000 54.000
-6.085 -10.847 106.270 129.000 155.000 56.000
-6.085 -10.414 106.274 119.000 146.000 50.000
-6.085 -9.981 106.279 93.000 122.000 43.000
-5.652 -13.442 106.242 106.000 128.000 48.000
-5.652 -13.010 106.247 132.000 157.000 58.000
-5.652 -12.577 106.252 129.000 154.000 56.000
-5.652 -12.145 106.256 124.000 150.000 55.000
-5.652 -11.712 106.261 98.000 129.000 38.000
-5.652 -11.279 106.265 109.000 136.000 49.000
-5.652 -10.847 106.270 116.000 141.000 56.000
-5.652 -10.414 106.275 116.000 140.000 58.000
-5.652 -9.981 106.279 88.000 118.000 43.000
-5.219 -12.577 106.252 111.000 138.000 51.000
-5.219 -12.145 106.257 100.000 129.000 44.000
-5.219 -11.712 106.261 98.000 126.000 45.000
-5.219 -11.279 106.266 109.000 134.000 55.000
-5.219 -10.847 106.270 120.000 142.000 67.000
-5.219 -10.414 106.275 111.000 133.000 62.000
-4.787 -12.577 106.252 58.000 87.000 20.000
-4.787 -12.145 106.257 81.000 114.000 34.000
-4.787 -11.712 106.262 84.000 118.000 36.000
-7.383 -10.851 106.701 149.000 167.000 79.000
-7.383 -10.419 106.706 143.000 160.000 79.000
-7.383 -9.986 106.710 120.000 137.000 74.000
-7.383 -9.553 106.715 74.000 89.000 48.000
-6.950 -12.149 106.688 157.000 178.000 74.000
-6.950 -11.717 106.692 146.000 167.000 65.000
-6.950 -11.284 106.697 144.000 165.000 64.000
-6.950 -10.851 106.701 142.000 164.000 66.000
-6.950 -10.419 106.706 141.000 161.000 68.000
-6.950 -9.986 106.711 115.000 135.000 61.000
-6.950 -9.553 106.715 65.000 80.000 37.000
-6.518 -14.312 106.665 111.000 130.000 63.000
-6.518 -13.880 106.670 131.000 156.000 63.000
-6.518 -13.447 106.674 150.000 177.000 66.000
-6.518 -13.014 106.679 164.000 191.000 70.000
-6.518 -12.582 106.683 168.000 194.000 74.000
-6.518 -12.149 106.688 164.000 188.000 73.000
-6.518 -11.717 106.693 139.000 163.000 55.000
-6.518 -11.284 106.697 142.000 166.000 58.000
-6.518 -10.851 106.702 145.000 169.000 62.000
-6.518 -10.419 106.706 137.000 162.000 58.000
-6.518 -9.986 106.711 99.000 126.000 44.000
-6.085 -14.312 106.666 74.000 92.000 38.000
-6.085 -13.880 106.670 126.000 151.000 61.000
-6.085 -13.447 106.675 146.000 171.000 67.000
-6.085 -13.014 106.679 158.000 185.000 70.000
-6.085 -12.582 106.684 160.000 186.000 72.000
-6.085 -12.149 106.688 150.000 175.000 67.000
-6.085 -11.717 106.693 137.000 162.000 58.000
-6.085 -11.284 106.698 139.000 163.000 59.000
-6.085 -10.851 106.702 143.000 166.000 67.000
-6.085 -10.419 106.707 137.000 160.000 64.000
-6.085 -9.986 106.711 103.000 130.000 46.000
-6.085 -9.553 106.716 65.000 92.000 29.000
-5.652 -13.880 106.671 103.000 123.000 52.000
-5.652 -13.447 106.675 133.000 157.000 63.000
-5.652 -13.014 106.680 144.000 169.000 66.000
-5.652 -12.582 106.684 138.000 164.000 62.000
-5.652 -12.149 106.689 133.000 159.000 60.000
-5.652 -11.717 106.693 138.000 162.000 65.000
-5.652 -11.284 106.698 141.000 165.000 68.000
-5.652 -10.851 106.703 140.000 163.000 70.000
-5.652 -10.419 106.707 139.000 160.000 72.000
-5.652 -9.986 106.712 112.000 136.000 55.000
-5.220 -13.014 106.680 125.000 150.000 60.000
-5.220 -12.582 106.685 122.000 147.000 57.000
-5.220 -12.149 106.689 114.000 140.000 53.000
-5.220 -11.717 106.694 129.000 152.000 66.000
-5.220 -11.284 106.698 128.000 150.000 67.000
-5.220 -10.851 106.703 126.000 148.000 68.000
-5.220 -10.419 106.708 131.000 151.000 73.000
-4.787 -13.014 106.681 74.000 104.000 28.000
-4.787 -12.582 106.685 79.000 113.000 31.000
-4.787 -12.149 106.690 82.000 116.000 33.000
-4.787 -11.717 106.694 84.000 117.000 37.000
-8.249 -13.019 107.110 141.000 156.000 102.000
-7.816 -13.884 107.101 76.000 88.000 50.000
-7.816 -13.452 107.106 122.000 142.000 74.000
-7.816 -13.019 107.110 133.000 153.000 77.000
-7.816 -12.586 107.115 154.000 173.000 90.000
-7.816 -12.154 107.119 176.000 193.000 107.000
-7.816 -11.721 107.124 175.000 192.000 101.000
-7.816 -11.288 107.129 185.000 200.000 121.000
-7.816 -10.856 107.133 193.000 205.000 139.000
-7.816 -10.423 107.138 168.000 178.000 126.000
-7.816 -9.991 107.142 108.000 122.000 73.000
-7.383 -14.317 107.097 81.000 91.000 55.000
-7.383 -13.884 107.102 139.000 155.000 84.000
-7.383 -13.452 107.106 132.000 154.000 70.000
-7.383 -13.019 107.111 140.000 163.000 71.000
-7.383 -12.586 107.115 146.000 167.000 73.000
-7.383 -12.154 107.120 156.000 175.000 78.000
-7.383 -11.721 107.124 168.000 187.000 87.000
-7.383 -11.288 107.129 171.000 189.000 97.000
-7.383 -10.856 107.134 171.000 186.000 104.000
-7.383 -10.423 107.138 154.000 169.000 95.000
-7.383 -9.991 107.143 114.000 131.000 68.000
-6.951 -14.317 107.097 136.000 154.000 85.000
-6.951 -13.884 107.102 151.000 172.000 85.000
-6.951 -13.452 107.107 159.000 182.000 81.000
-6.951 -13.019 107.111 154.000 178.000 71.000
-6.951 -12.586 107.116 149.000 172.000 66.000
-6.951 -12.154 107.120 147.000 169.000 64.000
-6.951 -11.721 107.125 160.000 182.000 75.000
-6.951 -11.288 107.129 155.000 176.000 74.000
-6.951 -10.856 107.134 150.000 170.000 75.000
-6.951 -10.423 107.139 162.000 182.000 88.000
-6.951 -9.991 107.143 139.000 158.000 82.000
-6.951 -9.558 107.148 98.000 117.000 63.000
-6.518 -14.750 107.093 69.000 83.000 48.000
-6.518 -14.317 107.098 136.000 157.000 81.000
-6.518 -13.884 107.102 144.000 170.000 72.000
-6.518 -13.452 107.107 164.000 190.000 75.000
-6.518 -13.019 107.112 165.000 192.000 68.000
-6.518 -12.586 107.116 164.000 190.000 68.000
-6.518 -12.154 107.121 162.000 187.000 70.000
-6.518 -11.721 107.125 152.000 176.000 62.000
-6.518 -11.288 107.130 141.000 166.000 56.000
-6.518 -10.856 107.134 135.000 161.000 54.000
-6.518 -10.423 107.139 140.000 165.000 60.000
-6.518 -9.991 107.144 124.000 148.000 58.000
-6.518 -9.558 107.148 63.000 90.000 27.000
-6.085 -14.317 107.098 106.000 123.000 62.000
-6.085 -13.884 107.103 137.000 159.000 70.000
-6.085 -13.452 107.107 157.000 180.000 74.000
-6.085 -13.019 107.112 160.000 186.000 69.000
-6.085 -12.586 107.117 160.000 185.000 71.000
-6.085 -12.154 107.121 152.000 176.000 66.000
-6.085 -11.721 107.126 143.000 167.000 59.000
-6.085 -11.288 107.130 131.000 158.000 52.000
-6.085 -10.856 107.135 125.000 154.000 48.000
-6.085 -10.423 107.139 131.000 156.000 57.000
-6.085 -9.991 107.144 111.000 137.000 50.000
-6.085 -9.558 107.149 71.000 99.000 32.000
-5.653 -13.452 107.108 154.000 176.000 77.000
-5.653 -13.019 107.112 150.000 174.000 70.000
-5.653 -12.586 107.117 144.000 169.000 66.000
-5.653 -12.154 107.122 136.000 159.000 61.000
-5.653 -11.721 107.126 129.000 154.000 54.000
-5.653 -11.288 107.131 125.000 151.000 54.000
-5.653 -10.856 107.135 118.000 145.000 50.000
-5.653 -10.423 107.140 122.000 147.000 54.000
-5.653 -9.991 107.144 102.000 130.000 45.000
-5.220 -13.452 107.108 104.000 121.000 56.000
-5.220 -13.019 107.113 130.000 153.000 67.000
-5.220 -12.586 107.117 127.000 151.000 62.000
-5.220 -12.154 107.122 124.000 148.000 60.000
-5.220 -11.721 107.127 113.000 140.000 53.000
-5.220 -11.288 107.131 97.000 126.000 43.000
-5.220 -10.856 107.136 105.000 134.000 46.000
-5.220 -10.423 107.140 98.000 127.000 44.000
-4.787 -13.452 107.109 63.000 89.000 25.000
-4.787 -13.019 107.113 90.000 123.000 38.000
-4.787 -12.586 107.118 88.000 121.000 38.000
-4.787 -12.154 107.122 91.000 120.000 43.000
-4.787 -11.721 107.127 83.000 115.000 36.000
-4.787 -11.288 107.132 78.000 110.000 35.000
-8.249 -13.024 107.542 72.000 82.000 49.000
-8.249 -12.591 107.547 102.000 115.000 70.000
-8.249 -12.158 107.552 116.000 126.000 75.000
-8.249 -11.726 107.556 172.000 185.000 116.000
-8.249 -11.293 107.561 212.000 220.000 159.000
-8.249 -10.860 107.565 228.000 232.000 179.000
-8.249 -10.428 107.570 221.000 225.000 182.000
-8.249 -9.995 107.575 107.000 118.000 80.000
-7.817 -13.889 107.534 79.000 89.000 53.000
-7.817 -13.456 107.538 129.000 149.000 77.000
-7.817 -13.024 107.543 132.000 154.000 75.000
-7.817 -12.591 107.547 138.000 159.000 77.000
-7.817 -12.158 107.552 150.000 168.000 83.000
-7.817 -11.726 107.557 160.000 178.000 89.000
-7.817 -11.293 107.561 179.000 193.000 120.000
-7.817 -10.860 107.566 190.000 200.000 143.000
-7.817 -10.428 107.570 166.000 175.000 132.000
-7.817 -9.995 107.575 92.000 107.000 63.000
-7.384 -14.322 107.530 110.000 121.000 75.000
-7.384 -13.889 107.534 143.000 161.000 88.000
-7.384 -13.456 107.539 149.000 171.000 81.000
-7.384 -13.024 107.543 146.000 170.000 73.000
-7.384 -12.591 107.548 150.000 172.000 74.000
-7.384 -12.158 107.552 148.000 170.000 70.000
-7.384 -11.726 107.557 154.000 175.000 75.000
-7.384 -11.293 107.562 156.000 174.000 86.000
-7.384 -10.860 107.566 160.000 175.000 102.000
-7.384 -10.428 107.571 148.000 162.000 96.000
-7.384 -9.995 107.575 108.000 126.000 66.000
-6.951 -14.322 107.530 137.000 157.000 86.000
-6.951 -13.889 107.535 149.000 171.000 83.000
-6.951 -13.456 107.539 163.000 187.000 83.000
-6.951 -13.024 107.544 161.000 186.000 73.000
-6.951 -12.591 107.548 154.000 179.000 67.000
-6.951 -12.158 107.553 144.000 169.000 60.000
-6.951 -11.726 107.557 153.000 176.000 67.000
-6.951 -11.293 107.562 148.000 169.000 69.000
-6.951 -10.860 107.567 150.000 169.000 75.000
-6.951 -10.428 107.571 164.000 182.000 94.000
-6.951 -9.995 107.576 137.000 155.000 80.000
-6.951 -9.562 107.580 75.000 97.000 42.000
-6.519 -14.754 107.526 114.000 128.000 84.000
-6.519 -14.322 107.530 129.000 151.000 75.000
-6.519 -13.889 107.535 141.000 167.000 70.000
-6.519 -13.456 107.540 161.000 188.000 72.000
-6.519 -13.024 107.544 166.000 194.000 66.000
-6.519 -12.591 107.549 161.000 189.000 63.000
-6.519 -12.158 107.553 155.000 183.000 61.000
-6.519 -11.726 107.558 165.000 189.000 70.000
-6.519 -11.293 107.562 152.000 178.000 64.000
-6.519 -10.860 107.567 143.000 168.000 59.000
-6.519 -10.428 107.572 145.000 169.000 65.000
-6.519 -9.995 107.576 124.000 147.000 60.000
-6.519 -9.562 107.581 64.000 85.000 31.000
-6.086 -14.322 107.531 103.000 121.000 59.000
-6.086 -13.889 107.535 132.000 154.000 66.000
-6.086 -13.456 107.540 146.000 172.000 67.000
-6.086 -13.024 107.545 156.000 183.000 66.000
-6.086 -12.591 107.549 158.000 184.000 67.000
-6.086 -12.158 107.554 152.000 177.000 63.000
-6.086 -11.726 107.558 152.000 175.000 65.000
-6.086 -11.293 107.563 144.000 168.000 61.000
-6.086 -10.860 107.567 136.000 161.000 57.000
-6.086 -10.428 107.572 127.000 155.000 53.000
-6.086 -9.995 107.577 113.000 139.000 50.000
-5.653 -13.889 107.536 70.000 83.000 35.000
-5.653 -13.456 107.540 138.000 160.000 67.000
-5.653 -13.024 107.545 149.000 173.000 69.000
-5.653 -12.591 107.550 149.000 173.000 69.000
-5.653 -12.158 107.554 145.000 166.000 69.000
-5.653 -11.726 107.559 138.000 161.000 62.000
-5.653 -11.293 107.563 134.000 157.000 60.000
-5.653 -10.860 107.568 129.000 153.000 57.000
-5.653 -10.428 107.573 119.000 145.000 50.000
-5.653 -9.995 107.577 103.000 130.000 46.000
-5.221 -13.456 107.541 133.000 154.000 77.000
-5.221 -13.024 107.545 133.000 154.000 70.000
-5.221 -12.591 107.550 136.000 156.000 70.000
-5.221 -12.158 107.555 142.000 161.000 73.000
-5.221 -11.726 107.559 138.000 158.000 67.000
-5.221 -11.293 107.564 118.000 143.000 53.000
-5.221 -10.860 107.568 103.000 132.000 44.000
-5.221 -10.428 107.573 112.000 138.000 53.000
-5.221 -9.995 107.578 99.000 126.000 48.000
-4.788 -13.456 107.541 64.000 94.000 24.000
-4.788 -13.024 107.546 88.000 121.000 38.000
-4.788 -12.591 107.550 94.000 123.000 43.000
-4.788 -12.158 107.555 104.000 129.000 52.000
-4.788 -11.726 107.560 107.000 131.000 55.000
-4.788 -11.293 107.564 89.000 117.000 44.000
-8.682 -11.298 107.993 146.000 149.000 115.000
-8.682 -10.865 107.998 222.000 224.000 184.000
-8.682 -10.432 108.002 235.000 236.000 209.000
-8.250 -11.730 107.989 88.000 96.000 54.000
-8.250 -11.298 107.993 189.000 198.000 143.000
-8.250 -10.865 107.998 220.000 224.000 179.000
-8.250 -10.432 108.003 221.000 223.000 186.000
-7.817 -13.893 107.966 102.000 112.000 71.000
-7.817 -13.461 107.971 123.000 143.000 76.000
-7.817 -13.028 107.976 133.000 153.000 78.000
-7.817 -12.596 107.980 143.000 161.000 80.000
-7.817 -12.163 107.985 139.000 157.000 74.000
-7.817 -11.730 107.989 137.000 154.000 72.000
-7.817 -11.298 107.994 148.000 161.000 93.000
-7.817 -10.865 107.998 165.000 175.000 124.000
-7.817 -10.432 108.003 158.000 166.000 126.000
-7.817 -10.000 108.008 97.000 108.000 71.000
-7.384 -14.326 107.962 120.000 131.000 83.000
-7.384 -13.893 107.967 148.000 165.000 91.000
-7.384 -13.461 107.971 154.000 176.000 85.000
-7.384 -13.028 107.976 155.000 179.000 79.000
-7.384 -12.596 107.981 155.000 178.000 77.000
-7.384 -12.163 107.985 158.000 179.000 78.000
-7.384 -11.730 107.990 144.000 166.000 66.000
-7.384 -11.298 107.994 140.000 159.000 70.000
-7.384 -10.865 107.999 139.000 155.000 81.000
-7.384 -10.432 108.003 132.000 147.000 84.000
-7.384 -10.000 108.008 75.000 91.000 44.000
-6.952 -14.759 107.958 88.000 99.000 64.000
-6.952 -14.326 107.963 136.000 155.000 85.000
-6.952 -13.893 107.967 145.000 168.000 78.000
-6.952 -13.461 107.972 168.000 192.000 86.000
-6.952 -13.028 107.976 166.000 193.000 75.000
-6.952 -12.596 107.981 166.000 191.000 73.000
-6.952 -12.163 107.986 161.000 185.000 69.000
-6.952 -11.730 107.990 158.000 181.000 67.000
-6.952 -11.298 107.995 149.000 171.000 67.000
-6.952 -10.865 107.999 142.000 163.000 68.000
-6.952 -10.432 108.004 135.000 153.000 74.000
-6.952 -10.000 108.008 109.000 127.000 62.000
-6.519 -14.759 107.958 110.000 126.000 76.000
-6.519 -14.326 107.963 127.000 147.000 70.000
-6.519 -13.893 107.968 141.000 165.000 66.000
-6.519 -13.461 107.972 161.000 189.000 67.000
-6.519 -13.028 107.977 166.000 196.000 62.000
-6.519 -12.596 107.981 163.000 192.000 59.000
-6.519 -12.163 107.986 162.000 191.000 61.000
-6.519 -11.730 107.991 173.000 198.000 72.000
-6.519 -11.298 107.995 167.000 192.000 72.000
-6.519 -10.865 108.000 154.000 178.000 67.000
-6.519 -10.432 108.004 146.000 168.000 69.000
-6.519 -10.000 108.009 109.000 130.000 53.000
-6.086 -14.326 107.963 85.000 103.000 43.000
-6.086 -13.893 107.968 126.000 149.000 60.000
-6.086 -13.461 107.973 144.000 171.000 61.000
-6.086 -13.028 107.977 154.000 182.000 61.000
-6.086 -12.596 107.982 154.000 182.000 60.000
-6.086 -12.163 107.986 155.000 181.000 62.000
-6.086 -11.730 107.991 164.000 187.000 71.000
-6.086 -11.298 107.996 156.000 179.000 69.000
-6.086 -10.865 108.000 145.000 168.000 66.000
-6.086 -10.432 108.005 136.000 160.000 61.000
-6.086 -10.000 108.009 115.000 140.000 54.000
-5.654 -13.893 107.968 78.000 99.000 35.000
-5.654 -13.461 107.973 126.000 150.000 57.000
-5.654 -13.028 107.978 144.000 168.000 66.000
-5.654 -12.596 107.982 145.000 169.000 65.000
-5.654 -12.163 107.987 146.000 168.000 67.000
-5.654 -11.730 107.991 146.000 168.000 67.000
-5.654 -11.298 107.996 143.000 165.000 67.000
-5.654 -10.865 108.001 137.000 160.000 63.000
-5.654 -10.432 108.005 129.000 153.000 59.000
-5.654 -10.000 108.010 113.000 138.000 56.000
-5.221 -13.461 107.973 113.000 136.000 58.000
-5.221 -13.028 107.978 127.000 150.000 66.000
-5.221 -12.596 107.983 134.000 155.000 68.000
-5.221 -12.163 107.987 138.000 157.000 71.000
-5.221 -11.730 107.992 141.000 160.000 72.000
-5.221 -11.298 107.996 127.000 149.000 59.000
-5.221 -10.865 108.001 114.000 139.000 51.000
-5.221 -10.432 108.006 128.000 150.000 65.000
-5.221 -10.000 108.010 116.000 138.000 60.000
-4.788 -13.893 107.969 56.000 87.000 20.000
-4.788 -13.461 107.974 80.000 113.000 32.000
-4.788 -13.028 107.978 91.000 122.000 41.000
-4.788 -12.596 107.983 94.000 124.000 43.000
-4.788 -12.163 107.988 106.000 131.000 53.000
-4.788 -11.730 107.992 106.000 129.000 55.000
-4.788 -11.298 107.997 96.000 120.000 50.000
-4.788 -10.865 108.001 91.000 117.000 47.000
-4.356 -13.893 107.970 56.000 90.000 19.000
-4.356 -13.461 107.974 67.000 100.000 25.000
-4.356 -13.028 107.979 69.000 103.000 27.000
-8.683 -11.302 108.426 116.000 126.000 84.000
-8.683 -10.870 108.430 173.000 178.000 146.000
-8.250 -13.033 108.408 89.000 98.000 63.000
-8.250 -12.600 108.412 145.000 159.000 100.000
-8.250 -12.167 108.417 110.000 125.000 65.000
-8.250 -11.302 108.426 74.000 83.000 45.000
-8.250 -10.870 108.431 140.000 149.000 110.000
-8.250 -10.437 108.435 135.000 142.000 111.000
-7.817 -13.898 108.399 122.000 133.000 87.000
-7.817 -13.465 108.404 113.000 130.000 67.000
-7.817 -13.033 108.408 129.000 147.000 75.000
-7.817 -12.600 108.413 145.000 164.000 85.000
-7.817 -12.167 108.417 157.000 176.000 92.000
-7.817 -11.735 108.422 132.000 149.000 69.000
-7.817 -11.302 108.427 107.000 123.000 58.000
-7.817 -10.870 108.431 114.000 125.000 75.000
-7.817 -10.437 108.436 122.000 131.000 90.000
-7.385 -14.331 108.395 146.000 159.000 102.000
-7.385 -13.898 108.399 151.000 169.000 93.000
-7.385 -13.465 108.404 144.000 167.000 78.000
-7.385 -13.033 108.409 147.000 171.000 72.000
-7.385 -12.600 108.413 158.000 180.000 80.000
-7.385 -12.167 108.418 171.000 192.000 89.000
-7.385 -11.735 108.422 168.000 187.000 87.000
-7.385 -11.302 108.427 134.000 152.000 67.000
-7.385 -10.870 108.432 116.000 132.000 64.000
-7.385 -10.437 108.436 84.000 95.000 52.000
-6.952 -14.763 108.391 129.000 146.000 88.000
-6.952 -14.331 108.395 141.000 160.000 86.000
-6.952 -13.898 108.400 152.000 173.000 81.000
-6.952 -13.465 108.404 171.000 195.000 85.000
-6.952 -13.033 108.409 166.000 193.000 73.000
-6.952 -12.600 108.414 172.000 197.000 76.000
-6.952 -12.167 108.418 180.000 203.000 83.000
-6.952 -11.735 108.423 173.000 196.000 78.000
-6.952 -11.302 108.427 159.000 181.000 75.000
-6.952 -10.870 108.432 121.000 142.000 56.000
-6.952 -10.437 108.437 68.000 82.000 32.000
-6.519 -14.763 108.391 109.000 129.000 65.000
-6.519 -14.331 108.396 127.000 148.000 67.000
-6.519 -13.898 108.400 138.000 164.000 62.000
-6.519 -13.465 108.405 162.000 192.000 64.000
-6.519 -13.033 108.409 163.000 196.000 55.000
-6.519 -12.600 108.414 167.000 199.000 58.000
-6.519 -12.167 108.419 174.000 202.000 65.000
-6.519 -11.735 108.423 175.000 201.000 69.000
-6.519 -11.302 108.428 167.000 191.000 71.000
-6.519 -10.870 108.432 159.000 181.000 75.000
-6.519 -10.437 108.437 140.000 160.000 70.000
-6.519 -10.004 108.442 70.000 85.000 35.000
-6.087 -14.331 108.396 91.000 112.000 43.000
-6.087 -13.898 108.401 107.000 132.000 45.000
-6.087 -13.465 108.405 145.000 173.000 59.000
-6.087 -13.033 108.410 148.000 181.000 57.000
-6.087 -12.600 108.414 158.000 187.000 61.000
-6.087 -12.168 108.419 160.000 187.000 64.000
-6.087 -11.735 108.424 167.000 191.000 73.000
-6.087 -11.302 108.428 161.000 184.000 75.000
-6.087 -10.870 108.433 152.000 173.000 74.000
-6.087 -10.437 108.437 145.000 166.000 75.000
-6.087 -10.004 108.442 124.000 146.000 67.000
-5.654 -13.898 108.401 77.000 101.000 31.000
-5.654 -13.465 108.406 132.000 157.000 59.000
-5.654 -13.033 108.410 149.000 173.000 69.000
-5.654 -12.600 108.415 146.000 170.000 66.000
-5.654 -12.168 108.419 141.000 165.000 63.000
-5.654 -11.735 108.424 151.000 171.000 75.000
-5.654 -11.302 108.429 146.000 167.000 72.000
-5.654 -10.870 108.433 139.000 161.000 67.000
-5.654 -10.437 108.438 140.000 161.000 71.000
-5.654 -10.004 108.442 126.000 146.000 70.000
-5.221 -13.898 108.401 63.000 84.000 27.000
-5.221 -13.033 108.411 94.000 120.000 44.000
-5.221 -12.600 108.415 122.000 145.000 62.000
-5.221 -12.168 108.420 119.000 142.000 58.000
-5.221 -11.735 108.424 132.000 152.000 70.000
-5.221 -11.302 108.429 124.000 146.000 64.000
-5.221 -10.870 108.434 104.000 133.000 47.000
-5.221 -10.437 108.438 108.000 133.000 52.000
-4.789 -13.898 108.402 98.000 125.000 47.000
-4.789 -13.465 108.407 101.000 127.000 51.000
-4.789 -13.033 108.411 93.000 120.000 46.000
-4.789 -12.600 108.416 100.000 127.000 52.000
-4.789 -12.168 108.420 106.000 130.000 57.000
-4.789 -11.735 108.425 92.000 116.000 50.000
-4.789 -11.302 108.429 82.000 110.000 41.000
-4.789 -10.870 108.434 76.000 104.000 37.000
-4.356 -13.898 108.402 89.000 118.000 43.000
-4.356 -13.465 108.407 104.000 130.000 54.000
-4.356 -13.033 108.412 95.000 124.000 49.000
-8.250 -13.037 108.840 113.000 122.000 81.000
-8.250 -12.605 108.845 156.000 169.000 107.000
-8.250 -12.172 108.850 164.000 179.000 107.000
-8.250 -11.739 108.854 123.000 137.000 73.000
-7.818 -14.335 108.827 90.000 97.000 68.000
-7.818 -13.903 108.832 135.000 147.000 98.000
-7.818 -13.470 108.836 129.000 141.000 84.000
-7.818 -13.037 108.841 126.000 143.000 75.000
-7.818 -12.605 108.845 145.000 163.000 87.000
-7.818 -12.172 108.850 154.000 171.000 90.000
-7.818 -11.739 108.855 160.000 176.000 96.000
-7.818 -11.307 108.859 83.000 95.000 45.000
-7.385 -14.768 108.823 100.000 111.000 71.000
-7.385 -14.335 108.827 148.000 163.000 101.000
-7.385 -13.903 108.832 163.000 179.000 103.000
-7.385 -13.470 108.837 156.000 176.000 87.000
-7.385 -13.037 108.841 141.000 165.000 70.000
-7.385 -12.605 108.846 148.000 171.000 71.000
-7.385 -12.172 108.850 159.000 181.000 80.000
-7.385 -11.739 108.855 170.000 191.000 89.000
-7.385 -11.307 108.860 124.000 140.000 66.000
-7.385 -10.874 108.864 77.000 89.000 42.000
-7.385 -10.442 108.869 97.000 109.000 61.000
-6.952 -14.768 108.823 123.000 143.000 77.000
-6.952 -14.335 108.828 143.000 162.000 84.000
-6.952 -13.903 108.832 157.000 178.000 85.000
-6.952 -13.470 108.837 171.000 194.000 84.000
-6.952 -13.037 108.842 164.000 192.000 68.000
-6.952 -12.605 108.846 167.000 194.000 69.000
-6.952 -12.172 108.851 170.000 194.000 74.000
-6.952 -11.739 108.855 169.000 193.000 73.000
-6.952 -11.307 108.860 163.000 185.000 79.000
-6.952 -10.874 108.865 147.000 167.000 79.000
-6.952 -10.442 108.869 160.000 176.000 100.000
-6.952 -10.009 108.874 127.000 142.000 82.000
-6.520 -14.768 108.824 103.000 127.000 55.000
-6.520 -14.335 108.828 120.000 142.000 58.000
-6.520 -13.903 108.833 135.000 162.000 57.000
-6.520 -13.470 108.837 150.000 180.000 54.000
-6.520 -13.037 108.842 178.000 206.000 65.000
-6.520 -12.605 108.847 177.000 206.000 63.000
-6.520 -12.172 108.851 163.000 195.000 54.000
-6.520 -11.739 108.856 169.000 197.000 61.000
-6.520 -11.307 108.860 169.000 193.000 72.000
-6.520 -10.874 108.865 164.000 185.000 82.000
-6.520 -10.442 108.870 148.000 166.000 80.000
-6.520 -10.009 108.874 84.000 101.000 44.000
-6.087 -14.768 108.824 66.000 83.000 32.000
-6.087 -14.335 108.829 91.000 115.000 38.000
-6.087 -13.903 108.833 105.000 131.000 40.000
-6.087 -13.470 108.838 129.000 161.000 46.000
-6.087 -13.037 108.842 149.000 180.000 54.000
-6.087 -12.605 108.847 150.000 181.000 55.000
-6.087 -12.172 108.852 145.000 174.000 52.000
-6.087 -11.739 108.856 158.000 184.000 64.000
-6.087 -11.307 108.861 152.000 177.000 67.000
-6.087 -10.874 108.865 152.000 173.000 76.000
-6.087 -10.442 108.870 144.000 162.000 78.000
-6.087 -10.009 108.875 99.000 120.000 53.000
-5.654 -14.335 108.829 86.000 109.000 36.000
-5.654 -13.903 108.834 84.000 107.000 32.000
-5.654 -13.470 108.838 104.000 133.000 40.000
-5.654 -13.037 108.843 109.000 140.000 40.000
-5.654 -12.605 108.847 109.000 142.000 39.000
-5.654 -12.172 108.852 120.000 148.000 47.000
-5.654 -11.739 108.857 137.000 161.000 61.000
-5.654 -11.307 108.861 140.000 162.000 66.000
-5.654 -10.874 108.866 138.000 159.000 68.000
-5.654 -10.442 108.870 137.000 158.000 71.000
-5.222 -14.335 108.830 105.000 125.000 49.000
-5.222 -13.903 108.834 69.000 86.000 31.000
-5.222 -13.037 108.843 72.000 103.000 28.000
-5.222 -12.605 108.848 99.000 128.000 44.000
-5.222 -12.172 108.852 105.000 129.000 50.000
-5.222 -11.739 108.857 112.000 133.000 57.000
-5.222 -11.307 108.862 107.000 130.000 53.000
-5.222 -10.874 108.866 109.000 133.000 52.000
-5.222 -10.442 108.871 117.000 141.000 56.000
-4.789 -13.903 108.835 85.000 106.000 40.000
-4.789 -13.470 108.839 69.000 93.000 31.000
-4.789 -13.037 108.844 94.000 122.000 48.000
-4.789 -12.605 108.848 96.000 125.000 47.000
-4.789 -12.172 108.853 91.000 119.000 46.000
-4.789 -11.739 108.857 99.000 122.000 54.000
-4.789 -11.307 108.862 92.000 117.000 50.000
-4.789 -10.874 108.867 92.000 117.000 49.000
-4.356 -13.903 108.835 76.000 101.000 35.000
-4.356 -13.470 108.840 94.000 120.000 48.000
-4.356 -13.037 108.844 97.000 124.000 50.000
-4.356 -12.605 108.849 92.000 121.000 47.000
-8.251 -13.042 109.273 78.000 86.000 57.000
-8.251 -12.609 109.278 149.000 161.000 104.000
-8.251 -12.177 109.282 163.000 176.000 111.000
-8.251 -11.744 109.287 141.000 154.000 92.000
-7.818 -14.340 109.260 87.000 94.000 68.000
-7.818 -13.907 109.264 142.000 152.000 106.000
-7.818 -13.475 109.269 137.000 150.000 95.000
-7.818 -13.042 109.273 137.000 153.000 87.000
-7.818 -12.609 109.278 144.000 161.000 90.000
-7.818 -12.177 109.283 157.000 174.000 98.000
-7.818 -11.744 109.287 171.000 187.000 112.000
-7.818 -11.311 109.292 90.000 100.000 55.000
-7.386 -14.773 109.256 99.000 110.000 70.000
-7.386 -14.340 109.260 151.000 167.000 103.000
-7.386 -13.907 109.265 165.000 182.000 106.000
-7.386 -13.475 109.269 158.000 177.000 92.000
-7.386 -13.042 109.274 148.000 170.000 76.000
-7.386 -12.609 109.278 149.000 172.000 75.000
-7.386 -12.177 109.283 159.000 180.000 82.000
-7.386 -11.744 109.288 168.000 187.000 92.000
-7.386 -11.311 109.292 118.000 133.000 65.000
-6.953 -14.773 109.256 119.000 140.000 71.000
-6.953 -14.340 109.261 146.000 167.000 85.000
-6.953 -13.907 109.265 161.000 183.000 90.000
-6.953 -13.475 109.270 172.000 195.000 88.000
-6.953 -13.042 109.274 166.000 192.000 75.000
-6.953 -12.609 109.279 163.000 190.000 71.000
-6.953 -12.177 109.283 162.000 188.000 70.000
-6.953 -11.744 109.288 164.000 186.000 75.000
-6.953 -11.311 109.293 149.000 170.000 75.000
-6.953 -10.879 109.297 141.000 159.000 78.000
-6.953 -10.446 109.302 145.000 161.000 91.000
-6.520 -14.773 109.256 87.000 112.000 44.000
-6.520 -14.340 109.261 110.000 136.000 51.000
-6.520 -13.907 109.266 131.000 158.000 55.000
-6.520 -13.475 109.270 136.000 170.000 50.000
-6.520 -13.042 109.275 166.000 197.000 61.000
-6.520 -12.609 109.279 172.000 201.000 64.000
-6.520 -12.177 109.284 165.000 195.000 58.000
-6.520 -11.744 109.288 172.000 197.000 68.000
-6.520 -11.311 109.293 166.000 188.000 77.000
-6.520 -10.879 109.298 159.000 178.000 84.000
-6.520 -10.446 109.302 149.000 166.000 88.000
-6.520 -10.013 109.307 84.000 100.000 48.000
-6.088 -14.773 109.257 74.000 94.000 33.000
-6.088 -14.340 109.261 96.000 123.000 39.000
-6.088 -13.907 109.266 97.000 123.000 36.000
-6.088 -13.475 109.271 114.000 144.000 41.000
-6.088 -13.042 109.275 139.000 171.000 52.000
-6.088 -12.609 109.280 144.000 175.000 54.000
-6.088 -12.177 109.284 142.000 171.000 53.000
-6.088 -11.744 109.289 155.000 181.000 65.000
-6.088 -11.311 109.293 159.000 181.000 77.000
-6.088 -10.879 109.298 156.000 174.000 84.000
-6.088 -10.446 109.303 142.000 160.000 80.000
-5.655 -14.340 109.262 95.000 119.000 38.000
-5.655 -13.907 109.266 87.000 111.000 33.000
-5.655 -13.475 109.271 77.000 104.000 27.000
-5.655 -13.042 109.276 105.000 135.000 39.000
-5.655 -12.609 109.280 102.000 136.000 37.000
-5.655 -12.177 109.285 110.000 140.000 42.000
-5.655 -11.744 109.289 130.000 154.000 59.000
-5.655 -11.311 109.294 138.000 159.000 70.000
-5.655 -10.879 109.298 139.000 159.000 75.000
-5.655 -10.446 109.303 130.000 151.000 70.000
-5.222 -14.340 109.262 89.000 109.000 36.000
-5.222 -13.907 109.267 84.000 106.000 35.000
-5.222 -13.042 109.276 99.000 126.000 46.000
-5.222 -12.609 109.281 102.000 130.000 47.000
-5.222 -12.177 109.285 99.000 128.000 45.000
-5.222 -11.744 109.290 97.000 124.000 47.000
-5.222 -11.311 109.294 95.000 121.000 46.000
-5.222 -10.879 109.299 97.000 124.000 47.000
-5.222 -10.446 109.303 109.000 133.000 53.000
-4.790 -13.907 109.267 88.000 112.000 38.000
-4.790 -13.475 109.272 84.000 110.000 37.000
-4.790 -13.042 109.276 86.000 113.000 42.000
-4.790 -12.609 109.281 92.000 121.000 45.000
-4.790 -12.177 109.286 92.000 121.000 44.000
-4.790 -11.744 109.290 97.000 122.000 51.000
-4.790 -11.311 109.295 95.000 121.000 50.000
-4.790 -10.879 109.299 96.000 122.000 51.000
-4.357 -13.907 109.268 78.000 104.000 34.000
-4.357 -13.475 109.272 84.000 110.000 40.000
-4.357 -13.042 109.277 76.000 104.000 35.000
-4.357 -12.609 109.281 75.000 105.000 35.000
-4.357 -12.177 109.286 73.000 104.000 33.000
-8.251 -13.047 109.706 70.000 80.000 50.000
-8.251 -12.614 109.710 122.000 134.000 88.000
-8.251 -12.181 109.715 159.000 169.000 114.000
-8.251 -11.749 109.719 170.000 178.000 124.000
-7.819 -13.912 109.697 114.000 123.000 87.000
-7.819 -13.479 109.702 139.000 152.000 97.000
-7.819 -13.047 109.706 130.000 146.000 84.000
-7.819 -12.614 109.711 147.000 163.000 94.000
-7.819 -12.181 109.715 173.000 186.000 116.000
-7.819 -11.749 109.720 177.000 190.000 122.000
-7.819 -11.316 109.724 93.000 103.000 60.000
-7.386 -14.777 109.688 75.000 83.000 53.000
-7.386 -14.344 109.693 149.000 163.000 102.000
-7.386 -13.912 109.697 160.000 178.000 104.000
-7.386 -13.479 109.702 164.000 180.000 100.000
-7.386 -13.047 109.707 136.000 159.000 76.000
-7.386 -12.614 109.711 146.000 168.000 78.000
-7.386 -12.181 109.716 166.000 184.000 94.000
-7.386 -11.749 109.720 168.000 184.000 99.000
-7.386 -11.316 109.725 134.000 150.000 76.000
-7.386 -10.883 109.729 83.000 94.000 49.000
-6.953 -14.777 109.689 100.000 121.000 60.000
-6.953 -14.344 109.693 130.000 152.000 74.000
-6.953 -13.912 109.698 152.000 174.000 84.000
-6.953 -13.479 109.702 160.000 183.000 87.000
-6.953 -13.047 109.707 159.000 183.000 79.000
-6.953 -12.614 109.712 158.000 183.000 75.000
-6.953 -12.181 109.716 160.000 183.000 76.000
-6.953 -11.749 109.721 165.000 185.000 84.000
-6.953 -11.316 109.725 150.000 169.000 80.000
-6.953 -10.883 109.730 148.000 166.000 86.000
-6.953 -10.451 109.734 127.000 141.000 82.000
-6.521 -14.777 109.689 69.000 92.000 32.000
-6.521 -14.344 109.694 103.000 130.000 49.000
-6.521 -13.912 109.698 117.000 145.000 50.000
-6.521 -13.479 109.703 134.000 164.000 55.000
-6.521 -13.047 109.707 153.000 183.000 62.000
-6.521 -12.614 109.712 163.000 191.000 66.000
-6.521 -12.181 109.717 162.000 190.000 65.000
-6.521 -11.749 109.721 169.000 193.000 74.000
-6.521 -11.316 109.726 164.000 185.000 82.000
-6.521 -10.883 109.730 165.000 182.000 95.000
-6.521 -10.451 109.735 157.000 171.000 100.000
-6.088 -14.777 109.689 88.000 112.000 40.000
-6.088 -14.344 109.694 100.000 127.000 42.000
-6.088 -13.912 109.699 105.000 132.000 42.000
-6.088 -13.479 109.703 117.000 146.000 47.000
-6.088 -13.047 109.708 136.000 165.000 55.000
-6.088 -12.614 109.712 137.000 168.000 55.000
-6.088 -12.181 109.717 141.000 169.000 57.000
-6.088 -11.749 109.722 153.000 178.000 70.000
-6.088 -11.316 109.726 157.000 178.000 81.000
-6.088 -10.883 109.731 162.000 180.000 94.000
-6.088 -10.451 109.735 151.000 167.000 94.000
-5.655 -14.344 109.694 114.000 142.000 46.000
-5.655 -13.912 109.699 99.000 126.000 38.000
-5.655 -13.479 109.704 94.000 119.000 37.000
-5.655 -13.047 109.708 118.000 146.000 50.000
-5.655 -12.614 109.713 116.000 146.000 48.000
-5.655 -12.181 109.717 114.000 142.000 47.000
-5.655 -11.749 109.722 130.000 152.000 63.000
-5.655 -11.316 109.727 138.000 158.000 74.000
-5.655 -10.883 109.731 138.000 158.000 77.000
-5.655 -10.451 109.736 131.000 151.000 75.000
-5.223 -14.344 109.695 113.000 136.000 42.000
-5.223 -13.912 109.699 113.000 137.000 45.000
-5.223 -13.479 109.704 87.000 113.000 33.000
-5.223 -13.047 109.709 113.000 139.000 53.000
-5.223 -12.614 109.713 110.000 135.000 53.000
-5.223 -12.181 109.718 99.000 128.000 44.000
-5.223 -11.749 109.722 100.000 126.000 49.000
-5.223 -11.316 109.727 97.000 123.000 48.000
-5.223 -10.883 109.732 94.000 122.000 46.000
-4.790 -14.344 109.695 95.000 119.000 36.000
-4.790 -13.912 109.700 87.000 112.000 33.000
-4.790 -13.479 109.704 92.000 118.000 40.000
-4.790 -13.047 109.709 84.000 111.000 39.000
-4.790 -12.614 109.714 88.000 117.000 43.000
-4.790 -12.181 109.718 90.000 119.000 43.000
-4.790 -11.749 109.723 88.000 115.000 46.000
-4.790 -11.316 109.727 90.000 117.000 48.000
-4.790 -10.883 109.732 88.000 116.000 46.000
-4.357 -13.479 109.705 64.000 87.000 27.000
-4.357 -13.047 109.709 59.000 85.000 25.000
-4.357 -12.181 109.719 69.000 97.000 33.000
-8.252 -12.618 110.143 118.000 127.000 89.000
-8.252 -12.186 110.148 163.000 169.000 125.000
-8.252 -11.753 110.152 77.000 82.000 56.000
-7.819 -13.916 110.130 113.000 121.000 88.000
-7.819 -13.484 110.134 132.000 145.000 93.000
-7.819 -13.051 110.139 129.000 144.000 85.000
-7.819 -12.618 110.143 146.000 159.000 98.000
-7.819 -12.186 110.148 176.000 188.000 126.000
-7.819 -11.753 110.153 174.000 185.000 124.000
-7.386 -14.349 110.125 113.000 123.000 78.000
-7.386 -13.916 110.130 154.000 168.000 103.000
-7.386 -13.484 110.135 145.000 161.000 90.000
-7.386 -13.051 110.139 134.000 153.000 77.000
-7.386 -12.618 110.144 150.000 168.000 88.000
-7.386 -12.186 110.148 174.000 189.000 110.000
-7.386 -11.753 110.153 168.000 184.000 105.000
-7.386 -11.321 110.158 147.000 164.000 91.000
-7.386 -10.888 110.162 95.000 107.000 60.000
-6.954 -14.349 110.126 105.000 128.000 57.000
-6.954 -13.916 110.130 128.000 149.000 72.000
-6.954 -13.484 110.135 146.000 163.000 85.000
-6.954 -13.051 110.140 151.000 172.000 82.000
-6.954 -12.618 110.144 159.000 180.000 86.000
-6.954 -12.186 110.149 170.000 189.000 95.000
-6.954 -11.753 110.153 173.000 190.000 98.000
-6.954 -11.321 110.158 158.000 176.000 94.000
-6.954 -10.888 110.163 162.000 177.000 102.000
-6.521 -14.349 110.126 70.000 100.000 27.000
-6.521 -13.916 110.131 104.000 132.000 47.000
-6.521 -13.484 110.135 123.000 151.000 55.000
-6.521 -13.051 110.140 139.000 167.000 64.000
-6.521 -12.618 110.145 162.000 186.000 76.000
-6.521 -12.186 110.149 163.000 186.000 76.000
-6.521 -11.753 110.154 159.000 183.000 74.000
-6.521 -11.321 110.158 159.000 180.000 85.000
-6.521 -10.888 110.163 170.000 186.000 105.000
-6.521 -10.455 110.168 165.000 177.000 115.000
-6.088 -14.782 110.122 111.000 134.000 54.000
-6.088 -14.349 110.127 109.000 136.000 48.000
-6.088 -13.916 110.131 118.000 146.000 52.000
-6.088 -13.484 110.136 124.000 152.000 55.000
-6.088 -13.051 110.140 141.000 168.000 65.000
-6.088 -12.618 110.145 147.000 172.000 67.000
-6.088 -12.186 110.150 141.000 167.000 64.000
-6.088 -11.753 110.154 138.000 164.000 64.000
-6.088 -11.321 110.159 151.000 173.000 81.000
-6.088 -10.888 110.163 160.000 178.000 96.000
-6.088 -10.455 110.168 158.000 172.000 105.000
-5.656 -14.349 110.127 143.000 169.000 63.000
-5.656 -13.916 110.132 134.000 161.000 59.000
-5.656 -13.484 110.136 136.000 161.000 64.000
-5.656 -13.051 110.141 134.000 160.000 63.000
-5.656 -12.618 110.145 128.000 154.000 59.000
-5.656 -12.186 110.150 120.000 144.000 56.000
-5.656 -11.753 110.155 129.000 151.000 64.000
-5.656 -11.321 110.159 136.000 157.000 73.000
-5.656 -10.888 110.164 147.000 164.000 87.000
-5.223 -13.916 110.132 134.000 163.000 55.000
-5.223 -13.484 110.137 121.000 150.000 52.000
-5.223 -13.051 110.141 108.000 134.000 51.000
-5.223 -12.618 110.146 95.000 122.000 42.000
-5.223 -12.186 110.150 87.000 118.000 37.000
-5.223 -11.753 110.155 96.000 120.000 46.000
-5.223 -11.321 110.160 92.000 117.000 46.000
-5.223 -10.888 110.164 83.000 106.000 42.000
-4.790 -13.916 110.132 112.000 137.000 46.000
-4.790 -13.484 110.137 101.000 125.000 47.000
-4.790 -13.051 110.142 110.000 136.000 54.000
-4.790 -12.618 110.146 97.000 123.000 47.000
-4.790 -12.186 110.151 89.000 116.000 44.000
-4.790 -11.753 110.155 86.000 111.000 48.000
-4.358 -12.619 110.147 59.000 83.000 28.000
-4.358 -12.186 110.151 61.000 82.000 32.000
-7.819 -13.488 110.567 116.000 127.000 86.000
-7.819 -13.056 110.571 136.000 149.000 99.000
-7.819 -12.623 110.576 153.000 164.000 110.000
-7.819 -12.190 110.581 164.000 174.000 119.000
-7.819 -11.758 110.585 139.000 149.000 98.000
-7.387 -13.921 110.563 132.000 148.000 91.000
-7.387 -13.488 110.567 139.000 153.000 94.000
-7.387 -13.056 110.572 136.000 153.000 87.000
-7.387 -12.623 110.576 157.000 172.000 102.000
-7.387 -12.190 110.581 169.000 182.000 114.000
-7.387 -11.758 110.586 173.000 186.000 116.000
-7.387 -11.325 110.590 143.000 157.000 94.000
-6.954 -14.354 110.558 63.000 90.000 26.000
-6.954 -13.921 110.563 96.000 122.000 48.000
-6.954 -13.488 110.568 133.000 151.000 80.000
-6.954 -13.056 110.572 145.000 163.000 86.000
-6.954 -12.623 110.577 157.000 175.000 94.000
-6.954 -12.190 110.581 170.000 186.000 105.000
-6.954 -11.758 110.586 161.000 178.000 97.000
-6.954 -11.325 110.591 172.000 187.000 111.000
-6.954 -10.893 110.595 180.000 191.000 126.000
-6.521 -14.786 110.554 112.000 134.000 57.000
-6.521 -14.354 110.559 97.000 124.000 46.000
-6.521 -13.921 110.563 98.000 126.000 44.000
-6.521 -13.488 110.568 110.000 135.000 51.000
-6.521 -13.056 110.573 135.000 156.000 68.000
-6.521 -12.623 110.577 152.000 173.000 80.000
-6.521 -12.190 110.582 157.000 178.000 84.000
-6.521 -11.758 110.586 154.000 175.000 84.000
-6.521 -11.325 110.591 166.000 183.000 100.000
-6.521 -10.893 110.596 165.000 179.000 105.000
-6.089 -14.354 110.559 128.000 152.000 62.000
-6.089 -13.921 110.564 118.000 143.000 54.000
-6.089 -13.488 110.568 111.000 139.000 50.000
-6.089 -13.056 110.573 130.000 153.000 65.000
-6.089 -12.623 110.578 141.000 164.000 72.000
-6.089 -12.190 110.582 139.000 163.000 72.000
-6.089 -11.758 110.587 140.000 161.000 75.000
-6.089 -11.325 110.591 149.000 166.000 85.000
-6.089 -10.893 110.596 146.000 163.000 90.000
-6.089 -10.460 110.601 72.000 82.000 43.000
-5.656 -13.921 110.564 134.000 159.000 61.000
-5.656 -13.488 110.569 120.000 148.000 55.000
-5.656 -13.056 110.573 126.000 151.000 63.000
-5.656 -12.623 110.578 123.000 147.000 60.000
-5.656 -12.190 110.583 120.000 143.000 61.000
-5.656 -11.758 110.587 123.000 144.000 65.000
-5.656 -11.325 110.592 125.000 145.000 69.000
-5.656 -10.893 110.596 123.000 142.000 72.000
-5.223 -13.921 110.565 124.000 155.000 48.000
-5.223 -13.488 110.569 107.000 134.000 46.000
-5.223 -13.056 110.574 118.000 144.000 57.000
-5.223 -12.623 110.578 112.000 136.000 58.000
-5.223 -12.190 110.583 86.000 110.000 45.000
-5.223 -11.758 110.588 75.000 99.000 38.000
-4.791 -13.921 110.565 100.000 130.000 39.000
-4.791 -13.488 110.570 90.000 114.000 39.000
-4.791 -13.056 110.574 85.000 111.000 39.000
-4.791 -12.623 110.579 67.000 93.000 30.000
-4.791 -12.190 110.583 56.000 81.000 24.000
-4.358 -13.488 110.570 61.000 81.000 28.000
-4.358 -12.623 110.579 58.000 80.000 28.000
-7.820 -13.060 111.004 132.000 141.000 103.000
-7.820 -12.628 111.009 180.000 187.000 138.000
-7.820 -12.195 111.013 179.000 185.000 135.000
-7.820 -11.762 111.018 84.000 89.000 60.000
-7.387 -13.493 111.000 92.000 103.000 64.000
-7.387 -13.060 111.004 161.000 173.000 119.000
-7.387 -12.628 111.009 175.000 187.000 123.000
-7.387 -12.195 111.014 180.000 191.000 130.000
-7.387 -11.762 111.018 177.000 187.000 126.000
-7.387 -11.330 111.023 112.000 123.000 75.000
-6.955 -14.791 110.987 113.000 131.000 67.000
-6.955 -14.358 110.991 101.000 124.000 54.000
-6.955 -13.926 110.996 92.000 119.000 46.000
-6.955 -13.493 111.000 100.000 124.000 57.000
-6.955 -13.060 111.005 152.000 168.000 103.000
-6.955 -12.628 111.009 177.000 192.000 123.000
-6.955 -12.195 111.014 192.000 203.000 137.000
-6.955 -11.762 111.019 177.000 189.000 120.000
-6.955 -11.330 111.023 166.000 180.000 112.000
-6.522 -13.926 110.996 116.000 139.000 60.000
-6.522 -13.493 111.001 97.000 122.000 50.000
-6.522 -13.060 111.005 120.000 141.000 70.000
-6.522 -12.628 111.010 152.000 169.000 95.000
-6.522 -12.195 111.014 164.000 181.000 106.000
-6.522 -11.762 111.019 159.000 174.000 103.000
-6.522 -11.330 111.024 166.000 181.000 110.000
-6.522 -10.897 111.028 123.000 135.000 80.000
-6.089 -13.926 110.997 132.000 155.000 68.000
-6.089 -13.493 111.001 121.000 143.000 63.000
-6.089 -13.060 111.006 106.000 130.000 54.000
-6.089 -12.628 111.010 123.000 144.000 69.000
-6.089 -12.195 111.015 144.000 163.000 89.000
-6.089 -11.762 111.019 130.000 147.000 77.000
-6.089 -11.330 111.024 127.000 143.000 77.000
-6.089 -10.897 111.029 76.000 86.000 47.000
-5.657 -13.493 111.002 129.000 153.000 65.000
-5.657 -13.060 111.006 106.000 132.000 50.000
-5.657 -12.628 111.011 101.000 126.000 50.000
-5.657 -12.195 111.015 102.000 124.000 56.000
-5.657 -11.762 111.020 99.000 122.000 53.000
-5.224 -13.493 111.002 102.000 129.000 45.000
-5.224 -13.060 111.007 94.000 118.000 42.000
-5.224 -12.628 111.011 93.000 119.000 43.000
-5.224 -12.195 111.016 70.000 95.000 34.000
-4.791 -13.493 111.002 77.000 99.000 33.000
-4.791 -13.060 111.007 73.000 97.000 32.000
-4.791 -12.628 111.012 83.000 109.000 41.000
-7.820 -12.632 111.441 109.000 113.000 85.000
-7.820 -12.200 111.446 163.000 166.000 127.000
-7.820 -11.767 111.450 94.000 97.000 70.000
-7.388 -12.632 111.442 145.000 153.000 113.000
-7.388 -12.200 111.446 220.000 224.000 173.000
-7.388 -11.767 111.451 200.000 206.000 154.000
-6.955 -13.930 111.428 112.000 133.000 67.000
-6.955 -13.498 111.433 59.000 82.000 29.000
-6.955 -12.632 111.442 127.000 140.000 94.000
-6.955 -12.200 111.447 204.000 212.000 159.000
-6.955 -11.767 111.451 204.000 211.000 159.000
-6.955 -11.334 111.456 113.000 123.000 81.000
-6.522 -13.498 111.433 97.000 122.000 57.000
-6.522 -12.200 111.447 146.000 159.000 107.000
-6.522 -11.767 111.452 167.000 177.000 128.000
-6.090 -13.498 111.434 121.000 142.000 71.000
-6.090 -13.065 111.438 58.000 80.000 28.000
-6.090 -11.767 111.452 109.000 125.000 72.000
-5.657 -13.498 111.434 117.000 141.000 61.000
-5.657 -13.065 111.439 79.000 105.000 36.000
-5.224 -13.498 111.435 75.000 100.000 29.000
-5.224 -13.065 111.439 67.000 92.000 26.000
-5.224 -12.632 111.444 74.000 101.000 32.000
-4.792 -13.498 111.435 69.000 91.000 29.000
-4.792 -13.065 111.440 68.000 94.000 29.000
-7.821 -12.204 111.878 136.000 138.000 111.000
-7.821 -11.772 111.883 136.000 137.000 110.000
-7.388 -12.204 111.879 194.000 197.000 158.000
-6.955 -12.204 111.879 165.000 171.000 130.000
-5.657 -13.069 111.871 59.000 83.000 27.000
-5.225 -13.069 111.872 62.000 87.000 26.000
-4.789 -14.331 108.397 73.000 98.000 31.000
-4.356 -14.331 108.398 68.000 98.000 28.000
-4.789 -14.768 108.825 112.000 132.000 56.000
-4.789 -14.335 108.830 111.000 132.000 53.000
-4.356 -14.335 108.830 97.000 121.000 48.000
-5.655 -14.773 109.257 93.000 114.000 42.000
-5.222 -14.773 109.258 72.000 88.000 30.000
-4.790 -14.340 109.263 100.000 123.000 42.000
-4.357 -14.340 109.263 80.000 104.000 34.000
-5.655 -14.777 109.690 114.000 141.000 49.000
-7.816 -9.553 106.714 90.000 106.000 62.000
-8.250 -10.000 108.007 130.000 139.000 104.000
-7.817 -10.004 108.440 77.000 86.000 55.000
-6.954 -10.455 110.167 136.000 148.000 94.000
-7.387 -10.893 110.595 80.000 89.000 54.000
-6.521 -10.460 110.600 87.000 95.000 58.000
-6.955 -10.897 111.028 94.000 102.000 64.000
