15.380 2.827 188.671 76.000 87.000 37.000
15.834 2.827 188.668 72.000 83.000 41.000
15.834 3.281 188.667 71.000 83.000 37.000
16.288 2.827 188.664 78.000 87.000 48.000
16.288 3.281 188.664 72.000 83.000 41.000
16.288 3.735 188.663 101.000 108.000 66.000
16.288 4.189 188.663 95.000 99.000 68.000
15.383 2.374 189.125 75.000 84.000 43.000
15.383 2.828 189.125 78.000 89.000 37.000
15.837 2.374 189.122 76.000 86.000 44.000
15.837 2.828 189.121 69.000 81.000 33.000
15.837 3.281 189.121 76.000 88.000 36.000
15.837 3.735 189.120 95.000 105.000 51.000
16.291 2.374 189.118 81.000 91.000 51.000
16.291 2.828 189.118 74.000 85.000 40.000
16.291 3.281 189.117 83.000 93.000 44.000
16.291 3.735 189.117 118.000 124.000 73.000
16.291 4.189 189.116 89.000 93.000 62.000
16.745 2.374 189.115 75.000 82.000 52.000
14.933 2.374 189.583 82.000 92.000 42.000
15.387 2.374 189.579 89.000 97.000 47.000
15.387 2.828 189.579 81.000 92.000 34.000
15.387 3.282 189.578 75.000 89.000 26.000
15.841 2.374 189.576 82.000 92.000 42.000
15.841 2.828 189.575 77.000 89.000 35.000
15.841 3.282 189.575 81.000 93.000 36.000
15.841 3.736 189.574 96.000 106.000 50.000
16.295 1.921 189.573 79.000 89.000 53.000
16.295 2.374 189.572 78.000 89.000 43.000
16.295 2.828 189.572 83.000 94.000 41.000
16.295 3.282 189.571 100.000 110.000 51.000
16.295 3.736 189.571 128.000 135.000 76.000
16.295 4.190 189.570 96.000 101.000 67.000
16.748 1.921 189.569 73.000 81.000 54.000
16.748 2.374 189.569 84.000 93.000 54.000
16.748 2.828 189.568 94.000 102.000 54.000
16.748 3.282 189.568 90.000 95.000 52.000
14.483 1.921 190.040 83.000 91.000 47.000
14.483 2.375 190.040 71.000 82.000 34.000
14.937 1.921 190.037 91.000 101.000 47.000
14.937 2.375 190.036 91.000 101.000 42.000
14.937 2.829 190.036 83.000 94.000 32.000
15.390 1.467 190.034 72.000 81.000 40.000
15.390 1.921 190.033 88.000 100.000 41.000
15.390 2.375 190.033 93.000 104.000 39.000
15.390 2.829 190.032 92.000 104.000 34.000
15.390 3.282 190.032 85.000 98.000 28.000
15.844 1.921 190.030 83.000 93.000 42.000
15.844 2.375 190.029 92.000 103.000 40.000
15.844 2.829 190.029 91.000 103.000 36.000
15.844 3.282 190.028 90.000 103.000 37.000
15.844 3.736 190.028 102.000 111.000 53.000
15.844 4.190 190.027 89.000 98.000 51.000
16.298 1.467 190.027 75.000 83.000 52.000
16.298 1.921 190.026 83.000 94.000 47.000
16.298 2.375 190.026 92.000 103.000 46.000
16.298 2.829 190.025 116.000 125.000 54.000
16.298 3.282 190.025 128.000 136.000 63.000
16.298 3.736 190.024 136.000 143.000 83.000
16.298 4.190 190.024 138.000 143.000 101.000
16.752 1.921 190.023 78.000 88.000 52.000
16.752 2.375 190.023 101.000 109.000 62.000
16.752 2.829 190.022 132.000 139.000 77.000
16.752 3.282 190.021 142.000 147.000 87.000
16.752 3.736 190.021 126.000 131.000 85.000
14.486 1.468 190.495 77.000 84.000 45.000
14.486 1.922 190.494 89.000 98.000 45.000
14.940 1.468 190.491 78.000 89.000 40.000
14.940 1.922 190.491 93.000 105.000 40.000
14.940 2.375 190.490 100.000 110.000 40.000
14.940 2.829 190.490 89.000 100.000 34.000
15.394 1.468 190.488 83.000 95.000 38.000
15.394 1.922 190.487 96.000 108.000 36.000
15.394 2.375 190.487 101.000 113.000 33.000
15.394 2.829 190.486 115.000 126.000 37.000
15.394 3.283 190.486 116.000 127.000 39.000
15.848 1.468 190.484 87.000 97.000 46.000
15.848 1.922 190.484 97.000 108.000 40.000
15.848 2.375 190.483 96.000 108.000 36.000
15.848 2.829 190.483 114.000 126.000 39.000
15.848 3.283 190.482 122.000 133.000 45.000
15.848 3.737 190.482 110.000 120.000 52.000
15.848 4.191 190.481 103.000 111.000 63.000
16.301 1.468 190.481 91.000 99.000 57.000
16.301 1.922 190.480 92.000 102.000 45.000
16.301 2.375 190.480 111.000 121.000 53.000
16.301 2.829 190.479 143.000 151.000 69.000
16.301 3.283 190.479 150.000 157.000 75.000
16.301 3.737 190.478 147.000 153.000 92.000
16.301 4.191 190.478 149.000 153.000 115.000
16.755 1.468 190.477 83.000 91.000 57.000
16.755 1.922 190.477 87.000 97.000 53.000
16.755 2.375 190.476 128.000 135.000 80.000
16.755 2.829 190.476 150.000 155.000 93.000
16.755 3.283 190.475 162.000 167.000 100.000
16.755 3.737 190.475 156.000 160.000 111.000
17.209 1.922 190.473 87.000 95.000 63.000
17.209 2.375 190.473 95.000 98.000 71.000
14.490 1.468 190.948 88.000 96.000 47.000
14.490 1.922 190.948 102.000 111.000 51.000
14.944 1.014 190.945 74.000 84.000 39.000
14.944 1.468 190.945 86.000 98.000 40.000
14.944 1.922 190.944 105.000 116.000 43.000
14.944 2.376 190.944 99.000 110.000 38.000
14.944 2.830 190.943 108.000 119.000 43.000
14.943 3.284 190.943 109.000 119.000 44.000
15.397 1.014 190.942 76.000 87.000 39.000
15.397 1.468 190.942 84.000 97.000 33.000
15.397 1.922 190.941 103.000 116.000 34.000
15.397 2.376 190.940 107.000 120.000 36.000
15.397 2.830 190.940 124.000 135.000 44.000
15.397 3.284 190.939 134.000 143.000 51.000
15.397 3.737 190.939 102.000 113.000 43.000
15.397 4.191 190.938 89.000 98.000 44.000
15.851 1.468 190.938 85.000 97.000 37.000
15.851 1.922 190.938 97.000 110.000 33.000
15.851 2.376 190.937 111.000 123.000 38.000
15.851 2.830 190.937 130.000 141.000 47.000
15.851 3.284 190.936 132.000 142.000 51.000
15.851 3.737 190.935 115.000 124.000 53.000
15.851 4.191 190.935 103.000 111.000 53.000
16.305 1.468 190.935 88.000 98.000 47.000
16.305 1.922 190.934 106.000 115.000 46.000
16.305 2.376 190.934 125.000 135.000 58.000
16.305 2.830 190.933 152.000 159.000 73.000
16.305 3.284 190.933 153.000 160.000 77.000
16.305 3.737 190.932 151.000 157.000 88.000
16.305 4.191 190.932 136.000 143.000 92.000
16.305 4.645 190.931 108.000 112.000 80.000
16.759 1.468 190.931 87.000 96.000 52.000
16.759 1.922 190.931 107.000 115.000 60.000
16.759 2.376 190.930 143.000 149.000 83.000
16.759 2.830 190.930 159.000 164.000 90.000
16.759 3.284 190.929 161.000 165.000 97.000
16.759 3.737 190.929 160.000 165.000 105.000
16.759 4.191 190.928 167.000 170.000 129.000
17.213 1.468 190.928 85.000 94.000 56.000
17.213 1.922 190.927 109.000 116.000 75.000
17.212 2.376 190.927 124.000 128.000 87.000
17.212 2.830 190.926 96.000 99.000 65.000
17.212 3.284 190.926 93.000 96.000 61.000
17.212 3.737 190.925 96.000 100.000 67.000
14.493 1.469 191.402 89.000 99.000 46.000
14.493 1.923 191.402 92.000 102.000 45.000
14.493 2.376 191.401 87.000 96.000 43.000
14.947 1.015 191.399 81.000 92.000 39.000
14.947 1.469 191.399 92.000 105.000 40.000
14.947 1.923 191.398 97.000 110.000 38.000
14.947 2.376 191.398 100.000 112.000 40.000
14.947 2.830 191.397 105.000 116.000 43.000
14.947 3.284 191.397 109.000 120.000 49.000
15.401 1.015 191.396 92.000 102.000 44.000
15.401 1.469 191.395 105.000 118.000 39.000
15.401 1.923 191.395 105.000 121.000 32.000
15.401 2.376 191.394 111.000 125.000 36.000
15.401 2.830 191.394 121.000 134.000 42.000
15.401 3.284 191.393 129.000 140.000 50.000
15.401 3.738 191.393 114.000 124.000 50.000
15.401 4.192 191.392 91.000 99.000 45.000
15.855 1.015 191.392 88.000 99.000 43.000
15.855 1.469 191.392 93.000 107.000 33.000
15.855 1.923 191.391 114.000 128.000 37.000
15.855 2.376 191.391 132.000 143.000 47.000
15.855 2.830 191.390 134.000 145.000 49.000
15.855 3.284 191.390 128.000 140.000 47.000
15.855 3.738 191.389 106.000 117.000 44.000
15.855 4.192 191.389 103.000 112.000 50.000
15.855 4.645 191.388 85.000 93.000 44.000
16.308 1.015 191.389 89.000 96.000 50.000
16.308 1.469 191.388 102.000 112.000 47.000
16.308 1.923 191.388 122.000 133.000 48.000
16.308 2.376 191.387 144.000 153.000 66.000
16.308 2.830 191.387 153.000 160.000 74.000
16.308 3.284 191.386 154.000 161.000 76.000
16.308 3.738 191.386 144.000 151.000 76.000
16.308 4.192 191.385 134.000 142.000 80.000
16.308 4.645 191.385 121.000 129.000 76.000
16.762 1.015 191.385 92.000 98.000 61.000
16.762 1.469 191.385 98.000 107.000 52.000
16.762 1.923 191.384 130.000 138.000 69.000
16.762 2.376 191.384 153.000 160.000 85.000
16.762 2.830 191.383 164.000 170.000 90.000
16.762 3.284 191.383 164.000 170.000 95.000
16.762 3.738 191.382 160.000 164.000 101.000
16.762 4.192 191.382 157.000 163.000 107.000
16.762 4.645 191.381 138.000 142.000 105.000
17.216 1.015 191.382 78.000 87.000 52.000
17.216 1.469 191.381 89.000 99.000 53.000
17.216 1.923 191.381 118.000 124.000 74.000
17.216 2.376 191.380 153.000 158.000 103.000
17.216 2.830 191.380 169.000 173.000 111.000
17.216 3.284 191.379 150.000 154.000 95.000
17.216 3.738 191.379 116.000 120.000 76.000
17.216 4.192 191.378 96.000 98.000 68.000
14.497 1.015 191.857 103.000 112.000 56.000
14.497 1.469 191.856 96.000 106.000 48.000
14.497 1.923 191.856 97.000 107.000 47.000
14.497 2.377 191.855 90.000 101.000 46.000
14.950 0.562 191.854 85.000 96.000 46.000
14.950 1.015 191.853 89.000 101.000 42.000
14.950 1.469 191.853 95.000 108.000 39.000
14.950 1.923 191.852 106.000 119.000 41.000
14.950 2.377 191.852 111.000 123.000 45.000
14.950 2.831 191.851 106.000 116.000 44.000
14.950 3.285 191.851 99.000 110.000 44.000
14.950 3.738 191.850 74.000 82.000 35.000
15.404 0.562 191.850 91.000 101.000 49.000
15.404 1.015 191.850 100.000 112.000 45.000
15.404 1.469 191.849 111.000 124.000 40.000
15.404 1.923 191.849 120.000 134.000 39.000
15.404 2.377 191.848 123.000 135.000 43.000
15.404 2.831 191.848 115.000 127.000 40.000
15.404 3.285 191.847 100.000 113.000 36.000
15.404 3.738 191.847 98.000 109.000 41.000
15.404 4.192 191.846 85.000 94.000 37.000
15.858 0.562 191.847 87.000 96.000 49.000
15.858 1.015 191.846 102.000 113.000 47.000
15.858 1.469 191.846 101.000 114.000 37.000
15.858 1.923 191.845 98.000 111.000 30.000
15.858 2.377 191.845 117.000 129.000 40.000
15.858 2.831 191.844 113.000 126.000 39.000
15.858 3.285 191.844 109.000 122.000 39.000
15.858 3.738 191.843 101.000 113.000 39.000
15.858 4.192 191.843 100.000 110.000 44.000
15.858 4.646 191.842 91.000 99.000 46.000
16.312 1.015 191.843 83.000 89.000 45.000
16.312 1.469 191.842 103.000 114.000 45.000
16.312 1.923 191.842 116.000 128.000 45.000
16.312 2.377 191.841 144.000 154.000 63.000
16.312 2.831 191.841 152.000 161.000 70.000
16.312 3.285 191.840 147.000 155.000 69.000
16.312 3.738 191.840 141.000 149.000 71.000
16.312 4.192 191.839 130.000 138.000 70.000
16.312 4.646 191.839 110.000 117.000 62.000
16.766 1.469 191.839 97.000 107.000 50.000
16.766 1.923 191.838 143.000 152.000 71.000
16.766 2.377 191.838 162.000 169.000 85.000
16.766 2.831 191.837 162.000 169.000 85.000
16.766 3.285 191.837 164.000 170.000 90.000
16.766 3.738 191.836 160.000 166.000 95.000
16.766 4.192 191.836 154.000 159.000 99.000
16.766 4.646 191.835 108.000 113.000 75.000
17.219 1.015 191.836 79.000 89.000 50.000
17.219 1.469 191.835 92.000 102.000 53.000
17.219 1.923 191.835 130.000 136.000 79.000
17.219 2.377 191.834 164.000 171.000 105.000
17.219 2.831 191.834 174.000 179.000 111.000
17.219 3.285 191.833 176.000 181.000 111.000
17.219 3.738 191.833 168.000 174.000 108.000
17.219 4.192 191.832 111.000 115.000 76.000
17.673 1.015 191.832 76.000 85.000 53.000
17.673 1.469 191.832 98.000 105.000 67.000
14.500 0.562 192.311 76.000 82.000 44.000
14.500 1.016 192.310 102.000 111.000 55.000
14.500 1.470 192.310 102.000 112.000 52.000
14.500 1.924 192.309 98.000 108.000 46.000
14.500 2.377 192.309 90.000 100.000 45.000
14.954 0.562 192.307 86.000 97.000 46.000
14.954 1.016 192.307 102.000 113.000 50.000
14.954 1.470 192.306 109.000 121.000 49.000
14.954 1.924 192.306 109.000 121.000 45.000
14.954 2.377 192.305 102.000 113.000 42.000
14.954 2.831 192.305 104.000 115.000 45.000
14.954 3.285 192.304 100.000 111.000 44.000
14.954 3.739 192.304 83.000 91.000 42.000
15.408 0.562 192.304 93.000 103.000 48.000
15.408 1.016 192.303 100.000 111.000 47.000
15.408 1.470 192.303 109.000 120.000 44.000
15.408 1.924 192.302 112.000 124.000 40.000
15.408 2.377 192.302 113.000 124.000 40.000
15.408 2.831 192.301 108.000 120.000 38.000
15.408 3.285 192.301 107.000 119.000 39.000
15.408 3.739 192.300 106.000 117.000 47.000
15.408 4.193 192.300 87.000 95.000 42.000
15.861 0.562 192.300 91.000 101.000 50.000
15.861 1.016 192.300 97.000 108.000 46.000
15.861 1.470 192.299 100.000 112.000 40.000
15.861 1.924 192.299 105.000 117.000 37.000
15.861 2.377 192.298 122.000 133.000 46.000
15.861 2.831 192.298 122.000 132.000 44.000
15.861 3.285 192.297 118.000 129.000 44.000
15.861 3.739 192.297 104.000 115.000 43.000
15.861 4.193 192.296 99.000 108.000 46.000
16.315 1.016 192.297 96.000 104.000 53.000
16.315 1.470 192.296 103.000 114.000 48.000
16.315 1.924 192.295 121.000 132.000 51.000
16.315 2.377 192.295 142.000 152.000 66.000
16.315 2.831 192.294 149.000 158.000 68.000
16.315 3.285 192.294 141.000 150.000 63.000
16.315 3.739 192.293 137.000 145.000 68.000
16.315 4.193 192.293 127.000 136.000 68.000
16.315 4.646 192.292 108.000 115.000 64.000
16.769 1.470 192.293 115.000 124.000 63.000
16.769 1.924 192.292 150.000 160.000 78.000
16.769 2.377 192.292 159.000 167.000 83.000
16.769 2.831 192.291 160.000 168.000 85.000
16.769 3.285 192.290 163.000 169.000 91.000
16.769 3.739 192.290 160.000 167.000 95.000
16.769 4.193 192.289 154.000 160.000 97.000
16.769 4.646 192.289 109.000 114.000 75.000
17.223 1.470 192.289 75.000 81.000 45.000
17.223 1.924 192.289 158.000 165.000 99.000
17.223 2.377 192.288 169.000 177.000 105.000
17.223 2.831 192.288 174.000 181.000 110.000
17.223 3.285 192.287 176.000 182.000 112.000
17.223 3.739 192.287 165.000 171.000 107.000
17.223 4.193 192.286 124.000 128.000 86.000
17.677 1.016 192.286 86.000 95.000 59.000
17.677 1.470 192.286 86.000 91.000 59.000
14.504 0.563 192.765 97.000 106.000 54.000
14.504 1.017 192.764 103.000 112.000 56.000
14.504 1.470 192.764 103.000 111.000 52.000
14.504 1.924 192.763 85.000 95.000 41.000
14.504 2.378 192.763 75.000 84.000 37.000
14.957 0.563 192.761 92.000 104.000 47.000
14.957 1.017 192.761 101.000 112.000 50.000
14.957 1.470 192.760 108.000 118.000 51.000
14.957 1.924 192.760 101.000 112.000 44.000
14.957 2.378 192.759 101.000 112.000 44.000
14.957 2.832 192.759 92.000 104.000 38.000
14.957 3.286 192.758 112.000 122.000 52.000
14.957 3.739 192.758 101.000 108.000 55.000
15.411 0.109 192.758 70.000 80.000 36.000
15.411 0.563 192.758 89.000 100.000 43.000
15.411 1.017 192.757 104.000 114.000 50.000
15.411 1.470 192.757 111.000 121.000 50.000
15.411 1.924 192.756 107.000 118.000 44.000
15.411 2.378 192.756 111.000 122.000 44.000
15.411 2.832 192.755 108.000 120.000 40.000
15.411 3.286 192.755 107.000 119.000 40.000
15.411 3.739 192.754 106.000 117.000 48.000
15.411 4.193 192.754 81.000 88.000 43.000
15.865 0.563 192.754 93.000 103.000 48.000
15.865 1.016 192.754 99.000 110.000 49.000
15.865 1.470 192.753 100.000 111.000 45.000
15.865 1.924 192.753 111.000 122.000 45.000
15.865 2.378 192.752 119.000 130.000 47.000
15.865 2.832 192.752 116.000 128.000 42.000
15.865 3.286 192.751 110.000 122.000 40.000
15.865 3.739 192.751 107.000 118.000 47.000
15.865 4.193 192.750 100.000 108.000 52.000
16.319 0.563 192.751 87.000 94.000 54.000
16.319 1.016 192.750 107.000 117.000 59.000
16.319 1.470 192.750 120.000 131.000 57.000
16.319 1.924 192.749 139.000 148.000 65.000
16.319 2.378 192.749 145.000 153.000 70.000
16.319 2.832 192.748 146.000 154.000 68.000
16.319 3.286 192.748 144.000 153.000 66.000
16.319 3.739 192.747 136.000 144.000 68.000
16.319 4.193 192.747 128.000 137.000 72.000
16.319 4.647 192.746 101.000 108.000 61.000
16.773 1.470 192.746 142.000 150.000 81.000
16.773 1.924 192.746 156.000 164.000 84.000
16.773 2.378 192.745 160.000 168.000 85.000
16.773 2.832 192.745 162.000 170.000 86.000
16.773 3.286 192.744 165.000 172.000 92.000
16.773 3.739 192.744 160.000 167.000 94.000
16.773 4.193 192.743 153.000 161.000 96.000
16.773 4.647 192.743 110.000 115.000 73.000
17.226 1.924 192.742 178.000 185.000 112.000
17.226 2.378 192.742 176.000 184.000 106.000
17.226 2.832 192.741 176.000 184.000 109.000
17.226 3.286 192.741 179.000 185.000 112.000
17.226 3.739 192.740 172.000 178.000 112.000
17.226 4.193 192.740 124.000 129.000 86.000
14.507 0.563 193.218 85.000 91.000 49.000
14.507 1.017 193.218 103.000 111.000 57.000
14.507 1.471 193.217 92.000 101.000 47.000
14.507 1.925 193.217 75.000 84.000 37.000
14.961 0.563 193.215 99.000 110.000 50.000
14.961 1.017 193.214 109.000 119.000 54.000
14.961 1.471 193.214 115.000 125.000 54.000
14.961 1.925 193.213 103.000 114.000 45.000
14.961 2.378 193.213 100.000 111.000 44.000
14.961 2.832 193.212 99.000 110.000 45.000
14.961 3.286 193.212 114.000 124.000 56.000
14.961 3.740 193.211 106.000 112.000 66.000
15.415 0.109 193.212 71.000 82.000 35.000
15.415 0.563 193.212 90.000 102.000 43.000
15.415 1.017 193.211 111.000 122.000 51.000
15.415 1.471 193.211 121.000 130.000 52.000
15.415 1.925 193.210 122.000 132.000 50.000
15.415 2.378 193.209 118.000 128.000 46.000
15.415 2.832 193.209 109.000 121.000 43.000
15.415 3.286 193.208 112.000 124.000 48.000
15.415 3.740 193.208 116.000 126.000 58.000
15.868 0.109 193.209 71.000 81.000 38.000
15.868 0.563 193.208 92.000 102.000 48.000
15.868 1.017 193.208 101.000 112.000 47.000
15.868 1.471 193.207 108.000 119.000 45.000
15.868 1.925 193.207 117.000 128.000 44.000
15.868 2.378 193.206 106.000 117.000 38.000
15.868 2.832 193.206 117.000 129.000 43.000
15.868 3.286 193.205 116.000 128.000 47.000
15.868 3.740 193.204 114.000 124.000 54.000
15.868 4.194 193.204 87.000 96.000 48.000
16.322 0.563 193.205 89.000 98.000 53.000
16.322 1.017 193.204 102.000 113.000 51.000
16.322 1.471 193.204 117.000 129.000 54.000
16.322 1.925 193.203 138.000 148.000 64.000
16.322 2.378 193.203 137.000 147.000 62.000
16.322 2.832 193.202 150.000 159.000 71.000
16.322 3.286 193.202 155.000 163.000 77.000
16.322 3.740 193.201 143.000 151.000 75.000
16.322 4.194 193.201 129.000 137.000 74.000
16.776 1.017 193.201 80.000 90.000 45.000
16.776 1.471 193.200 130.000 140.000 70.000
16.776 1.925 193.200 157.000 165.000 82.000
16.776 2.378 193.199 166.000 175.000 90.000
16.776 2.832 193.199 169.000 177.000 92.000
16.776 3.286 193.198 172.000 180.000 97.000
16.776 3.740 193.198 162.000 169.000 97.000
16.776 4.194 193.197 154.000 162.000 99.000
17.230 1.925 193.196 174.000 181.000 108.000
17.230 2.378 193.196 184.000 192.000 113.000
17.230 2.832 193.195 186.000 193.000 114.000
17.230 3.286 193.195 185.000 192.000 114.000
17.230 3.740 193.194 179.000 186.000 118.000
17.230 4.194 193.194 130.000 135.000 91.000
17.684 2.378 193.192 106.000 108.000 79.000
17.684 2.832 193.192 99.000 101.000 72.000
14.510 0.564 193.672 81.000 86.000 48.000
14.510 1.018 193.672 99.000 107.000 57.000
14.510 1.471 193.671 89.000 97.000 50.000
14.510 1.925 193.671 80.000 89.000 44.000
14.510 2.379 193.670 76.000 85.000 45.000
14.964 0.564 193.669 101.000 111.000 51.000
14.964 1.018 193.668 116.000 126.000 56.000
14.964 1.471 193.668 111.000 122.000 50.000
14.964 1.925 193.667 110.000 121.000 48.000
14.964 2.379 193.667 100.000 111.000 46.000
14.964 2.833 193.666 112.000 121.000 59.000
14.964 3.287 193.666 133.000 140.000 81.000
15.418 0.110 193.666 78.000 88.000 42.000
15.418 0.564 193.665 95.000 106.000 46.000
15.418 1.018 193.665 114.000 125.000 49.000
15.418 1.471 193.664 120.000 132.000 45.000
15.418 1.925 193.664 121.000 132.000 42.000
15.418 2.379 193.663 110.000 121.000 40.000
15.418 2.833 193.663 109.000 121.000 47.000
15.418 3.287 193.662 130.000 139.000 65.000
15.418 3.740 193.662 121.000 129.000 67.000
15.872 0.564 193.662 88.000 98.000 45.000
15.872 1.018 193.661 100.000 112.000 42.000
15.872 1.471 193.661 107.000 119.000 37.000
15.872 1.925 193.660 112.000 123.000 34.000
15.872 2.379 193.660 105.000 117.000 34.000
15.872 2.833 193.659 122.000 134.000 48.000
15.872 3.287 193.659 129.000 140.000 58.000
15.872 3.740 193.658 124.000 132.000 63.000
15.872 4.194 193.658 80.000 88.000 47.000
16.326 0.564 193.658 73.000 84.000 39.000
16.326 1.018 193.658 85.000 98.000 39.000
16.326 1.471 193.657 101.000 114.000 41.000
16.326 1.925 193.657 129.000 140.000 52.000
16.326 2.379 193.656 134.000 144.000 58.000
16.326 2.833 193.656 156.000 164.000 76.000
16.326 3.287 193.655 159.000 167.000 82.000
16.326 3.740 193.655 149.000 157.000 85.000
16.326 4.194 193.654 132.000 141.000 83.000
16.779 1.471 193.654 107.000 118.000 54.000
16.779 1.925 193.653 168.000 176.000 91.000
16.779 2.379 193.653 168.000 176.000 92.000
16.779 2.833 193.652 176.000 184.000 102.000
16.779 3.287 193.652 180.000 187.000 109.000
16.779 3.740 193.651 169.000 177.000 108.000
16.779 4.194 193.651 157.000 164.000 107.000
17.233 1.925 193.650 178.000 186.000 118.000
17.233 2.379 193.649 186.000 194.000 116.000
17.233 2.833 193.649 192.000 198.000 120.000
17.233 3.287 193.648 192.000 197.000 124.000
17.233 3.740 193.648 175.000 182.000 121.000
17.233 4.194 193.647 91.000 97.000 63.000
17.687 2.379 193.646 150.000 154.000 111.000
17.687 2.833 193.645 106.000 108.000 76.000
14.514 1.018 194.126 83.000 89.000 55.000
14.968 0.110 194.123 73.000 82.000 45.000
14.968 0.564 194.123 102.000 112.000 56.000
14.968 1.018 194.122 109.000 119.000 55.000
14.968 1.472 194.122 112.000 122.000 53.000
14.968 1.926 194.121 108.000 119.000 48.000
14.968 2.379 194.121 114.000 123.000 62.000
14.968 2.833 194.120 131.000 136.000 90.000
14.968 3.287 194.120 116.000 123.000 90.000
15.422 0.110 194.120 73.000 84.000 41.000
15.422 0.564 194.119 92.000 103.000 44.000
15.422 1.018 194.119 117.000 127.000 51.000
15.422 1.472 194.118 137.000 136.000 53.000
15.422 1.926 194.118 125.000 136.000 40.000
15.422 2.379 194.117 128.000 138.000 51.000
15.422 2.833 194.117 136.000 144.000 69.000
15.422 3.287 194.116 147.000 153.000 92.000
15.422 3.741 194.116 113.000 120.000 74.000
15.875 0.564 194.116 83.000 93.000 39.000
15.875 1.018 194.115 103.000 115.000 41.000
15.875 1.472 194.115 117.000 127.000 39.000
15.875 1.926 194.114 119.000 129.000 34.000
15.875 2.379 194.114 128.000 139.000 47.000
15.875 2.833 194.113 142.000 150.000 64.000
15.875 3.287 194.113 143.000 151.000 74.000
15.875 3.741 194.112 134.000 141.000 77.000
16.329 0.564 194.112 69.000 80.000 35.000
16.329 1.018 194.112 87.000 100.000 39.000
16.329 1.472 194.111 106.000 118.000 42.000
16.329 1.926 194.111 137.000 147.000 57.000
16.329 2.379 194.110 158.000 167.000 75.000
16.329 2.833 194.110 164.000 172.000 85.000
16.329 3.287 194.109 161.000 168.000 89.000
16.329 3.741 194.109 154.000 163.000 93.000
16.329 4.195 194.108 118.000 126.000 80.000
16.783 1.472 194.108 93.000 104.000 45.000
16.783 1.926 194.107 165.000 174.000 94.000
16.783 2.379 194.107 181.000 189.000 109.000
16.783 2.833 194.106 188.000 195.000 113.000
16.783 3.287 194.106 193.000 200.000 119.000
16.783 3.741 194.105 172.000 180.000 114.000
16.783 4.195 194.105 141.000 149.000 104.000
17.237 1.926 194.104 168.000 177.000 114.000
17.237 2.379 194.103 181.000 189.000 118.000
17.237 2.833 194.103 191.000 199.000 120.000
17.237 3.287 194.102 205.000 210.000 136.000
17.237 3.741 194.102 151.000 157.000 103.000
17.691 2.379 194.100 131.000 133.000 98.000
17.691 2.833 194.099 137.000 141.000 97.000
14.971 0.565 194.576 85.000 93.000 50.000
14.971 1.019 194.576 106.000 114.000 61.000
14.971 1.472 194.575 98.000 107.000 53.000
14.971 1.926 194.575 108.000 117.000 57.000
14.971 2.380 194.574 124.000 130.000 84.000
14.971 2.834 194.574 138.000 143.000 111.000
15.425 0.111 194.573 71.000 80.000 44.000
15.425 0.565 194.573 92.000 102.000 49.000
15.425 1.019 194.572 105.000 115.000 50.000
15.425 1.472 194.572 118.000 128.000 51.000
15.425 1.926 194.571 128.000 136.000 51.000
15.425 2.380 194.571 131.000 140.000 62.000
15.425 2.834 194.570 147.000 155.000 84.000
15.425 3.288 194.570 164.000 170.000 112.000
15.879 0.565 194.569 84.000 95.000 42.000
15.879 1.019 194.569 98.000 109.000 44.000
15.879 1.472 194.568 117.000 128.000 47.000
15.879 1.926 194.568 121.000 129.000 45.000
15.879 2.380 194.567 125.000 135.000 50.000
15.879 2.834 194.567 145.000 154.000 73.000
15.879 3.288 194.566 153.000 160.000 87.000
15.879 3.741 194.566 115.000 124.000 69.000
16.333 0.565 194.566 77.000 88.000 37.000
16.333 1.019 194.566 89.000 100.000 40.000
16.333 1.472 194.565 109.000 120.000 49.000
16.333 1.926 194.564 133.000 143.000 59.000
16.333 2.380 194.564 153.000 162.000 76.000
16.333 2.834 194.563 166.000 174.000 91.000
16.333 3.288 194.563 174.000 182.000 107.000
16.333 3.741 194.562 155.000 163.000 99.000
16.333 4.195 194.562 81.000 89.000 54.000
16.786 1.019 194.562 76.000 88.000 36.000
16.786 1.472 194.562 92.000 103.000 45.000
16.786 1.926 194.561 131.000 141.000 68.000
16.786 2.380 194.561 175.000 183.000 102.000
16.786 2.834 194.560 196.000 203.000 126.000
16.786 3.288 194.559 199.000 205.000 135.000
16.786 3.741 194.559 171.000 178.000 119.000
17.240 1.926 194.558 80.000 90.000 43.000
17.240 2.380 194.557 154.000 162.000 99.000
17.240 2.834 194.557 204.000 209.000 137.000
17.240 3.288 194.556 200.000 206.000 137.000
17.240 3.741 194.556 120.000 126.000 87.000
14.975 1.019 195.030 74.000 80.000 50.000
14.975 1.473 195.029 87.000 94.000 57.000
14.975 1.927 195.029 88.000 94.000 60.000
15.428 0.565 195.027 81.000 89.000 50.000
15.428 1.019 195.026 93.000 102.000 54.000
15.428 1.473 195.026 108.000 117.000 56.000
15.428 1.927 195.025 135.000 142.000 72.000
15.428 2.380 195.025 149.000 156.000 95.000
15.428 2.834 195.024 163.000 169.000 116.000
15.428 3.288 195.024 148.000 153.000 108.000
15.882 0.565 195.023 77.000 87.000 42.000
15.882 1.019 195.023 92.000 102.000 48.000
15.882 1.473 195.022 116.000 126.000 56.000
15.882 1.927 195.022 122.000 131.000 53.000
15.882 2.380 195.021 146.000 154.000 78.000
15.882 2.834 195.021 157.000 164.000 92.000
15.882 3.288 195.020 155.000 162.000 101.000
16.336 0.565 195.020 72.000 85.000 32.000
16.336 1.019 195.019 83.000 95.000 38.000
16.336 1.473 195.019 94.000 106.000 43.000
16.336 1.927 195.018 117.000 127.000 53.000
16.336 2.380 195.018 156.000 165.000 87.000
16.336 2.834 195.017 179.000 186.000 111.000
16.336 3.288 195.017 177.000 183.000 118.000
16.336 3.742 195.016 138.000 145.000 98.000
16.790 1.473 195.015 90.000 101.000 43.000
16.790 1.927 195.015 105.000 116.000 50.000
16.790 2.380 195.014 158.000 166.000 90.000
16.790 2.834 195.014 196.000 202.000 128.000
16.790 3.288 195.013 197.000 202.000 136.000
16.790 3.742 195.013 132.000 139.000 101.000
17.244 2.380 195.011 103.000 110.000 60.000
17.244 2.834 195.010 145.000 152.000 98.000
17.244 3.288 195.010 147.000 153.000 106.000
15.432 1.020 195.480 85.000 92.000 60.000
15.432 1.473 195.480 120.000 127.000 80.000
15.432 1.927 195.479 137.000 144.000 91.000
15.432 2.381 195.478 166.000 172.000 126.000
15.432 2.835 195.478 121.000 126.000 94.000
15.886 1.020 195.477 88.000 97.000 54.000
15.886 1.473 195.476 119.000 128.000 71.000
15.886 1.927 195.476 134.000 142.000 78.000
15.886 2.381 195.475 171.000 177.000 119.000
15.886 2.835 195.475 170.000 175.000 121.000
15.886 3.289 195.474 118.000 124.000 86.000
16.340 0.566 195.474 75.000 87.000 34.000
16.340 1.020 195.473 83.000 95.000 40.000
16.340 1.473 195.473 104.000 113.000 53.000
16.340 1.927 195.472 118.000 127.000 63.000
16.339 2.381 195.472 164.000 172.000 104.000
16.339 2.835 195.471 191.000 196.000 133.000
16.339 3.289 195.471 177.000 181.000 128.000
16.793 1.473 195.469 89.000 100.000 43.000
16.793 1.927 195.469 86.000 96.000 43.000
16.793 2.381 195.468 142.000 151.000 80.000
16.793 2.835 195.468 185.000 192.000 121.000
16.793 3.289 195.467 175.000 181.000 126.000
17.247 2.835 195.464 75.000 81.000 41.000
15.435 1.928 195.933 95.000 100.000 73.000
15.889 1.474 195.930 113.000 119.000 84.000
15.889 1.928 195.929 143.000 149.000 109.000
15.889 2.382 195.929 160.000 164.000 128.000
16.343 1.020 195.927 72.000 83.000 37.000
16.343 1.474 195.926 107.000 116.000 66.000
16.343 1.928 195.926 141.000 147.000 98.000
16.343 2.382 195.925 168.000 175.000 120.000
16.343 2.835 195.925 163.000 168.000 127.000
16.797 1.928 195.922 88.000 97.000 48.000
16.797 2.382 195.922 128.000 136.000 73.000
16.797 2.835 195.921 126.000 134.000 79.000
16.797 3.289 195.921 90.000 95.000 66.000
16.346 1.474 196.380 90.000 99.000 56.000
16.346 1.928 196.380 133.000 139.000 100.000
16.346 2.382 196.379 123.000 129.000 94.000
16.800 2.382 196.376 102.000 109.000 59.000
15.827 2.826 187.760 85.000 92.000 57.000
15.377 2.373 188.218 73.000 81.000 44.000
15.830 2.373 188.214 75.000 83.000 49.000
15.830 2.827 188.214 81.000 91.000 49.000
15.830 3.280 188.213 79.000 90.000 44.000
15.834 2.373 188.668 78.000 88.000 48.000
16.288 2.373 188.665 73.000 81.000 50.000
