37.905733887424006 24.289200973381185 198.62252509414836 68.0 81.0 33.0
37.90573193338044 24.74301279491618 198.6220125007239 83.0 94.0 43.0
38.35953280914834 24.289199019337616 198.61906521571686 78.0 88.0 45.0
38.35953085510477 24.74301084087261 198.6185526222924 105.0 113.0 66.0
38.35952890106121 25.196822662407605 198.618040028868 109.0 116.0 75.0
37.909195719899074 23.83590174527062 199.07683631979856 69.0 82.0 35.0
37.909191811811944 24.74352538834061 199.07581113294967 72.0 84.0 34.0
38.36299464162341 23.835899791227053 199.07337644136703 69.0 80.0 38.0
38.36299268757985 24.289711612762048 199.07286384794259 76.0 87.0 38.0
38.36299073353628 24.743523434297042 199.0723512545182 93.0 104.0 51.0
38.36298877949272 25.197335255832037 199.07183866109375 126.0 133.0 83.0
38.36298682544915 25.651147077367032 199.0713260676693 86.0 90.0 63.0
38.81679160930418 24.289709658718483 199.06940396951111 81.0 90.0 47.0
38.816789655260614 24.743521480253474 199.06889137608667 105.0 112.0 65.0
38.81678770121705 25.197333301788472 199.06837878266222 130.0 135.0 92.0
38.81678574717348 25.651145123323467 199.0678661892378 108.0 111.0 83.0
37.91265755237414 23.382602517160052 199.53114754544873 77.0 88.0 44.0
37.91265559833057 23.83641433869505 199.53063495202431 85.0 97.0 40.0
37.91265364428701 24.290226160230045 199.53012235859987 78.0 90.0 34.0
37.91265169024344 24.74403798176504 199.52960976517545 73.0 83.0 36.0
38.36645452005491 23.83641238465148 199.5271750735928 89.0 100.0 45.0
38.36645256601135 24.29022420618648 199.52666248016837 93.0 104.0 44.0
38.36645061196778 24.74403602772147 199.52614988674395 99.0 109.0 51.0
38.36644865792422 25.19784784925647 199.5256372933195 105.0 114.0 58.0
38.36644670388065 25.651659670791464 199.52512469989506 79.0 84.0 48.0
38.82025344177924 23.836410430607916 199.5237151951613 90.0 100.0 51.0
38.82025148773568 24.290222252142915 199.52320260173687 100.0 109.0 50.0
38.82024953369211 24.744034073677906 199.52269000831242 116.0 124.0 63.0
38.82024757964855 25.1978458952129 199.52217741488798 126.0 134.0 78.0
38.820245625604976 25.6516577167479 199.5216648214636 133.0 138.0 90.0
38.820243671561414 26.105469538282893 199.52115222803914 79.0 83.0 53.0
39.27405040946002 24.290220298099342 199.51974272330534 88.0 94.0 55.0
39.27404845541645 24.74403211963434 199.51923012988092 104.0 110.0 70.0
39.27404650137288 25.197843941169335 199.5187175364565 124.0 129.0 93.0
37.462318509081314 23.38311706462805 199.988406056106 79.0 86.0 55.0
37.462316555037745 23.836928886163047 199.98789346268157 71.0 81.0 33.0
37.46231460099418 24.290740707698042 199.98738086925712 73.0 86.0 27.0
37.462312646950615 24.744552529233037 199.98686827583268 73.0 86.0 31.0
37.91611743080565 23.383115110584484 199.9849461776745 76.0 88.0 41.0
37.91611547676208 23.83692693211948 199.98443358425004 87.0 100.0 39.0
37.91611352271852 24.290738753654477 199.98392099082562 88.0 101.0 34.0
37.91611156867495 24.74455057518947 199.9834083974012 87.0 99.0 38.0
38.369916352529984 23.38311315654092 199.981486299243 86.0 96.0 47.0
38.369914398486415 23.836924978075913 199.98097370581854 94.0 106.0 42.0
38.36991244444285 24.290736799610908 199.98046111239412 106.0 117.0 45.0
38.369910490399285 24.744548621145903 199.97994851896968 106.0 115.0 48.0
38.369908536355716 25.198360442680897 199.97943592554526 104.0 113.0 52.0
38.36990658231215 25.652172264215896 199.97892333212084 83.0 89.0 47.0
38.82371527425432 23.383111202497354 199.97802642081146 86.0 93.0 50.0
38.82371332021075 23.836923024032348 199.97751382738707 110.0 119.0 53.0
38.82371136616719 24.290734845567343 199.97700123396262 121.0 129.0 54.0
38.82370941212361 24.744546667102338 199.97648864053818 123.0 131.0 59.0
38.82370745808005 25.198358488637332 199.97597604711376 123.0 131.0 64.0
38.82370550403648 25.652170310172327 199.97546345368931 126.0 135.0 73.0
38.82370354999292 26.105982131707325 199.9749508602649 107.0 113.0 67.0
39.277512241935085 23.836921069988783 199.97405394895554 106.0 113.0 64.0
39.277510287891516 24.290732891523774 199.9735413555311 122.0 128.0 71.0
39.27750833384795 24.74454471305877 199.9730287621067 131.0 136.0 77.0
39.277506379804386 25.198356534593767 199.97251616868226 136.0 142.0 85.0
39.27750442576082 25.65216835612876 199.97200357525782 144.0 150.0 99.0
37.01198141983205 22.92981979056105 200.4461771601877 80.0 88.0 54.0
37.01197751174492 23.837443433631044 200.44515197333882 71.0 82.0 29.0
37.46578034155638 22.929817836517486 200.44271728175616 81.0 90.0 56.0
37.46577838751282 23.38362965805248 200.44220468833177 88.0 98.0 47.0
37.46577643346925 23.837441479587476 200.44169209490732 89.0 100.0 38.0
37.46577447942569 24.291253301122474 200.44117950148288 81.0 94.0 29.0
37.46577252538212 24.74506512265747 200.44066690805846 79.0 90.0 32.0
37.91957926328072 22.929815882473918 200.4392574033247 79.0 89.0 47.0
37.919577309237155 23.383627704008916 200.43874480990024 89.0 101.0 44.0
37.91957535519359 23.83743952554391 200.4382322164758 97.0 109.0 40.0
37.919573401150025 24.291251347078905 200.4377196230514 99.0 112.0 37.0
37.919571447106456 24.745063168613903 200.43720702962696 96.0 107.0 41.0
37.91956949306289 25.198874990148894 200.43669443620252 95.0 105.0 47.0
38.37337818500505 22.929813928430352 200.43579752489316 80.0 90.0 48.0
38.37337623096149 23.38362574996535 200.43528493146874 97.0 108.0 48.0
38.37337427691792 23.837437571500345 200.43477233804433 111.0 122.0 47.0
38.37337232287436 24.29124939303534 200.43425974461988 114.0 126.0 43.0
38.373370368830784 24.745061214570335 200.43374715119543 112.0 123.0 49.0
38.37336841478722 25.19887303610533 200.43323455777102 118.0 127.0 56.0
38.373366460743654 25.652684857640324 200.4327219643466 105.0 113.0 55.0
38.37336450670009 26.106496679175322 200.43220937092215 88.0 95.0 51.0
38.827175152685825 23.383623795921782 200.43182505303724 101.0 110.0 51.0
38.82717319864226 23.83743561745678 200.4313124596128 116.0 126.0 50.0
38.82717124459869 24.291247438991775 200.43079986618838 129.0 137.0 52.0
38.82716929055512 24.745059260526766 200.43028727276393 132.0 141.0 60.0
38.82716733651156 25.198871082061764 200.42977467933952 130.0 139.0 63.0
38.82716538246799 25.65268290359676 200.42926208591507 132.0 140.0 72.0
38.82716342842443 26.106494725131753 200.42874949249065 115.0 123.0 67.0
39.28097407441015 23.383621841878217 200.42836517460574 97.0 104.0 60.0
39.280972120366584 23.83743366341321 200.4278525811813 115.0 123.0 62.0
39.28097016632302 24.291245484948206 200.42733998775685 127.0 134.0 64.0
39.280968212279454 24.7450573064832 200.42682739433243 134.0 141.0 72.0
39.28096625823589 25.198869128018195 200.42631480090802 143.0 149.0 86.0
39.280964304192324 25.652680949553194 200.42580220748357 146.0 153.0 92.0
39.28096235014876 26.106492771088188 200.42528961405915 126.0 131.0 92.0
39.73476908804736 24.29124353090464 200.42388010932538 118.0 123.0 80.0
39.73476713400379 24.745055352439635 200.42336751590094 103.0 107.0 73.0
39.73476517996023 25.19886717397463 200.4228549224765 85.0 88.0 59.0
37.01544129826355 22.930332383985483 200.89997579241344 83.0 92.0 50.0
37.01543934421999 23.384144205520478 200.89946319898903 79.0 89.0 40.0
37.46924217403146 22.47651860840692 200.89702850740636 76.0 83.0 54.0
37.46924021998789 22.930330429941915 200.89651591398194 81.0 92.0 44.0
37.46923826594433 23.384142251476913 200.8960033205575 97.0 109.0 48.0
37.46923631190076 23.837954073011907 200.89549072713308 101.0 114.0 41.0
37.4692343578572 24.291765894546902 200.89497813370863 93.0 105.0 35.0
37.46923240381363 24.7455777160819 200.89446554028422 86.0 97.0 35.0
37.46923044977006 25.19938953761689 200.89395294685977 82.0 94.0 37.0
37.92303914171222 22.93032847589835 200.89305603555044 90.0 101.0 49.0
37.92303718766866 23.384140297433344 200.892543442126 102.0 112.0 47.0
37.92303523362509 23.837952118968342 200.89203084870155 109.0 121.0 43.0
37.923033279581524 24.291763940503337 200.89151825527713 109.0 122.0 41.0
37.923031325537956 24.74557576203833 200.89100566185272 109.0 120.0 45.0
37.923029371494394 25.199387583573326 200.89049306842827 98.0 108.0 46.0
37.923027417450825 25.65319940510832 200.88998047500385 82.0 90.0 44.0
38.37683806343656 22.930326521854784 200.88959615711892 87.0 98.0 47.0
38.376836109393 23.38413834338978 200.8890835636945 101.0 112.0 46.0
38.37683415534943 23.837950164924777 200.88857097027008 123.0 133.0 51.0
38.37683220130586 24.291761986459772 200.88805837684563 123.0 135.0 45.0
38.37683024726229 24.745573807994763 200.8875457834212 127.0 137.0 53.0
38.37682829321873 25.19938562952976 200.88703318999677 126.0 135.0 59.0
38.37682633917516 25.653197451064756 200.88652059657235 109.0 117.0 53.0
38.83063698516089 22.93032456781122 200.88613627868742 86.0 95.0 48.0
38.830635031117325 23.384136389346214 200.885623685263 105.0 115.0 50.0
38.830633077073756 23.83794821088121 200.88511109183855 130.0 139.0 56.0
38.830631123030194 24.291760032416207 200.88459849841414 134.0 144.0 52.0
38.830629168986626 24.745571853951198 200.88408590498972 142.0 151.0 63.0
38.830627214943064 25.199383675486192 200.88357331156527 143.0 151.0 70.0
38.830625260899495 25.65319549702119 200.88306071814083 137.0 144.0 73.0
38.830623306855934 26.107007318556185 200.8825481247164 121.0 129.0 69.0
39.28443395284166 23.38413443530265 200.8821638068315 106.0 114.0 61.0
39.28443199879809 23.837946256837643 200.88165121340705 130.0 138.0 68.0
39.28443004475453 24.291758078372638 200.88113861998264 139.0 147.0 68.0
39.28442809071096 24.745569899907633 200.8806260265582 148.0 154.0 80.0
39.2844261366674 25.199381721442627 200.88011343313377 150.0 156.0 87.0
39.28442418262383 25.653193542977622 200.87960083970933 148.0 153.0 92.0
39.28442222858027 26.10700536451262 200.8790882462849 139.0 145.0 96.0
39.738230920522426 23.837944302794078 200.87819133497555 118.0 123.0 79.0
39.738228966478864 24.29175612432907 200.87767874155114 144.0 148.0 90.0
39.738227012435296 24.745567945864067 200.8771661481267 151.0 156.0 97.0
39.738225058391734 25.199379767399062 200.87665355470227 152.0 157.0 97.0
39.738223104348165 25.653191588934057 200.87614096127783 106.0 111.0 72.0
37.01890117669505 22.930844977409915 201.3537744246392 87.0 97.0 51.0
37.01889922265149 23.38465679894491 201.35326183121478 87.0 97.0 44.0
37.47270205246296 22.477031201831355 201.35082713963212 74.0 83.0 47.0
37.47270009841939 22.93084302336635 201.3503145462077 91.0 104.0 43.0
37.472698144375826 23.384654844901345 201.34980195278325 102.0 114.0 46.0
37.47269619033226 23.838466666436343 201.34928935935883 111.0 122.0 47.0
37.472694236288696 24.292278487971338 201.34877676593442 104.0 111.0 40.0
37.47269228224512 24.746090309506332 201.34826417250997 97.0 109.0 41.0
37.47269032820156 25.199902131041327 201.34775157908553 93.0 104.0 44.0
37.92650097418729 22.477029247787787 201.34736726120062 73.0 82.0 44.0
37.92649902014372 22.930841069322785 201.3468546677762 95.0 107.0 46.0
37.92649706610016 23.38465289085778 201.34634207435175 106.0 117.0 46.0
37.92649511205659 23.838464712392774 201.34582948092734 110.0 122.0 42.0
37.926493158013024 24.292276533927772 201.3453168875029 116.0 127.0 42.0
37.926491203969455 24.746088355462767 201.34480429407847 110.0 121.0 46.0
37.92648924992589 25.199900176997758 201.34429170065405 106.0 116.0 49.0
37.926487295882325 25.653711998532756 201.3437791072296 92.0 100.0 49.0
38.38029794186806 22.93083911527922 201.34339478934467 90.0 102.0 44.0
38.38029598782449 23.384650936814214 201.34288219592025 104.0 115.0 45.0
38.38029403378092 23.83846275834921 201.34236960249584 121.0 132.0 48.0
38.38029207973736 24.292274579884204 201.3418570090714 130.0 141.0 46.0
38.38029012569379 24.7460864014192 201.34134441564697 128.0 139.0 51.0
38.38028817165023 25.199898222954193 201.34083182222253 127.0 137.0 57.0
38.38028621760666 25.653710044489188 201.3403192287981 114.0 123.0 55.0
38.834096863592386 22.93083716123565 201.3399349109132 90.0 101.0 46.0
38.834094909548824 23.38464898277065 201.33942231748875 108.0 119.0 50.0
38.834092955505255 23.838460804305644 201.3389097240643 138.0 146.0 58.0
38.834091001461694 24.29227262584064 201.3383971306399 144.0 153.0 55.0
38.834089047418125 24.746084447375633 201.33788453721547 143.0 152.0 61.0
38.83408709337456 25.199896268910628 201.33737194379103 146.0 154.0 68.0
38.834085139330995 25.653708090445623 201.33685935036658 141.0 148.0 72.0
38.83408318528743 26.10751991198062 201.33634675694216 128.0 135.0 74.0
39.28789578531672 22.930835207192086 201.33647503248167 103.0 110.0 65.0
39.28789383127316 23.38464702872708 201.33596243905725 131.0 138.0 75.0
39.28789187722959 23.83845885026208 201.33544984563284 142.0 148.0 72.0
39.28788992318603 24.29227067179707 201.3349372522084 151.0 157.0 73.0
39.28788796914246 24.746082493332064 201.33442465878395 152.0 158.0 77.0
39.2878860150989 25.199894314867063 201.3339120653595 154.0 160.0 86.0
39.28788406105533 25.653706136402057 201.3333994719351 155.0 161.0 91.0
39.28788210701177 26.107517957937052 201.33288687851066 146.0 152.0 95.0
39.741692752997494 23.384645074683515 201.33250256062576 128.0 132.0 88.0
39.741690798953925 23.83845689621851 201.3319899672013 144.0 148.0 93.0
39.741688844910364 24.292268717753505 201.3314773737769 151.0 156.0 90.0
39.741686890866795 24.7460805392885 201.33096478035245 156.0 161.0 95.0
39.74168493682323 25.199892360823497 201.33045218692803 158.0 164.0 98.0
39.741682982779665 25.653704182358492 201.32993959350358 144.0 151.0 92.0
39.741681028736096 26.107516003893487 201.32942700007914 109.0 113.0 76.0
37.02236105512656 22.931357570834347 201.80757305686495 82.0 90.0 49.0
37.022359101083 23.385169392369342 201.80706046344054 78.0 86.0 43.0
37.02235714703943 23.838981213904336 201.8065478700161 72.0 81.0 35.0
37.02235519299587 24.292793035439335 201.80603527659167 81.0 90.0 39.0
37.47616193089446 22.477543795255784 201.8046257718579 76.0 87.0 47.0
37.476159976850894 22.931355616790782 201.80411317843345 97.0 110.0 48.0
37.47615802280733 23.385167438325777 201.803600585009 98.0 111.0 45.0
37.476156068763764 23.83897925986077 201.8030879915846 102.0 114.0 41.0
37.476154114720195 24.29279108139577 201.80257539816017 104.0 116.0 42.0
37.47615216067663 24.746602902930764 201.80206280473573 102.0 114.0 47.0
37.476150206633065 25.200414724465755 201.80155021131128 97.0 108.0 51.0
37.9299608526188 22.47754184121222 201.80116589342637 77.0 88.0 45.0
37.92995889857523 22.931353662747213 201.80065330000195 92.0 104.0 43.0
37.92995694453166 23.38516548428221 201.80014070657754 106.0 118.0 46.0
37.92995499048809 23.838977305817206 201.7996281131531 94.0 108.0 33.0
37.92995303644453 24.2927891273522 201.79911551972864 109.0 121.0 38.0
37.92995108240096 24.7466009488872 201.7986029263042 107.0 118.0 44.0
37.9299491283574 25.20041277042219 201.7980903328798 108.0 119.0 51.0
37.92994717431383 25.654224591957185 201.79757773945536 117.0 126.0 68.0
38.38375977434313 22.477539887168653 201.79770601499487 72.0 82.0 39.0
38.38375782029956 22.931351708703648 201.79719342157046 90.0 102.0 42.0
38.383755866255996 23.385163530238646 201.796680828146 103.0 115.0 42.0
38.38375391221243 23.83897535177364 201.7961682347216 117.0 130.0 42.0
38.383751958168865 24.292787173308636 201.79565564129715 116.0 130.0 38.0
38.3837500041253 24.74659899484363 201.79514304787273 123.0 134.0 46.0
38.383748050081735 25.200410816378625 201.79463045444828 128.0 138.0 57.0
38.383746096038166 25.65422263791362 201.79411786102384 133.0 142.0 72.0
38.83755674202389 22.931349754660083 201.79373354313896 92.0 103.0 43.0
38.83755478798033 23.385161576195078 201.7932209497145 108.0 120.0 44.0
38.83755283393676 23.838973397730076 201.79270835629006 139.0 149.0 55.0
38.8375508798932 24.29278521926507 201.79219576286565 149.0 159.0 52.0
38.83754892584963 24.74659704080006 201.79168316944123 145.0 155.0 56.0
38.83754697180607 25.20040886233506 201.79117057601678 146.0 154.0 65.0
38.8375450177625 25.654220683870054 201.79065798259236 147.0 154.0 77.0
38.83754306371893 26.10803250540505 201.79014538916792 134.0 140.0 80.0
39.29135566374823 22.931347800616518 201.79027366470743 125.0 131.0 76.0
39.291353709704666 23.385159622151512 201.78976107128298 140.0 147.0 77.0
39.2913517556611 23.838971443686507 201.7892484778586 150.0 157.0 75.0
39.291349801617535 24.2927832652215 201.78873588443415 154.0 161.0 69.0
39.29134784757397 24.746595086756496 201.7882232910097 157.0 164.0 75.0
39.291345893530405 25.20040690829149 201.78771069758528 157.0 164.0 84.0
39.291343939486836 25.65421872982649 201.78719810416086 157.0 164.0 93.0
39.29134198544327 26.108030551361484 201.78668551073642 148.0 154.0 96.0
39.745152631429 23.385157668107947 201.7863011928515 143.0 148.0 96.0
39.74515067738543 23.838969489642942 201.78578859942706 149.0 154.0 92.0
39.74514872334187 24.292781311177936 201.78527600600262 156.0 162.0 88.0
39.7451467692983 24.74659313271293 201.78476341257823 162.0 168.0 95.0
39.74514481525473 25.200404954247926 201.78425081915378 165.0 171.0 101.0
39.745142861211164 25.654216775782924 201.78373822572934 160.0 165.0 100.0
39.7451409071676 26.10802859731792 201.7832256323049 129.0 136.0 87.0
40.1989476450662 24.292779357134368 201.78181612757115 90.0 92.0 61.0
40.19894569102263 24.746591178669366 201.7813035341467 90.0 92.0 62.0
37.025820933558066 22.93187016425878 202.2613716890907 84.0 92.0 51.0
37.025818979514504 23.385681985793774 202.2608590956663 87.0 96.0 53.0
37.02581702547093 23.83949380732877 202.26034650224184 84.0 93.0 47.0
37.02581507142737 24.293305628863763 202.25983390881743 87.0 97.0 49.0
37.47962180932597 22.478056388680216 202.25842440408366 80.0 90.0 50.0
37.4796198552824 22.93186821021521 202.2579118106592 99.0 111.0 48.0
37.47961790123883 23.38568003175021 202.25739921723476 106.0 118.0 51.0
37.47961594719526 23.839491853285203 202.25688662381035 101.0 114.0 43.0
37.4796139931517 24.293303674820198 202.25637403038593 103.0 114.0 43.0
37.47961203910813 24.747115496355196 202.25586143696148 108.0 118.0 54.0
37.47961008506457 25.200927317890187 202.25534884353706 114.0 122.0 64.0
37.9334207310503 22.47805443463665 202.25496452565213 86.0 96.0 51.0
37.93341877700673 22.931866256171645 202.25445193222768 98.0 110.0 46.0
37.93341682296317 23.38567807770664 202.2539393388033 99.0 112.0 43.0
37.9334148689196 23.839489899241638 202.25342674537885 107.0 120.0 41.0
37.93341291487604 24.293301720776633 202.2529141519544 101.0 115.0 35.0
37.93341096083247 24.747113542311627 202.25240155852998 105.0 118.0 43.0
37.93340900678891 25.200925363846622 202.25188896510556 112.0 123.0 54.0
37.93340705274534 25.654737185381617 202.25137637168112 134.0 140.0 86.0
38.38721965277463 22.478052480593085 202.25150464722063 85.0 95.0 47.0
38.387217698731064 22.93186430212808 202.2509920537962 91.0 103.0 40.0
38.3872157446875 23.385676123663075 202.25047946037176 101.0 114.0 39.0
38.38721379064393 23.839487945198073 202.24996686694732 114.0 128.0 38.0
38.38721183660037 24.293299766733067 202.24945427352293 117.0 130.0 34.0
38.3872098825568 24.74711158826806 202.24894168009848 119.0 131.0 43.0
38.38720792851324 25.200923409803057 202.24842908667404 133.0 142.0 61.0
38.38720597446967 25.65473523133805 202.24791649324962 144.0 152.0 84.0
38.84101857449897 22.478050526549517 202.24804476878913 82.0 92.0 43.0
38.8410166204554 22.931862348084515 202.2475321753647 86.0 99.0 37.0
38.84101466641184 23.38567416961951 202.24701958194026 116.0 129.0 45.0
38.84101271236827 23.839485991154504 202.24650698851585 138.0 150.0 47.0
38.84101075832471 24.293297812689502 202.2459943950914 151.0 159.0 45.0
38.84100880428114 24.747109634224493 202.24548180166695 145.0 155.0 52.0
38.84100685023758 25.200921455759488 202.24496920824254 152.0 160.0 68.0
38.841004896194 25.654733277294486 202.24445661481812 151.0 157.0 84.0
38.84100294215044 26.10854509882948 202.24394402139367 114.0 119.0 73.0
39.294815542179734 22.931860394040946 202.24407229693318 127.0 135.0 71.0
39.29481358813617 23.385672215575944 202.24355970350877 148.0 156.0 78.0
39.2948116340926 23.83948403711094 202.24304711008435 155.0 163.0 71.0
39.29480968004904 24.29329585864593 202.2425345166599 159.0 168.0 65.0
39.29480772600547 24.747107680180928 202.24202192323546 163.0 170.0 73.0
39.294805771961904 25.200919501715923 202.24150932981104 163.0 169.0 84.0
39.294803817918336 25.654731323250918 202.2409967363866 160.0 166.0 95.0
39.294801863874774 26.108543144785916 202.24048414296217 123.0 130.0 79.0
39.74861446390407 22.93185843999738 202.2406124185017 136.0 138.0 104.0
39.74861250986051 23.38567026153238 202.24009982507727 152.0 157.0 101.0
39.74861055581694 23.839482083067374 202.23958723165282 148.0 155.0 84.0
39.74860860177337 24.293293904602365 202.2390746382284 159.0 166.0 82.0
39.7486066477298 24.747105726137363 202.23856204480398 167.0 174.0 93.0
39.74860469368624 25.200917547672358 202.23804945137954 171.0 177.0 102.0
39.74860273964267 25.654729369207352 202.2375368579551 167.0 173.0 104.0
39.74860078559911 26.10854119074235 202.23702426453067 120.0 127.0 80.0
40.202409477541266 23.839480129023805 202.23612735322132 91.0 94.0 63.0
40.202407523497705 24.2932919505588 202.2356147597969 143.0 146.0 94.0
40.202405569454136 24.747103772093794 202.23510216637246 169.0 172.0 114.0
40.202403615410574 25.200915593628793 202.234589572948 154.0 158.0 104.0
37.02928081198957 22.932382757683207 202.71517032131646 84.0 92.0 53.0
37.029278857946004 23.386194579218206 202.71465772789202 81.0 89.0 52.0
37.029276903902435 23.8400064007532 202.71414513446763 75.0 85.0 44.0
37.02927494985887 24.293818222288195 202.71363254104318 74.0 81.0 48.0
37.48308168775747 22.478568982104647 202.7122230363094 79.0 89.0 48.0
37.4830797337139 22.932380803639642 202.71171044288496 97.0 109.0 48.0
37.48307777967034 23.386192625174637 202.71119784946055 108.0 119.0 55.0
37.48307582562677 23.840004446709635 202.7106852560361 101.0 113.0 48.0
37.48307387158321 24.29381626824463 202.71017266261165 101.0 113.0 50.0
37.48307191753964 24.747628089779624 202.70966006918724 109.0 118.0 61.0
37.48306996349608 25.20143991131462 202.70914747576282 108.0 113.0 70.0
37.936880609481804 22.47856702806108 202.70876315787788 86.0 96.0 50.0
37.936878655438235 22.932378849596077 202.70825056445346 99.0 111.0 47.0
37.936876701394674 23.38619067113107 202.70773797102905 110.0 120.0 50.0
37.936874747351105 23.840002492666066 202.7072253776046 106.0 118.0 43.0
37.93687279330754 24.293814314201065 202.70671278418018 104.0 117.0 40.0
37.936870839263975 24.74762613573606 202.70620019075574 109.0 121.0 50.0
37.93686888522041 25.20143795727105 202.7056875973313 123.0 132.0 68.0
37.936866931176844 25.65524977880605 202.70517500390687 121.0 126.0 87.0
38.39067953120614 22.478565074017514 202.7053032794464 87.0 97.0 48.0
38.39067757716257 22.932376895552512 202.70479068602197 96.0 108.0 42.0
38.39067562311901 23.386188717087506 202.70427809259752 105.0 117.0 41.0
38.39067366907544 23.8400005386225 202.7037654991731 108.0 122.0 36.0
38.39067171503188 24.293812360157496 202.70325290574868 118.0 131.0 37.0
38.39066976098831 24.74762418169249 202.70274031232424 125.0 137.0 48.0
38.39066780694475 25.201436003227485 202.7022277188998 142.0 151.0 71.0
38.39066585290117 25.655247824762483 202.70171512547537 144.0 149.0 89.0
38.844478452930474 22.47856311997395 202.70184340101488 89.0 99.0 47.0
38.844476498886905 22.932374941508943 202.70133080759044 107.0 119.0 47.0
38.844474544843344 23.38618676304394 202.70081821416602 127.0 139.0 49.0
38.844472590799775 23.839998584578936 202.7003056207416 138.0 151.0 46.0
38.84447063675621 24.29381040611393 202.69979302731716 142.0 154.0 43.0
38.844468682712645 24.747622227648925 202.6992804338927 146.0 157.0 52.0
38.844466728669076 25.20143404918392 202.69876784046832 152.0 161.0 68.0
38.84446477462551 25.655245870718915 202.69825524704387 151.0 158.0 80.0
38.844462820581946 26.109057692253913 202.69774265361943 112.0 117.0 72.0
39.29827737465481 22.478561165930383 202.69838352258338 101.0 107.0 65.0
39.29827542061124 22.932372987465378 202.69787092915897 149.0 156.0 87.0
39.29827346656768 23.386184809000373 202.69735833573452 159.0 166.0 85.0
39.29827151252411 23.83999663053537 202.69684574231007 155.0 163.0 68.0
39.29826955848054 24.293808452070362 202.69633314888566 162.0 170.0 68.0
39.29826760443697 24.747620273605357 202.69582055546124 163.0 171.0 73.0
39.29826565039341 25.201432095140355 202.6953079620368 161.0 169.0 79.0
39.29826369634984 25.65524391667535 202.69479536861235 154.0 163.0 79.0
39.29826174230628 26.109055738210344 202.69428277518796 142.0 150.0 85.0
39.752074342335575 22.932371033421813 202.69441105072747 132.0 134.0 102.0
39.75207238829201 23.386182854956807 202.69389845730302 169.0 174.0 115.0
39.75207043424844 23.839994676491806 202.69338586387858 158.0 165.0 93.0
39.752068480204876 24.293806498026797 202.69287327045416 171.0 179.0 92.0
39.75206652616131 24.74761831956179 202.6923606770297 179.0 186.0 101.0
39.752064572117746 25.20143014109679 202.6918480836053 180.0 187.0 105.0
39.75206261807418 25.655241962631784 202.69133549018088 169.0 176.0 101.0
39.752060664030616 26.10905378416678 202.69082289675643 111.0 119.0 71.0
40.20586935597277 23.839992722448233 202.6899259854471 92.0 95.0 63.0
40.20586740192921 24.29380454398323 202.68941339202266 159.0 163.0 106.0
40.20586544788564 24.747616365518226 202.6889007985982 178.0 183.0 119.0
40.20586349384208 25.20142818705322 202.6883882051738 176.0 181.0 118.0
40.20586153979851 25.65524000858822 202.68787561174935 96.0 99.0 66.0
37.032736782333934 23.840518994177632 203.16794376669338 73.0 80.0 48.0
37.48654156618897 22.479081575529076 203.16602166853514 94.0 104.0 61.0
37.4865396121454 22.932893397064074 203.16550907511072 106.0 118.0 55.0
37.48653765810184 23.38670521859907 203.1649964816863 116.0 125.0 63.0
37.48653570405827 23.840517040134063 203.16448388826186 103.0 114.0 54.0
37.48653375001471 24.29432886166906 203.1639712948374 117.0 126.0 70.0
37.48653179597114 24.748140683204056 203.16345870141302 116.0 122.0 82.0
37.9403404879133 22.47907962148551 203.16256179010367 102.0 112.0 63.0
37.940338533869735 22.932891443020505 203.16204919667922 111.0 122.0 55.0
37.94033657982617 23.386703264555504 203.16153660325477 125.0 134.0 61.0
37.940334625782604 23.840515086090498 203.16102400983036 116.0 126.0 50.0
37.94033267173904 24.294326907625493 203.16051141640594 122.0 131.0 55.0
37.940330717695474 24.74813872916049 203.1599988229815 131.0 138.0 71.0
37.94032876365191 25.201950550695482 203.15948622955705 130.0 136.0 84.0
37.940326809608344 25.655762372230477 203.15897363613266 119.0 123.0 92.0
38.39413940963764 22.479077667441945 203.15910191167217 109.0 118.0 63.0
38.39413745559407 22.93288948897694 203.15858931824772 115.0 126.0 54.0
38.39413550155051 23.38670131051194 203.15807672482327 126.0 137.0 55.0
38.39413354750694 23.840513132046933 203.15756413139886 112.0 125.0 41.0
38.39413159346338 24.294324953581928 203.1570515379744 127.0 138.0 45.0
38.39412963941981 24.748136775116922 203.15653894455 139.0 147.0 61.0
38.39412768537624 25.201948596651917 203.15602635112558 148.0 155.0 81.0
38.39412573133267 25.65576041818691 203.15551375770113 143.0 148.0 94.0
38.84793833136197 22.47907571339838 203.15564203324064 108.0 118.0 59.0
38.847936377318405 22.932887534933375 203.1551294398162 123.0 134.0 57.0
38.84793442327484 23.38669935646837 203.1546168463918 134.0 145.0 55.0
38.847932469231274 23.840511178003368 203.15410425296736 135.0 147.0 47.0
38.847930515187706 24.294322999538362 203.1535916595429 139.0 152.0 43.0
38.84792856114414 24.748134821073354 203.1530790661185 155.0 164.0 60.0
38.847926607100575 25.201946642608352 203.15256647269405 159.0 166.0 76.0
38.84792465305701 25.655758464143346 203.15205387926963 159.0 165.0 93.0
39.30173725308631 22.479073759354815 203.15218215480914 115.0 121.0 78.0
39.30173529904274 22.93288558088981 203.15166956138472 160.0 168.0 97.0
39.30173334499918 23.386697402424804 203.15115696796028 165.0 174.0 89.0
39.3017313909556 23.8405092239598 203.15064437453583 160.0 169.0 73.0
39.30172943691204 24.294321045494794 203.15013178111144 163.0 172.0 68.0
39.30172748286847 24.74813286702979 203.149619187687 167.0 175.0 79.0
39.30172552882491 25.201944688564783 203.14910659426255 167.0 174.0 85.0
39.30172357478134 25.65575651009978 203.1485940008381 160.0 168.0 86.0
39.30172162073778 26.109568331634776 203.1480814074137 100.0 108.0 61.0
39.755534220767075 22.932883626846245 203.1482096829532 166.0 170.0 122.0
39.755532266723506 23.38669544838124 203.14769708952878 178.0 184.0 118.0
39.75553031267994 23.840507269916234 203.14718449610436 164.0 172.0 99.0
39.755528358636376 24.29431909145123 203.1466719026799 177.0 185.0 100.0
39.75552640459281 24.748130912986223 203.14615930925547 185.0 193.0 109.0
39.755524450549245 25.201942734521218 203.14564671583105 186.0 193.0 110.0
39.75552249650568 25.655754556056216 203.14513412240663 176.0 184.0 99.0
39.755520542462115 26.10956637759121 203.14462152898219 118.0 127.0 73.0
40.20932923440427 23.840505315872665 203.14372461767283 95.0 99.0 65.0
40.20932728036071 24.29431713740766 203.1432120242484 154.0 158.0 103.0
40.20932532631714 24.748128958942658 203.14269943082397 182.0 187.0 121.0
40.20932337227358 25.201940780477653 203.14218683739955 178.0 183.0 115.0
40.20932141823001 25.655752602012647 203.1416742439751 119.0 125.0 77.0
37.490001444620475 22.479594168953508 203.6198203007609 96.0 104.0 65.0
37.489999490576906 22.933405990488502 203.6193077073365 113.0 124.0 62.0
37.489997536533345 23.3872178120235 203.61879511391206 111.0 120.0 63.0
37.489995582489776 23.841029633558495 203.6182825204876 113.0 120.0 66.0
37.489993628446214 24.29484145509349 203.6177699270632 119.0 124.0 85.0
37.94380036634481 22.479592214909943 203.61636042232942 110.0 120.0 68.0
37.94379841230124 22.933404036444937 203.61584782890498 112.0 123.0 57.0
37.94379645825768 23.387215857979932 203.61533523548053 124.0 132.0 63.0
37.94379450421411 23.84102767951493 203.61482264205614 118.0 127.0 56.0
37.94379255017055 24.294839501049925 203.6143100486317 130.0 138.0 68.0
37.94379059612698 24.74865132258492 203.61379745520725 132.0 138.0 81.0
37.94378864208341 25.202463144119914 203.6132848617828 135.0 140.0 99.0
38.397599288069145 22.479590260866377 203.6129005438979 128.0 136.0 78.0
38.397597334025576 22.933402082401372 203.61238795047348 123.0 134.0 60.0
38.397595379982015 23.387213903936367 203.61187535704906 120.0 130.0 53.0
38.397593425938446 23.841025725471365 203.6113627636246 121.0 132.0 49.0
38.39759147189488 24.29483754700636 203.61085017020017 121.0 132.0 47.0
38.39758951785131 24.74864936854135 203.61033757677575 141.0 150.0 69.0
38.39758756380775 25.20246119007635 203.60982498335133 151.0 156.0 94.0
38.39758560976418 25.656273011611344 203.60931238992688 106.0 109.0 79.0
38.85139820979348 22.47958830682281 203.6094406654664 143.0 150.0 87.0
38.85139625574991 22.933400128357807 203.60892807204198 140.0 149.0 70.0
38.85139430170635 23.3872119498928 203.60841547861753 138.0 149.0 60.0
38.851392347662774 23.841023771427796 203.6079028851931 132.0 144.0 47.0
38.85139039361921 24.294835592962794 203.60739029176867 132.0 145.0 45.0
38.85138843957564 24.748647414497785 203.60687769834425 154.0 163.0 64.0
38.85138648553208 25.20245923603278 203.6063651049198 164.0 171.0 85.0
38.85138453148851 25.65627105756778 203.60585251149539 158.0 166.0 98.0
39.305197131517815 22.479586352779243 203.60598078703492 145.0 151.0 104.0
39.305195177474246 22.933398174314238 203.60546819361048 170.0 177.0 108.0
39.30519322343068 23.387209995849236 203.60495560018603 174.0 182.0 99.0
39.30519126938711 23.84102181738423 203.60444300676158 166.0 174.0 82.0
39.30518931534355 24.294833638919226 203.60393041333717 167.0 176.0 77.0
39.30518736129998 24.74864546045422 203.60341781991275 171.0 179.0 85.0
39.30518540725642 25.202457281989215 203.6029052264883 174.0 181.0 94.0
39.30518345321285 25.65626910352421 203.6023926330639 160.0 170.0 90.0
39.758994099198574 22.933396220270673 203.60200831517895 183.0 186.0 135.0
39.75899214515501 23.38720804180567 203.60149572175453 186.0 192.0 123.0
39.758990191111444 23.841019863340666 203.6009831283301 179.0 187.0 109.0
39.75898823706788 24.294831684875657 203.60047053490567 190.0 196.0 115.0
39.75898628302431 24.748643506410655 203.59995794148122 191.0 198.0 115.0
39.75898432898075 25.20245532794565 203.5994453480568 191.0 197.0 111.0
39.75898237493718 25.656267149480644 203.5989327546324 174.0 183.0 97.0
39.75898042089362 26.110078971015643 203.59842016120794 88.0 94.0 53.0
40.21278715879222 24.29482973083209 203.59701065647417 154.0 158.0 110.0
40.21278520474865 24.748641552367086 203.59649806304975 198.0 203.0 134.0
40.21278325070509 25.202453373902085 203.5959854696253 183.0 189.0 117.0
40.21278129666152 25.65626519543708 203.59547287620086 135.0 141.0 85.0
37.49345936900841 22.933918583912938 204.07310633956223 79.0 87.0 51.0
37.49345741496485 23.387730405447932 204.0725937461378 90.0 96.0 59.0
37.49345546092128 23.84154222698293 204.07208115271337 89.0 96.0 59.0
37.49345350687772 24.295354048517925 204.07156855928895 99.0 102.0 74.0
37.94726024477632 22.480104808334374 204.07015905455518 118.0 127.0 83.0
37.94725829073275 22.933916629869373 204.06964646113073 114.0 124.0 66.0
37.947256336689186 23.387728451404367 204.06913386770628 124.0 133.0 70.0
37.94725438264562 23.841540272939362 204.06862127428187 126.0 135.0 66.0
37.94725242860205 24.29535209447436 204.06810868085745 150.0 157.0 90.0
37.94725047455848 24.749163916009355 204.067596087433 154.0 160.0 107.0
37.94724852051492 25.202975737544346 204.06708349400859 94.0 99.0 72.0
38.40105916650065 22.48010285429081 204.06669917612365 141.0 148.0 95.0
38.40105721245708 22.933914675825807 204.06618658269923 135.0 144.0 74.0
38.401055258413514 23.387726497360802 204.0656739892748 132.0 142.0 64.0
38.401053304369945 23.841538318895797 204.06516139585037 124.0 137.0 55.0
38.401051350326384 24.29535014043079 204.06464880242592 142.0 152.0 65.0
38.401049396282815 24.749161961965786 204.0641362090015 164.0 171.0 98.0
38.40104744223925 25.20297378350078 204.0636236155771 158.0 165.0 111.0
38.85485808822499 22.480100900247244 204.06323929769215 160.0 167.0 110.0
38.85485613418141 22.93391272178224 204.06272670426773 160.0 168.0 90.0
38.85485418013785 23.387724543317237 204.06221411084329 159.0 169.0 80.0
38.85485222609428 23.84153636485223 204.06170151741887 154.0 165.0 67.0
38.85485027205072 24.295348186387226 204.06118892399445 161.0 171.0 70.0
38.85484831800715 24.74916000792222 204.06067633057 173.0 182.0 89.0
38.85484636396359 25.202971829457216 204.06016373714556 178.0 186.0 110.0
38.85484440992002 25.65678365099221 204.05965114372114 131.0 138.0 83.0
39.308657009949314 22.48009894620368 204.05977941926065 121.0 124.0 90.0
39.308655055905746 22.933910767738674 204.05926682583623 188.0 193.0 128.0
39.308653101862184 23.387722589273668 204.0587542324118 189.0 196.0 121.0
39.308651147818615 23.841534410808666 204.05824163898737 178.0 187.0 100.0
39.308649193775054 24.295346232343658 204.05772904556292 188.0 197.0 104.0
39.308647239731485 24.749158053878652 204.0572164521385 189.0 197.0 107.0
39.30864528568792 25.20296987541365 204.05670385871406 184.0 191.0 108.0
39.308643331644355 25.656781696948645 204.05619126528964 168.0 178.0 98.0
39.76245397763008 22.93390881369511 204.0558069474047 153.0 156.0 118.0
39.76245202358652 23.387720635230103 204.0552943539803 196.0 202.0 136.0
39.76245006954295 23.8415324567651 204.05478176055587 196.0 203.0 124.0
39.76244811549939 24.295344278300092 204.05426916713142 208.0 213.0 134.0
39.76244616145582 24.749156099835087 204.053756573707 207.0 212.0 131.0
39.76244420741226 25.202967921370085 204.05324398028256 194.0 201.0 116.0
39.76244225336869 25.65677974290508 204.05273138685814 177.0 185.0 106.0
39.76244029932512 26.110591564440075 204.0522187934337 83.0 87.0 53.0
40.216247037223724 24.295342324256527 204.05080928869992 137.0 141.0 95.0
40.216245083180155 24.749154145791522 204.0502966952755 186.0 191.0 127.0
40.216243129136586 25.202965967326517 204.04978410185106 174.0 180.0 115.0
40.21624117509302 25.656777788861515 204.0492715084266 128.0 134.0 84.0
37.950718169164254 22.9344292232938 204.5234450933565 108.0 117.0 77.0
37.950716215120686 23.3882410448288 204.52293249993207 127.0 135.0 87.0
37.95071426107712 23.842052866363794 204.52241990650762 137.0 145.0 90.0
37.950712307033555 24.29586468789879 204.5219073130832 154.0 162.0 112.0
37.95071035298999 24.749676509433787 204.5213947196588 95.0 98.0 72.0
38.40451904493216 22.48061544771524 204.5204978083494 143.0 150.0 109.0
38.40451709088858 22.934427269250236 204.519985214925 146.0 154.0 92.0
38.40451513684502 23.388239090785234 204.51947262150057 143.0 152.0 84.0
38.40451318280145 23.84205091232023 204.51896002807612 151.0 160.0 88.0
38.40451122875789 24.295862733855223 204.5184474346517 171.0 179.0 111.0
38.40450927471432 24.749674555390218 204.51793484122726 176.0 182.0 126.0
38.858317966656486 22.480613493671676 204.51703792991793 156.0 161.0 114.0
38.85831601261292 22.93442531520667 204.5165253364935 174.0 182.0 109.0
38.858314058569356 23.388237136741665 204.51601274306904 177.0 185.0 107.0
38.85831210452579 23.842048958276663 204.51550014964462 168.0 176.0 96.0
38.858310150482225 24.295860779811658 204.5149875562202 184.0 192.0 114.0
38.85830819643866 24.74967260134665 204.51447496279576 186.0 194.0 121.0
38.858306242395095 25.203484422881647 204.5139623693713 174.0 181.0 119.0
39.31211493433725 22.934423361163105 204.513065458062 184.0 189.0 134.0
39.31211298029369 23.3882351826981 204.51255286463757 194.0 200.0 135.0
39.31211102625012 23.842047004233095 204.51204027121312 191.0 197.0 126.0
39.31210907220656 24.29585882576809 204.51152767778868 195.0 202.0 124.0
39.31210711816299 24.749670647303084 204.51101508436423 191.0 199.0 121.0
39.31210516411943 25.20348246883808 204.51050249093984 183.0 190.0 119.0
39.31210321007586 25.657294290373077 204.5099898975154 132.0 139.0 91.0
39.765911902018026 23.388233228654535 204.50909298620604 174.0 179.0 130.0
39.76590994797446 23.84204505018953 204.50858039278162 186.0 192.0 130.0
39.765907993930895 24.295856871724524 204.50806779935718 204.0 209.0 139.0
39.76590603988733 24.74966869325952 204.50755520593276 197.0 204.0 131.0
39.76590408584376 25.203480514794514 204.50704261250831 184.0 191.0 120.0
39.76590213180019 25.657292336329512 204.5065300190839 143.0 150.0 97.0
40.21970691565523 24.295854917680956 204.50460792092568 99.0 101.0 70.0
40.219704961611654 24.749666739215954 204.50409532750126 143.0 147.0 102.0
40.21970300756809 25.20347856075095 204.50358273407682 130.0 134.0 94.0
37.95417413950862 23.842565459788226 204.97621853873338 82.0 89.0 63.0
38.40797892336366 22.481128041139673 204.9742964405752 117.0 123.0 96.0
38.40797696932009 22.934939862674668 204.97378384715074 151.0 161.0 110.0
38.40797501527653 23.388751684209662 204.97327125372632 164.0 173.0 118.0
38.40797306123296 23.84256350574466 204.97275866030188 178.0 184.0 133.0
38.4079711071894 24.296375327279655 204.97224606687746 178.0 185.0 136.0
38.86177784508799 22.481126087096104 204.9708365621437 132.0 137.0 103.0
38.861775891044424 22.934937908631102 204.97032396871924 178.0 185.0 123.0
38.86177393700086 23.388749730166097 204.9698113752948 190.0 196.0 130.0
38.86177198295729 23.842561551701092 204.96929878187038 198.0 203.0 139.0
38.86177002891373 24.29637337323609 204.96878618844596 195.0 202.0 138.0
38.86176807487016 24.75018519477108 204.96827359502151 187.0 194.0 136.0
39.31557481276876 22.934935954587534 204.96686409028771 165.0 170.0 124.0
39.3155728587252 23.388747776122532 204.96635149686333 204.0 208.0 153.0
39.31557090468163 23.842559597657527 204.96583890343888 212.0 216.0 156.0
39.31556895063807 24.296371419192518 204.96532631001443 201.0 207.0 139.0
39.3155669965945 24.750183240727516 204.96481371659002 187.0 193.0 131.0
39.31556504255093 25.20399506226251 204.9643011231656 167.0 173.0 126.0
39.76936982640596 23.84255764361396 204.96237902500735 126.0 128.0 94.0
39.769367872362395 24.296369465148953 204.96186643158296 181.0 186.0 129.0
39.769365918318826 24.75018128668395 204.96135383815852 177.0 183.0 125.0
39.769363964275264 25.203993108218945 204.96084124473407 139.0 145.0 102.0
40.22316484004316 24.750179332640382 204.95789395972702 93.0 96.0 70.0
38.41143489370803 23.389264277634094 205.42706988595205 147.0 154.0 117.0
38.41143293966446 23.84307609916909 205.42655729252766 136.0 141.0 111.0
38.86523576947592 22.93545050205553 205.424122600945 169.0 175.0 133.0
38.86523381543236 23.38926232359053 205.42361000752058 186.0 192.0 141.0
38.86523186138879 23.843074145125524 205.42309741409613 190.0 196.0 145.0
38.86522990734523 24.29688596666052 205.4225848206717 182.0 188.0 142.0
39.3190327371567 23.38926036954696 205.42015012908908 191.0 195.0 153.0
39.31903078311313 23.84307219108196 205.41963753566463 188.0 193.0 146.0
39.319028829069566 24.29688401261695 205.4191249422402 171.0 177.0 130.0
39.31902687502599 24.750695834151944 205.41861234881577 106.0 110.0 83.0
37.9022740089925 24.28868837995675 198.1687264619226 73.0 83.0 42.0
37.90227205494893 24.742500201491744 198.16821386849816 77.0 86.0 46.0
37.011975557701355 24.29125525516604 200.44463937991438 69.0 81.0 25.0
