2.480 -23.510 198.739 76.000 90.000 50.000
2.479 -23.514 199.172 82.000 97.000 53.000
2.912 -23.514 199.172 181.000 189.000 139.000
2.912 -23.082 199.177 164.000 167.000 136.000
3.345 -23.514 199.173 211.000 215.000 160.000
3.345 -23.082 199.177 214.000 215.000 179.000
3.777 -23.514 199.173 168.000 180.000 118.000
3.777 -23.082 199.178 173.000 175.000 137.000
2.479 -23.952 199.600 96.000 119.000 51.000
2.479 -23.519 199.604 91.000 109.000 56.000
2.912 -23.952 199.600 117.000 135.000 68.000
2.912 -23.519 199.605 136.000 149.000 96.000
2.912 -23.086 199.609 178.000 182.000 138.000
3.344 -23.952 199.601 146.000 162.000 86.000
3.344 -23.519 199.605 176.000 188.000 125.000
3.344 -23.086 199.610 230.000 232.000 187.000
3.344 -22.654 199.614 173.000 174.000 148.000
3.777 -23.952 199.601 114.000 124.000 70.000
3.777 -23.519 199.606 144.000 153.000 101.000
3.777 -23.086 199.610 224.000 228.000 178.000
3.777 -22.654 199.615 203.000 206.000 175.000
4.210 -23.519 199.606 77.000 83.000 49.000
4.210 -23.086 199.611 191.000 193.000 152.000
2.479 -24.389 200.028 123.000 142.000 69.000
2.479 -23.956 200.032 108.000 126.000 65.000
2.911 -24.389 200.028 130.000 150.000 68.000
2.911 -23.956 200.033 120.000 139.000 67.000
2.911 -23.523 200.037 112.000 129.000 69.000
2.911 -23.091 200.042 107.000 117.000 76.000
3.344 -24.389 200.029 150.000 167.000 79.000
3.344 -23.956 200.033 145.000 163.000 80.000
3.344 -23.523 200.038 144.000 160.000 88.000
3.344 -23.091 200.042 185.000 194.000 138.000
3.344 -22.658 200.047 199.000 204.000 160.000
3.777 -23.956 200.034 161.000 173.000 98.000
3.777 -23.523 200.038 157.000 170.000 100.000
3.777 -23.091 200.043 213.000 218.000 161.000
3.777 -22.658 200.047 223.000 226.000 188.000
4.209 -23.956 200.034 113.000 119.000 74.000
4.209 -23.523 200.039 116.000 125.000 74.000
4.209 -23.091 200.043 197.000 203.000 150.000
4.209 -22.658 200.048 187.000 192.000 160.000
2.045 -24.393 200.460 113.000 121.000 83.000
2.478 -24.826 200.456 153.000 168.000 94.000
2.478 -24.393 200.460 136.000 153.000 81.000
2.478 -23.961 200.465 127.000 141.000 82.000
2.911 -24.393 200.461 138.000 157.000 76.000
2.911 -23.961 200.465 133.000 151.000 77.000
2.911 -23.528 200.470 128.000 144.000 78.000
2.911 -23.095 200.475 106.000 119.000 70.000
3.343 -24.393 200.461 163.000 178.000 92.000
3.343 -23.961 200.466 155.000 171.000 88.000
3.343 -23.528 200.470 146.000 163.000 86.000
3.343 -23.095 200.475 155.000 168.000 105.000
3.343 -22.663 200.480 152.000 162.000 115.000
3.776 -24.393 200.462 187.000 196.000 122.000
3.776 -23.961 200.466 176.000 189.000 109.000
3.776 -23.528 200.471 166.000 181.000 102.000
3.776 -23.095 200.475 176.000 188.000 126.000
3.776 -22.663 200.480 208.000 212.000 162.000
3.776 -22.230 200.485 186.000 189.000 153.000
4.209 -24.393 200.462 130.000 133.000 97.000
4.209 -23.961 200.467 194.000 201.000 136.000
4.209 -23.528 200.471 187.000 199.000 122.000
4.209 -23.095 200.476 186.000 196.000 135.000
4.209 -22.663 200.480 206.000 211.000 162.000
4.209 -22.230 200.485 187.000 191.000 154.000
4.641 -23.528 200.472 83.000 86.000 60.000
4.641 -23.095 200.476 128.000 131.000 99.000
4.641 -22.663 200.481 158.000 162.000 134.000
2.045 -24.831 200.888 114.000 119.000 91.000
2.478 -24.831 200.888 151.000 163.000 99.000
2.478 -24.398 200.893 136.000 149.000 87.000
2.478 -23.965 200.898 131.000 144.000 87.000
2.478 -23.533 200.902 150.000 163.000 108.000
2.478 -23.100 200.907 83.000 91.000 60.000
2.910 -24.831 200.889 166.000 179.000 103.000
2.910 -24.398 200.893 154.000 169.000 92.000
2.910 -23.965 200.898 151.000 167.000 91.000
2.910 -23.533 200.903 155.000 171.000 97.000
2.910 -23.100 200.907 128.000 144.000 83.000
3.343 -24.831 200.889 171.000 182.000 112.000
3.343 -24.398 200.894 169.000 182.000 106.000
3.343 -23.965 200.898 164.000 180.000 99.000
3.343 -23.533 200.903 157.000 175.000 94.000
3.343 -23.100 200.908 149.000 166.000 94.000
3.343 -22.667 200.912 138.000 151.000 94.000
3.776 -24.398 200.894 190.000 200.000 129.000
3.776 -23.965 200.899 190.000 203.000 122.000
3.776 -23.533 200.903 167.000 185.000 98.000
3.776 -23.100 200.908 165.000 181.000 106.000
3.776 -22.667 200.913 177.000 188.000 127.000
3.776 -22.235 200.917 186.000 192.000 142.000
4.208 -24.398 200.895 170.000 172.000 135.000
4.208 -23.965 200.899 214.000 221.000 154.000
4.208 -23.533 200.904 180.000 197.000 113.000
4.208 -23.100 200.908 172.000 187.000 115.000
4.208 -22.667 200.913 202.000 210.000 150.000
4.208 -22.235 200.918 218.000 222.000 172.000
4.641 -23.533 200.904 193.000 198.000 141.000
4.641 -23.100 200.909 181.000 189.000 136.000
4.641 -22.667 200.913 195.000 200.000 149.000
4.641 -22.235 200.918 183.000 188.000 147.000
2.477 -25.268 201.317 170.000 177.000 133.000
2.477 -24.835 201.321 148.000 158.000 102.000
2.477 -24.403 201.326 148.000 160.000 101.000
2.477 -23.970 201.330 155.000 168.000 109.000
2.477 -23.537 201.335 150.000 162.000 110.000
2.910 -25.268 201.317 177.000 187.000 128.000
2.910 -24.835 201.322 164.000 177.000 105.000
2.910 -24.403 201.326 160.000 176.000 99.000
2.910 -23.970 201.331 160.000 176.000 99.000
2.910 -23.537 201.335 151.000 168.000 94.000
2.910 -23.105 201.340 141.000 157.000 92.000
3.343 -24.835 201.322 183.000 194.000 128.000
3.343 -24.403 201.327 175.000 190.000 113.000
3.343 -23.970 201.331 173.000 190.000 108.000
3.343 -23.537 201.336 163.000 181.000 97.000
3.343 -23.105 201.340 157.000 176.000 96.000
3.343 -22.672 201.345 154.000 170.000 101.000
3.775 -24.835 201.322 186.000 196.000 134.000
3.775 -24.403 201.327 201.000 212.000 137.000
3.775 -23.970 201.332 199.000 212.000 131.000
3.775 -23.537 201.336 179.000 196.000 108.000
3.775 -23.105 201.341 183.000 199.000 117.000
3.775 -22.672 201.345 187.000 199.000 129.000
3.775 -22.239 201.350 159.000 171.000 115.000
4.208 -24.403 201.327 215.000 221.000 158.000
4.208 -23.970 201.332 216.000 224.000 152.000
4.208 -23.537 201.337 196.000 210.000 126.000
4.208 -23.105 201.341 192.000 206.000 128.000
4.208 -22.672 201.346 206.000 215.000 149.000
4.208 -22.239 201.350 207.000 214.000 154.000
4.208 -21.807 201.355 150.000 154.000 113.000
4.641 -23.970 201.332 208.000 209.000 167.000
4.641 -23.537 201.337 212.000 218.000 154.000
4.641 -23.105 201.342 193.000 204.000 138.000
4.641 -22.672 201.346 212.000 217.000 158.000
4.641 -22.239 201.351 211.000 216.000 161.000
4.641 -21.807 201.355 132.000 137.000 101.000
5.073 -22.672 201.347 162.000 167.000 123.000
5.073 -22.239 201.351 148.000 149.000 113.000
2.477 -25.705 201.745 156.000 160.000 133.000
2.477 -25.272 201.749 154.000 162.000 117.000
2.477 -24.840 201.754 144.000 155.000 96.000
2.477 -24.407 201.758 149.000 164.000 103.000
2.477 -23.974 201.763 153.000 167.000 110.000
2.477 -23.542 201.768 134.000 147.000 101.000
2.910 -25.705 201.745 169.000 176.000 133.000
2.910 -25.272 201.750 171.000 182.000 121.000
2.910 -24.840 201.754 165.000 180.000 103.000
2.910 -24.407 201.759 159.000 175.000 100.000
2.910 -23.974 201.763 160.000 175.000 101.000
2.910 -23.542 201.768 146.000 162.000 93.000
2.910 -23.109 201.773 120.000 136.000 79.000
3.342 -25.272 201.750 175.000 186.000 125.000
3.342 -24.840 201.755 178.000 192.000 117.000
3.342 -24.407 201.759 171.000 187.000 108.000
3.342 -23.974 201.764 164.000 181.000 100.000
3.342 -23.542 201.768 157.000 175.000 91.000
3.342 -23.109 201.773 144.000 164.000 83.000
3.342 -22.677 201.778 122.000 138.000 79.000
3.775 -25.272 201.750 162.000 171.000 113.000
3.775 -24.840 201.755 193.000 204.000 134.000
3.775 -24.407 201.760 197.000 210.000 131.000
3.775 -23.974 201.764 189.000 204.000 118.000
3.775 -23.542 201.769 174.000 193.000 101.000
3.775 -23.109 201.773 173.000 191.000 103.000
3.775 -22.677 201.778 174.000 191.000 110.000
3.775 -22.244 201.783 142.000 156.000 95.000
4.208 -24.840 201.755 161.000 167.000 121.000
4.208 -24.407 201.760 216.000 224.000 155.000
4.208 -23.974 201.765 214.000 223.000 149.000
4.208 -23.542 201.769 193.000 208.000 121.000
4.208 -23.109 201.774 190.000 205.000 122.000
4.208 -22.677 201.778 205.000 215.000 141.000
4.208 -22.244 201.783 209.000 215.000 147.000
4.208 -21.811 201.788 153.000 162.000 109.000
4.640 -24.407 201.760 177.000 179.000 138.000
4.640 -23.974 201.765 219.000 221.000 166.000
4.640 -23.542 201.770 214.000 220.000 154.000
4.640 -23.109 201.774 197.000 208.000 139.000
4.640 -22.677 201.779 219.000 223.000 159.000
4.640 -22.244 201.783 217.000 221.000 162.000
4.640 -21.811 201.788 156.000 161.000 114.000
5.073 -23.109 201.775 114.000 118.000 85.000
5.073 -22.677 201.779 167.000 170.000 125.000
5.073 -22.244 201.784 170.000 176.000 127.000
5.073 -21.811 201.788 101.000 104.000 75.000
2.476 -25.277 202.182 138.000 146.000 105.000
2.476 -24.844 202.186 149.000 161.000 100.000
2.476 -24.412 202.191 154.000 167.000 110.000
2.476 -23.979 202.196 159.000 172.000 121.000
2.476 -23.546 202.200 100.000 109.000 79.000
2.909 -25.710 202.178 163.000 169.000 131.000
2.909 -25.277 202.182 166.000 177.000 116.000
2.909 -24.844 202.187 163.000 180.000 101.000
2.909 -24.412 202.191 161.000 177.000 102.000
2.909 -23.979 202.196 156.000 171.000 101.000
2.909 -23.546 202.201 138.000 152.000 91.000
2.909 -23.114 202.205 100.000 110.000 71.000
3.342 -25.710 202.178 159.000 167.000 121.000
3.342 -25.277 202.183 174.000 186.000 121.000
3.342 -24.844 202.187 182.000 196.000 118.000
3.342 -24.412 202.192 173.000 188.000 108.000
3.342 -23.979 202.196 164.000 181.000 99.000
3.342 -23.546 202.201 153.000 171.000 89.000
3.342 -23.114 202.206 140.000 159.000 84.000
3.342 -22.681 202.210 96.000 107.000 64.000
3.774 -25.277 202.183 188.000 197.000 135.000
3.774 -24.844 202.188 200.000 212.000 137.000
3.774 -24.412 202.192 190.000 205.000 123.000
3.774 -23.979 202.197 177.000 194.000 106.000
3.774 -23.546 202.201 172.000 192.000 96.000
3.774 -23.114 202.206 171.000 190.000 97.000
3.774 -22.681 202.211 168.000 186.000 102.000
3.774 -22.248 202.215 122.000 135.000 79.000
4.207 -25.277 202.183 77.000 81.000 51.000
4.207 -24.844 202.188 211.000 217.000 155.000
4.207 -24.412 202.193 217.000 225.000 152.000
4.207 -23.979 202.197 206.000 217.000 139.000
4.207 -23.546 202.202 198.000 212.000 123.000
4.207 -23.114 202.206 183.000 201.000 110.000
4.207 -22.681 202.211 193.000 208.000 123.000
4.207 -22.249 202.216 194.000 207.000 127.000
4.207 -21.816 202.220 166.000 174.000 114.000
4.640 -24.844 202.188 109.000 112.000 82.000
4.640 -24.412 202.193 181.000 184.000 138.000
4.640 -23.979 202.198 207.000 212.000 152.000
4.640 -23.546 202.202 213.000 220.000 151.000
4.640 -23.114 202.207 201.000 212.000 138.000
4.640 -22.681 202.211 210.000 219.000 148.000
4.640 -22.249 202.216 216.000 220.000 154.000
4.640 -21.816 202.221 178.000 185.000 129.000
5.072 -23.546 202.203 136.000 138.000 110.000
5.072 -23.114 202.207 169.000 174.000 127.000
5.072 -22.681 202.212 208.000 213.000 154.000
5.072 -22.249 202.216 203.000 209.000 151.000
5.072 -21.816 202.221 145.000 150.000 107.000
2.476 -25.282 202.614 115.000 120.000 91.000
2.476 -24.849 202.619 139.000 150.000 99.000
2.476 -24.416 202.624 155.000 167.000 115.000
2.476 -23.984 202.628 131.000 145.000 101.000
2.909 -25.714 202.610 154.000 161.000 124.000
2.909 -25.282 202.615 168.000 179.000 120.000
2.909 -24.849 202.619 165.000 181.000 105.000
2.909 -24.416 202.624 167.000 182.000 109.000
2.909 -23.984 202.629 155.000 170.000 103.000
2.909 -23.551 202.633 138.000 151.000 97.000
2.909 -23.118 202.638 88.000 98.000 65.000
3.341 -25.714 202.611 166.000 175.000 128.000
3.341 -25.282 202.615 181.000 194.000 124.000
3.341 -24.849 202.620 185.000 200.000 120.000
3.341 -24.416 202.624 170.000 187.000 104.000
3.341 -23.984 202.629 164.000 181.000 99.000
3.341 -23.551 202.634 151.000 169.000 91.000
3.341 -23.118 202.638 134.000 149.000 86.000
3.341 -22.686 202.643 71.000 80.000 47.000
3.774 -25.714 202.611 163.000 169.000 123.000
3.774 -25.282 202.616 199.000 210.000 140.000
3.774 -24.849 202.620 201.000 213.000 134.000
3.774 -24.416 202.625 191.000 206.000 118.000
3.774 -23.984 202.629 176.000 195.000 101.000
3.774 -23.551 202.634 169.000 189.000 93.000
3.774 -23.118 202.639 166.000 186.000 94.000
3.774 -22.686 202.643 153.000 171.000 91.000
3.774 -22.253 202.648 90.000 101.000 55.000
4.207 -25.282 202.616 205.000 211.000 150.000
4.207 -24.849 202.621 206.000 217.000 140.000
4.207 -24.416 202.625 204.000 217.000 134.000
4.207 -23.984 202.630 202.000 216.000 130.000
4.207 -23.551 202.634 187.000 206.000 109.000
4.207 -23.118 202.639 186.000 206.000 110.000
4.207 -22.686 202.644 194.000 209.000 117.000
4.207 -22.253 202.648 185.000 201.000 111.000
4.207 -21.820 202.653 142.000 152.000 95.000
4.639 -24.849 202.621 171.000 175.000 124.000
4.639 -24.416 202.626 205.000 210.000 149.000
4.639 -23.984 202.630 214.000 220.000 151.000
4.639 -23.551 202.635 209.000 219.000 143.000
4.639 -23.118 202.639 204.000 216.000 135.000
4.639 -22.686 202.644 210.000 220.000 143.000
4.639 -22.253 202.649 211.000 219.000 147.000
4.639 -21.820 202.653 187.000 196.000 133.000
5.072 -23.984 202.631 107.000 109.000 83.000
5.072 -23.551 202.635 213.000 216.000 165.000
5.072 -23.118 202.640 191.000 201.000 136.000
5.072 -22.686 202.644 220.000 226.000 162.000
5.072 -22.253 202.649 225.000 227.000 167.000
5.072 -21.820 202.654 168.000 176.000 123.000
5.505 -22.686 202.645 121.000 125.000 93.000
5.505 -22.253 202.649 165.000 173.000 125.000
2.476 -24.854 203.052 107.000 116.000 77.000
2.476 -24.421 203.056 124.000 135.000 95.000
2.476 -23.988 203.061 115.000 126.000 91.000
2.908 -25.719 203.043 151.000 157.000 123.000
2.908 -25.286 203.048 165.000 177.000 119.000
2.908 -24.854 203.052 166.000 180.000 111.000
2.908 -24.421 203.057 158.000 172.000 107.000
2.908 -23.988 203.061 155.000 171.000 108.000
2.908 -23.556 203.066 148.000 162.000 109.000
3.341 -25.719 203.043 168.000 177.000 129.000
3.341 -25.286 203.048 177.000 191.000 122.000
3.341 -24.854 203.053 184.000 199.000 121.000
3.341 -24.421 203.057 175.000 192.000 111.000
3.341 -23.988 203.062 165.000 183.000 102.000
3.341 -23.556 203.066 158.000 175.000 98.000
3.341 -23.123 203.071 140.000 154.000 95.000
3.774 -25.719 203.044 198.000 205.000 145.000
3.774 -25.286 203.048 199.000 210.000 136.000
3.774 -24.854 203.053 207.000 219.000 136.000
3.774 -24.421 203.058 192.000 210.000 116.000
3.774 -23.988 203.062 184.000 203.000 106.000
3.774 -23.556 203.067 166.000 187.000 89.000
3.774 -23.123 203.071 171.000 190.000 98.000
3.774 -22.690 203.076 146.000 162.000 87.000
3.774 -22.258 203.080 87.000 98.000 53.000
4.206 -25.719 203.044 128.000 130.000 96.000
4.206 -25.286 203.049 211.000 220.000 147.000
4.206 -24.854 203.053 203.000 215.000 132.000
4.206 -24.421 203.058 199.000 213.000 124.000
4.206 -23.988 203.063 190.000 207.000 111.000
4.206 -23.556 203.067 186.000 206.000 103.000
4.206 -23.123 203.072 195.000 211.000 114.000
4.206 -22.690 203.076 207.000 216.000 124.000
4.206 -22.258 203.081 185.000 194.000 109.000
4.206 -21.825 203.085 79.000 92.000 47.000
4.639 -25.286 203.049 115.000 119.000 82.000
4.639 -24.854 203.054 176.000 183.000 122.000
4.639 -24.421 203.058 193.000 202.000 132.000
4.639 -23.988 203.063 204.000 214.000 138.000
4.639 -23.556 203.068 201.000 214.000 133.000
4.639 -23.123 203.072 200.000 214.000 130.000
4.639 -22.690 203.077 212.000 221.000 140.000
4.639 -22.258 203.081 214.000 221.000 142.000
4.639 -21.825 203.086 165.000 178.000 112.000
5.072 -23.988 203.063 156.000 159.000 119.000
5.072 -23.556 203.068 206.000 211.000 154.000
5.072 -23.123 203.073 197.000 209.000 135.000
5.072 -22.690 203.077 218.000 225.000 156.000
5.072 -22.258 203.082 224.000 227.000 163.000
5.072 -21.825 203.086 163.000 173.000 114.000
5.504 -23.123 203.073 155.000 162.000 115.000
5.504 -22.690 203.078 182.000 191.000 133.000
5.504 -22.258 203.082 188.000 196.000 137.000
5.504 -21.825 203.087 88.000 96.000 66.000
2.475 -24.858 203.484 80.000 87.000 58.000
2.475 -24.425 203.489 96.000 104.000 76.000
2.908 -25.723 203.476 156.000 163.000 124.000
2.908 -25.291 203.480 166.000 178.000 118.000
2.908 -24.858 203.485 157.000 172.000 100.000
2.908 -24.425 203.489 157.000 171.000 108.000
2.908 -23.993 203.494 162.000 174.000 118.000
2.908 -23.560 203.498 160.000 171.000 124.000
3.341 -25.723 203.476 166.000 176.000 126.000
3.341 -25.291 203.481 180.000 193.000 123.000
3.341 -24.858 203.485 176.000 194.000 108.000
3.341 -24.425 203.490 170.000 188.000 103.000
3.341 -23.993 203.494 167.000 184.000 103.000
3.341 -23.560 203.499 166.000 183.000 107.000
3.341 -23.128 203.504 121.000 134.000 82.000
3.773 -25.723 203.476 188.000 198.000 135.000
3.773 -25.291 203.481 188.000 202.000 120.000
3.773 -24.858 203.486 199.000 214.000 122.000
3.773 -24.425 203.490 195.000 213.000 115.000
3.773 -23.993 203.495 188.000 207.000 108.000
3.773 -23.560 203.499 167.000 188.000 90.000
3.773 -23.128 203.504 160.000 180.000 91.000
3.773 -22.695 203.509 112.000 125.000 66.000
4.206 -25.723 203.477 188.000 194.000 134.000
4.206 -25.291 203.481 201.000 213.000 134.000
4.206 -24.858 203.486 197.000 212.000 116.000
4.206 -24.425 203.491 198.000 214.000 114.000
4.206 -23.993 203.495 195.000 213.000 110.000
4.206 -23.560 203.500 180.000 202.000 95.000
4.206 -23.128 203.504 202.000 215.000 116.000
4.206 -22.695 203.509 198.000 207.000 114.000
4.206 -22.262 203.514 157.000 165.000 88.000
4.639 -25.291 203.482 157.000 164.000 108.000
4.639 -24.858 203.486 202.000 212.000 137.000
4.639 -24.425 203.491 201.000 213.000 133.000
4.639 -23.993 203.496 201.000 215.000 131.000
4.639 -23.560 203.500 197.000 212.000 125.000
4.639 -23.128 203.505 198.000 213.000 126.000
4.639 -22.695 203.509 214.000 220.000 136.000
4.639 -22.262 203.514 212.000 216.000 135.000
4.639 -21.830 203.519 120.000 134.000 76.000
5.071 -24.425 203.491 143.000 147.000 105.000
5.071 -23.993 203.496 196.000 203.000 143.000
5.071 -23.560 203.501 208.000 218.000 147.000
5.071 -23.128 203.505 198.000 211.000 133.000
5.071 -22.695 203.510 221.000 226.000 153.000
5.071 -22.262 203.514 219.000 224.000 152.000
5.071 -21.830 203.519 153.000 164.000 102.000
5.504 -23.560 203.501 197.000 202.000 152.000
5.504 -23.128 203.506 207.000 214.000 152.000
5.504 -22.695 203.510 214.000 221.000 157.000
5.504 -22.262 203.515 214.000 217.000 152.000
5.504 -21.830 203.519 111.000 117.000 77.000
2.907 -25.728 203.908 145.000 152.000 120.000
2.907 -25.295 203.913 155.000 167.000 111.000
2.907 -24.863 203.917 145.000 160.000 96.000
2.907 -24.430 203.922 153.000 165.000 109.000
2.907 -23.997 203.927 162.000 173.000 127.000
2.907 -23.565 203.931 126.000 136.000 102.000
3.340 -25.728 203.909 165.000 174.000 125.000
3.340 -25.295 203.913 176.000 189.000 119.000
3.340 -24.863 203.918 169.000 187.000 100.000
3.340 -24.430 203.922 169.000 186.000 104.000
3.340 -23.997 203.927 167.000 184.000 107.000
3.340 -23.565 203.932 156.000 171.000 105.000
3.340 -23.132 203.936 99.000 109.000 71.000
3.773 -26.161 203.904 137.000 139.000 112.000
3.773 -25.728 203.909 180.000 191.000 128.000
3.773 -25.295 203.914 179.000 195.000 112.000
3.773 -24.863 203.918 181.000 201.000 102.000
3.773 -24.430 203.923 183.000 203.000 101.000
3.773 -23.997 203.927 178.000 198.000 97.000
3.773 -23.565 203.932 170.000 191.000 95.000
3.773 -23.132 203.937 146.000 163.000 84.000
3.773 -22.699 203.941 76.000 84.000 45.000
4.205 -25.728 203.909 195.000 203.000 139.000
4.205 -25.295 203.914 198.000 211.000 129.000
4.205 -24.863 203.919 198.000 213.000 118.000
4.205 -24.430 203.923 200.000 216.000 115.000
4.205 -23.997 203.928 186.000 207.000 98.000
4.205 -23.565 203.932 183.000 205.000 97.000
4.205 -23.132 203.937 192.000 210.000 109.000
4.205 -22.699 203.942 173.000 185.000 97.000
4.205 -22.267 203.946 103.000 109.000 56.000
4.638 -25.295 203.914 194.000 201.000 137.000
4.638 -24.863 203.919 215.000 223.000 147.000
4.638 -24.430 203.924 210.000 220.000 140.000
4.638 -23.997 203.928 206.000 218.000 133.000
4.638 -23.565 203.933 192.000 208.000 118.000
4.638 -23.132 203.937 199.000 213.000 126.000
4.638 -22.699 203.942 207.000 216.000 131.000
4.638 -22.267 203.947 202.000 207.000 126.000
4.638 -21.834 203.951 109.000 116.000 68.000
5.071 -24.863 203.919 171.000 174.000 127.000
5.071 -24.430 203.924 189.000 196.000 138.000
5.071 -23.997 203.929 204.000 212.000 144.000
5.071 -23.565 203.933 202.000 213.000 139.000
5.071 -23.132 203.938 197.000 211.000 132.000
5.071 -22.699 203.942 208.000 217.000 140.000
5.071 -22.267 203.947 217.000 221.000 146.000
5.071 -21.834 203.952 162.000 168.000 108.000
5.503 -23.997 203.929 190.000 191.000 150.000
5.503 -23.565 203.934 207.000 215.000 155.000
5.503 -23.132 203.938 198.000 210.000 142.000
5.503 -22.699 203.943 222.000 227.000 162.000
5.503 -22.267 203.947 227.000 226.000 159.000
5.503 -21.834 203.952 153.000 148.000 102.000
5.936 -22.700 203.943 138.000 141.000 105.000
5.936 -22.267 203.948 110.000 102.000 78.000
2.907 -25.300 204.345 134.000 144.000 102.000
2.907 -24.867 204.350 131.000 143.000 94.000
2.907 -24.435 204.355 147.000 159.000 114.000
2.907 -24.002 204.359 133.000 142.000 110.000
3.340 -25.733 204.341 166.000 175.000 128.000
3.340 -25.300 204.346 171.000 184.000 119.000
3.340 -24.867 204.350 163.000 180.000 98.000
3.340 -24.435 204.355 167.000 183.000 106.000
3.340 -24.002 204.360 164.000 179.000 110.000
3.340 -23.569 204.364 132.000 145.000 95.000
3.772 -26.165 204.337 173.000 176.000 148.000
3.772 -25.733 204.342 183.000 193.000 135.000
3.772 -25.300 204.346 186.000 201.000 120.000
3.772 -24.867 204.351 174.000 193.000 94.000
3.772 -24.435 204.355 169.000 190.000 90.000
3.772 -24.002 204.360 174.000 192.000 98.000
3.772 -23.569 204.365 164.000 184.000 93.000
3.772 -23.137 204.369 139.000 156.000 81.000
4.205 -25.733 204.342 207.000 213.000 155.000
4.205 -25.300 204.347 203.000 215.000 137.000
4.205 -24.867 204.351 200.000 214.000 120.000
4.205 -24.435 204.356 183.000 202.000 98.000
4.205 -24.002 204.360 179.000 199.000 93.000
4.205 -23.569 204.365 187.000 207.000 103.000
4.205 -23.137 204.370 169.000 188.000 95.000
4.205 -22.704 204.374 104.000 114.000 58.000
4.638 -25.300 204.347 208.000 215.000 150.000
4.638 -24.867 204.352 209.000 218.000 142.000
4.638 -24.435 204.356 197.000 210.000 126.000
4.638 -24.002 204.361 189.000 205.000 117.000
4.638 -23.569 204.365 188.000 205.000 115.000
4.638 -23.137 204.370 203.000 213.000 129.000
4.638 -22.704 204.375 201.000 209.000 127.000
4.638 -22.271 204.379 184.000 188.000 114.000
5.070 -24.867 204.352 183.000 187.000 133.000
5.070 -24.435 204.357 212.000 218.000 153.000
5.070 -24.002 204.361 211.000 219.000 149.000
5.070 -23.569 204.366 196.000 208.000 134.000
5.070 -23.137 204.370 209.000 219.000 142.000
5.070 -22.704 204.375 214.000 222.000 146.000
5.070 -22.271 204.380 218.000 221.000 145.000
5.070 -21.839 204.384 130.000 131.000 82.000
5.503 -24.435 204.357 127.000 129.000 99.000
5.503 -24.002 204.362 185.000 190.000 140.000
5.503 -23.569 204.366 217.000 222.000 162.000
5.503 -23.137 204.371 216.000 223.000 158.000
5.503 -22.704 204.375 229.000 232.000 166.000
5.503 -22.271 204.380 232.000 228.000 160.000
5.503 -21.839 204.385 158.000 153.000 109.000
5.936 -23.569 204.367 115.000 116.000 90.000
5.936 -23.137 204.371 165.000 167.000 133.000
5.936 -22.704 204.376 185.000 187.000 137.000
5.936 -22.271 204.380 128.000 123.000 87.000
2.907 -25.305 204.778 120.000 126.000 99.000
2.907 -24.872 204.783 98.000 106.000 73.000
2.907 -24.439 204.787 111.000 120.000 93.000
3.339 -25.737 204.774 162.000 169.000 133.000
3.339 -25.305 204.778 164.000 176.000 114.000
3.339 -24.872 204.783 161.000 176.000 103.000
3.339 -24.439 204.788 162.000 175.000 110.000
3.339 -24.007 204.792 168.000 179.000 127.000
3.339 -23.574 204.797 126.000 137.000 101.000
3.772 -25.737 204.774 180.000 188.000 138.000
3.772 -25.305 204.779 184.000 197.000 121.000
3.772 -24.872 204.783 176.000 195.000 98.000
3.772 -24.439 204.788 165.000 184.000 89.000
3.772 -24.007 204.793 159.000 178.000 89.000
3.772 -23.574 204.797 156.000 174.000 94.000
3.772 -23.141 204.802 73.000 82.000 44.000
4.205 -25.737 204.775 205.000 211.000 155.000
4.205 -25.305 204.779 206.000 216.000 139.000
4.205 -24.872 204.784 190.000 207.000 104.000
4.205 -24.439 204.788 178.000 198.000 91.000
4.205 -24.007 204.793 174.000 196.000 91.000
4.205 -23.574 204.798 171.000 191.000 93.000
4.205 -23.141 204.802 137.000 153.000 78.000
4.637 -25.737 204.775 184.000 187.000 146.000
4.637 -25.305 204.780 214.000 220.000 155.000
4.637 -24.872 204.784 208.000 217.000 137.000
4.637 -24.439 204.789 190.000 205.000 115.000
4.637 -24.007 204.793 181.000 197.000 108.000
4.637 -23.574 204.798 185.000 199.000 114.000
4.637 -23.141 204.803 201.000 209.000 130.000
4.637 -22.709 204.807 204.000 210.000 130.000
4.637 -22.276 204.812 175.000 187.000 106.000
5.070 -25.305 204.780 157.000 158.000 121.000
5.070 -24.872 204.785 211.000 214.000 157.000
5.070 -24.439 204.789 208.000 215.000 147.000
5.070 -24.007 204.794 200.000 210.000 139.000
5.070 -23.574 204.798 195.000 206.000 132.000
5.070 -23.141 204.803 220.000 225.000 149.000
5.070 -22.709 204.808 207.000 217.000 141.000
5.070 -22.276 204.812 203.000 208.000 131.000
5.070 -21.843 204.817 96.000 99.000 62.000
5.503 -24.439 204.790 165.000 166.000 135.000
5.503 -24.007 204.794 211.000 215.000 161.000
5.503 -23.574 204.799 205.000 214.000 145.000
5.503 -23.141 204.803 220.000 227.000 157.000
5.503 -22.709 204.808 230.000 233.000 167.000
5.503 -22.276 204.813 235.000 229.000 162.000
5.503 -21.843 204.817 137.000 134.000 95.000
5.935 -23.574 204.799 149.000 151.000 114.000
5.935 -23.141 204.804 206.000 207.000 166.000
5.935 -22.709 204.809 207.000 207.000 151.000
5.935 -22.276 204.813 160.000 146.000 104.000
3.339 -25.309 205.211 150.000 158.000 113.000
3.339 -24.876 205.216 154.000 167.000 105.000
3.339 -24.444 205.220 154.000 164.000 113.000
3.339 -24.011 205.225 150.000 157.000 120.000
3.772 -25.742 205.207 175.000 182.000 139.000
3.772 -25.309 205.212 180.000 193.000 123.000
3.772 -24.876 205.216 172.000 189.000 100.000
3.772 -24.444 205.221 168.000 185.000 99.000
3.772 -24.011 205.225 162.000 178.000 97.000
3.772 -23.579 205.230 152.000 167.000 95.000
3.772 -23.146 205.234 84.000 92.000 55.000
4.204 -25.742 205.207 203.000 207.000 158.000
4.204 -25.309 205.212 195.000 206.000 131.000
4.204 -24.876 205.217 182.000 199.000 100.000
4.204 -24.444 205.221 176.000 195.000 94.000
4.204 -24.011 205.226 174.000 193.000 94.000
4.204 -23.579 205.230 172.000 192.000 96.000
4.204 -23.146 205.235 126.000 140.000 73.000
4.637 -25.742 205.208 204.000 205.000 164.000
4.637 -25.309 205.212 214.000 219.000 155.000
4.637 -24.876 205.217 203.000 214.000 132.000
4.637 -24.444 205.222 185.000 200.000 111.000
4.637 -24.011 205.226 181.000 197.000 107.000
4.637 -23.579 205.231 188.000 203.000 115.000
4.637 -23.146 205.235 201.000 211.000 130.000
4.637 -22.713 205.240 189.000 196.000 123.000
4.637 -22.281 205.244 124.000 132.000 80.000
5.070 -25.309 205.213 141.000 143.000 108.000
5.070 -24.876 205.217 225.000 228.000 166.000
5.070 -24.444 205.222 211.000 218.000 148.000
5.070 -24.011 205.227 206.000 215.000 139.000
5.070 -23.579 205.231 197.000 209.000 128.000
5.070 -23.146 205.236 215.000 223.000 146.000
5.070 -22.713 205.240 206.000 216.000 141.000
5.070 -22.281 205.245 203.000 207.000 135.000
5.502 -24.876 205.218 176.000 177.000 150.000
5.502 -24.444 205.222 218.000 221.000 170.000
5.502 -24.011 205.227 212.000 219.000 153.000
5.502 -23.579 205.232 201.000 212.000 137.000
5.502 -23.146 205.236 219.000 226.000 155.000
5.502 -22.713 205.241 239.000 239.000 177.000
5.502 -22.281 205.245 234.000 231.000 169.000
5.502 -21.848 205.250 134.000 135.000 93.000
5.935 -23.579 205.232 197.000 199.000 150.000
5.935 -23.146 205.237 222.000 224.000 177.000
5.935 -22.713 205.241 222.000 218.000 162.000
5.935 -22.281 205.246 152.000 141.000 102.000
3.338 -25.314 205.644 135.000 139.000 113.000
3.338 -24.881 205.648 147.000 155.000 112.000
3.338 -24.448 205.653 140.000 149.000 112.000
3.771 -25.746 205.640 176.000 180.000 149.000
3.771 -25.314 205.644 181.000 191.000 131.000
3.771 -24.881 205.649 177.000 192.000 111.000
3.771 -24.448 205.653 176.000 190.000 111.000
3.771 -24.016 205.658 169.000 183.000 107.000
3.771 -23.583 205.663 133.000 144.000 86.000
4.204 -25.746 205.640 200.000 203.000 162.000
4.204 -25.314 205.645 195.000 205.000 137.000
4.204 -24.881 205.649 191.000 206.000 114.000
4.204 -24.448 205.654 178.000 195.000 100.000
4.204 -24.016 205.658 181.000 197.000 104.000
4.204 -23.583 205.663 175.000 192.000 101.000
4.204 -23.150 205.668 107.000 117.000 65.000
4.636 -25.746 205.640 207.000 208.000 170.000
4.636 -25.314 205.645 218.000 222.000 163.000
4.636 -24.881 205.650 207.000 216.000 140.000
4.636 -24.448 205.654 194.000 206.000 121.000
4.636 -24.016 205.659 184.000 200.000 109.000
4.636 -23.583 205.663 190.000 204.000 116.000
4.636 -23.150 205.668 197.000 208.000 130.000
4.636 -22.718 205.673 174.000 183.000 119.000
4.636 -22.285 205.677 91.000 97.000 66.000
5.069 -25.314 205.645 164.000 165.000 127.000
5.069 -24.881 205.650 229.000 231.000 170.000
5.069 -24.448 205.655 215.000 222.000 149.000
5.069 -24.016 205.659 202.000 213.000 131.000
5.069 -23.583 205.664 199.000 212.000 126.000
5.069 -23.150 205.668 213.000 221.000 143.000
5.069 -22.718 205.673 218.000 222.000 151.000
5.069 -22.285 205.678 197.000 201.000 141.000
5.502 -24.881 205.650 215.000 216.000 176.000
5.502 -24.448 205.655 223.000 226.000 168.000
5.502 -24.016 205.660 212.000 218.000 147.000
5.502 -23.583 205.664 209.000 219.000 140.000
5.502 -23.150 205.669 231.000 234.000 165.000
5.502 -22.718 205.673 239.000 239.000 180.000
5.502 -22.285 205.678 222.000 221.000 161.000
5.502 -21.853 205.683 131.000 130.000 97.000
5.934 -24.016 205.660 145.000 147.000 107.000
5.934 -23.583 205.665 214.000 216.000 159.000
5.934 -23.150 205.669 235.000 236.000 187.000
5.934 -22.718 205.674 218.000 215.000 160.000
5.934 -22.285 205.678 130.000 121.000 89.000
5.934 -21.853 205.683 108.000 105.000 80.000
6.367 -22.718 205.674 111.000 93.000 75.000
3.338 -24.886 206.081 151.000 157.000 126.000
3.771 -25.318 206.077 183.000 189.000 143.000
3.771 -24.886 206.081 189.000 200.000 129.000
3.771 -24.453 206.086 184.000 196.000 126.000
3.771 -24.020 206.091 171.000 184.000 117.000
3.771 -23.588 206.095 88.000 95.000 58.000
4.203 -25.751 206.073 214.000 214.000 178.000
4.203 -25.318 206.077 203.000 210.000 149.000
4.203 -24.886 206.082 193.000 206.000 122.000
4.203 -24.453 206.086 190.000 204.000 117.000
4.203 -24.020 206.091 190.000 204.000 118.000
4.203 -23.588 206.096 178.000 193.000 112.000
4.203 -23.155 206.100 86.000 92.000 58.000
4.636 -25.751 206.073 222.000 223.000 186.000
4.636 -25.318 206.078 226.000 229.000 175.000
4.636 -24.886 206.082 217.000 224.000 152.000
4.636 -24.453 206.087 200.000 211.000 131.000
4.636 -24.020 206.091 198.000 210.000 125.000
4.636 -23.588 206.096 202.000 213.000 131.000
4.636 -23.155 206.101 201.000 209.000 137.000
4.636 -22.722 206.105 155.000 160.000 112.000
5.069 -25.318 206.078 214.000 215.000 173.000
5.069 -24.886 206.083 234.000 236.000 181.000
5.069 -24.453 206.087 217.000 223.000 151.000
5.069 -24.020 206.092 207.000 217.000 138.000
5.069 -23.588 206.096 207.000 218.000 136.000
5.069 -23.155 206.101 218.000 224.000 152.000
5.069 -22.722 206.106 209.000 215.000 149.000
5.069 -22.290 206.110 166.000 168.000 130.000
5.501 -24.886 206.083 227.000 228.000 189.000
5.501 -24.453 206.088 225.000 227.000 172.000
5.501 -24.020 206.092 224.000 227.000 161.000
5.501 -23.588 206.097 218.000 225.000 154.000
5.501 -23.155 206.101 238.000 240.000 176.000
5.501 -22.722 206.106 235.000 237.000 180.000
5.501 -22.290 206.111 182.000 181.000 132.000
5.934 -24.020 206.093 196.000 198.000 149.000
5.934 -23.588 206.097 230.000 231.000 173.000
5.934 -23.155 206.102 240.000 237.000 189.000
5.934 -22.722 206.106 208.000 199.000 145.000
6.367 -23.588 206.098 106.000 102.000 77.000
6.367 -23.155 206.102 169.000 151.000 112.000
6.367 -22.722 206.107 117.000 84.000 74.000
3.770 -25.323 206.509 190.000 195.000 160.000
3.770 -24.890 206.514 180.000 189.000 137.000
3.770 -24.458 206.519 171.000 182.000 127.000
3.770 -24.025 206.523 130.000 139.000 96.000
4.203 -25.756 206.505 215.000 214.000 186.000
4.203 -25.323 206.510 201.000 205.000 160.000
4.203 -24.890 206.514 197.000 206.000 139.000
4.203 -24.458 206.519 206.000 216.000 144.000
4.203 -24.025 206.524 210.000 219.000 146.000
4.203 -23.592 206.528 167.000 174.000 115.000
4.203 -23.160 206.533 78.000 84.000 56.000
4.636 -25.756 206.506 205.000 206.000 176.000
4.636 -25.323 206.510 234.000 235.000 192.000
4.636 -24.890 206.515 227.000 231.000 174.000
4.636 -24.458 206.519 219.000 225.000 160.000
4.636 -24.025 206.524 223.000 228.000 158.000
4.636 -23.592 206.529 217.000 223.000 150.000
4.636 -23.160 206.533 210.000 214.000 149.000
4.636 -22.727 206.538 120.000 124.000 91.000
5.068 -25.323 206.511 236.000 237.000 205.000
5.068 -24.890 206.515 245.000 246.000 207.000
5.068 -24.458 206.520 239.000 240.000 188.000
5.068 -24.025 206.524 235.000 237.000 175.000
5.068 -23.592 206.529 234.000 237.000 169.000
5.068 -23.160 206.534 237.000 238.000 179.000
5.068 -22.727 206.538 211.000 212.000 154.000
5.068 -22.294 206.543 115.000 118.000 85.000
5.501 -24.458 206.520 248.000 248.000 219.000
5.501 -24.025 206.525 247.000 248.000 213.000
5.501 -23.592 206.529 248.000 246.000 199.000
5.501 -23.160 206.534 243.000 242.000 188.000
5.501 -22.727 206.539 218.000 218.000 158.000
5.501 -22.294 206.543 130.000 129.000 87.000
5.934 -24.025 206.525 218.000 217.000 186.000
5.934 -23.592 206.530 237.000 230.000 182.000
5.934 -23.160 206.534 212.000 198.000 142.000
5.934 -22.727 206.539 169.000 150.000 113.000
5.934 -22.294 206.544 123.000 106.000 83.000
6.366 -23.592 206.530 106.000 87.000 65.000
6.366 -23.160 206.535 136.000 94.000 80.000
4.203 -25.327 206.943 212.000 212.000 182.000
4.203 -24.895 206.947 212.000 216.000 171.000
4.203 -24.462 206.952 227.000 229.000 182.000
4.203 -24.030 206.956 204.000 206.000 160.000
4.203 -23.597 206.961 124.000 127.000 95.000
4.635 -25.327 206.943 231.000 232.000 198.000
4.635 -24.895 206.948 233.000 235.000 192.000
4.635 -24.462 206.952 241.000 242.000 199.000
4.635 -24.030 206.957 243.000 244.000 200.000
4.635 -23.597 206.961 225.000 226.000 169.000
4.635 -23.164 206.966 135.000 140.000 100.000
5.068 -25.327 206.943 235.000 237.000 206.000
5.068 -24.895 206.948 246.000 247.000 214.000
5.068 -24.462 206.953 247.000 248.000 214.000
5.068 -24.030 206.957 246.000 247.000 206.000
5.068 -23.597 206.962 234.000 236.000 179.000
5.068 -23.164 206.966 212.000 212.000 152.000
5.068 -22.732 206.971 151.000 149.000 106.000
5.501 -24.030 206.958 248.000 248.000 218.000
5.501 -23.597 206.962 234.000 232.000 179.000
5.501 -23.164 206.967 210.000 202.000 145.000
5.501 -22.732 206.971 162.000 150.000 109.000
5.501 -22.299 206.976 99.000 89.000 67.000
5.933 -24.030 206.958 225.000 218.000 182.000
5.933 -23.597 206.963 193.000 166.000 127.000
5.933 -23.164 206.967 150.000 107.000 91.000
4.635 -24.899 207.380 240.000 241.000 215.000
4.635 -24.467 207.385 244.000 245.000 217.000
4.635 -24.034 207.389 233.000 234.000 201.000
4.635 -23.601 207.394 165.000 167.000 131.000
5.067 -24.899 207.381 245.000 246.000 220.000
5.067 -24.467 207.385 244.000 245.000 215.000
5.067 -24.034 207.390 231.000 233.000 190.000
5.067 -23.601 207.394 190.000 191.000 138.000
5.067 -23.169 207.399 151.000 148.000 109.000
5.500 -24.034 207.390 215.000 214.000 174.000
5.500 -23.601 207.395 163.000 150.000 117.000
5.500 -23.169 207.399 118.000 98.000 79.000
5.933 -24.467 207.386 177.000 156.000 133.000
5.933 -24.034 207.391 138.000 98.000 89.000
4.202 -24.471 207.817 128.000 117.000 102.000
4.634 -24.039 207.822 183.000 185.000 151.000
5.067 -24.471 207.818 212.000 215.000 175.000
5.067 -24.039 207.822 150.000 153.000 108.000
4.633 -25.350 209.106 98.000 82.000 71.000
2.912 -23.510 198.739 127.000 133.000 101.000
3.345 -23.510 198.740 114.000 118.000 88.000
2.912 -23.947 199.168 142.000 156.000 93.000
