13.448485162414029 24.209377925195362 124.29558461759018 127.0 130.0 53.0
13.846355660771124 23.77597040860832 124.75204233566785 111.0 114.0 45.0
13.846233533492347 24.205878301885555 124.7554198316989 85.0 91.0 28.0
14.275031968333078 24.20575617460678 124.7864698954613 113.0 117.0 36.0
14.703708275895032 24.635541940605236 124.82089745525474 111.0 116.0 37.0
13.815305597008715 23.77259291257729 125.18082748601415 95.0 99.0 41.0
14.243981904570667 24.20237867857575 125.2152550458076 125.0 130.0 45.0
14.672780339411398 24.202256551296976 125.24630510956999 152.0 155.0 57.0
15.10145664697335 24.632042317295433 125.28073266936343 92.0 101.0 23.0
13.784377660525083 23.339307523269028 125.6062351403294 88.0 92.0 42.0
14.213053968087038 23.769093289267488 125.64066270012285 103.0 108.0 42.0
14.610802339165359 23.76559366595768 126.10049791423154 93.0 94.0 40.0
14.218712171362482 24.67631614753514 119.61337552357443 104.0 111.0 32.0
14.64751060620321 24.676194020256364 119.64442558733683 115.0 120.0 43.0
14.616460542440802 24.672816524225336 120.07321073768313 133.0 142.0 43.0
15.045258977281533 24.67269439694656 120.10426080144555 149.0 155.0 59.0
15.045136850002757 25.102602290223793 120.10763829747654 114.0 119.0 45.0
15.47405741212226 24.672572269667782 120.13531086520794 125.0 127.0 59.0
15.473935284843485 25.102480162945017 120.13868836123896 108.0 112.0 45.0
14.585288351399617 25.099346921471536 120.50537338406045 75.0 84.0 22.0
15.014086786240348 25.099224794192764 120.53642344782284 128.0 135.0 47.0
15.442885221081076 25.09910266691399 120.56747351158526 148.0 154.0 61.0
15.871683655921805 25.09898053963521 120.59852357534766 126.0 131.0 53.0
14.156856298395214 23.809745368918612 120.46419083220493 82.0 95.0 18.0
14.156734171116437 24.239653262195848 120.46756832823598 76.0 88.0 18.0
14.156612043837661 24.669561155473083 120.470945824267 73.0 84.0 18.0
14.585654733235945 23.809623241639837 120.49524089596736 77.0 89.0 13.0
14.585532605957168 24.239531134917073 120.49861839199838 103.0 110.0 23.0
14.585410478678392 24.669439028194304 120.50199588802943 116.0 125.0 34.0
15.014453168076676 23.809501114361066 120.52629095972975 83.0 95.0 17.0
15.014331040797897 24.239409007638297 120.5296684557608 118.0 124.0 32.0
15.014208913519123 24.66931690091553 120.53304595179182 133.0 139.0 43.0
15.443251602917401 23.809378987082287 120.55734102349217 79.0 91.0 17.0
15.443129475638624 24.23928688035952 120.56071851952319 121.0 128.0 36.0
15.44300734835985 24.669194773636754 120.56409601555424 141.0 146.0 50.0
15.871927910479355 24.239164753080743 120.59176858328561 93.0 99.0 31.0
15.87180578320058 24.66907264635798 120.59514607931663 125.0 130.0 49.0
12.410734622548665 23.376948488725457 120.76539823147056 92.0 97.0 39.0
12.839533057389392 23.37682636144668 120.79644829523298 105.0 110.0 45.0
12.839410930110617 23.806734254723917 120.799825791264 100.0 106.0 42.0
12.83928880283184 24.23664214800115 120.80320328729502 70.0 80.0 25.0
13.268331492230121 23.376704234167907 120.82749835899537 119.0 122.0 51.0
13.268209364951348 23.80661212744514 120.83087585502642 108.0 113.0 44.0
13.26808723767257 24.23652002072237 120.83425335105744 99.0 105.0 41.0
13.697007799792077 23.806490000166363 120.86192591878881 95.0 105.0 28.0
13.6968856725133 24.2363978934436 120.86530341481986 102.0 110.0 34.0
13.696763545234525 24.66630578672083 120.86868091085088 82.0 90.0 28.0
14.125806234632805 23.806367872887584 120.89297598255123 109.0 114.0 26.0
14.125684107354028 24.23627576616482 120.89635347858226 122.0 125.0 37.0
14.125561980075252 24.666183659442055 120.8997309746133 101.0 109.0 32.0
14.125439852796477 25.096091552719287 120.90310847064433 76.0 87.0 23.0
14.554604669473536 23.806245745608813 120.92402604631363 106.0 110.0 21.0
14.554482542194757 24.236153638886044 120.92740354234468 131.0 133.0 38.0
14.554360414915983 24.666061532163276 120.9307810383757 108.0 118.0 31.0
14.554238287637208 25.09596942544051 120.93415853440675 98.0 108.0 30.0
14.983403104314265 23.806123618330037 120.95507611007605 99.0 108.0 21.0
14.983280977035488 24.23603151160727 120.95845360610707 133.0 134.0 39.0
14.983158849756713 24.6659394048845 120.96183110213812 120.0 127.0 35.0
14.983036722477939 25.095847298161736 120.96520859816914 129.0 138.0 45.0
15.412201539154992 23.80600149105126 120.98612617383847 97.0 105.0 21.0
15.412079411876215 24.23590938432849 120.98950366986949 128.0 130.0 37.0
15.41195728459744 24.665817277605726 120.99288116590051 132.0 137.0 41.0
15.411835157318665 25.09572517088296 120.99625866193156 142.0 147.0 52.0
15.411713030039888 25.525633064160193 120.99963615796256 84.0 91.0 34.0
15.840999973995723 23.805879363772483 121.01717623760086 91.0 100.0 25.0
15.840877846716944 24.23578725704972 121.02055373363191 125.0 129.0 42.0
15.840755719438171 24.66569515032695 121.02393122966294 132.0 136.0 46.0
15.840633592159396 25.095603043604182 121.02730872569396 142.0 147.0 55.0
15.840511464880619 25.525510936881417 121.03068622172498 87.0 95.0 36.0
16.269676281557675 24.23566512977094 121.0516037973943 84.0 88.0 35.0
16.2695541542789 24.665573023048175 121.05498129342536 126.0 134.0 51.0
16.269432027000125 25.095480916325407 121.05835878945635 126.0 134.0 47.0
12.379806686065034 22.943663099417194 121.19080588578584 74.0 81.0 33.0
12.808482993626983 23.37344886541565 121.22523344557928 74.0 83.0 29.0
13.237281428467714 23.373326738136875 121.25628350934167 91.0 100.0 33.0
13.237159301188939 23.803234631414107 121.25966100537269 86.0 95.0 30.0
13.666079863308445 23.3732046108581 121.28733357310409 111.0 119.0 36.0
13.66595773602967 23.80311250413533 121.29071106913511 111.0 120.0 34.0
13.665835608750891 24.233020397412567 121.29408856516613 77.0 86.0 24.0
13.665713481472118 24.6629282906898 121.29746606119718 81.0 91.0 28.0
14.09487829814917 23.37308248357932 121.31838363686649 91.0 104.0 21.0
14.094756170870395 23.802990376856556 121.3217611328975 125.0 132.0 32.0
14.094634043591617 24.232898270133788 121.32513862892856 138.0 142.0 48.0
14.094511916312843 24.662806163411023 121.32851612495958 108.0 114.0 39.0
14.094389789034068 25.09271405668826 121.33189362099063 89.0 99.0 32.0
14.5236767329899 23.37296035630055 121.34943370062891 106.0 119.0 23.0
14.523554605711125 23.80286824957778 121.35281119665993 140.0 146.0 35.0
14.523432478432348 24.232776142855013 121.35618869269095 143.0 146.0 43.0
14.523310351153572 24.662684036132248 121.359566188722 146.0 151.0 59.0
14.523188223874799 25.09259192940948 121.36294368475302 111.0 120.0 40.0
14.952475167830631 23.37283822902177 121.3804837643913 107.0 119.0 24.0
14.952353040551856 23.802746122299006 121.38386126042235 130.0 134.0 31.0
14.952230913273079 24.232654015576237 121.38723875645337 142.0 146.0 43.0
14.952108785994303 24.662561908853473 121.39061625248439 143.0 148.0 49.0
14.951986658715528 25.092469802130704 121.39399374851544 120.0 128.0 40.0
15.381273602671358 23.372716101742995 121.41153382815372 119.0 123.0 29.0
15.381151475392583 23.802623995020227 121.41491132418474 128.0 131.0 33.0
15.381029348113806 24.232531888297462 121.41828882021579 137.0 142.0 39.0
15.38090722083503 24.662439781574694 121.42166631624681 138.0 145.0 41.0
15.380785093556256 25.09234767485193 121.42504381227786 125.0 134.0 39.0
15.380662966277479 25.522255568129165 121.42842130830886 78.0 85.0 30.0
15.810072037512088 23.37259397446422 121.44258389191612 106.0 114.0 32.0
15.809949910233314 23.802501867741455 121.44596138794716 111.0 117.0 34.0
15.809827782954535 24.232409761018687 121.44933888397819 141.0 142.0 52.0
15.80970565567576 24.66231765429592 121.45271638000924 133.0 139.0 45.0
15.809583528396987 25.092225547573154 121.45609387604026 148.0 154.0 58.0
15.809461401118208 25.522133440850386 121.45947137207128 84.0 91.0 35.0
16.238748345074043 23.802379740462676 121.47701145170956 78.0 84.0 30.0
16.238626217795264 24.232287633739908 121.48038894774061 105.0 109.0 43.0
16.238504090516493 24.662195527017143 121.48376644377163 123.0 130.0 46.0
16.238381963237718 25.09210342029438 121.48714393980268 144.0 150.0 60.0
16.667180398078443 25.0919812930156 121.51819400356507 75.0 80.0 28.0
12.777555057143353 22.940163476107386 121.65064109989453 79.0 88.0 32.0
12.777432929864574 23.37007136938462 121.65401859592558 82.0 92.0 33.0
12.777310802585799 23.799979262661854 121.65739609195657 95.0 104.0 39.0
13.206353491984082 22.94004134882861 121.68169116365695 81.0 94.0 29.0
13.206231364705305 23.369949242105843 121.68506865968797 86.0 97.0 30.0
13.20610923742653 23.79985713538308 121.68844615571899 125.0 133.0 52.0
13.205987110147753 24.22976502866031 121.69182365175001 115.0 123.0 51.0
13.635151926824813 22.939919221549832 121.71274122741934 100.0 109.0 34.0
13.635029799546034 23.369827114827068 121.71611872345039 120.0 128.0 40.0
13.63490767226726 23.799735008104303 121.71949621948139 124.0 133.0 38.0
13.634785544988482 24.229642901381535 121.72287371551243 95.0 106.0 30.0
13.634663417709708 24.65955079465877 121.72625121154346 73.0 86.0 24.0
14.063828234386763 23.369704987548293 121.74716878721279 137.0 144.0 42.0
14.063706107107988 23.799612880825524 121.7505462832438 148.0 155.0 42.0
14.063583979829211 24.22952077410276 121.75392377927483 131.0 139.0 40.0
14.063461852550436 24.659428667379995 121.75730127530588 100.0 110.0 32.0
14.063339725271662 25.089336560657227 121.7606787713369 96.0 106.0 39.0
14.492626669227494 23.369582860269517 121.77821885097518 143.0 150.0 39.0
14.492504541948719 23.79949075354675 121.78159634700623 159.0 165.0 44.0
14.492382414669942 24.229398646823984 121.78497384303725 148.0 154.0 45.0
14.492260287391167 24.659306540101216 121.78835133906827 123.0 131.0 39.0
14.492138160112392 25.089214433378448 121.79172883509932 121.0 128.0 49.0
14.921425104068224 23.36946073299074 121.8092689147376 139.0 144.0 39.0
14.92130297678945 23.799368626267974 121.81264641076862 156.0 159.0 46.0
14.921180849510671 24.22927651954521 121.81602390679967 156.0 160.0 51.0
14.921058722231896 24.65918441282244 121.81940140283069 143.0 152.0 47.0
14.920936594953123 25.089092306099676 121.82277889886174 143.0 151.0 55.0
15.350223538908951 23.369338605711963 121.8403189785 135.0 139.0 37.0
15.350101411630176 23.7992464989892 121.84369647453104 161.0 158.0 55.0
15.349979284351399 24.22915439226643 121.84707397056206 162.0 164.0 57.0
15.349857157072623 24.659062285543662 121.85045146659311 156.0 161.0 53.0
15.34973502979385 25.0889701788209 121.85382896262414 146.0 153.0 50.0
15.349612902515071 25.518878072098133 121.85720645865518 74.0 80.0 27.0
15.779021973749682 23.36921647843319 121.87136904226242 127.0 130.0 42.0
15.778899846470907 23.799124371710423 121.87474653829344 131.0 133.0 44.0
15.77877771919213 24.229032264987655 121.87812403432449 142.0 147.0 50.0
15.778655591913354 24.65894015826489 121.88150153035551 142.0 149.0 47.0
15.77853346463458 25.088848051542122 121.88487902638656 155.0 160.0 59.0
15.778411337355802 25.518755944819354 121.88825652241758 133.0 135.0 67.0
16.20782040859041 23.369094351154413 121.90241910602484 80.0 86.0 30.0
16.207698281311636 23.799002244431644 121.90579660205586 110.0 114.0 42.0
16.20757615403286 24.22891013770888 121.90917409808688 125.0 130.0 46.0
16.207454026754085 24.658818030986115 121.91255159411793 130.0 138.0 45.0
16.20733189947531 25.088725924263347 121.91592909014895 151.0 156.0 61.0
16.20720977219653 25.518633817540582 121.91930658617997 130.0 132.0 70.0
16.636374588873586 24.228788010430105 121.9402241618493 110.0 115.0 48.0
16.63625246159481 24.658695903707336 121.94360165788032 127.0 135.0 51.0
16.636130334316036 25.088603796984568 121.94697915391137 132.0 139.0 53.0
12.746627120659719 22.506878086799126 122.07604875420978 79.0 85.0 34.0
12.746504993380944 22.93678598007636 122.07942625024083 95.0 100.0 45.0
12.746382866102167 23.36669387335359 122.08280374627185 91.0 96.0 42.0
12.746260738823391 23.79660176663083 122.0861812423029 93.0 99.0 42.0
13.175425555500448 22.50675595952035 122.1070988179722 92.0 98.0 37.0
13.175303428221675 22.936663852797583 122.11047631400325 98.0 104.0 39.0
13.175181300942896 23.36657174607482 122.11385381003427 102.0 109.0 41.0
13.175059173664122 23.79647963935205 122.11723130606529 112.0 119.0 44.0
13.174937046385343 24.226387532629282 122.12060880209631 86.0 96.0 33.0
13.604101863062404 22.936541725518804 122.14152637776564 114.0 121.0 42.0
13.603979735783627 23.366449618796043 122.1449038737967 133.0 139.0 48.0
13.603857608504851 23.796357512073275 122.14828136982769 139.0 146.0 48.0
13.603735481226074 24.226265405350507 122.1516588658587 112.0 119.0 40.0
13.6036133539473 24.656173298627742 122.15503636188976 69.0 81.0 23.0
14.032900297903131 22.936419598240033 122.17257644152807 97.0 109.0 27.0
14.032778170624354 23.366327491517264 122.17595393755909 134.0 143.0 39.0
14.032656043345579 23.796235384794496 122.17933143359011 162.0 169.0 52.0
14.032533916066802 24.22614327807173 122.18270892962113 156.0 161.0 59.0
14.032411788788027 24.656051171348967 122.18608642565215 105.0 115.0 36.0
14.461698732743862 22.936297470961257 122.20362650529046 122.0 131.0 36.0
14.461576605465083 23.36620536423849 122.20700400132151 151.0 159.0 44.0
14.46145447818631 23.796113257515724 122.2103814973525 179.0 185.0 58.0
14.461332350907531 24.226021150792956 122.21375899338355 170.0 176.0 62.0
14.461210223628758 24.655929044070188 122.21713648941457 127.0 138.0 42.0
14.461088096349982 25.085836937347423 122.22051398544562 106.0 115.0 40.0
14.890497167584591 22.93617534368248 122.23467656905288 143.0 147.0 47.0
14.890375040305814 23.36608323695971 122.2380540650839 161.0 164.0 54.0
14.89025291302704 23.79599113023695 122.24143156111492 175.0 177.0 60.0
14.890130785748262 24.22589902351418 122.24480905714594 171.0 176.0 63.0
14.890008658469487 24.655806916791413 122.24818655317699 152.0 160.0 53.0
14.889886531190713 25.085714810068648 122.25156404920801 151.0 158.0 61.0
14.889764403911935 25.51562270334588 122.25494154523906 95.0 101.0 40.0
15.319295602425319 22.936053216403703 122.26572663281527 117.0 123.0 29.0
15.319173475146542 23.36596110968094 122.2691041288463 154.0 154.0 50.0
15.319051347867767 23.79586900295817 122.27248162487732 173.0 170.0 66.0
15.31892922058899 24.225776896235402 122.27585912090836 179.0 183.0 72.0
15.318807093310214 24.655684789512637 122.27923661693939 169.0 172.0 64.0
15.318684966031439 25.085592682789873 122.28261411297044 159.0 167.0 58.0
15.318562838752662 25.515500576067105 122.28599160900146 113.0 120.0 49.0
15.74809403726605 22.935931089124928 122.2967766965777 113.0 117.0 35.0
15.747971909987271 23.365838982402163 122.30015419260872 137.0 138.0 47.0
15.747849782708498 23.795746875679395 122.30353168863974 151.0 152.0 57.0
15.747727655429719 24.225654768956627 122.30690918467076 162.0 165.0 63.0
15.747605528150945 24.655562662233862 122.31028668070181 160.0 166.0 59.0
15.74748340087217 25.085470555511094 122.31366417673283 181.0 185.0 77.0
15.747361273593393 25.51537844878833 122.31704167276388 158.0 162.0 83.0
16.176770344828004 23.365716855123384 122.33120425637111 97.0 102.0 34.0
16.17664821754923 23.795624748400616 122.33458175240216 132.0 135.0 48.0
16.17652609027045 24.22553264167785 122.33795924843318 150.0 154.0 59.0
16.176403962991674 24.655440534955087 122.3413367444642 153.0 161.0 58.0
16.1762818357129 25.08534842823232 122.34471424049525 172.0 178.0 75.0
16.176159708434124 25.515256321509554 122.34809173652627 168.0 170.0 99.0
16.605446652389954 23.795502621121845 122.36563181616455 119.0 122.0 47.0
16.605324525111175 24.225410514399076 122.3690093121956 142.0 147.0 59.0
16.605202397832404 24.655318407676308 122.37238680822662 139.0 148.0 52.0
16.60508027055363 25.085226300953543 122.37576430425767 159.0 165.0 69.0
16.60495814327485 25.515134194230775 122.37914180028869 134.0 135.0 79.0
17.034122959951908 24.2252883871203 122.400059375958 111.0 116.0 52.0
17.034000832673133 24.655196280397533 122.40343687198904 136.0 144.0 61.0
17.033878705394358 25.085104173674768 122.40681436802006 91.0 96.0 42.0
12.715454929618534 22.933408484045327 122.50821140058713 77.0 83.0 33.0
12.715332802339756 23.363316377322562 122.51158889661815 98.0 103.0 45.0
12.715210675060982 23.793224270599797 122.51496639264917 110.0 114.0 52.0
13.144375491738039 22.50337846348932 122.5358839683185 80.0 86.0 31.0
13.144253364459264 22.933286356766555 122.53926146434952 111.0 115.0 47.0
13.144131237180487 23.363194250043787 122.54263896038057 118.0 122.0 51.0
13.144009109901711 23.79310214332102 122.54601645641159 116.0 120.0 49.0
13.143886982622934 24.223010036598254 122.54939395244261 98.0 105.0 39.0
13.57317392657877 22.50325633621054 122.5669340320809 80.0 88.0 29.0
13.573051799299995 22.933164229487776 122.57031152811194 131.0 135.0 52.0
13.572929672021218 23.36307212276501 122.57368902414296 137.0 141.0 52.0
13.572807544742442 23.792980016042243 122.57706652017401 133.0 139.0 46.0
13.572685417463665 24.22288790931948 122.580444016205 108.0 115.0 37.0
14.001972361419497 22.50313420893177 122.59798409584332 82.0 93.0 26.0
14.001850234140722 22.933042102209 122.60136159187434 121.0 129.0 38.0
14.001728106861945 23.362949995486233 122.60473908790539 143.0 150.0 46.0
14.00160597958317 23.792857888763468 122.60811658393641 160.0 166.0 52.0
14.001483852304391 24.2227657820407 122.61149407996743 150.0 155.0 55.0
14.001361725025617 24.652673675317935 122.61487157599845 108.0 118.0 34.0
14.430770796260227 22.503012081652994 122.62903415960571 90.0 102.0 27.0
14.430648668981453 22.932919974930225 122.63241165563676 143.0 148.0 48.0
14.430526541702674 23.36282786820746 122.63578915166778 155.0 161.0 48.0
14.430404414423899 23.792735761484693 122.6391666476988 167.0 173.0 50.0
14.430282287145122 24.222643654761924 122.64254414372982 158.0 165.0 52.0
14.430160159866347 24.65255154803916 122.64592163976087 133.0 141.0 44.0
14.430038032587573 25.08245944131639 122.64929913579189 87.0 97.0 30.0
14.859447103822182 22.932797847651447 122.66346171939915 156.0 155.0 56.0
14.859324976543405 23.362705740928682 122.6668392154302 164.0 165.0 55.0
14.85920284926463 23.792613634205917 122.6702167114612 172.0 176.0 54.0
14.859080721985853 24.22252152748315 122.67359420749224 164.0 169.0 55.0
14.858958594707078 24.652429420760384 122.67697170352326 157.0 163.0 58.0
14.858836467428302 25.082337314037616 122.68034919955431 147.0 153.0 59.0
14.858714340149525 25.512245207314848 122.68372669558534 82.0 90.0 30.0
15.28824553866291 22.932675720372675 122.69451178316157 152.0 151.0 50.0
15.288123411384133 23.362583613649907 122.6978892791926 166.0 164.0 57.0
15.288001284105357 23.79249150692714 122.70126677522362 176.0 177.0 61.0
15.28787915682658 24.222399400204374 122.70464427125464 169.0 173.0 59.0
15.287757029547805 24.652307293481606 122.70802176728569 168.0 172.0 62.0
15.28763490226903 25.08221518675884 122.71139926331671 166.0 171.0 66.0
15.287512774990253 25.512123080036076 122.71477675934776 147.0 153.0 68.0
15.71704397350364 22.932553593093896 122.725561846924 136.0 137.0 47.0
15.716921846224862 23.36246148637113 122.72893934295502 154.0 152.0 57.0
15.716799718946088 23.792369379648363 122.73231683898604 166.0 166.0 60.0
15.71667759166731 24.2222772729256 122.73569433501706 175.0 177.0 70.0
15.716555464388534 24.65218516620283 122.73907183104808 175.0 180.0 71.0
15.71643333710976 25.082093059480066 122.74244932707913 185.0 188.0 84.0
15.716311209830982 25.512000952757298 122.74582682311015 167.0 168.0 94.0
16.14584240834437 22.93243146581512 122.75661191068639 110.0 112.0 46.0
16.145720281065593 23.362339359092353 122.75998940671741 136.0 139.0 50.0
16.145598153786818 23.792247252369588 122.76336690274843 153.0 154.0 56.0
16.14547602650804 24.22215514564682 122.76674439877948 169.0 170.0 71.0
16.145353899229267 24.652063038924055 122.7701218948105 161.0 168.0 62.0
16.145231771950492 25.08197093220129 122.77349939084155 188.0 191.0 89.0
16.145109644671713 25.511878825478522 122.77687688687257 185.0 186.0 112.0
16.57451871590632 23.36221723181358 122.7910394704798 95.0 101.0 35.0
16.574396588627547 23.792125125090813 122.79441696651085 146.0 149.0 57.0
16.574274461348768 24.222033018368045 122.79779446254187 158.0 159.0 67.0
16.574152334069993 24.65194091164528 122.80117195857292 149.0 157.0 56.0
16.574030206791218 25.08184880492251 122.80454945460394 181.0 184.0 86.0
16.57390807951244 25.511756698199743 122.807926950635 169.0 170.0 106.0
17.003195023468276 23.792002997812034 122.82546703027324 95.0 98.0 40.0
17.003072896189497 24.22191089108927 122.8288445263043 143.0 147.0 65.0
17.002950768910722 24.651818784366505 122.83222202233532 140.0 150.0 56.0
17.002828641631947 25.081726677643736 122.83559951836637 148.0 155.0 68.0
12.684282738577348 23.359938881291534 122.94037404696445 100.0 105.0 48.0
13.113325427975631 22.50000096745829 122.96466911866477 83.0 91.0 30.0
13.113203300696856 22.929908860735527 122.96804661469582 114.0 117.0 47.0
13.11308117341808 23.35981675401276 122.97142411072684 118.0 122.0 51.0
13.112959046139304 23.78972464728999 122.9748016067579 115.0 118.0 49.0
13.112836918860527 24.219632540567225 122.97817910278891 116.0 122.0 46.0
13.54212386281636 22.499878840179516 122.9957191824272 88.0 95.0 31.0
13.542001735537587 22.929786733456748 122.99909667845822 135.0 138.0 54.0
13.541879608258808 23.359694626733983 123.00247417448927 147.0 149.0 62.0
13.541757480980035 23.78960252001122 123.00585167052029 145.0 149.0 56.0
13.541635353701256 24.21951041328845 123.00922916655131 121.0 127.0 42.0
13.541513226422483 24.649418306565682 123.01260666258233 67.0 80.0 17.0
13.970922297657086 22.49975671290074 123.02676924618959 104.0 112.0 35.0
13.970800170378313 22.929664606177973 123.03014674222064 142.0 144.0 50.0
13.970678043099534 23.359572499455208 123.03352423825166 152.0 155.0 53.0
13.97055591582076 23.78948039273244 123.03690173428271 157.0 161.0 52.0
13.970433788541982 24.21938828600967 123.0402792303137 128.0 134.0 39.0
13.970311661263208 24.649296179286907 123.04365672634475 105.0 114.0 33.0
14.399720732497817 22.499634585621965 123.05781930995201 110.0 118.0 34.0
14.399598605219042 22.929542478899197 123.06119680598303 150.0 151.0 53.0
14.399476477940265 23.359450372176433 123.06457430201408 162.0 165.0 54.0
14.39935435066149 23.789358265453664 123.0679517980451 165.0 170.0 49.0
14.399232223382713 24.219266158730896 123.07132929407612 148.0 153.0 46.0
14.399110096103938 24.64917405200813 123.07470679010714 134.0 138.0 46.0
14.828519167338548 22.499512458343187 123.08886937371443 113.0 119.0 35.0
14.828397040059773 22.929420351620422 123.09224686974545 155.0 155.0 56.0
14.828274912780994 23.359328244897654 123.0956243657765 165.0 165.0 55.0
14.82815278550222 23.78923613817489 123.09900186180752 171.0 175.0 52.0
14.828030658223442 24.219144031452124 123.10237935783852 159.0 164.0 50.0
14.827908530944669 24.649051924729356 123.10575685386956 147.0 152.0 51.0
14.827786403665893 25.078959818006588 123.10913434990059 130.0 135.0 48.0
15.257317602179274 22.49939033106441 123.11991943747682 119.0 124.0 38.0
15.2571954749005 22.929298224341647 123.12329693350787 155.0 153.0 54.0
15.257073347621722 23.35920611761888 123.1266744295389 170.0 170.0 58.0
15.256951220342948 23.789114010896114 123.13005192556992 180.0 183.0 58.0
15.25682909306417 24.219021904173346 123.13342942160094 172.0 176.0 57.0
15.256706965785396 24.648929797450577 123.13680691763196 176.0 181.0 69.0
15.25658483850662 25.078837690727813 123.14018441366301 175.0 179.0 76.0
15.256462711227844 25.508745584005048 123.14356190969403 150.0 155.0 69.0
15.686116037020005 22.499268203785636 123.15096950123925 105.0 108.0 39.0
15.68599390974123 22.929176097062868 123.15434699727027 157.0 154.0 65.0
15.685871782462453 23.359083990340103 123.15772449330132 163.0 164.0 59.0
15.685749655183677 23.78899188361734 123.16110198933231 176.0 178.0 61.0
15.6856275279049 24.21889977689457 123.16447948536336 182.0 183.0 73.0
15.685505400626125 24.648807670171802 123.16785698139438 193.0 195.0 89.0
15.685383273347352 25.078715563449038 123.17123447742543 196.0 198.0 98.0
15.685261146068573 25.50862345672627 123.17461197345645 183.0 183.0 102.0
16.11479234458196 22.929053969784093 123.18539706103269 141.0 140.0 62.0
16.114670217303182 23.358961863061328 123.18877455706371 150.0 151.0 57.0
16.114548090024407 23.78886975633856 123.19215205309473 166.0 167.0 61.0
16.11442596274563 24.21877764961579 123.19552954912575 178.0 178.0 74.0
16.114303835466856 24.64868554289303 123.1989070451568 183.0 186.0 81.0
16.11418170818808 25.078593436170262 123.20228454118782 202.0 203.0 104.0
16.114059580909302 25.508501329447494 123.20566203721887 197.0 197.0 119.0
16.543590779422686 22.928931842505317 123.21644712479508 95.0 97.0 42.0
16.54346865214391 23.358839735782553 123.2198246208261 137.0 139.0 53.0
16.543346524865136 23.788747629059785 123.22320211685712 157.0 157.0 61.0
16.543224397586357 24.21865552233702 123.22657961288817 171.0 171.0 73.0
16.543102270307582 24.64856341561425 123.2299571089192 168.0 174.0 67.0
16.542980143028807 25.078471308891483 123.23333460495024 198.0 201.0 99.0
16.54285801575003 25.50837920216872 123.23671210098126 198.0 197.0 124.0
16.97226708698464 23.358717608503774 123.25087468458852 80.0 85.0 32.0
16.972144959705865 23.788625501781006 123.25425218061955 152.0 154.0 68.0
16.972022832427086 24.218533395058245 123.25762967665057 155.0 160.0 66.0
16.971900705148315 24.648441288335476 123.26100717268162 150.0 158.0 59.0
16.97177857786954 25.078349181612708 123.26438466871264 184.0 188.0 91.0
16.97165645059076 25.508257074889944 123.26776216474369 110.0 111.0 80.0
17.40069913998904 24.648319161056698 123.29205723644401 93.0 99.0 42.0
17.400577012710265 25.078227054333933 123.29543473247506 82.0 85.0 40.0
13.08227536421322 22.496623471427263 123.39345426901107 78.0 88.0 28.0
13.082153236934447 22.926531364704495 123.3968317650421 102.0 106.0 40.0
13.082031109655668 23.356439257981727 123.40020926107314 101.0 106.0 42.0
13.081908982376895 23.786347151258962 123.40358675710416 115.0 120.0 50.0
13.081786855098116 24.216255044536194 123.40696425313521 116.0 122.0 46.0
13.511073799053952 22.496501344148484 123.42450433277347 108.0 112.0 42.0
13.510951671775176 22.926409237425716 123.42788182880452 125.0 128.0 48.0
13.5108295444964 23.356317130702955 123.43125932483554 137.0 139.0 55.0
13.510707417217624 23.786225023980187 123.43463682086659 148.0 149.0 64.0
13.510585289938847 24.21613291725742 123.43801431689761 127.0 133.0 46.0
13.93987223389468 22.49637921686971 123.45555439653589 118.0 123.0 43.0
13.939750106615906 22.926287110146944 123.45893189256694 137.0 140.0 48.0
13.939627979337128 23.356195003424176 123.46230938859796 149.0 152.0 53.0
13.939505852058353 23.786102896701408 123.46568688462898 153.0 156.0 53.0
13.939383724779576 24.216010789978643 123.46906438066003 126.0 132.0 39.0
13.939261597500801 24.64591868325588 123.47244187669102 88.0 97.0 25.0
14.368792796014185 22.0663491963137 123.48322696426726 77.0 88.0 25.0
14.36867066873541 22.496257089590934 123.48660446029831 129.0 134.0 45.0
14.368548541456637 22.92616498286817 123.48998195632933 150.0 150.0 53.0
14.368426414177858 23.3560728761454 123.49335945236038 158.0 162.0 53.0
14.368304286899084 23.785980769422633 123.4967369483914 156.0 162.0 46.0
14.368182159620305 24.215888662699868 123.50011444442242 134.0 141.0 38.0
14.368060032341532 24.6457965559771 123.50349194045344 103.0 109.0 30.0
14.797469103576141 22.49613496231216 123.5176545240607 131.0 135.0 44.0
14.797346976297366 22.92604285558939 123.52103202009175 150.0 152.0 51.0
14.797224849018589 23.355950748866622 123.52440951612277 164.0 165.0 56.0
14.797102721739813 23.78585864214386 123.52778701215382 170.0 174.0 52.0
14.796980594461036 24.215766535421093 123.53116450818482 158.0 163.0 51.0
14.796858467182261 24.645674428698324 123.53454200421584 152.0 157.0 55.0
14.796736339903488 25.07558232197556 123.53791950024689 101.0 108.0 31.0
15.226267538416868 22.496012835033383 123.54870458782312 143.0 143.0 54.0
15.226145411138093 22.925920728310615 123.55208208385415 157.0 156.0 58.0
15.226023283859316 23.35582862158785 123.5554595798852 170.0 170.0 58.0
15.22590115658054 23.785736514865082 123.55883707591622 180.0 182.0 57.0
15.225779029301764 24.215644408142314 123.56221457194724 166.0 170.0 53.0
15.225656902022989 24.64555230141955 123.56559206797826 172.0 177.0 68.0
15.225534774744213 25.075460194696785 123.56896956400931 172.0 175.0 77.0
15.6550659732576 22.495890707754604 123.57975465158552 144.0 141.0 66.0
15.654943845978824 22.925798601031836 123.58313214761657 158.0 155.0 66.0
15.654821718700045 23.355706494309075 123.58650964364759 165.0 166.0 60.0
15.654699591421272 23.785614387586307 123.58988713967861 179.0 180.0 62.0
15.654577464142493 24.21552228086354 123.59326463570963 183.0 184.0 73.0
15.65445533686372 24.645430174140774 123.59664213174068 202.0 203.0 99.0
15.654333209584944 25.075338067418006 123.6000196277717 199.0 200.0 106.0
15.654211082306167 25.505245960695238 123.60339712380275 168.0 170.0 95.0
16.08386440809833 22.49576858047583 123.61080471534794 94.0 93.0 46.0
16.083742280819553 22.925676473753064 123.61418221137896 148.0 146.0 63.0
16.083620153540778 23.355584367030296 123.61755970741001 160.0 160.0 61.0
16.083498026262003 23.785492260307528 123.62093720344103 173.0 173.0 63.0
16.083375898983224 24.215400153584763 123.62431469947205 181.0 181.0 75.0
16.08325377170445 24.645308046862 123.62769219550307 199.0 201.0 95.0
16.083131644425674 25.07521594013923 123.63106969153412 208.0 209.0 112.0
16.0830095171469 25.505123833416466 123.63444718756514 184.0 186.0 123.0
16.512540715660283 22.92555434647429 123.64523227514138 129.0 130.0 56.0
16.512418588381504 23.35546223975152 123.64860977117243 150.0 152.0 58.0
16.51229646110273 23.785370133028753 123.65198726720342 165.0 165.0 64.0
16.51217433382395 24.215278026305988 123.65536476323445 177.0 178.0 76.0
16.512052206545178 24.64518591958322 123.6587422592655 191.0 193.0 86.0
16.511930079266403 25.075093812860455 123.66211975529652 211.0 213.0 114.0
16.511807951987624 25.505001706137687 123.66549725132757 162.0 163.0 129.0
16.941217023222233 23.355340112472742 123.67965983493482 133.0 134.0 59.0
16.941094895943458 23.785248005749978 123.68303733096585 161.0 161.0 72.0
16.940972768664682 24.215155899027213 123.68641482699687 170.0 172.0 76.0
16.940850641385907 24.645063792304445 123.68979232302789 176.0 181.0 77.0
16.940728514107132 25.07497168558168 123.69316981905894 209.0 211.0 113.0
17.36989333078419 23.785125878471202 123.71408739472824 118.0 120.0 60.0
17.369771203505415 24.215033771748434 123.71746489075929 135.0 140.0 66.0
17.369649076226633 24.64494166502567 123.72084238679031 154.0 158.0 78.0
17.369526948947858 25.0748495583029 123.72421988282136 121.0 123.0 70.0
13.051225300450813 22.49324597539623 123.82223941935735 74.0 86.0 27.0
13.051103173172038 22.923153868673463 123.8256169153884 84.0 92.0 32.0
13.050981045893261 23.3530617619507 123.82899441141942 96.0 103.0 39.0
13.050858918614486 23.78296965522793 123.83237190745047 107.0 112.0 47.0
13.480023735291544 22.493123848117452 123.85328948311977 108.0 114.0 42.0
13.479901608012769 22.923031741394688 123.85666697915079 110.0 117.0 41.0
13.479779480733992 23.352939634671923 123.86004447518184 127.0 131.0 51.0
13.479657353455217 23.782847527949155 123.86342197121286 135.0 138.0 56.0
13.47953522617644 24.21275542122639 123.86679946724391 123.0 128.0 45.0
13.908944297411045 22.063093827561445 123.88096205085114 103.0 107.0 45.0
13.908822170132272 22.49300172083868 123.88433954688219 130.0 134.0 51.0
13.908700042853496 22.922909614115913 123.88771704291321 137.0 140.0 52.0
13.90857791557472 23.352817507393144 123.89109453894426 140.0 141.0 52.0
13.908455788295944 23.78272540067038 123.89447203497528 140.0 144.0 48.0
13.908333661017165 24.21263329394761 123.8978495310063 122.0 128.0 38.0
13.908211533738392 24.642541187224847 123.90122702703732 71.0 83.0 17.0
14.337742732251776 22.062971700282667 123.91201211461356 136.0 138.0 61.0
14.337620604973 22.492879593559906 123.91538961064458 136.0 141.0 50.0
14.337498477694226 22.922787486837137 123.91876710667563 146.0 149.0 51.0
14.337376350415449 23.35269538011437 123.92214460270665 153.0 155.0 53.0
14.337254223136673 23.782603273391604 123.9255220987377 161.0 163.0 55.0
14.337132095857896 24.212511166668836 123.92889959476872 145.0 149.0 47.0
14.337009968579121 24.642419059946068 123.93227709079972 111.0 118.0 31.0
14.766541167092505 22.062849573003895 123.94306217837595 126.0 128.0 52.0
14.766419039813732 22.492757466281127 123.946439674407 142.0 144.0 51.0
14.766296912534957 22.92266535955836 123.94981717043802 150.0 151.0 53.0
14.76617478525618 23.352573252835594 123.95319466646907 175.0 175.0 65.0
14.766052657977404 23.78248114611283 123.9565721625001 182.0 183.0 66.0
14.765930530698627 24.21238903939006 123.95994965853112 166.0 168.0 60.0
14.765808403419852 24.642296932667296 123.96332715456214 145.0 150.0 49.0
14.765686276141077 25.072204825944528 123.96670465059319 88.0 97.0 24.0
15.195339601933233 22.06272744572512 123.97411224213837 96.0 101.0 37.0
15.19521747465446 22.49263533900235 123.9774897381694 149.0 148.0 54.0
15.195095347375684 22.922543232279587 123.98086723420045 157.0 159.0 56.0
15.194973220096907 23.35245112555682 123.98424473023147 172.0 170.0 61.0
15.194851092818132 23.78235901883405 123.98762222626252 181.0 181.0 61.0
15.194728965539353 24.212266912111286 123.99099972229354 162.0 167.0 53.0
15.19460683826058 24.642174805388517 123.99437721832456 174.0 177.0 73.0
15.194484710981804 25.072082698665753 123.99775471435558 137.0 142.0 53.0
15.624015909495188 22.492513211723573 124.00853980193182 149.0 147.0 62.0
15.623893782216415 22.922421105000808 124.01191729796284 163.0 160.0 68.0
15.623771654937636 23.352328998278043 124.01529479399389 168.0 167.0 61.0
15.623649527658861 23.782236891555275 124.01867229002491 185.0 185.0 65.0
15.623527400380084 24.21214478483251 124.02204978605593 189.0 190.0 78.0
15.623405273101309 24.642052678109742 124.02542728208695 202.0 201.0 105.0
15.623283145822535 25.071960571386974 124.028804778118 199.0 198.0 111.0
15.623161018543756 25.50186846466421 124.03218227414902 128.0 132.0 79.0
16.052814344335918 22.4923910844448 124.03958986569424 132.0 131.0 60.0
16.052692217057146 22.922298977722033 124.04296736172526 152.0 150.0 63.0
16.052570089778367 23.352206870999265 124.04634485775631 164.0 162.0 63.0
16.052447962499592 23.7821147642765 124.04972235378733 179.0 179.0 65.0
16.052325835220813 24.21202265755373 124.05309984981832 194.0 196.0 86.0
16.05220370794204 24.641930550830967 124.05647734584937 210.0 210.0 111.0
16.052081580663266 25.071838444108202 124.0598548418804 212.0 212.0 121.0
16.48149065189787 22.922176850443257 124.07401742548768 134.0 137.0 57.0
16.481368524619093 23.35208474372049 124.0773949215187 160.0 157.0 67.0
16.481246397340318 23.781992636997725 124.08077241754972 172.0 173.0 64.0
16.481124270061542 24.211900530274956 124.08414991358075 184.0 186.0 77.0
16.481002142782767 24.64180842355219 124.08752740961177 203.0 205.0 99.0
16.480880015503992 25.071716316829423 124.09090490564282 220.0 221.0 123.0
16.910166959459826 23.351962616441714 124.10844498528112 158.0 157.0 76.0
16.91004483218105 23.781870509718946 124.11182248131215 166.0 168.0 70.0
16.90992270490227 24.21177840299618 124.11519997734317 168.0 173.0 68.0
16.909800577623496 24.641686296273416 124.11857747337419 186.0 190.0 84.0
16.90967845034472 25.07159418955065 124.12195496940524 217.0 218.0 118.0
17.338965394300555 23.35184048916294 124.13949504904352 91.0 91.0 51.0
17.33884326702178 23.78174838244017 124.14287254507454 159.0 160.0 82.0
17.338721139743004 24.211656275717406 124.14625004110556 164.0 167.0 80.0
17.338599012464226 24.641564168994638 124.14962753713661 175.0 179.0 85.0
17.33847688518545 25.07147206227187 124.15300503316763 115.0 116.0 78.0
13.020175236688404 22.489868479365203 124.25102456970365 75.0 84.0 30.0
13.020053109409629 22.91977637264244 124.2544020657347 75.0 82.0 31.0
13.449095798807909 22.059838458809192 124.27869713743505 95.0 102.0 43.0
13.448973671529133 22.489746352086428 124.28207463346607 108.0 113.0 44.0
13.44885154425036 22.91965424536366 124.28545212949709 99.0 108.0 38.0
13.877894233648636 22.059716331530417 124.30974720119744 116.0 119.0 55.0
13.87777210636986 22.489624224807653 124.31312469722846 129.0 133.0 54.0
13.877649979091087 22.919532118084884 124.31650219325951 131.0 135.0 52.0
13.877527851812308 23.349440011362116 124.31987968929053 128.0 133.0 49.0
13.877405724533535 23.77934790463935 124.32325718532158 115.0 120.0 40.0
13.877283597254756 24.209255797916583 124.3266346813526 91.0 100.0 26.0
14.306692668489367 22.059594204251642 124.34079726495986 128.0 131.0 59.0
14.306570541210592 22.489502097528877 124.34417476099088 140.0 145.0 57.0
14.306448413931816 22.91940999080611 124.3475522570219 151.0 153.0 65.0
14.30632628665304 23.349317884083344 124.35092975305295 151.0 150.0 59.0
14.306204159374264 23.779225777360576 124.35430724908397 147.0 149.0 52.0
14.306082032095487 24.209133670637808 124.35768474511502 120.0 125.0 38.0
14.305959904816712 24.639041563915043 124.36106224114604 102.0 108.0 30.0
14.735491103330096 22.059472076972867 124.37184732872225 128.0 128.0 61.0
14.735368976051323 22.4893799702501 124.37522482475327 145.0 148.0 54.0
14.735246848772547 22.919287863527334 124.37860232078432 158.0 158.0 63.0
14.735124721493769 23.349195756804566 124.38197981681535 162.0 163.0 58.0
14.735002594214995 23.7791036500818 124.3853573128464 169.0 169.0 61.0
14.734880466936216 24.209011543359033 124.38873480887742 170.0 170.0 67.0
14.734758339657443 24.638919436636268 124.39211230490844 124.0 128.0 41.0
15.164289538170824 22.05934994969409 124.40289739248468 120.0 123.0 50.0
15.164167410892048 22.489257842971323 124.4062748885157 150.0 150.0 52.0
15.164045283613275 22.91916573624856 124.40965238454672 157.0 162.0 50.0
15.163923156334496 23.34907362952579 124.41302988057777 172.0 171.0 60.0
15.163801029055723 23.778981522803022 124.41640737660879 179.0 178.0 62.0
15.163678901776944 24.208889416080257 124.41978487263984 168.0 170.0 63.0
15.16355677449817 24.63879730935749 124.42316236867083 158.0 161.0 63.0
15.593087973011555 22.059227822415313 124.43394745624707 100.0 103.0 41.0
15.59296584573278 22.489135715692548 124.43732495227812 151.0 150.0 59.0
15.592843718454004 22.91904360896978 124.44070244830914 167.0 165.0 67.0
15.592721591175227 23.348951502247015 124.44407994434019 176.0 176.0 63.0
15.592599463896452 23.77885939552425 124.44745744037121 182.0 181.0 64.0
15.592477336617675 24.208767288801482 124.45083493640223 173.0 174.0 67.0
15.5923552093389 24.638675182078714 124.45421243243325 188.0 188.0 93.0
15.592233082060124 25.06858307535595 124.45758992846427 168.0 170.0 83.0
16.02176428057351 22.489013588413773 124.46837501604051 146.0 146.0 63.0
16.021642153294735 22.918921481691005 124.47175251207156 157.0 156.0 63.0
16.021520026015956 23.34882937496824 124.47513000810258 169.0 167.0 63.0
16.02139789873718 23.77873726824547 124.47850750413363 183.0 184.0 68.0
16.021275771458406 24.208645161522703 124.48188500016462 186.0 189.0 78.0
16.45044058813546 22.91879935441223 124.50280257583395 147.0 147.0 62.0
16.450318460856685 23.348707247689465 124.506180071865 168.0 168.0 67.0
16.45019633357791 23.778615140966696 124.50955756789602 176.0 178.0 63.0
16.879239022976193 22.918677227133454 124.53385263959638 140.0 142.0 64.0
16.879116895697415 23.348585120410686 124.5372301356274 160.0 163.0 70.0
13.417923607766726 22.486368856055396 124.71085978381237 109.0 111.0 52.0
13.41780148048795 22.916276749332628 124.71423727984339 94.0 101.0 40.0
13.846844169886227 22.05633883549939 124.73853235154374 117.0 119.0 59.0
13.846722042607452 22.48624672877662 124.74190984757476 127.0 129.0 56.0
13.846599915328676 22.916154622053853 124.74528734360578 122.0 125.0 52.0
13.8464777880499 23.346062515331088 124.74866483963683 122.0 125.0 52.0
14.275642604726956 22.05621670822061 124.76958241530616 135.0 135.0 64.0
14.275520477448183 22.486124601497846 124.77295991133715 143.0 143.0 62.0
14.275398350169407 22.91603249477508 124.7763374073682 140.0 141.0 57.0
14.27527622289063 23.345940388052313 124.77971490339922 139.0 140.0 56.0
14.275154095611855 23.775848281329544 124.78309239943027 136.0 139.0 51.0
14.704441039567687 22.056094580941835 124.80063247906855 134.0 134.0 63.0
14.704318912288912 22.48600247421907 124.80400997509958 148.0 146.0 60.0
14.704196785010138 22.915910367496302 124.8073874711306 150.0 150.0 57.0
14.70407465773136 23.345818260773534 124.81076496716165 147.0 150.0 52.0
15.133239474408414 22.05597245366306 124.83168254283095 141.0 142.0 62.0
15.13311734712964 22.485880346940295 124.835060038862 150.0 148.0 57.0
15.132995219850864 22.915788240217527 124.83843753489302 158.0 159.0 58.0
15.562037909249144 22.055850326384284 124.86273260659337 128.0 129.0 62.0
16.02115364417963 24.63855305479994 124.48526249619565 204.0 205.0 104.0
16.021031516900855 25.068460948077174 124.4886399922267 202.0 203.0 115.0
16.45007420629913 24.208523034243928 124.51293506392705 187.0 190.0 78.0
16.449952079020356 24.638430927521163 124.51631255995807 211.0 213.0 109.0
16.44982995174158 25.068338820798395 124.51969005598912 225.0 225.0 134.0
16.87899476841864 23.778493013687918 124.54060763165845 171.0 173.0 69.0
16.87887264113986 24.208400906965156 124.54398512768944 177.0 182.0 74.0
16.87875051386109 24.63830880024239 124.54736262372049 200.0 204.0 98.0
16.878628386582314 25.06821669351962 124.55074011975151 223.0 224.0 126.0
17.307915330538144 23.34846299313191 124.56828019938982 144.0 145.0 76.0
17.30779320325937 23.778370886409146 124.57165769542084 165.0 167.0 80.0
17.307671075980597 24.208278779686378 124.57503519145186 165.0 171.0 75.0
17.307548948701815 24.63818667296361 124.57841268748288 183.0 189.0 88.0
17.736591638100098 23.77824875913037 124.60270775918323 90.0 93.0 51.0
17.736469510821323 24.208156652407602 124.60608525521425 85.0 90.0 42.0
14.703952530452586 23.77572615405077 124.81414246319267 152.0 156.0 53.0
14.703830403173807 24.205634047328004 124.81751995922372 154.0 157.0 57.0
15.132873092572087 23.34569613349476 124.84181503092407 163.0 165.0 57.0
15.132750965293312 23.775604026771994 124.84519252695509 179.0 179.0 66.0
15.132628838014535 24.205511920049226 124.84857002298611 185.0 185.0 78.0
15.13250671073576 24.635419813326457 124.85194751901713 170.0 171.0 73.0
15.56191578197037 22.485758219661516 124.86611010262439 151.0 152.0 58.0
15.561793654691595 22.915666112938748 124.86948759865544 166.0 164.0 67.0
15.561671527412818 23.345574006215987 124.87286509468646 168.0 166.0 60.0
15.561549400134043 23.77548189949322 124.87624259071751 182.0 183.0 64.0
15.561427272855266 24.20538979277045 124.87962008674853 189.0 190.0 83.0
15.56130514557649 24.635297686047686 124.88299758277955 192.0 191.0 100.0
15.990836344089875 22.05572819910551 124.89378267035576 88.0 91.0 40.0
15.9907142168111 22.48563609238274 124.89716016638681 148.0 150.0 65.0
15.990592089532326 22.915543985659976 124.90053766241783 160.0 159.0 66.0
15.990469962253547 23.345451878937208 124.90391515844888 163.0 165.0 59.0
15.990347834974774 23.77535977221444 124.9072926544799 180.0 182.0 63.0
15.990225707695995 24.205267665491675 124.91067015051095 202.0 203.0 93.0
15.990103580417221 24.63517555876891 124.91404764654195 204.0 205.0 107.0
15.989981453138446 25.065083452046142 124.917425142573 164.0 166.0 82.0
16.41951265165183 22.485513965103962 124.9282102301492 111.0 112.0 56.0
16.419390524373053 22.9154218583812 124.93158772618025 150.0 152.0 61.0
16.419268397094275 23.345329751658433 124.93496522221128 164.0 167.0 62.0
16.4191462698155 23.775237644935665 124.93834271824232 180.0 183.0 64.0
16.419024142536724 24.2051455382129 124.94172021427335 197.0 198.0 86.0
16.41890201525795 24.63505343149013 124.94509771030437 212.0 213.0 111.0
16.418779887979174 25.064961324767363 124.94847520633539 207.0 209.0 125.0
16.848188959213783 22.915299731102422 124.96263778994265 119.0 123.0 49.0
16.848066831935004 23.345207624379654 124.9660152859737 165.0 164.0 71.0
16.847944704656232 23.77511551765689 124.96939278200472 178.0 182.0 68.0
16.847822577377453 24.205023410934125 124.97277027803574 181.0 187.0 75.0
16.847700450098678 24.634931304211356 124.97614777406676 208.0 211.0 107.0
16.847578322819903 25.064839197488592 124.97952527009781 168.0 170.0 134.0
17.276865266775737 23.34508549710088 124.99706534973612 120.0 123.0 60.0
17.27674313949696 23.774993390378114 125.00044284576714 170.0 176.0 74.0
17.276621012218186 24.204901283655346 125.00382034179816 177.0 184.0 80.0
17.276498884939404 24.63480917693258 125.00719783782918 204.0 208.0 109.0
17.705541574337687 23.77487126309934 125.03149290952956 119.0 124.0 62.0
17.70541944705891 24.20477915637657 125.03487040556055 124.0 130.0 59.0
17.705297319780133 24.634687049653806 125.03824790159157 89.0 91.0 51.0
13.386873544004317 22.482991360024368 125.13964493415867 80.0 84.0 41.0
13.386751416725541 22.9128992533016 125.14302243018966 78.0 83.0 37.0
13.815794106123818 22.05296133946836 125.16731750189004 113.0 114.0 58.0
13.815671978845042 22.482869232745593 125.17069499792106 121.0 122.0 56.0
13.815549851566267 22.912777126022828 125.17407249395208 116.0 118.0 54.0
13.81542772428749 23.34268501930006 125.1774499899831 105.0 108.0 47.0
14.244592540964547 22.052839212189582 125.19836756565246 134.0 133.0 65.0
14.244470413685772 22.482747105466817 125.20174506168345 135.0 135.0 59.0
14.244348286406998 22.912654998744053 125.2051225577145 132.0 134.0 56.0
14.24422615912822 23.342562892021284 125.20850005374552 126.0 130.0 50.0
14.244104031849446 23.77247078529852 125.21187754977655 121.0 126.0 46.0
14.673390975805278 22.052717084910807 125.22941762941485 141.0 140.0 67.0
14.673268848526503 22.482624978188042 125.23279512544588 147.0 146.0 62.0
14.673146721247727 22.912532871465274 125.2361726214769 147.0 148.0 59.0
14.67302459396895 23.342440764742506 125.23955011750795 140.0 144.0 51.0
14.672902466690175 23.772348658019745 125.24292761353897 136.0 142.0 45.0
15.102189410646005 22.052594957632035 125.26046769317728 140.0 139.0 65.0
15.10206728336723 22.482502850909267 125.26384518920827 148.0 149.0 57.0
15.101945156088455 22.9124107441865 125.26722268523932 155.0 155.0 59.0
15.101823028809678 23.342318637463734 125.27060018127034 158.0 157.0 57.0
15.101700901530902 23.772226530740966 125.27397767730139 174.0 174.0 65.0
15.101578774252125 24.202134424018197 125.27735517333241 168.0 169.0 64.0
15.530987845486734 22.052472830353256 125.29151775693967 124.0 125.0 59.0
15.53086571820796 22.482380723630488 125.29489525297069 154.0 154.0 61.0
15.530743590929186 22.912288616907723 125.29827274900171 159.0 159.0 59.0
15.530621463650407 23.34219651018496 125.30165024503276 164.0 166.0 58.0
15.530499336371633 23.77210440346219 125.30502774106378 187.0 186.0 73.0
15.530377209092855 24.202012296739426 125.30840523709483 190.0 190.0 85.0
15.530255081814081 24.631920190016658 125.31178273312585 130.0 135.0 45.0
15.959786280327465 22.05235070307448 125.32256782070206 92.0 95.0 45.0
15.95966415304869 22.482258596351713 125.32594531673308 151.0 151.0 67.0
15.959542025769915 22.912166489628948 125.32932281276413 156.0 155.0 62.0
15.959419898491138 23.34207438290618 125.33270030879515 166.0 168.0 61.0
15.959297771212363 23.77198227618341 125.3360778048262 186.0 188.0 67.0
15.959175643933586 24.201890169460647 125.33945530085722 205.0 205.0 97.0
15.95905351665481 24.631798062737882 125.34283279688825 184.0 184.0 93.0
16.388462587889418 22.482136469072938 125.3569953804955 95.0 97.0 42.0
16.388340460610642 22.912044362350173 125.36037287652653 147.0 150.0 57.0
16.388218333331864 23.341952255627405 125.36375037255758 164.0 166.0 61.0
16.388096206053092 23.77186014890464 125.3671278685886 190.0 192.0 70.0
16.387974078774313 24.20176804218187 125.37050536461965 201.0 204.0 90.0
16.387851951495538 24.631675935459103 125.37388286065064 207.0 208.0 114.0
16.387729824216763 25.06158382873634 125.37726035668169 106.0 109.0 43.0
16.81713889545137 22.911922235071394 125.39142294028895 134.0 139.0 58.0
16.817016768172596 23.34183012834863 125.39480043632 172.0 175.0 74.0
16.81689464089382 23.77173802162586 125.39817793235102 186.0 191.0 69.0
16.816772513615042 24.201645914903096 125.40155542838204 190.0 195.0 81.0
16.816650386336267 24.63155380818033 125.40493292441306 213.0 214.0 120.0
17.245815203013326 23.341708001069854 125.42585050008239 150.0 155.0 72.0
17.24569307573455 23.771615894347086 125.42922799611344 181.0 188.0 74.0
17.245570948455775 24.201523787624318 125.43260549214446 192.0 199.0 89.0
17.245448821176996 24.631431680901553 125.43598298817545 205.0 207.0 118.0
17.67449151057528 23.77149376706831 125.46027805987583 105.0 109.0 50.0
17.674369383296504 24.201401660345546 125.46365555590685 136.0 141.0 65.0
13.78474404236141 22.04958384343733 125.59610265223634 82.0 84.0 43.0
13.784621915082635 22.479491736714564 125.59948014826736 119.0 118.0 62.0
13.784499787803862 22.909399629991796 125.60285764429838 106.0 108.0 54.0
14.213542477202141 22.049461716158554 125.62715271599873 122.0 123.0 61.0
14.213420349923366 22.47936960943579 125.63053021202978 131.0 130.0 60.0
14.21329822264459 22.90927750271302 125.63390770806078 125.0 129.0 56.0
14.213176095365814 23.339185395990256 125.63728520409182 119.0 124.0 52.0
14.64234091204287 22.04933958887978 125.65820277976115 135.0 136.0 64.0
14.642218784764095 22.47924748215701 125.66158027579218 140.0 141.0 60.0
14.642096657485322 22.909155375434242 125.6649577718232 138.0 140.0 57.0
14.641974530206543 23.339063268711477 125.66833526785422 134.0 137.0 52.0
14.64185240292777 23.768971161988713 125.67171276388527 121.0 126.0 43.0
15.071139346883598 22.049217461601003 125.68925284352355 143.0 144.0 67.0
15.071017219604823 22.479125354878235 125.69263033955457 146.0 147.0 57.0
15.07089509232605 22.90903324815547 125.69600783558559 154.0 154.0 64.0
15.07077296504727 23.338941141432702 125.69938533161664 149.0 151.0 55.0
15.070650837768497 23.768849034709934 125.70276282764766 158.0 160.0 61.0
15.070528710489718 24.19875692798717 125.70614032367871 131.0 135.0 41.0
15.499937781724329 22.049095334322224 125.72030290728597 144.0 144.0 71.0
15.499815654445554 22.47900322759946 125.72368040331699 154.0 154.0 64.0
15.499693527166778 22.90891112087669 125.72705789934801 152.0 154.0 58.0
15.499571399888001 23.338819014153927 125.73043539537903 157.0 159.0 58.0
15.499449272609226 23.76872690743116 125.73381289141008 174.0 175.0 69.0
15.499327145330449 24.198634800708394 125.7371903874411 154.0 158.0 56.0
15.928614089286285 22.478881100320685 125.75473046707938 150.0 150.0 68.0
15.92849196200751 22.908788993597916 125.7581079631104 147.0 150.0 56.0
15.92836983472873 23.338696886875148 125.76148545914145 162.0 165.0 61.0
15.928247707449957 23.768604780152383 125.76486295517248 189.0 190.0 75.0
15.928125580171178 24.198512673429615 125.76824045120352 192.0 193.0 90.0
15.928003452892405 24.62842056670685 125.77161794723455 92.0 96.0 30.0
16.35741252412701 22.478758973041906 125.7857805308418 96.0 99.0 42.0
16.357290396848235 22.90866686631914 125.78915802687283 137.0 144.0 51.0
16.35716826956946 23.338574759596376 125.79253552290388 167.0 170.0 66.0
16.357046142290685 23.768482652873608 125.7959130189349 191.0 194.0 75.0
16.356924015011906 24.19839054615084 125.79929051496592 205.0 207.0 101.0
16.35680188773313 24.628298439428075 125.80266801099697 177.0 178.0 102.0
16.786088831688968 22.908544739040366 125.82020809063525 115.0 120.0 49.0
16.78596670441019 23.338452632317598 125.82358558666627 173.0 178.0 74.0
16.785844577131414 23.76836052559483 125.82696308269732 196.0 202.0 82.0
16.785722449852635 24.198268418872065 125.83034057872834 207.0 210.0 106.0
16.785600322573863 24.6281763121493 125.83371807475936 205.0 205.0 130.0
17.21476513925092 23.338330505038822 125.85463565042869 146.0 150.0 73.0
17.214643011972143 23.768238398316054 125.85801314645971 196.0 202.0 88.0
17.21452088469337 24.19814629159329 125.86139064249076 208.0 211.0 110.0
17.643441446812872 23.768116271037282 125.88906321022213 88.0 89.0 50.0
13.75344972404145 22.906022133960764 126.03164279464468 83.0 84.0 48.0
14.182370286160957 22.475992113404757 126.05931536237605 120.0 122.0 62.0
14.182248158882182 22.905900006681993 126.06269285840708 125.0 126.0 66.0
14.182126031603405 23.335807899959224 126.0660703544381 124.0 125.0 65.0
14.611290848280461 22.045962092848747 126.08698793010743 100.0 103.0 50.0
14.611168721001686 22.47586998612598 126.09036542613848 137.0 136.0 66.0
14.611046593722913 22.905777879403214 126.09374292216947 137.0 138.0 65.0
14.610924466444134 23.335685772680446 126.09712041820052 133.0 135.0 62.0
15.040089283121189 22.04583996556997 126.11803799386985 139.0 139.0 69.0
15.039967155842414 22.475747858847207 126.12141548990087 146.0 144.0 64.0
15.039845028563638 22.90565575212444 126.12479298593189 148.0 147.0 66.0
15.039722901284861 23.33556364540167 126.12817048196291 154.0 153.0 70.0
15.039600774006086 23.765471538678906 126.13154797799396 146.0 146.0 68.0
15.468765590683144 22.475625731568428 126.15246555366329 151.0 150.0 66.0
15.46864346340437 22.90553362484566 126.15584304969428 151.0 151.0 64.0
15.468521336125592 23.335441518122895 126.15922054572533 156.0 158.0 65.0
15.468399208846817 23.76534941140013 126.16259804175635 167.0 169.0 74.0
15.46827708156804 24.195257304677362 126.1659755377874 123.0 128.0 40.0
15.897564025523874 22.475503604289653 126.18351561742568 146.0 148.0 63.0
15.8974418982451 22.905411497566885 126.1868931134567 146.0 151.0 59.0
15.897319770966321 23.33531939084412 126.19027060948775 170.0 171.0 78.0
15.897197643687548 23.76522728412135 126.19364810551878 182.0 184.0 87.0
15.89707551640877 24.195135177398583 126.1970256015498 148.0 151.0 61.0
16.326240333085828 22.905289370288113 126.21794317721913 133.0 140.0 51.0
16.32611820580705 23.335197263565345 126.22132067325015 180.0 182.0 88.0
16.325996078528274 23.765105156842576 126.2246981692812 199.0 201.0 103.0
16.3258739512495 24.19501305011981 126.22807566531222 192.0 191.0 109.0
16.755038767926557 22.905167243009334 126.24899324098152 125.0 128.0 62.0
16.754916640647778 23.335075136286566 126.25237073701257 199.0 200.0 112.0
16.754794513369006 23.7649830295638 126.25574823304359 212.0 213.0 122.0
16.754672386090228 24.194890922841036 126.25912572907464 209.0 209.0 131.0
16.754550258811452 24.62479881611827 126.26250322510566 77.0 81.0 35.0
17.18371507548851 23.33495300900779 126.28342080077496 159.0 161.0 92.0
17.183592948209736 23.764860902285026 126.28679829680601 206.0 208.0 116.0
14.580118657239277 22.472492490094954 126.51915057648475 117.0 116.0 65.0
14.579996529960502 22.902400383372186 126.5225280725158 133.0 131.0 76.0
14.579874402681725 23.332308276649417 126.52590556854679 120.0 118.0 67.0
15.00903921935878 22.042462469538943 126.54682314421615 83.0 84.0 42.0
15.008917092080004 22.47237036281618 126.55020064024717 142.0 141.0 69.0
15.008794964801229 22.90227825609341 126.55357813627819 144.0 143.0 69.0
15.008672837522452 23.332186149370646 126.55695563230921 165.0 162.0 91.0
15.008550710243677 23.762094042647878 126.56033312834023 148.0 143.0 84.0
15.437837654199509 22.042340342260168 126.57787320797854 87.0 90.0 37.0
15.437715526920734 22.4722482355374 126.58125070400959 145.0 147.0 63.0
15.43759339964196 22.90215612881463 126.58462820004058 153.0 154.0 71.0
15.437471272363181 23.33206402209187 126.58800569607163 169.0 169.0 88.0
15.437349145084408 23.761971915369102 126.59138319210265 166.0 165.0 90.0
15.866513961761465 22.472126108258625 126.61230076777198 140.0 145.0 58.0
15.86639183448269 22.90203400153586 126.615678263803 164.0 166.0 81.0
15.866269707203912 23.33194189481309 126.61905575983403 183.0 184.0 102.0
15.866147579925137 23.761849788090323 126.62243325586508 176.0 175.0 104.0
16.295190269323417 22.901911874257085 126.6467283275654 186.0 188.0 101.0
16.295068142044638 23.331819767534316 126.65010582359645 200.0 200.0 123.0
16.294946014765866 23.76172766081155 126.65348331962747 174.0 173.0 109.0
16.723988704164146 22.901789746978306 126.67777839132782 114.0 115.0 83.0
16.72386657688537 23.331697640255538 126.68115588735884 212.0 212.0 151.0
14.97774490103882 22.898900760062382 126.98236328662449 148.0 148.0 80.0
14.977622773760043 23.328808653339614 126.98574078265551 78.0 82.0 33.0
15.406665463158324 22.468870739506368 127.01003585435586 152.0 153.0 81.0
15.406543335879551 22.898778632783603 127.01341335038688 179.0 177.0 102.0
15.406421208600772 23.32868652606084 127.0167908464179 158.0 158.0 87.0
15.835463897999055 22.468748612227596 127.04108591811828 158.0 159.0 87.0
15.83534177072028 22.898656505504828 127.0444634141493 198.0 195.0 126.0
15.835219643441503 23.32856439878206 127.04784091018033 175.0 172.0 112.0
16.26414020556101 22.898534378226053 127.0755134779117 135.0 136.0 108.0
16.26401807828223 23.328442271503285 127.07889097394272 121.0 122.0 86.0
15.375615399395919 22.465493243475343 127.43882100470216 99.0 98.0 66.0
15.375493272117144 22.895401136752575 127.44219850073318 120.0 121.0 67.0
15.804413834236648 22.465371116196568 127.46987106846456 169.0 169.0 115.0
15.804291706957875 22.8952790094738 127.4732485644956 173.0 172.0 112.0
16.233090141798602 22.895156882195025 127.504298628258 125.0 125.0 84.0
