10.352 -3.308 150.515 103.000 110.000 40.000
10.352 -2.878 150.519 101.000 107.000 42.000
10.781 -3.308 150.547 105.000 111.000 43.000
10.780 -2.878 150.550 95.000 104.000 33.000
10.780 -2.448 150.553 86.000 93.000 35.000
11.209 -2.878 150.581 88.000 98.000 29.000
11.638 -2.878 150.612 86.000 96.000 29.000
9.892 -3.741 150.910 97.000 106.000 35.000
10.321 -3.741 150.941 101.000 110.000 35.000
10.321 -3.311 150.944 91.000 100.000 34.000
10.321 -2.882 150.948 105.000 109.000 44.000
10.750 -3.741 150.972 119.000 125.000 46.000
10.750 -3.312 150.975 102.000 108.000 40.000
10.749 -2.882 150.979 111.000 119.000 40.000
10.749 -2.452 150.982 107.000 111.000 47.000
11.178 -3.312 151.006 99.000 107.000 36.000
11.178 -2.882 151.010 99.000 110.000 31.000
11.178 -2.452 151.013 90.000 97.000 33.000
11.607 -3.312 151.037 90.000 99.000 31.000
11.607 -2.882 151.041 82.000 93.000 24.000
9.861 -3.745 151.339 93.000 102.000 34.000
10.290 -4.175 151.366 115.000 124.000 42.000
10.290 -3.745 151.370 99.000 110.000 35.000
10.290 -3.315 151.373 93.000 104.000 33.000
10.290 -2.885 151.376 89.000 97.000 31.000
10.719 -4.175 151.397 98.000 109.000 33.000
10.719 -3.745 151.401 95.000 107.000 33.000
10.718 -3.315 151.404 86.000 98.000 29.000
10.718 -2.885 151.407 88.000 102.000 25.000
11.147 -3.745 151.432 97.000 108.000 31.000
11.147 -3.315 151.435 81.000 95.000 25.000
11.147 -2.885 151.439 111.000 124.000 34.000
11.147 -2.455 151.442 126.000 135.000 44.000
11.576 -3.745 151.463 95.000 106.000 28.000
11.576 -3.315 151.466 76.000 90.000 22.000
11.576 -2.885 151.470 102.000 114.000 30.000
11.576 -2.455 151.473 134.000 144.000 48.000
11.576 -2.025 151.476 104.000 108.000 47.000
12.005 -3.315 151.497 67.000 82.000 17.000
12.005 -2.885 151.501 86.000 98.000 23.000
12.005 -2.455 151.504 129.000 138.000 48.000
12.005 -2.026 151.507 97.000 100.000 46.000
12.433 -2.456 151.535 74.000 81.000 27.000
10.259 -4.608 151.792 123.000 126.000 61.000
10.259 -4.178 151.795 90.000 99.000 32.000
10.259 -3.748 151.798 89.000 100.000 31.000
10.259 -3.318 151.802 91.000 102.000 30.000
10.259 -2.888 151.805 87.000 94.000 28.000
10.688 -4.608 151.823 113.000 121.000 49.000
10.688 -4.178 151.826 94.000 104.000 35.000
10.688 -3.748 151.829 93.000 103.000 32.000
10.687 -3.318 151.833 113.000 119.000 42.000
10.687 -2.888 151.836 86.000 100.000 22.000
11.116 -4.178 151.857 96.000 104.000 34.000
11.116 -3.748 151.861 94.000 102.000 32.000
11.116 -3.318 151.864 96.000 105.000 32.000
11.116 -2.889 151.867 93.000 105.000 25.000
11.116 -2.459 151.871 101.000 110.000 28.000
11.545 -4.178 151.888 96.000 105.000 30.000
11.545 -3.748 151.892 101.000 111.000 32.000
11.545 -3.319 151.895 103.000 112.000 33.000
11.545 -2.889 151.898 96.000 108.000 25.000
11.545 -2.459 151.902 125.000 134.000 39.000
11.545 -2.029 151.905 138.000 142.000 61.000
11.974 -3.749 151.923 100.000 111.000 29.000
11.974 -3.319 151.926 107.000 118.000 31.000
11.974 -2.889 151.929 99.000 113.000 24.000
11.974 -2.459 151.933 142.000 149.000 50.000
11.973 -2.029 151.936 168.000 172.000 79.000
11.973 -1.599 151.940 129.000 130.000 86.000
12.403 -3.749 151.954 71.000 85.000 17.000
12.403 -3.319 151.957 94.000 107.000 26.000
12.403 -2.889 151.960 101.000 114.000 26.000
12.402 -2.459 151.964 133.000 142.000 46.000
12.402 -2.029 151.967 163.000 167.000 78.000
12.831 -2.889 151.991 88.000 96.000 26.000
12.831 -2.459 151.995 104.000 111.000 41.000
12.831 -2.029 151.998 109.000 113.000 54.000
10.228 -4.181 152.224 101.000 109.000 40.000
10.228 -3.751 152.227 89.000 101.000 31.000
10.228 -3.322 152.231 87.000 99.000 29.000
10.227 -2.892 152.234 93.000 103.000 30.000
10.657 -4.611 152.252 87.000 92.000 38.000
10.657 -4.181 152.255 113.000 121.000 48.000
10.657 -3.752 152.258 95.000 104.000 33.000
10.656 -3.322 152.262 107.000 115.000 39.000
10.656 -2.892 152.265 112.000 122.000 37.000
11.086 -4.612 152.283 91.000 100.000 33.000
11.085 -4.182 152.286 115.000 123.000 44.000
11.085 -3.752 152.289 105.000 114.000 36.000
11.085 -3.322 152.293 110.000 116.000 37.000
11.085 -2.892 152.296 118.000 125.000 38.000
11.085 -2.462 152.299 114.000 120.000 39.000
11.514 -4.612 152.314 100.000 110.000 31.000
11.514 -4.182 152.317 104.000 112.000 31.000
11.514 -3.752 152.320 112.000 119.000 35.000
11.514 -3.322 152.324 121.000 125.000 39.000
11.514 -2.892 152.327 136.000 141.000 46.000
11.514 -2.462 152.331 153.000 158.000 59.000
11.514 -2.032 152.334 166.000 169.000 79.000
11.943 -4.182 152.348 120.000 125.000 34.000
11.943 -3.752 152.351 125.000 129.000 36.000
11.943 -3.322 152.355 141.000 143.000 45.000
11.943 -2.892 152.358 144.000 150.000 47.000
11.943 -2.462 152.362 160.000 165.000 63.000
11.942 -2.032 152.365 174.000 178.000 82.000
11.942 -1.602 152.368 181.000 184.000 107.000
12.372 -4.182 152.379 109.000 117.000 29.000
12.372 -3.752 152.382 140.000 145.000 44.000
12.372 -3.322 152.386 144.000 150.000 46.000
12.371 -2.892 152.389 125.000 134.000 34.000
12.371 -2.462 152.393 130.000 138.000 41.000
12.371 -2.032 152.396 158.000 163.000 70.000
12.371 -1.603 152.399 173.000 177.000 99.000
12.800 -3.752 152.414 101.000 111.000 27.000
12.800 -3.322 152.417 127.000 135.000 40.000
12.800 -2.892 152.420 128.000 137.000 39.000
12.800 -2.462 152.424 141.000 149.000 51.000
12.800 -2.033 152.427 158.000 164.000 69.000
12.800 -1.603 152.430 143.000 147.000 79.000
13.229 -3.322 152.448 78.000 85.000 23.000
13.229 -2.892 152.451 106.000 114.000 32.000
13.229 -2.463 152.455 107.000 114.000 38.000
13.229 -2.033 152.458 127.000 132.000 56.000
13.229 -1.603 152.461 76.000 81.000 41.000
13.658 -2.893 152.482 81.000 86.000 34.000
13.658 -2.463 152.486 78.000 82.000 38.000
10.197 -3.755 152.656 97.000 107.000 37.000
10.197 -3.325 152.659 97.000 106.000 35.000
10.196 -2.895 152.663 112.000 119.000 46.000
10.626 -4.185 152.684 113.000 120.000 47.000
10.625 -3.755 152.687 122.000 129.000 48.000
10.625 -3.325 152.690 121.000 127.000 47.000
10.625 -2.895 152.694 134.000 140.000 58.000
11.055 -5.045 152.708 81.000 85.000 33.000
11.055 -4.615 152.711 109.000 117.000 40.000
11.054 -4.185 152.715 128.000 134.000 50.000
11.054 -3.755 152.718 128.000 132.000 48.000
11.054 -3.325 152.721 124.000 127.000 45.000
11.054 -2.895 152.725 132.000 135.000 52.000
11.054 -2.465 152.728 158.000 161.000 75.000
11.483 -5.045 152.739 104.000 112.000 34.000
11.483 -4.615 152.742 115.000 123.000 35.000
11.483 -4.185 152.746 133.000 138.000 44.000
11.483 -3.755 152.749 141.000 143.000 48.000
11.483 -3.325 152.753 149.000 150.000 55.000
11.483 -2.895 152.756 153.000 155.000 58.000
11.483 -2.465 152.759 164.000 168.000 71.000
11.483 -2.036 152.763 158.000 162.000 80.000
11.912 -4.615 152.773 113.000 119.000 29.000
11.912 -4.185 152.777 141.000 144.000 41.000
11.912 -3.755 152.780 158.000 157.000 53.000
11.912 -3.325 152.784 161.000 161.000 58.000
11.912 -2.896 152.787 159.000 162.000 56.000
11.911 -2.466 152.790 174.000 176.000 76.000
11.911 -2.036 152.794 178.000 181.000 86.000
11.911 -1.606 152.797 170.000 173.000 97.000
12.341 -4.615 152.805 101.000 109.000 26.000
12.341 -4.185 152.808 138.000 142.000 42.000
12.341 -3.755 152.811 161.000 162.000 55.000
12.341 -3.326 152.815 169.000 170.000 61.000
12.340 -2.896 152.818 153.000 160.000 47.000
12.340 -2.466 152.821 161.000 167.000 61.000
12.340 -2.036 152.825 175.000 179.000 81.000
12.340 -1.606 152.828 191.000 194.000 107.000
12.770 -4.185 152.839 110.000 117.000 33.000
12.769 -3.756 152.842 143.000 147.000 48.000
12.769 -3.326 152.846 157.000 161.000 53.000
12.769 -2.896 152.849 144.000 151.000 44.000
12.769 -2.466 152.852 154.000 159.000 55.000
12.769 -2.036 152.856 161.000 166.000 66.000
12.769 -1.606 152.859 168.000 173.000 85.000
12.769 -1.176 152.863 123.000 125.000 87.000
13.198 -3.756 152.873 109.000 114.000 35.000
13.198 -3.326 152.877 124.000 130.000 37.000
13.198 -2.896 152.880 137.000 144.000 41.000
13.198 -2.466 152.883 143.000 150.000 48.000
13.198 -2.036 152.887 153.000 159.000 60.000
13.198 -1.606 152.890 153.000 158.000 74.000
13.627 -3.756 152.904 86.000 91.000 32.000
13.627 -3.326 152.908 93.000 98.000 31.000
13.627 -2.896 152.911 103.000 110.000 32.000
13.627 -2.466 152.915 113.000 120.000 42.000
13.627 -2.036 152.918 114.000 118.000 49.000
13.626 -1.606 152.921 77.000 80.000 40.000
10.165 -3.328 153.088 98.000 107.000 37.000
10.165 -2.898 153.092 112.000 115.000 56.000
10.595 -4.188 153.112 106.000 112.000 43.000
10.594 -3.758 153.116 128.000 134.000 53.000
10.594 -3.328 153.119 132.000 136.000 54.000
10.594 -2.899 153.123 148.000 149.000 76.000
10.594 -2.469 153.126 84.000 85.000 51.000
11.024 -5.048 153.137 99.000 104.000 42.000
11.023 -4.618 153.140 117.000 125.000 43.000
11.023 -4.188 153.144 125.000 130.000 47.000
11.023 -3.758 153.147 132.000 137.000 49.000
11.023 -3.329 153.150 136.000 140.000 51.000
11.023 -2.899 153.154 158.000 159.000 74.000
11.023 -2.469 153.157 167.000 168.000 90.000
11.452 -5.048 153.168 120.000 128.000 40.000
11.452 -4.618 153.171 127.000 134.000 40.000
11.452 -4.188 153.175 144.000 148.000 49.000
11.452 -3.759 153.178 157.000 157.000 60.000
11.452 -3.329 153.181 161.000 160.000 64.000
11.452 -2.899 153.185 171.000 171.000 75.000
11.452 -2.469 153.188 177.000 179.000 86.000
11.452 -2.039 153.191 163.000 166.000 88.000
11.881 -5.048 153.199 94.000 103.000 24.000
11.881 -4.619 153.202 121.000 128.000 31.000
11.881 -4.189 153.206 157.000 157.000 50.000
11.881 -3.759 153.209 168.000 168.000 60.000
11.881 -3.329 153.212 177.000 176.000 71.000
11.881 -2.899 153.216 172.000 172.000 70.000
11.880 -2.469 153.219 174.000 177.000 77.000
11.880 -2.039 153.223 179.000 183.000 86.000
11.880 -1.609 153.226 134.000 137.000 72.000
12.310 -4.619 153.233 117.000 123.000 31.000
12.310 -4.189 153.237 156.000 157.000 53.000
12.310 -3.759 153.240 170.000 170.000 61.000
12.309 -3.329 153.243 177.000 177.000 67.000
12.309 -2.899 153.247 172.000 175.000 64.000
12.309 -2.469 153.250 174.000 178.000 71.000
12.309 -2.039 153.254 179.000 183.000 82.000
12.309 -1.609 153.257 191.000 193.000 105.000
12.309 -1.179 153.260 93.000 95.000 63.000
12.739 -4.619 153.264 93.000 103.000 30.000
12.739 -4.189 153.268 133.000 138.000 44.000
12.738 -3.759 153.271 157.000 158.000 55.000
12.738 -3.329 153.274 166.000 166.000 58.000
12.738 -2.899 153.278 156.000 158.000 50.000
12.738 -2.469 153.281 164.000 166.000 61.000
12.738 -2.039 153.285 172.000 175.000 74.000
12.738 -1.609 153.288 178.000 182.000 90.000
12.738 -1.179 153.291 155.000 156.000 95.000
13.167 -4.189 153.299 98.000 103.000 37.000
13.167 -3.759 153.302 144.000 146.000 53.000
13.167 -3.329 153.306 155.000 157.000 51.000
13.167 -2.899 153.309 142.000 148.000 41.000
13.167 -2.469 153.312 155.000 158.000 52.000
13.167 -2.039 153.316 159.000 162.000 61.000
13.167 -1.610 153.319 159.000 164.000 72.000
13.166 -1.180 153.322 128.000 130.000 71.000
13.596 -4.189 153.330 79.000 81.000 40.000
13.596 -3.759 153.333 118.000 120.000 49.000
13.596 -3.329 153.337 139.000 142.000 49.000
13.596 -2.899 153.340 137.000 143.000 45.000
13.596 -2.469 153.343 141.000 147.000 50.000
13.596 -2.040 153.347 151.000 156.000 61.000
13.595 -1.610 153.350 145.000 150.000 69.000
14.025 -2.899 153.371 79.000 84.000 27.000
10.563 -4.192 153.541 103.000 111.000 41.000
10.563 -3.762 153.545 112.000 119.000 43.000
10.563 -3.332 153.548 117.000 123.000 44.000
10.563 -2.902 153.551 114.000 116.000 51.000
10.993 -5.052 153.566 121.000 127.000 51.000
10.992 -4.622 153.569 136.000 144.000 57.000
10.992 -4.192 153.572 127.000 132.000 50.000
10.992 -3.762 153.576 131.000 136.000 49.000
10.992 -3.332 153.579 144.000 147.000 58.000
10.992 -2.902 153.582 161.000 161.000 80.000
10.992 -2.472 153.586 143.000 143.000 78.000
11.421 -5.052 153.597 137.000 143.000 49.000
11.421 -4.622 153.600 142.000 147.000 51.000
11.421 -4.192 153.603 146.000 149.000 54.000
11.421 -3.762 153.607 151.000 154.000 58.000
11.421 -3.332 153.610 156.000 157.000 63.000
11.421 -2.902 153.613 171.000 172.000 80.000
11.421 -2.472 153.617 180.000 183.000 93.000
11.420 -2.042 153.620 143.000 145.000 79.000
11.850 -5.482 153.624 94.000 97.000 33.000
11.850 -5.052 153.628 125.000 132.000 36.000
11.850 -4.622 153.631 142.000 146.000 43.000
11.850 -4.192 153.634 153.000 155.000 52.000
11.850 -3.762 153.638 162.000 163.000 59.000
11.850 -3.332 153.641 171.000 172.000 70.000
11.850 -2.902 153.645 179.000 182.000 80.000
11.849 -2.472 153.648 180.000 184.000 85.000
11.849 -2.042 153.651 184.000 189.000 95.000
11.849 -1.613 153.655 96.000 99.000 59.000
12.279 -5.052 153.659 120.000 127.000 38.000
12.279 -4.622 153.662 147.000 149.000 48.000
12.279 -4.192 153.665 157.000 159.000 54.000
12.279 -3.762 153.669 168.000 170.000 62.000
12.278 -3.332 153.672 173.000 175.000 67.000
12.278 -2.902 153.676 178.000 180.000 74.000
12.278 -2.472 153.679 178.000 181.000 79.000
12.278 -2.043 153.682 185.000 188.000 91.000
12.278 -1.613 153.686 189.000 192.000 102.000
12.708 -4.622 153.693 121.000 128.000 41.000
12.707 -4.192 153.697 149.000 151.000 54.000
12.707 -3.762 153.700 162.000 162.000 61.000
12.707 -3.332 153.703 166.000 167.000 61.000
12.707 -2.903 153.707 163.000 164.000 59.000
12.707 -2.473 153.710 171.000 171.000 70.000
12.707 -2.043 153.713 178.000 181.000 80.000
12.707 -1.613 153.717 188.000 191.000 97.000
12.707 -1.183 153.720 153.000 155.000 93.000
13.136 -4.192 153.728 138.000 143.000 54.000
13.136 -3.762 153.731 158.000 157.000 61.000
13.136 -3.333 153.734 162.000 162.000 56.000
13.136 -2.903 153.738 152.000 154.000 48.000
13.136 -2.473 153.741 162.000 162.000 58.000
13.136 -2.043 153.744 166.000 167.000 65.000
13.136 -1.613 153.748 175.000 179.000 84.000
13.135 -1.183 153.751 176.000 178.000 105.000
13.565 -4.192 153.759 100.000 102.000 46.000
13.565 -3.763 153.762 154.000 152.000 65.000
13.565 -3.333 153.765 157.000 156.000 57.000
13.565 -2.903 153.769 143.000 147.000 45.000
13.565 -2.473 153.772 154.000 155.000 55.000
13.564 -2.043 153.775 158.000 159.000 63.000
13.564 -1.613 153.779 162.000 167.000 75.000
13.564 -1.183 153.782 137.000 139.000 82.000
13.994 -3.763 153.793 95.000 95.000 45.000
13.994 -3.333 153.796 133.000 135.000 47.000
13.994 -2.903 153.800 123.000 129.000 42.000
13.993 -2.473 153.803 126.000 130.000 49.000
13.993 -2.043 153.807 126.000 131.000 57.000
13.993 -1.613 153.810 113.000 117.000 58.000
10.532 -3.765 153.973 111.000 119.000 41.000
10.532 -3.335 153.977 107.000 113.000 39.000
10.532 -2.905 153.980 83.000 89.000 31.000
10.961 -5.055 153.994 107.000 112.000 43.000
10.961 -4.625 153.998 136.000 143.000 59.000
10.961 -4.195 154.001 136.000 141.000 58.000
10.961 -3.765 154.004 149.000 154.000 65.000
10.961 -3.335 154.008 137.000 142.000 54.000
10.961 -2.905 154.011 137.000 137.000 62.000
11.390 -5.055 154.025 141.000 147.000 52.000
11.390 -4.625 154.029 151.000 156.000 58.000
11.390 -4.195 154.032 153.000 157.000 62.000
11.390 -3.765 154.036 153.000 156.000 61.000
11.390 -3.335 154.039 154.000 157.000 63.000
11.390 -2.906 154.042 172.000 173.000 85.000
11.390 -2.476 154.046 170.000 172.000 95.000
11.819 -5.485 154.053 104.000 111.000 33.000
11.819 -5.055 154.056 150.000 155.000 52.000
11.819 -4.625 154.060 158.000 163.000 53.000
11.819 -4.195 154.063 159.000 163.000 58.000
11.819 -3.765 154.067 163.000 166.000 64.000
11.819 -3.336 154.070 168.000 171.000 72.000
11.818 -2.906 154.073 178.000 183.000 84.000
11.818 -2.476 154.077 183.000 188.000 92.000
11.818 -2.046 154.080 185.000 190.000 99.000
12.248 -5.485 154.084 111.000 115.000 41.000
12.248 -5.055 154.087 150.000 151.000 55.000
12.248 -4.625 154.091 160.000 163.000 56.000
12.248 -4.195 154.094 162.000 167.000 57.000
12.248 -3.766 154.098 167.000 171.000 63.000
12.247 -3.336 154.101 173.000 178.000 72.000
12.247 -2.906 154.104 179.000 183.000 78.000
12.247 -2.476 154.108 184.000 186.000 88.000
12.247 -2.046 154.111 191.000 194.000 100.000
12.247 -1.616 154.115 135.000 138.000 79.000
12.677 -5.055 154.119 102.000 105.000 40.000
12.677 -4.626 154.122 141.000 145.000 54.000
12.676 -4.196 154.125 160.000 162.000 61.000
12.676 -3.766 154.129 168.000 170.000 65.000
12.676 -3.336 154.132 170.000 171.000 67.000
12.676 -2.906 154.135 170.000 170.000 70.000
12.676 -2.476 154.139 172.000 172.000 75.000
12.676 -2.046 154.142 181.000 182.000 85.000
12.676 -1.616 154.146 195.000 198.000 103.000
12.676 -1.186 154.149 176.000 178.000 106.000
13.105 -4.626 154.153 74.000 80.000 25.000
13.105 -4.196 154.156 147.000 150.000 56.000
13.105 -3.766 154.160 159.000 160.000 59.000
13.105 -3.336 154.163 164.000 163.000 59.000
13.105 -2.906 154.166 159.000 156.000 56.000
13.105 -2.476 154.170 162.000 159.000 60.000
13.105 -2.046 154.173 171.000 170.000 68.000
13.104 -1.616 154.177 188.000 190.000 92.000
13.104 -1.186 154.180 202.000 203.000 119.000
13.534 -4.196 154.187 121.000 125.000 46.000
13.534 -3.766 154.191 159.000 157.000 63.000
13.534 -3.336 154.194 160.000 158.000 55.000
13.534 -2.906 154.198 152.000 152.000 47.000
13.534 -2.476 154.201 158.000 156.000 57.000
13.533 -2.046 154.204 168.000 167.000 66.000
13.533 -1.616 154.208 183.000 185.000 89.000
13.533 -1.186 154.211 194.000 195.000 116.000
13.963 -3.766 154.222 131.000 128.000 57.000
13.963 -3.336 154.225 156.000 152.000 57.000
13.962 -2.906 154.229 144.000 144.000 49.000
13.962 -2.476 154.232 151.000 151.000 58.000
13.962 -2.046 154.235 160.000 162.000 68.000
13.962 -1.617 154.239 171.000 175.000 86.000
13.962 -1.187 154.242 127.000 130.000 77.000
14.391 -3.336 154.256 112.000 116.000 38.000
14.391 -2.906 154.260 126.000 131.000 47.000
14.391 -2.476 154.263 117.000 121.000 48.000
14.391 -2.047 154.266 91.000 93.000 43.000
10.501 -3.339 154.406 112.000 116.000 45.000
10.930 -4.628 154.426 106.000 106.000 54.000
10.930 -4.198 154.430 164.000 163.000 86.000
10.930 -3.769 154.433 136.000 140.000 58.000
10.930 -3.339 154.437 126.000 130.000 53.000
10.930 -2.909 154.440 90.000 94.000 37.000
11.359 -5.058 154.454 133.000 138.000 51.000
11.359 -4.629 154.458 174.000 176.000 79.000
11.359 -4.199 154.461 175.000 176.000 83.000
11.359 -3.769 154.464 152.000 154.000 65.000
11.359 -3.339 154.468 132.000 138.000 53.000
11.359 -2.909 154.471 156.000 156.000 77.000
11.358 -2.479 154.474 143.000 145.000 77.000
11.788 -5.488 154.482 121.000 128.000 39.000
11.788 -5.059 154.485 140.000 146.000 45.000
11.788 -4.629 154.489 166.000 169.000 60.000
11.788 -4.199 154.492 172.000 175.000 69.000
11.788 -3.769 154.495 164.000 167.000 69.000
11.788 -3.339 154.499 158.000 162.000 71.000
11.787 -2.909 154.502 173.000 175.000 88.000
11.787 -2.479 154.505 182.000 187.000 96.000
11.787 -2.049 154.509 184.000 188.000 100.000
12.217 -5.489 154.513 114.000 122.000 37.000
12.217 -5.059 154.516 145.000 149.000 50.000
12.217 -4.629 154.520 159.000 162.000 56.000
12.217 -4.199 154.523 165.000 167.000 63.000
12.216 -3.769 154.526 172.000 176.000 71.000
12.216 -3.339 154.530 171.000 175.000 76.000
12.216 -2.909 154.533 182.000 185.000 89.000
12.216 -2.479 154.537 188.000 190.000 97.000
12.216 -2.049 154.540 177.000 181.000 93.000
12.216 -1.619 154.543 99.000 102.000 65.000
12.646 -5.489 154.544 107.000 108.000 52.000
12.646 -5.059 154.547 151.000 152.000 63.000
12.645 -4.629 154.551 145.000 148.000 53.000
12.645 -4.199 154.554 162.000 163.000 65.000
12.645 -3.769 154.557 164.000 165.000 64.000
12.645 -3.339 154.561 169.000 169.000 69.000
12.645 -2.909 154.564 163.000 160.000 69.000
12.645 -2.479 154.568 181.000 180.000 85.000
12.645 -2.049 154.571 199.000 200.000 104.000
12.645 -1.620 154.574 200.000 201.000 114.000
12.645 -1.190 154.578 103.000 105.000 79.000
13.074 -5.059 154.578 101.000 102.000 48.000
13.074 -4.629 154.582 136.000 140.000 51.000
13.074 -4.199 154.585 149.000 151.000 57.000
13.074 -3.769 154.589 161.000 161.000 61.000
13.074 -3.339 154.592 169.000 166.000 64.000
13.074 -2.909 154.595 159.000 154.000 58.000
13.074 -2.479 154.599 173.000 171.000 71.000
13.074 -2.050 154.602 190.000 188.000 88.000
13.073 -1.620 154.605 207.000 208.000 114.000
13.073 -1.190 154.609 184.000 185.000 107.000
13.073 -0.760 154.612 104.000 106.000 75.000
13.503 -4.629 154.613 119.000 126.000 45.000
13.503 -4.199 154.616 143.000 143.000 56.000
13.503 -3.769 154.620 157.000 153.000 60.000
13.503 -3.339 154.623 163.000 160.000 58.000
13.503 -2.910 154.626 155.000 152.000 53.000
13.502 -2.480 154.630 167.000 164.000 64.000
13.502 -2.050 154.633 179.000 179.000 77.000
13.502 -1.620 154.636 194.000 196.000 100.000
13.502 -1.190 154.640 184.000 185.000 116.000
13.932 -4.199 154.647 136.000 134.000 63.000
13.932 -3.769 154.651 161.000 156.000 67.000
13.932 -3.340 154.654 161.000 156.000 59.000
13.931 -2.910 154.657 149.000 149.000 51.000
13.931 -2.480 154.661 157.000 155.000 60.000
13.931 -2.050 154.664 169.000 168.000 74.000
13.931 -1.620 154.667 182.000 186.000 93.000
13.931 -1.190 154.671 165.000 167.000 109.000
14.360 -3.770 154.682 137.000 133.000 64.000
14.360 -3.340 154.685 149.000 145.000 55.000
14.360 -2.910 154.688 137.000 139.000 49.000
14.360 -2.480 154.692 150.000 151.000 64.000
14.360 -2.050 154.695 153.000 155.000 76.000
14.360 -1.620 154.699 93.000 95.000 52.000
10.899 -4.202 154.859 125.000 126.000 55.000
10.899 -3.772 154.862 111.000 114.000 43.000
10.899 -3.342 154.865 111.000 114.000 47.000
10.899 -2.912 154.869 94.000 98.000 40.000
11.328 -5.062 154.883 99.000 102.000 38.000
11.328 -4.632 154.886 159.000 159.000 74.000
11.328 -4.202 154.890 177.000 175.000 86.000
11.328 -3.772 154.893 148.000 150.000 65.000
11.328 -3.342 154.896 129.000 134.000 55.000
11.328 -2.912 154.900 112.000 115.000 47.000
11.757 -5.492 154.911 106.000 114.000 32.000
11.757 -5.062 154.914 150.000 156.000 51.000
11.757 -4.632 154.917 174.000 179.000 63.000
11.757 -4.202 154.921 180.000 184.000 78.000
11.757 -3.772 154.924 165.000 168.000 74.000
11.756 -3.342 154.928 133.000 137.000 56.000
11.756 -2.912 154.931 162.000 164.000 83.000
11.756 -2.482 154.934 180.000 183.000 96.000
11.756 -2.053 154.938 157.000 160.000 87.000
12.186 -5.492 154.942 120.000 126.000 40.000
12.186 -5.062 154.945 152.000 155.000 55.000
12.186 -4.632 154.948 169.000 173.000 61.000
12.186 -4.202 154.952 167.000 171.000 63.000
12.185 -3.772 154.955 157.000 161.000 62.000
12.185 -3.342 154.959 154.000 155.000 66.000
12.185 -2.913 154.962 174.000 176.000 85.000
12.185 -2.483 154.965 184.000 188.000 93.000
12.185 -2.053 154.969 192.000 195.000 104.000
12.615 -5.492 154.973 129.000 131.000 59.000
12.615 -5.062 154.976 144.000 146.000 60.000
12.614 -4.632 154.979 160.000 164.000 61.000
12.614 -4.202 154.983 165.000 169.000 64.000
12.614 -3.772 154.986 169.000 170.000 66.000
12.614 -3.343 154.990 171.000 171.000 68.000
12.614 -2.913 154.993 179.000 180.000 80.000
12.614 -2.483 154.996 190.000 192.000 92.000
12.614 -2.053 155.000 197.000 200.000 104.000
12.614 -1.623 155.003 114.000 115.000 86.000
13.043 -5.492 155.004 102.000 102.000 54.000
13.043 -5.062 155.007 150.000 149.000 68.000
13.043 -4.632 155.011 150.000 152.000 56.000
13.043 -4.202 155.014 165.000 166.000 65.000
13.043 -3.773 155.017 169.000 171.000 61.000
13.043 -3.343 155.021 181.000 177.000 70.000
13.043 -2.913 155.024 174.000 171.000 68.000
13.043 -2.483 155.027 188.000 185.000 85.000
13.043 -2.053 155.031 196.000 195.000 99.000
13.042 -1.623 155.034 208.000 209.000 117.000
13.042 -1.193 155.038 150.000 152.000 96.000
13.472 -5.062 155.038 114.000 114.000 54.000
13.472 -4.633 155.042 141.000 145.000 53.000
13.472 -4.203 155.045 153.000 152.000 59.000
13.472 -3.773 155.048 165.000 164.000 62.000
13.472 -3.343 155.052 163.000 163.000 55.000
13.472 -2.913 155.055 168.000 166.000 63.000
13.471 -2.483 155.058 179.000 175.000 77.000
13.471 -2.053 155.062 193.000 191.000 96.000
13.471 -1.623 155.065 207.000 209.000 114.000
13.471 -1.193 155.069 177.000 179.000 131.000
13.901 -4.633 155.073 100.000 108.000 38.000
13.901 -4.203 155.076 147.000 146.000 63.000
13.901 -3.773 155.079 163.000 160.000 67.000
13.900 -3.343 155.083 164.000 162.000 61.000
13.900 -2.913 155.086 157.000 159.000 56.000
13.900 -2.483 155.090 171.000 170.000 73.000
13.900 -2.053 155.093 182.000 182.000 88.000
13.900 -1.623 155.096 189.000 194.000 96.000
13.900 -1.193 155.100 177.000 179.000 118.000
14.329 -3.773 155.110 145.000 144.000 66.000
14.329 -3.343 155.114 158.000 157.000 64.000
14.329 -2.913 155.117 153.000 153.000 60.000
14.329 -2.483 155.121 164.000 164.000 75.000
14.329 -2.053 155.124 173.000 176.000 89.000
14.329 -1.623 155.127 175.000 180.000 97.000
14.758 -3.343 155.145 110.000 111.000 52.000
14.758 -2.913 155.148 114.000 119.000 53.000
14.758 -2.483 155.152 90.000 92.000 47.000
14.758 -2.053 155.155 79.000 80.000 47.000
10.868 -4.205 155.287 96.000 102.000 34.000
10.868 -3.775 155.291 103.000 108.000 41.000
10.868 -3.345 155.294 94.000 98.000 41.000
11.297 -4.635 155.315 122.000 122.000 53.000
11.297 -4.205 155.318 167.000 168.000 77.000
11.297 -3.775 155.322 148.000 151.000 67.000
11.297 -3.346 155.325 117.000 122.000 51.000
11.297 -2.916 155.329 108.000 114.000 44.000
11.726 -5.065 155.343 158.000 162.000 59.000
11.726 -4.635 155.346 192.000 195.000 81.000
11.726 -4.205 155.350 183.000 185.000 81.000
11.726 -3.776 155.353 159.000 162.000 71.000
11.725 -3.346 155.356 126.000 132.000 54.000
11.725 -2.916 155.360 149.000 152.000 71.000
11.725 -2.486 155.363 155.000 159.000 74.000
12.155 -5.925 155.367 76.000 82.000 28.000
12.155 -5.495 155.370 131.000 137.000 45.000
12.155 -5.065 155.374 151.000 156.000 51.000
12.155 -4.636 155.377 172.000 178.000 58.000
12.154 -4.206 155.381 164.000 168.000 59.000
12.154 -3.776 155.384 160.000 164.000 65.000
12.154 -3.346 155.387 149.000 152.000 63.000
12.154 -2.916 155.391 179.000 180.000 91.000
12.154 -2.486 155.394 188.000 191.000 99.000
12.154 -2.056 155.397 191.000 195.000 103.000
12.584 -5.495 155.402 148.000 150.000 65.000
12.584 -5.066 155.405 166.000 168.000 68.000
12.583 -4.636 155.408 178.000 180.000 68.000
12.583 -4.206 155.412 174.000 177.000 65.000
12.583 -3.776 155.415 181.000 182.000 73.000
12.583 -3.346 155.418 189.000 189.000 83.000
12.583 -2.916 155.422 192.000 192.000 92.000
12.583 -2.486 155.425 189.000 192.000 94.000
12.583 -2.056 155.429 197.000 200.000 105.000
12.583 -1.626 155.432 124.000 126.000 85.000
13.012 -5.496 155.433 141.000 141.000 68.000
13.012 -5.066 155.436 162.000 163.000 69.000
13.012 -4.636 155.439 164.000 165.000 60.000
13.012 -4.206 155.443 169.000 170.000 59.000
13.012 -3.776 155.446 175.000 177.000 61.000
13.012 -3.346 155.449 186.000 187.000 70.000
13.012 -2.916 155.453 191.000 190.000 81.000
13.012 -2.486 155.456 193.000 193.000 91.000
13.011 -2.056 155.460 203.000 204.000 110.000
13.011 -1.626 155.463 212.000 214.000 121.000
13.011 -1.197 155.466 158.000 160.000 115.000
13.441 -5.066 155.467 143.000 141.000 65.000
13.441 -4.636 155.470 153.000 153.000 61.000
13.441 -4.206 155.474 163.000 161.000 62.000
13.441 -3.776 155.477 164.000 164.000 56.000
13.441 -3.346 155.481 156.000 165.000 43.000
13.441 -2.916 155.484 178.000 178.000 68.000
13.440 -2.486 155.487 183.000 182.000 80.000
13.440 -2.056 155.491 196.000 196.000 101.000
13.440 -1.627 155.494 212.000 214.000 119.000
13.440 -1.197 155.497 197.000 199.000 131.000
13.870 -4.636 155.501 128.000 134.000 52.000
13.870 -4.206 155.505 156.000 154.000 69.000
13.870 -3.776 155.508 165.000 164.000 67.000
13.869 -3.346 155.512 163.000 171.000 52.000
13.869 -2.916 155.515 162.000 166.000 58.000
13.869 -2.486 155.518 173.000 175.000 75.000
13.869 -2.057 155.522 186.000 188.000 92.000
13.869 -1.627 155.525 199.000 204.000 105.000
13.869 -1.197 155.528 202.000 205.000 126.000
14.298 -4.206 155.536 120.000 121.000 60.000
14.298 -3.776 155.539 163.000 165.000 72.000
14.298 -3.346 155.543 165.000 168.000 67.000
14.298 -2.917 155.546 158.000 161.000 65.000
14.298 -2.487 155.549 169.000 171.000 80.000
14.298 -2.057 155.553 179.000 183.000 91.000
14.298 -1.627 155.556 188.000 194.000 102.000
14.298 -1.197 155.559 106.000 110.000 62.000
14.727 -3.776 155.570 99.000 100.000 54.000
14.727 -3.347 155.574 147.000 148.000 73.000
14.727 -2.917 155.577 145.000 148.000 73.000
14.727 -2.487 155.580 139.000 141.000 76.000
14.727 -2.057 155.584 149.000 153.000 85.000
14.727 -1.627 155.587 86.000 88.000 54.000
10.837 -2.919 155.726 86.000 95.000 32.000
11.266 -4.639 155.744 103.000 110.000 32.000
11.266 -4.209 155.747 134.000 137.000 58.000
11.266 -3.779 155.751 120.000 123.000 53.000
11.266 -3.349 155.754 108.000 113.000 49.000
11.265 -2.919 155.757 100.000 108.000 39.000
11.695 -5.069 155.772 103.000 107.000 38.000
11.695 -4.639 155.775 173.000 175.000 73.000
11.695 -4.209 155.778 183.000 184.000 90.000
11.695 -3.779 155.782 165.000 165.000 81.000
11.694 -3.349 155.785 129.000 135.000 58.000
11.694 -2.919 155.788 117.000 124.000 48.000
11.694 -2.489 155.792 87.000 91.000 37.000
12.124 -5.499 155.799 104.000 112.000 36.000
12.124 -5.069 155.803 147.000 151.000 51.000
12.124 -4.639 155.806 174.000 177.000 66.000
12.123 -4.209 155.809 178.000 180.000 77.000
12.123 -3.779 155.813 160.000 163.000 68.000
12.123 -3.349 155.816 145.000 151.000 62.000
12.123 -2.919 155.820 173.000 174.000 85.000
12.123 -2.489 155.823 191.000 193.000 105.000
12.123 -2.059 155.826 183.000 185.000 111.000
12.553 -5.499 155.830 143.000 145.000 61.000
12.552 -5.069 155.834 158.000 159.000 62.000
12.552 -4.639 155.837 166.000 168.000 61.000
12.552 -4.209 155.840 177.000 179.000 71.000
12.552 -3.779 155.844 179.000 180.000 75.000
12.552 -3.349 155.847 176.000 179.000 76.000
12.552 -2.919 155.851 188.000 189.000 92.000
12.552 -2.489 155.854 190.000 193.000 97.000
12.552 -2.060 155.857 196.000 199.000 106.000
12.551 -1.630 155.861 146.000 148.000 99.000
12.981 -5.499 155.861 145.000 143.000 68.000
12.981 -5.069 155.865 161.000 161.000 68.000
12.981 -4.639 155.868 165.000 166.000 61.000
12.981 -4.209 155.871 168.000 169.000 58.000
12.981 -3.779 155.875 170.000 171.000 59.000
12.981 -3.349 155.878 175.000 177.000 63.000
12.981 -2.920 155.882 193.000 194.000 86.000
12.981 -2.490 155.885 192.000 194.000 93.000
12.980 -2.060 155.888 203.000 205.000 111.000
12.980 -1.630 155.892 200.000 202.000 118.000
13.410 -5.069 155.896 152.000 151.000 70.000
13.410 -4.639 155.899 160.000 159.000 64.000
13.410 -4.209 155.903 163.000 163.000 59.000
13.410 -3.779 155.906 166.000 168.000 56.000
13.410 -3.350 155.909 165.000 168.000 54.000
13.409 -2.920 155.913 181.000 182.000 72.000
13.409 -2.490 155.916 189.000 191.000 87.000
13.409 -2.060 155.919 203.000 204.000 108.000
13.409 -1.630 155.923 212.000 214.000 123.000
13.409 -1.200 155.926 161.000 163.000 124.000
13.839 -5.069 155.927 88.000 88.000 46.000
13.839 -4.639 155.930 135.000 135.000 57.000
13.839 -4.209 155.934 154.000 153.000 66.000
13.838 -3.780 155.937 167.000 168.000 68.000
13.838 -3.350 155.940 173.000 176.000 65.000
13.838 -2.920 155.944 169.000 172.000 65.000
13.838 -2.490 155.947 180.000 183.000 79.000
13.838 -2.060 155.950 193.000 196.000 97.000
13.838 -1.630 155.954 209.000 212.000 120.000
13.838 -1.200 155.957 203.000 206.000 139.000
14.267 -4.210 155.965 143.000 143.000 68.000
14.267 -3.780 155.968 167.000 170.000 77.000
14.267 -3.350 155.971 172.000 176.000 76.000
14.267 -2.920 155.975 162.000 164.000 68.000
14.267 -2.490 155.978 176.000 178.000 84.000
14.267 -2.060 155.982 187.000 190.000 95.000
14.267 -1.630 155.985 192.000 197.000 106.000
14.267 -1.200 155.988 107.000 110.000 67.000
14.696 -3.780 155.999 137.000 139.000 74.000
14.696 -3.350 156.002 168.000 171.000 87.000
14.696 -2.920 156.006 160.000 161.000 81.000
14.696 -2.490 156.009 171.000 174.000 91.000
14.696 -2.060 156.013 176.000 180.000 98.000
14.695 -1.630 156.016 137.000 139.000 83.000
11.234 -2.922 156.186 83.000 92.000 32.000
11.664 -4.212 156.207 145.000 145.000 72.000
11.663 -3.782 156.210 141.000 142.000 73.000
11.663 -3.352 156.214 130.000 137.000 62.000
11.663 -2.923 156.217 102.000 111.000 41.000
12.093 -5.072 156.231 147.000 151.000 59.000
12.092 -4.642 156.235 175.000 177.000 75.000
12.092 -4.212 156.238 187.000 185.000 93.000
12.092 -3.782 156.242 164.000 165.000 75.000
12.092 -3.353 156.245 130.000 137.000 54.000
12.092 -2.923 156.248 142.000 148.000 62.000
12.092 -2.493 156.252 165.000 169.000 80.000
12.092 -2.063 156.255 108.000 110.000 70.000
12.522 -5.502 156.259 130.000 132.000 54.000
12.521 -5.072 156.262 151.000 152.000 59.000
12.521 -4.642 156.266 159.000 160.000 57.000
12.521 -4.212 156.269 172.000 173.000 70.000
12.521 -3.783 156.273 168.000 169.000 70.000
12.521 -3.353 156.276 160.000 164.000 66.000
12.521 -2.923 156.279 180.000 180.000 85.000
12.521 -2.493 156.283 191.000 193.000 102.000
12.521 -2.063 156.286 194.000 197.000 108.000
12.950 -5.502 156.290 142.000 140.000 63.000
12.950 -5.072 156.294 158.000 159.000 64.000
12.950 -4.643 156.297 163.000 164.000 60.000
12.950 -4.213 156.300 164.000 168.000 56.000
12.950 -3.783 156.304 165.000 170.000 57.000
12.950 -3.353 156.307 161.000 168.000 55.000
12.950 -2.923 156.310 188.000 190.000 84.000
12.949 -2.493 156.314 200.000 202.000 104.000
12.949 -2.063 156.317 206.000 208.000 118.000
12.949 -1.633 156.321 154.000 156.000 111.000
13.379 -5.073 156.325 154.000 152.000 68.000
13.379 -4.643 156.328 158.000 155.000 61.000
13.379 -4.213 156.331 162.000 164.000 58.000
13.379 -3.783 156.335 166.000 170.000 58.000
13.379 -3.353 156.338 176.000 180.000 66.000
13.378 -2.923 156.341 187.000 190.000 79.000
13.378 -2.493 156.345 195.000 198.000 93.000
13.378 -2.063 156.348 211.000 212.000 119.000
13.378 -1.633 156.352 209.000 210.000 124.000
13.808 -4.643 156.359 136.000 134.000 55.000
13.808 -4.213 156.362 146.000 149.000 56.000
13.807 -3.783 156.366 159.000 164.000 61.000
13.807 -3.353 156.369 179.000 184.000 73.000
13.807 -2.923 156.372 175.000 183.000 69.000
13.807 -2.493 156.376 193.000 195.000 89.000
13.807 -2.063 156.379 205.000 207.000 108.000
13.807 -1.633 156.383 214.000 216.000 130.000
13.807 -1.204 156.386 161.000 164.000 120.000
14.236 -4.643 156.390 76.000 81.000 30.000
14.236 -4.213 156.393 139.000 142.000 59.000
14.236 -3.783 156.397 164.000 167.000 75.000
14.236 -3.353 156.400 181.000 186.000 88.000
14.236 -2.923 156.404 171.000 173.000 78.000
14.236 -2.493 156.407 187.000 190.000 91.000
14.236 -2.063 156.410 198.000 201.000 103.000
14.236 -1.634 156.414 206.000 209.000 124.000
14.236 -1.204 156.417 112.000 115.000 73.000
14.665 -3.783 156.428 149.000 151.000 80.000
14.665 -3.353 156.431 179.000 183.000 95.000
14.665 -2.923 156.435 161.000 165.000 78.000
14.665 -2.493 156.438 183.000 187.000 96.000
14.665 -2.064 156.441 193.000 197.000 109.000
14.664 -1.634 156.445 164.000 165.000 105.000
12.061 -4.216 156.667 162.000 163.000 75.000
12.061 -3.786 156.670 153.000 156.000 71.000
12.061 -3.356 156.674 121.000 128.000 53.000
12.061 -2.926 156.677 106.000 115.000 38.000
12.061 -2.496 156.680 79.000 92.000 23.000
12.490 -5.506 156.688 75.000 81.000 29.000
12.490 -5.076 156.691 126.000 131.000 44.000
12.490 -4.646 156.695 160.000 160.000 61.000
12.490 -4.216 156.698 157.000 160.000 62.000
12.490 -3.786 156.701 152.000 158.000 60.000
12.490 -3.356 156.705 128.000 135.000 46.000
12.490 -2.926 156.708 149.000 153.000 61.000
12.490 -2.496 156.712 182.000 184.000 93.000
12.490 -2.066 156.715 153.000 156.000 96.000
12.919 -5.506 156.719 134.000 135.000 58.000
12.919 -5.076 156.722 148.000 149.000 56.000
12.919 -4.646 156.726 161.000 161.000 59.000
12.919 -4.216 156.729 160.000 163.000 57.000
12.919 -3.786 156.732 156.000 163.000 54.000
12.919 -3.356 156.736 154.000 161.000 55.000
12.919 -2.926 156.739 181.000 183.000 82.000
12.918 -2.496 156.743 198.000 200.000 106.000
12.918 -2.066 156.746 207.000 208.000 122.000
13.348 -5.506 156.750 87.000 84.000 47.000
13.348 -5.076 156.753 149.000 147.000 67.000
13.348 -4.646 156.757 158.000 156.000 63.000
13.348 -4.216 156.760 157.000 159.000 58.000
13.348 -3.786 156.763 159.000 164.000 56.000
13.347 -3.356 156.767 176.000 181.000 70.000
13.347 -2.926 156.770 189.000 195.000 83.000
13.347 -2.496 156.774 198.000 201.000 100.000
13.347 -2.067 156.777 211.000 212.000 123.000
13.347 -1.637 156.780 139.000 140.000 106.000
13.777 -5.076 156.784 129.000 125.000 70.000
13.777 -4.646 156.788 136.000 135.000 53.000
13.777 -4.216 156.791 142.000 147.000 53.000
13.776 -3.786 156.795 153.000 158.000 58.000
13.776 -3.356 156.798 180.000 185.000 79.000
13.776 -2.927 156.801 170.000 180.000 62.000
13.776 -2.497 156.805 195.000 199.000 93.000
13.776 -2.067 156.808 215.000 216.000 124.000
13.776 -1.637 156.811 201.000 202.000 128.000
14.205 -4.216 156.822 136.000 140.000 57.000
14.205 -3.786 156.826 164.000 167.000 76.000
14.205 -3.357 156.829 182.000 186.000 90.000
14.205 -2.927 156.832 171.000 178.000 73.000
14.205 -2.497 156.836 192.000 195.000 94.000
14.205 -2.067 156.839 209.000 212.000 116.000
14.205 -1.637 156.842 209.000 209.000 133.000
14.634 -3.787 156.857 170.000 172.000 91.000
14.634 -3.357 156.860 186.000 189.000 96.000
14.634 -2.927 156.863 163.000 170.000 72.000
14.634 -2.497 156.867 189.000 192.000 99.000
14.634 -2.067 156.870 202.000 204.000 117.000
14.633 -1.637 156.874 148.000 150.000 112.000
15.063 -3.357 156.891 101.000 103.000 55.000
15.062 -2.497 156.898 87.000 88.000 54.000
12.459 -4.219 157.127 144.000 147.000 59.000
12.459 -3.789 157.130 135.000 140.000 51.000
12.459 -3.359 157.134 125.000 132.000 45.000
12.459 -2.930 157.137 117.000 125.000 39.000
12.459 -2.500 157.140 75.000 83.000 22.000
12.888 -5.509 157.148 87.000 90.000 38.000
12.888 -5.079 157.151 127.000 130.000 48.000
12.888 -4.649 157.154 136.000 138.000 49.000
12.888 -4.219 157.158 137.000 142.000 48.000
12.888 -3.789 157.161 132.000 137.000 46.000
12.888 -3.360 157.165 170.000 171.000 77.000
12.888 -2.930 157.168 182.000 183.000 89.000
12.887 -2.500 157.171 192.000 193.000 105.000
12.887 -2.070 157.175 193.000 196.000 125.000
13.317 -5.079 157.182 131.000 133.000 57.000
13.317 -4.649 157.186 139.000 139.000 54.000
13.317 -4.219 157.189 132.000 136.000 48.000
13.317 -3.790 157.192 163.000 165.000 69.000
13.316 -3.360 157.196 189.000 191.000 90.000
13.316 -2.930 157.199 196.000 195.000 99.000
13.316 -2.500 157.202 206.000 206.000 118.000
13.316 -2.070 157.206 209.000 209.000 128.000
13.746 -5.079 157.213 115.000 116.000 56.000
13.746 -4.650 157.217 119.000 124.000 46.000
13.745 -4.220 157.220 139.000 141.000 57.000
13.745 -3.790 157.223 158.000 160.000 67.000
13.745 -3.360 157.227 174.000 178.000 74.000
13.745 -2.930 157.230 175.000 178.000 75.000
13.745 -2.500 157.233 197.000 198.000 104.000
13.745 -2.070 157.237 208.000 208.000 125.000
13.745 -1.640 157.240 116.000 117.000 89.000
14.174 -4.650 157.248 90.000 95.000 39.000
14.174 -4.220 157.251 135.000 139.000 58.000
14.174 -3.790 157.254 157.000 160.000 70.000
14.174 -3.360 157.258 187.000 190.000 90.000
14.174 -2.930 157.261 186.000 190.000 88.000
14.174 -2.500 157.264 203.000 205.000 109.000
14.174 -2.070 157.268 215.000 217.000 131.000
14.174 -1.640 157.271 183.000 186.000 129.000
14.603 -3.790 157.285 166.000 169.000 85.000
14.603 -3.360 157.289 199.000 201.000 106.000
14.603 -2.930 157.292 186.000 190.000 91.000
14.603 -2.500 157.296 207.000 209.000 118.000
14.602 -2.070 157.299 214.000 215.000 136.000
14.602 -1.640 157.302 141.000 143.000 108.000
15.032 -3.360 157.320 115.000 115.000 76.000
15.031 -2.930 157.323 184.000 188.000 98.000
15.031 -2.500 157.327 135.000 136.000 82.000
12.857 -3.793 157.590 98.000 99.000 41.000
12.857 -3.363 157.593 137.000 138.000 72.000
12.856 -2.933 157.597 113.000 119.000 44.000
12.856 -2.503 157.600 80.000 89.000 27.000
13.286 -5.083 157.611 124.000 123.000 59.000
13.286 -4.653 157.614 131.000 130.000 54.000
13.286 -4.223 157.618 141.000 140.000 62.000
13.285 -3.793 157.621 175.000 172.000 89.000
13.285 -3.363 157.624 193.000 191.000 106.000
13.285 -2.933 157.628 204.000 202.000 120.000
13.285 -2.503 157.631 192.000 192.000 112.000
13.285 -2.073 157.635 96.000 98.000 69.000
13.715 -5.083 157.642 110.000 108.000 59.000
13.715 -4.653 157.645 131.000 130.000 60.000
13.714 -4.223 157.649 150.000 149.000 70.000
13.714 -3.793 157.652 175.000 173.000 85.000
13.714 -3.363 157.655 191.000 191.000 95.000
13.714 -2.933 157.659 214.000 214.000 124.000
13.714 -2.503 157.662 216.000 215.000 137.000
13.714 -2.073 157.666 178.000 179.000 132.000
14.143 -4.653 157.676 95.000 92.000 55.000
14.143 -4.223 157.680 170.000 164.000 95.000
14.143 -3.793 157.683 177.000 176.000 90.000
14.143 -3.363 157.687 189.000 189.000 91.000
14.143 -2.933 157.690 199.000 201.000 100.000
14.143 -2.503 157.693 214.000 214.000 129.000
14.143 -2.074 157.697 209.000 211.000 145.000
14.572 -3.793 157.714 165.000 168.000 82.000
14.572 -3.363 157.718 185.000 188.000 90.000
14.572 -2.934 157.721 195.000 197.000 100.000
14.572 -2.504 157.724 212.000 213.000 130.000
14.571 -2.074 157.728 210.000 211.000 150.000
15.001 -3.364 157.749 94.000 96.000 46.000
15.000 -2.934 157.752 167.000 171.000 87.000
15.000 -2.504 157.755 185.000 185.000 115.000
15.000 -2.074 157.759 149.000 150.000 124.000
13.254 -3.796 158.050 115.000 116.000 53.000
13.254 -3.366 158.053 117.000 120.000 50.000
13.254 -2.937 158.057 128.000 132.000 53.000
13.683 -4.656 158.074 133.000 130.000 74.000
13.683 -4.226 158.078 172.000 170.000 95.000
13.683 -3.796 158.081 186.000 184.000 101.000
13.683 -3.367 158.084 194.000 194.000 103.000
13.683 -2.937 158.088 206.000 204.000 121.000
13.683 -2.507 158.091 146.000 148.000 87.000
14.112 -4.226 158.109 191.000 188.000 122.000
14.112 -3.797 158.112 200.000 197.000 117.000
14.112 -3.367 158.115 199.000 198.000 105.000
14.112 -2.937 158.119 209.000 210.000 120.000
14.112 -2.507 158.122 203.000 203.000 126.000
14.541 -3.797 158.143 185.000 185.000 107.000
14.541 -3.367 158.146 198.000 201.000 104.000
14.541 -2.937 158.150 208.000 209.000 123.000
14.540 -2.507 158.153 203.000 204.000 146.000
14.970 -3.367 158.177 150.000 153.000 78.000
14.969 -2.937 158.181 131.000 133.000 76.000
14.969 -2.507 158.184 118.000 119.000 92.000
14.081 -3.370 158.544 151.000 154.000 81.000
14.081 -2.940 158.547 186.000 188.000 106.000
14.081 -2.510 158.551 95.000 99.000 57.000
14.510 -3.370 158.575 200.000 201.000 118.000
14.510 -2.940 158.579 208.000 209.000 135.000
14.509 -2.510 158.582 193.000 195.000 141.000
14.938 -3.370 158.606 162.000 163.000 99.000
14.938 -2.940 158.610 205.000 205.000 143.000
14.938 -2.510 158.613 157.000 159.000 128.000
11.235 -4.642 156.173 70.000 84.000 19.000
11.235 -4.212 156.176 74.000 81.000 25.000
11.235 -3.782 156.179 77.000 82.000 31.000
11.235 -3.352 156.183 80.000 86.000 34.000
11.664 -4.642 156.204 133.000 139.000 46.000
11.633 -4.216 156.636 88.000 93.000 34.000
11.632 -3.786 156.639 104.000 108.000 47.000
11.632 -3.356 156.643 102.000 107.000 44.000
11.632 -2.926 156.646 80.000 92.000 26.000
12.061 -4.646 156.664 149.000 150.000 65.000
11.601 -4.219 157.065 89.000 96.000 34.000
11.601 -3.789 157.068 112.000 115.000 52.000
12.030 -4.649 157.092 103.000 108.000 38.000
12.030 -4.219 157.096 164.000 162.000 85.000
12.030 -3.789 157.099 164.000 164.000 82.000
12.459 -5.079 157.120 103.000 108.000 41.000
12.459 -4.649 157.123 133.000 136.000 50.000
11.999 -4.223 157.525 105.000 108.000 44.000
12.428 -4.653 157.552 85.000 89.000 32.000
12.428 -3.793 157.559 88.000 92.000 33.000
12.857 -5.083 157.580 114.000 115.000 49.000
12.857 -4.653 157.583 128.000 129.000 51.000
12.857 -4.223 157.587 131.000 133.000 54.000
12.826 -4.656 158.012 80.000 82.000 30.000
12.826 -4.226 158.015 84.000 86.000 31.000
13.255 -4.656 158.043 110.000 109.000 52.000
13.255 -4.226 158.046 109.000 109.000 53.000
12.030 -3.359 157.102 100.000 106.000 34.000
12.428 -3.363 157.562 98.000 104.000 34.000
12.826 -3.366 158.022 87.000 91.000 32.000
