6.164 -3.053 172.629 75.000 83.000 28.000
5.276 -3.056 172.996 72.000 81.000 28.000
6.562 -2.627 173.093 81.000 91.000 27.000
5.245 -3.489 173.421 107.000 112.000 47.000
5.673 -3.490 173.453 104.000 112.000 40.000
5.673 -3.060 173.456 76.000 84.000 29.000
6.102 -3.490 173.484 114.000 119.000 43.000
6.102 -3.060 173.487 99.000 105.000 39.000
6.102 -2.630 173.490 78.000 88.000 27.000
6.531 -3.060 173.518 108.000 115.000 41.000
6.531 -2.630 173.521 84.000 94.000 27.000
6.960 -3.060 173.549 105.000 111.000 43.000
6.960 -2.200 173.556 113.000 118.000 44.000
5.214 -3.923 173.847 92.000 98.000 43.000
5.643 -3.923 173.878 74.000 83.000 28.000
5.642 -3.493 173.881 94.000 103.000 36.000
5.642 -2.633 173.888 84.000 89.000 34.000
6.071 -3.923 173.909 84.000 95.000 28.000
6.071 -3.493 173.912 112.000 120.000 39.000
6.071 -3.063 173.916 126.000 129.000 52.000
6.071 -2.633 173.919 94.000 101.000 35.000
6.500 -3.923 173.940 76.000 87.000 22.000
6.500 -3.493 173.943 109.000 119.000 33.000
6.500 -3.063 173.947 134.000 139.000 50.000
6.500 -2.633 173.950 112.000 120.000 39.000
6.500 -2.203 173.954 96.000 105.000 32.000
6.929 -3.493 173.974 93.000 105.000 26.000
6.929 -3.063 173.978 123.000 129.000 42.000
6.929 -2.633 173.981 115.000 122.000 43.000
5.183 -4.356 174.272 79.000 80.000 45.000
5.183 -3.926 174.276 92.000 95.000 49.000
5.612 -4.356 174.303 100.000 104.000 51.000
5.612 -3.926 174.307 113.000 118.000 51.000
5.611 -3.496 174.310 96.000 105.000 37.000
5.611 -2.637 174.317 81.000 84.000 36.000
6.040 -4.356 174.334 114.000 120.000 52.000
6.040 -3.926 174.338 124.000 129.000 49.000
6.040 -3.496 174.341 117.000 125.000 40.000
6.040 -3.067 174.345 114.000 121.000 44.000
6.040 -2.637 174.348 90.000 95.000 35.000
6.040 -2.207 174.351 84.000 91.000 32.000
6.469 -3.926 174.369 111.000 120.000 35.000
6.469 -3.497 174.372 111.000 121.000 30.000
6.469 -3.067 174.376 129.000 135.000 43.000
6.469 -2.637 174.379 138.000 141.000 56.000
6.469 -2.207 174.382 86.000 92.000 31.000
6.898 -3.497 174.403 99.000 113.000 23.000
6.898 -3.067 174.407 128.000 135.000 38.000
6.898 -2.637 174.410 150.000 154.000 62.000
7.327 -3.497 174.434 83.000 95.000 20.000
7.326 -3.067 174.438 101.000 112.000 29.000
7.326 -2.637 174.441 124.000 130.000 51.000
5.581 -4.360 174.732 132.000 134.000 76.000
5.580 -3.930 174.735 125.000 128.000 58.000
5.580 -3.500 174.739 113.000 118.000 44.000
5.580 -3.070 174.742 95.000 102.000 40.000
5.580 -2.640 174.746 99.000 102.000 49.000
5.580 -2.210 174.749 112.000 116.000 58.000
6.010 -4.790 174.760 100.000 108.000 48.000
6.009 -4.360 174.763 133.000 136.000 63.000
6.009 -3.930 174.767 135.000 137.000 53.000
6.009 -3.500 174.770 121.000 128.000 39.000
6.009 -3.070 174.773 119.000 126.000 44.000
6.009 -2.640 174.777 98.000 102.000 43.000
6.009 -2.210 174.780 86.000 89.000 39.000
6.438 -4.360 174.794 131.000 137.000 51.000
6.438 -3.930 174.798 134.000 139.000 44.000
6.438 -3.500 174.801 124.000 130.000 33.000
6.438 -3.070 174.804 131.000 136.000 42.000
6.438 -2.640 174.808 138.000 141.000 57.000
6.438 -2.210 174.811 108.000 112.000 47.000
6.437 -1.780 174.814 95.000 99.000 35.000
6.867 -3.930 174.829 118.000 126.000 33.000
6.867 -3.500 174.832 124.000 132.000 31.000
6.867 -3.070 174.835 130.000 136.000 38.000
6.866 -2.640 174.839 142.000 147.000 55.000
6.866 -2.210 174.842 120.000 124.000 53.000
7.296 -3.500 174.863 116.000 126.000 31.000
7.295 -3.070 174.866 123.000 133.000 35.000
7.295 -2.640 174.870 144.000 151.000 54.000
7.295 -2.210 174.873 163.000 165.000 83.000
7.724 -3.070 174.897 84.000 90.000 29.000
7.724 -2.640 174.901 105.000 110.000 40.000
7.724 -2.211 174.904 103.000 105.000 52.000
5.550 -4.793 175.158 130.000 132.000 82.000
5.550 -4.363 175.161 134.000 136.000 75.000
5.549 -3.933 175.164 137.000 140.000 65.000
5.549 -3.503 175.168 137.000 140.000 58.000
5.549 -3.073 175.171 136.000 138.000 68.000
5.549 -2.643 175.174 102.000 102.000 58.000
5.978 -4.793 175.189 126.000 131.000 65.000
5.978 -4.363 175.192 143.000 143.000 69.000
5.978 -3.933 175.195 146.000 145.000 59.000
5.978 -3.503 175.199 142.000 144.000 49.000
5.978 -3.073 175.202 150.000 148.000 69.000
5.978 -2.643 175.205 113.000 114.000 57.000
5.978 -2.213 175.209 78.000 80.000 39.000
5.978 -1.784 175.212 108.000 113.000 46.000
6.407 -4.793 175.220 126.000 135.000 52.000
6.407 -4.363 175.223 140.000 144.000 53.000
6.407 -3.933 175.226 142.000 145.000 44.000
6.407 -3.503 175.230 141.000 145.000 39.000
6.407 -3.073 175.233 146.000 147.000 51.000
6.407 -2.644 175.237 138.000 142.000 57.000
6.407 -2.214 175.240 122.000 127.000 57.000
6.406 -1.784 175.243 109.000 116.000 41.000
6.836 -4.363 175.254 144.000 147.000 52.000
6.836 -3.933 175.257 135.000 141.000 38.000
6.836 -3.503 175.261 134.000 139.000 33.000
6.836 -3.074 175.264 137.000 143.000 42.000
6.835 -2.644 175.268 139.000 145.000 53.000
6.835 -2.214 175.271 144.000 150.000 67.000
6.835 -1.784 175.274 110.000 115.000 45.000
7.265 -3.933 175.288 123.000 131.000 36.000
7.264 -3.504 175.292 129.000 135.000 36.000
7.264 -3.074 175.295 136.000 144.000 43.000
7.264 -2.644 175.299 139.000 146.000 51.000
7.264 -2.214 175.302 167.000 170.000 80.000
7.264 -1.784 175.305 80.000 80.000 48.000
7.693 -3.504 175.323 92.000 101.000 26.000
7.693 -3.074 175.326 103.000 109.000 32.000
7.693 -2.644 175.330 133.000 140.000 46.000
7.693 -2.214 175.333 162.000 166.000 70.000
5.089 -3.076 175.569 100.000 97.000 69.000
5.519 -4.796 175.586 122.000 127.000 67.000
5.518 -4.366 175.590 140.000 142.000 76.000
5.518 -3.936 175.593 141.000 146.000 68.000
5.518 -3.506 175.596 143.000 145.000 66.000
5.518 -3.077 175.600 161.000 159.000 99.000
5.518 -2.647 175.603 106.000 104.000 64.000
5.948 -5.226 175.614 94.000 102.000 43.000
5.947 -4.796 175.617 135.000 138.000 66.000
5.947 -4.366 175.621 137.000 139.000 60.000
5.947 -3.936 175.624 147.000 145.000 63.000
5.947 -3.507 175.627 154.000 150.000 61.000
5.947 -3.077 175.631 173.000 168.000 93.000
5.947 -2.647 175.634 130.000 129.000 76.000
5.947 -2.217 175.638 105.000 107.000 56.000
5.947 -1.787 175.641 123.000 127.000 59.000
6.376 -4.796 175.648 142.000 144.000 59.000
6.376 -4.367 175.652 146.000 147.000 55.000
6.376 -3.937 175.655 150.000 150.000 51.000
6.376 -3.507 175.659 154.000 154.000 53.000
6.376 -3.077 175.662 159.000 159.000 67.000
6.376 -2.647 175.665 143.000 144.000 67.000
6.375 -2.217 175.669 100.000 103.000 46.000
6.375 -1.787 175.672 119.000 125.000 48.000
6.805 -4.797 175.679 140.000 144.000 54.000
6.805 -4.367 175.683 146.000 149.000 51.000
6.805 -3.937 175.686 150.000 153.000 48.000
6.805 -3.507 175.690 147.000 154.000 41.000
6.805 -3.077 175.693 148.000 153.000 51.000
6.804 -2.647 175.696 149.000 154.000 63.000
6.804 -2.217 175.700 141.000 145.000 69.000
6.804 -1.787 175.703 111.000 116.000 45.000
7.234 -4.367 175.714 140.000 144.000 51.000
7.234 -3.937 175.717 132.000 139.000 39.000
7.233 -3.507 175.721 134.000 141.000 38.000
7.233 -3.077 175.724 150.000 153.000 53.000
7.233 -2.647 175.727 150.000 154.000 59.000
7.233 -2.217 175.731 174.000 174.000 88.000
7.662 -3.937 175.748 120.000 127.000 37.000
7.662 -3.507 175.752 116.000 125.000 33.000
7.662 -3.077 175.755 134.000 136.000 49.000
7.662 -2.647 175.758 145.000 150.000 53.000
7.662 -2.217 175.762 162.000 167.000 69.000
7.662 -1.787 175.765 113.000 114.000 67.000
8.091 -3.507 175.783 70.000 80.000 19.000
8.091 -3.077 175.786 84.000 86.000 31.000
8.091 -2.647 175.789 142.000 148.000 54.000
8.091 -2.217 175.793 155.000 160.000 66.000
5.488 -5.229 176.012 126.000 130.000 71.000
5.488 -4.800 176.015 131.000 135.000 67.000
5.487 -4.370 176.018 141.000 143.000 75.000
5.487 -3.940 176.022 143.000 143.000 71.000
5.487 -3.510 176.025 149.000 147.000 75.000
5.487 -3.080 176.029 171.000 168.000 110.000
5.916 -5.230 176.043 125.000 129.000 57.000
5.916 -4.800 176.046 140.000 146.000 59.000
5.916 -4.370 176.050 146.000 149.000 65.000
5.916 -3.940 176.053 146.000 148.000 61.000
5.916 -3.510 176.056 152.000 152.000 67.000
5.916 -3.080 176.060 176.000 175.000 97.000
5.916 -2.650 176.063 128.000 128.000 71.000
5.916 -1.790 176.070 102.000 104.000 49.000
6.345 -5.230 176.074 116.000 123.000 42.000
6.345 -4.800 176.077 141.000 147.000 49.000
6.345 -4.370 176.081 148.000 153.000 53.000
6.345 -3.940 176.084 152.000 154.000 55.000
6.345 -3.510 176.087 161.000 161.000 64.000
6.345 -3.080 176.091 168.000 168.000 77.000
6.345 -2.650 176.094 143.000 147.000 67.000
6.344 -2.220 176.097 84.000 89.000 37.000
6.344 -1.790 176.101 110.000 113.000 49.000
6.344 -1.361 176.104 89.000 96.000 33.000
6.774 -5.230 176.105 84.000 94.000 26.000
6.774 -4.800 176.108 131.000 137.000 40.000
6.774 -4.370 176.112 146.000 150.000 47.000
6.774 -3.940 176.115 150.000 152.000 49.000
6.774 -3.510 176.118 157.000 158.000 54.000
6.773 -3.080 176.122 165.000 167.000 67.000
6.773 -2.650 176.125 135.000 144.000 51.000
6.773 -2.220 176.129 119.000 124.000 55.000
6.773 -1.791 176.132 94.000 95.000 47.000
6.773 -1.361 176.135 105.000 107.000 50.000
7.203 -4.800 176.139 137.000 141.000 51.000
7.203 -4.370 176.143 149.000 150.000 53.000
7.203 -3.940 176.146 139.000 143.000 42.000
7.202 -3.510 176.149 129.000 135.000 36.000
7.202 -3.080 176.153 159.000 162.000 61.000
7.202 -2.651 176.156 157.000 162.000 64.000
7.202 -2.221 176.160 164.000 168.000 80.000
7.202 -1.791 176.163 118.000 117.000 71.000
7.631 -4.370 176.174 144.000 149.000 54.000
7.631 -3.940 176.177 132.000 138.000 38.000
7.631 -3.510 176.180 130.000 138.000 34.000
7.631 -3.081 176.184 154.000 160.000 51.000
7.631 -2.651 176.187 152.000 158.000 56.000
7.631 -2.221 176.191 168.000 170.000 75.000
7.631 -1.791 176.194 177.000 179.000 103.000
8.060 -3.940 176.208 126.000 131.000 44.000
8.060 -3.511 176.212 122.000 131.000 36.000
8.060 -3.081 176.215 147.000 154.000 52.000
8.060 -2.651 176.218 145.000 152.000 53.000
8.060 -2.221 176.222 164.000 169.000 71.000
8.059 -1.791 176.225 171.000 172.000 99.000
8.489 -3.081 176.246 94.000 98.000 40.000
8.489 -2.651 176.249 135.000 142.000 54.000
8.488 -2.221 176.253 151.000 157.000 67.000
8.488 -1.791 176.256 84.000 86.000 51.000
5.457 -5.233 176.440 113.000 118.000 51.000
5.457 -4.803 176.444 142.000 148.000 69.000
5.456 -4.373 176.447 144.000 147.000 73.000
5.456 -3.943 176.451 144.000 144.000 70.000
5.456 -3.513 176.454 151.000 150.000 80.000
5.456 -3.083 176.457 115.000 114.000 73.000
5.885 -5.233 176.472 121.000 125.000 49.000
5.885 -4.803 176.475 151.000 156.000 63.000
5.885 -4.373 176.478 149.000 154.000 64.000
5.885 -3.943 176.482 148.000 150.000 65.000
5.885 -3.513 176.485 159.000 158.000 78.000
5.885 -3.083 176.488 171.000 170.000 92.000
5.885 -2.654 176.492 134.000 136.000 72.000
5.885 -2.224 176.495 82.000 85.000 41.000
5.884 -1.794 176.499 117.000 121.000 58.000
6.314 -5.233 176.503 115.000 121.000 38.000
6.314 -4.803 176.506 147.000 153.000 46.000
6.314 -4.373 176.509 149.000 155.000 53.000
6.314 -3.943 176.513 148.000 152.000 54.000
6.314 -3.513 176.516 161.000 160.000 69.000
6.314 -3.084 176.519 167.000 167.000 78.000
6.313 -2.654 176.523 147.000 150.000 72.000
6.313 -2.224 176.526 109.000 113.000 50.000
6.313 -1.794 176.530 125.000 130.000 60.000
6.313 -1.364 176.533 142.000 143.000 73.000
6.743 -5.233 176.534 113.000 120.000 36.000
6.743 -4.803 176.537 135.000 141.000 37.000
6.743 -4.373 176.540 144.000 152.000 44.000
6.743 -3.943 176.544 150.000 153.000 50.000
6.743 -3.514 176.547 159.000 161.000 62.000
6.742 -3.084 176.551 159.000 162.000 65.000
6.742 -2.654 176.554 151.000 157.000 67.000
6.742 -2.224 176.557 129.000 133.000 61.000
6.742 -1.794 176.561 118.000 121.000 60.000
6.742 -1.364 176.564 148.000 147.000 88.000
7.172 -4.803 176.568 134.000 138.000 40.000
7.172 -4.374 176.571 138.000 142.000 42.000
7.171 -3.944 176.575 144.000 149.000 44.000
7.171 -3.514 176.578 152.000 157.000 49.000
7.171 -3.084 176.582 165.000 165.000 66.000
7.171 -2.654 176.585 166.000 169.000 73.000
7.171 -2.224 176.588 179.000 179.000 95.000
7.171 -1.794 176.592 113.000 113.000 81.000
7.600 -4.374 176.603 139.000 143.000 44.000
7.600 -3.944 176.606 135.000 141.000 37.000
7.600 -3.514 176.609 140.000 148.000 37.000
7.600 -3.084 176.613 156.000 159.000 52.000
7.600 -2.654 176.616 166.000 169.000 67.000
7.600 -2.224 176.619 181.000 184.000 89.000
7.600 -1.794 176.623 193.000 194.000 118.000
8.029 -3.944 176.637 130.000 135.000 40.000
8.029 -3.514 176.640 126.000 131.000 32.000
8.029 -3.084 176.644 150.000 155.000 50.000
8.029 -2.654 176.647 162.000 166.000 63.000
8.029 -2.224 176.650 175.000 180.000 82.000
8.028 -1.794 176.654 191.000 192.000 114.000
8.458 -3.514 176.671 83.000 91.000 26.000
8.458 -3.084 176.675 145.000 150.000 58.000
8.457 -2.654 176.678 158.000 162.000 66.000
8.457 -2.224 176.681 170.000 175.000 80.000
8.457 -1.794 176.685 136.000 138.000 80.000
8.886 -2.654 176.709 116.000 116.000 60.000
8.886 -2.224 176.713 111.000 113.000 57.000
5.426 -5.236 176.869 108.000 113.000 56.000
5.425 -4.806 176.873 140.000 144.000 74.000
5.425 -4.376 176.876 141.000 143.000 75.000
5.425 -3.946 176.879 141.000 143.000 71.000
5.425 -3.517 176.883 125.000 126.000 70.000
5.854 -5.236 176.900 123.000 127.000 54.000
5.854 -4.806 176.904 146.000 151.000 65.000
5.854 -4.377 176.907 144.000 148.000 64.000
5.854 -3.947 176.910 145.000 147.000 63.000
5.854 -3.517 176.914 151.000 152.000 74.000
5.854 -3.087 176.917 160.000 160.000 85.000
5.854 -2.657 176.921 118.000 120.000 64.000
5.854 -2.227 176.924 85.000 88.000 43.000
5.853 -1.797 176.927 118.000 124.000 58.000
6.283 -5.666 176.928 91.000 95.000 38.000
6.283 -5.236 176.931 128.000 134.000 48.000
6.283 -4.807 176.935 148.000 154.000 52.000
6.283 -4.377 176.938 151.000 155.000 59.000
6.283 -3.947 176.942 152.000 154.000 60.000
6.283 -3.517 176.945 159.000 159.000 69.000
6.283 -3.087 176.948 164.000 165.000 76.000
6.282 -2.657 176.952 141.000 145.000 65.000
6.282 -2.227 176.955 108.000 113.000 50.000
6.282 -1.797 176.958 134.000 138.000 67.000
6.282 -1.367 176.962 169.000 169.000 98.000
6.712 -5.237 176.962 128.000 134.000 44.000
6.712 -4.807 176.966 144.000 151.000 44.000
6.712 -4.377 176.969 149.000 154.000 50.000
6.712 -3.947 176.973 152.000 155.000 55.000
6.711 -3.517 176.976 158.000 159.000 62.000
6.711 -3.087 176.979 163.000 163.000 70.000
6.711 -2.657 176.983 149.000 153.000 64.000
6.711 -2.227 176.986 125.000 129.000 55.000
6.711 -1.797 176.989 101.000 104.000 46.000
6.711 -1.367 176.993 179.000 176.000 116.000
7.141 -5.237 176.993 118.000 125.000 39.000
7.141 -4.807 176.997 132.000 139.000 38.000
7.141 -4.377 177.000 139.000 144.000 42.000
7.140 -3.947 177.004 148.000 153.000 45.000
7.140 -3.517 177.007 154.000 160.000 50.000
7.140 -3.087 177.010 164.000 164.000 66.000
7.140 -2.657 177.014 166.000 168.000 73.000
7.140 -2.227 177.017 169.000 171.000 86.000
7.140 -1.797 177.021 102.000 102.000 65.000
7.569 -4.807 177.028 144.000 147.000 48.000
7.569 -4.377 177.031 142.000 146.000 43.000
7.569 -3.947 177.035 143.000 150.000 41.000
7.569 -3.517 177.038 148.000 156.000 41.000
7.569 -3.087 177.041 162.000 166.000 57.000
7.569 -2.657 177.045 178.000 181.000 78.000
7.569 -2.227 177.048 191.000 194.000 98.000
7.569 -1.798 177.052 199.000 199.000 124.000
7.998 -3.947 177.066 137.000 143.000 43.000
7.998 -3.517 177.069 144.000 151.000 43.000
7.998 -3.087 177.072 162.000 167.000 60.000
7.998 -2.658 177.076 178.000 182.000 79.000
7.998 -2.228 177.079 188.000 192.000 94.000
7.997 -1.798 177.083 195.000 196.000 119.000
8.427 -3.517 177.100 129.000 136.000 44.000
8.427 -3.088 177.104 163.000 165.000 72.000
8.426 -2.658 177.107 170.000 174.000 78.000
8.426 -2.228 177.110 180.000 184.000 90.000
8.426 -1.798 177.114 172.000 174.000 103.000
8.855 -3.088 177.135 151.000 151.000 79.000
8.855 -2.658 177.138 151.000 152.000 76.000
8.855 -2.228 177.141 144.000 147.000 75.000
5.395 -5.240 177.298 109.000 113.000 60.000
5.394 -4.810 177.301 128.000 132.000 72.000
5.394 -4.380 177.305 131.000 135.000 70.000
5.394 -3.950 177.308 123.000 127.000 64.000
5.394 -3.520 177.312 90.000 92.000 50.000
5.823 -5.670 177.326 94.000 100.000 44.000
5.823 -5.240 177.329 130.000 134.000 62.000
5.823 -4.810 177.332 143.000 149.000 65.000
5.823 -4.380 177.336 143.000 147.000 67.000
5.823 -3.950 177.339 144.000 146.000 67.000
5.823 -3.520 177.343 145.000 147.000 71.000
5.823 -3.090 177.346 147.000 149.000 77.000
5.823 -2.660 177.349 93.000 95.000 50.000
5.822 -2.230 177.353 78.000 82.000 41.000
5.822 -1.800 177.356 96.000 103.000 44.000
6.252 -5.670 177.357 123.000 126.000 54.000
6.252 -5.240 177.360 133.000 140.000 52.000
6.252 -4.810 177.364 145.000 154.000 56.000
6.252 -4.380 177.367 153.000 158.000 64.000
6.252 -3.950 177.370 151.000 153.000 62.000
6.252 -3.520 177.374 155.000 156.000 68.000
6.252 -3.090 177.377 154.000 155.000 71.000
6.251 -2.660 177.380 138.000 141.000 65.000
6.251 -2.230 177.384 93.000 99.000 39.000
6.251 -1.801 177.387 100.000 107.000 41.000
6.251 -1.371 177.391 118.000 123.000 56.000
6.681 -5.670 177.388 112.000 118.000 42.000
6.681 -5.240 177.391 138.000 144.000 50.000
6.681 -4.810 177.395 148.000 156.000 51.000
6.681 -4.380 177.398 152.000 157.000 55.000
6.681 -3.950 177.401 155.000 158.000 58.000
6.680 -3.520 177.405 157.000 159.000 63.000
6.680 -3.090 177.408 161.000 162.000 69.000
6.680 -2.661 177.411 135.000 140.000 53.000
6.680 -2.231 177.415 101.000 107.000 38.000
6.680 -1.801 177.418 90.000 95.000 37.000
6.680 -1.371 177.422 113.000 112.000 62.000
7.110 -5.240 177.422 121.000 129.000 37.000
7.110 -4.810 177.426 133.000 143.000 37.000
7.109 -4.380 177.429 148.000 154.000 47.000
7.109 -3.950 177.432 149.000 155.000 48.000
7.109 -3.520 177.436 157.000 164.000 53.000
7.109 -3.091 177.439 168.000 171.000 69.000
7.109 -2.661 177.443 156.000 161.000 64.000
7.109 -2.231 177.446 149.000 154.000 66.000
7.109 -1.801 177.449 78.000 80.000 38.000
7.538 -4.810 177.457 143.000 147.000 42.000
7.538 -4.380 177.460 149.000 154.000 44.000
7.538 -3.950 177.463 147.000 154.000 41.000
7.538 -3.521 177.467 158.000 166.000 49.000
7.538 -3.091 177.470 177.000 182.000 70.000
7.538 -2.661 177.474 182.000 186.000 83.000
7.538 -2.231 177.477 196.000 198.000 104.000
7.538 -1.801 177.480 195.000 194.000 121.000
7.967 -4.381 177.491 149.000 151.000 50.000
7.967 -3.951 177.495 150.000 156.000 49.000
7.967 -3.521 177.498 156.000 163.000 50.000
7.967 -3.091 177.501 175.000 179.000 71.000
7.967 -2.661 177.505 184.000 188.000 86.000
7.966 -2.231 177.508 196.000 199.000 104.000
7.966 -1.801 177.511 204.000 205.000 127.000
8.396 -3.951 177.526 134.000 138.000 47.000
8.396 -3.521 177.529 143.000 149.000 51.000
8.396 -3.091 177.532 171.000 172.000 78.000
8.395 -2.661 177.536 177.000 180.000 85.000
8.395 -2.231 177.539 180.000 185.000 92.000
8.395 -1.801 177.542 187.000 189.000 112.000
8.824 -3.521 177.560 120.000 126.000 44.000
8.824 -3.091 177.563 168.000 168.000 85.000
8.824 -2.661 177.567 170.000 172.000 86.000
8.824 -2.231 177.570 168.000 172.000 89.000
8.824 -1.801 177.573 87.000 89.000 51.000
9.253 -2.231 177.601 86.000 87.000 59.000
5.363 -5.243 177.727 87.000 89.000 50.000
5.363 -4.813 177.730 100.000 104.000 56.000
5.363 -4.383 177.734 86.000 89.000 48.000
5.363 -3.953 177.737 107.000 109.000 61.000
5.363 -3.523 177.740 82.000 84.000 50.000
5.792 -5.673 177.755 103.000 109.000 51.000
5.792 -5.243 177.758 129.000 134.000 64.000
5.792 -4.813 177.761 144.000 149.000 71.000
5.792 -4.383 177.765 142.000 147.000 70.000
5.792 -3.953 177.768 140.000 143.000 65.000
5.792 -3.523 177.771 142.000 145.000 71.000
5.792 -3.094 177.775 139.000 139.000 74.000
5.792 -2.664 177.778 93.000 94.000 52.000
6.221 -5.673 177.786 123.000 128.000 54.000
6.221 -5.243 177.789 135.000 142.000 55.000
6.221 -4.813 177.792 144.000 153.000 60.000
6.221 -4.383 177.796 149.000 154.000 64.000
6.221 -3.953 177.799 146.000 150.000 59.000
6.221 -3.524 177.802 149.000 151.000 63.000
6.220 -3.094 177.806 148.000 150.000 66.000
6.220 -2.664 177.809 130.000 133.000 58.000
6.220 -2.234 177.813 84.000 92.000 33.000
6.220 -1.804 177.816 75.000 85.000 27.000
6.650 -5.673 177.817 131.000 136.000 53.000
6.650 -5.243 177.820 138.000 146.000 51.000
6.650 -4.813 177.823 148.000 157.000 55.000
6.650 -4.384 177.827 150.000 156.000 57.000
6.650 -3.954 177.830 151.000 156.000 57.000
6.649 -3.524 177.834 157.000 161.000 63.000
6.649 -3.094 177.837 158.000 160.000 66.000
6.649 -2.664 177.840 127.000 131.000 47.000
6.649 -2.234 177.844 77.000 87.000 24.000
6.649 -1.804 177.847 74.000 83.000 25.000
6.649 -1.374 177.850 93.000 98.000 38.000
7.079 -5.243 177.851 131.000 138.000 42.000
7.079 -4.814 177.854 147.000 155.000 46.000
7.078 -4.384 177.858 149.000 156.000 49.000
7.078 -3.954 177.861 157.000 163.000 55.000
7.078 -3.524 177.865 170.000 174.000 66.000
7.078 -3.094 177.868 167.000 171.000 67.000
7.078 -2.664 177.871 153.000 159.000 61.000
7.078 -2.234 177.875 132.000 139.000 52.000
7.507 -4.814 177.885 141.000 145.000 39.000
7.507 -4.384 177.889 147.000 153.000 40.000
7.507 -3.954 177.892 155.000 162.000 46.000
7.507 -3.524 177.896 168.000 175.000 58.000
7.507 -3.094 177.899 183.000 188.000 76.000
7.507 -2.664 177.902 184.000 188.000 85.000
7.507 -2.234 177.906 190.000 193.000 100.000
7.506 -1.804 177.909 164.000 164.000 99.000
7.936 -4.384 177.920 144.000 149.000 43.000
7.936 -3.954 177.923 150.000 157.000 46.000
7.936 -3.524 177.927 161.000 168.000 55.000
7.936 -3.094 177.930 183.000 187.000 80.000
7.936 -2.664 177.933 188.000 192.000 89.000
7.935 -2.234 177.937 197.000 201.000 105.000
7.935 -1.804 177.940 205.000 205.000 127.000
8.365 -3.954 177.954 142.000 145.000 50.000
8.365 -3.524 177.958 154.000 159.000 57.000
8.364 -3.094 177.961 170.000 173.000 76.000
8.364 -2.664 177.964 181.000 185.000 88.000
8.364 -2.234 177.968 186.000 191.000 96.000
8.364 -1.805 177.971 191.000 193.000 114.000
8.793 -3.524 177.989 144.000 149.000 55.000
8.793 -3.094 177.992 160.000 159.000 84.000
8.793 -2.665 177.996 175.000 177.000 89.000
8.793 -2.235 177.999 180.000 184.000 96.000
8.793 -1.805 178.002 109.000 111.000 64.000
9.222 -3.095 178.023 104.000 103.000 73.000
9.222 -2.665 178.027 109.000 109.000 71.000
9.222 -2.235 178.030 91.000 92.000 60.000
5.332 -3.957 178.166 96.000 99.000 57.000
5.761 -5.676 178.183 86.000 89.000 44.000
5.761 -5.246 178.187 126.000 130.000 64.000
5.761 -4.817 178.190 141.000 144.000 73.000
5.761 -4.387 178.193 141.000 144.000 74.000
5.761 -3.957 178.197 142.000 145.000 71.000
5.761 -3.527 178.200 141.000 144.000 75.000
5.761 -3.097 178.204 120.000 120.000 71.000
6.190 -6.106 178.211 87.000 91.000 39.000
6.190 -5.677 178.214 120.000 125.000 54.000
6.190 -5.247 178.218 135.000 141.000 61.000
6.190 -4.817 178.221 146.000 151.000 67.000
6.190 -4.387 178.224 148.000 152.000 69.000
6.190 -3.957 178.228 145.000 148.000 64.000
6.190 -3.527 178.231 145.000 148.000 63.000
6.189 -3.097 178.235 147.000 148.000 68.000
6.189 -2.667 178.238 113.000 119.000 45.000
6.619 -6.107 178.242 96.000 101.000 38.000
6.619 -5.677 178.245 129.000 135.000 53.000
6.619 -5.247 178.249 142.000 148.000 60.000
6.619 -4.817 178.252 148.000 153.000 62.000
6.619 -4.387 178.256 156.000 160.000 67.000
6.618 -3.957 178.259 153.000 157.000 63.000
6.618 -3.527 178.262 149.000 154.000 58.000
6.618 -3.097 178.266 152.000 156.000 61.000
6.618 -2.667 178.269 122.000 127.000 44.000
6.618 -2.237 178.272 68.000 81.000 18.000
6.618 -1.807 178.276 70.000 81.000 21.000
7.048 -5.677 178.276 97.000 108.000 29.000
7.048 -5.247 178.280 131.000 138.000 42.000
7.048 -4.817 178.283 159.000 159.000 60.000
7.047 -4.387 178.287 154.000 163.000 52.000
7.047 -3.957 178.290 165.000 169.000 65.000
7.047 -3.527 178.293 164.000 169.000 64.000
7.047 -3.097 178.297 157.000 161.000 61.000
7.047 -2.667 178.300 134.000 140.000 48.000
7.047 -2.237 178.303 90.000 101.000 27.000
7.476 -5.247 178.311 124.000 129.000 35.000
7.476 -4.817 178.314 133.000 135.000 33.000
7.476 -4.387 178.318 143.000 148.000 38.000
7.476 -3.957 178.321 151.000 157.000 44.000
7.476 -3.527 178.324 166.000 172.000 59.000
7.476 -3.097 178.328 177.000 180.000 74.000
7.476 -2.668 178.331 179.000 181.000 82.000
7.476 -2.238 178.335 173.000 176.000 84.000
7.905 -4.817 178.345 123.000 127.000 30.000
7.905 -4.387 178.349 137.000 143.000 37.000
7.905 -3.957 178.352 153.000 159.000 48.000
7.905 -3.527 178.355 169.000 174.000 62.000
7.905 -3.098 178.359 184.000 186.000 81.000
7.904 -2.668 178.362 185.000 189.000 86.000
7.904 -2.238 178.366 190.000 193.000 99.000
7.904 -1.808 178.369 164.000 164.000 94.000
8.334 -3.957 178.383 147.000 153.000 51.000
8.334 -3.528 178.386 160.000 166.000 61.000
8.333 -3.098 178.390 177.000 180.000 80.000
8.333 -2.668 178.393 187.000 190.000 91.000
8.333 -2.238 178.397 183.000 186.000 93.000
8.333 -1.808 178.400 164.000 164.000 91.000
8.762 -3.528 178.418 156.000 160.000 66.000
8.762 -3.098 178.421 181.000 184.000 90.000
8.762 -2.668 178.424 184.000 187.000 93.000
8.762 -2.238 178.428 170.000 177.000 82.000
8.762 -1.808 178.431 117.000 122.000 58.000
9.191 -3.098 178.452 131.000 130.000 81.000
9.191 -2.668 178.455 132.000 133.000 76.000
9.191 -2.238 178.459 118.000 119.000 65.000
5.730 -5.680 178.612 90.000 95.000 47.000
5.730 -5.250 178.615 113.000 116.000 60.000
5.730 -4.820 178.619 145.000 148.000 80.000
5.730 -4.390 178.622 140.000 143.000 75.000
5.730 -3.960 178.626 139.000 141.000 73.000
5.730 -3.530 178.629 131.000 134.000 68.000
5.730 -3.100 178.632 82.000 82.000 43.000
6.159 -5.680 178.643 117.000 124.000 53.000
6.159 -5.250 178.647 119.000 124.000 53.000
6.159 -4.820 178.650 143.000 146.000 69.000
6.159 -4.390 178.653 145.000 147.000 68.000
6.159 -3.960 178.657 144.000 146.000 66.000
6.158 -3.530 178.660 144.000 148.000 65.000
6.158 -3.100 178.663 141.000 142.000 64.000
6.158 -2.671 178.667 125.000 129.000 53.000
6.588 -6.110 178.671 103.000 107.000 42.000
6.588 -5.680 178.674 119.000 128.000 46.000
6.588 -5.250 178.678 120.000 127.000 46.000
6.588 -4.820 178.681 141.000 144.000 59.000
6.588 -4.390 178.684 145.000 149.000 60.000
6.587 -3.960 178.688 149.000 153.000 63.000
6.587 -3.530 178.691 152.000 157.000 63.000
6.587 -3.101 178.694 150.000 153.000 63.000
6.587 -2.671 178.698 134.000 139.000 51.000
6.587 -2.241 178.701 88.000 99.000 27.000
7.017 -5.680 178.705 80.000 99.000 18.000
7.017 -5.250 178.709 121.000 132.000 36.000
7.016 -4.820 178.712 143.000 149.000 48.000
7.016 -4.390 178.715 145.000 151.000 49.000
7.016 -3.960 178.719 148.000 155.000 50.000
7.016 -3.531 178.722 160.000 166.000 60.000
7.016 -3.101 178.726 145.000 153.000 49.000
7.016 -2.671 178.729 125.000 135.000 40.000
7.016 -2.241 178.732 76.000 90.000 20.000
7.445 -5.250 178.740 140.000 143.000 38.000
7.445 -4.820 178.743 158.000 156.000 44.000
7.445 -4.391 178.746 154.000 157.000 42.000
7.445 -3.961 178.750 155.000 163.000 45.000
7.445 -3.531 178.753 164.000 172.000 56.000
7.445 -3.101 178.757 168.000 172.000 65.000
7.445 -2.671 178.760 165.000 169.000 70.000
7.445 -2.241 178.763 165.000 168.000 77.000
7.874 -4.821 178.774 136.000 138.000 33.000
7.874 -4.391 178.777 145.000 151.000 38.000
7.874 -3.961 178.781 154.000 161.000 46.000
7.874 -3.531 178.784 168.000 173.000 60.000
7.874 -3.101 178.788 176.000 180.000 73.000
7.873 -2.671 178.791 187.000 190.000 89.000
7.873 -2.241 178.794 194.000 195.000 105.000
7.873 -1.811 178.798 143.000 143.000 81.000
8.303 -4.391 178.809 138.000 144.000 44.000
8.303 -3.961 178.812 146.000 153.000 50.000
8.302 -3.531 178.815 161.000 167.000 61.000
8.302 -3.101 178.819 176.000 180.000 79.000
8.302 -2.671 178.822 179.000 183.000 83.000
8.302 -2.241 178.825 182.000 184.000 92.000
8.302 -1.811 178.829 147.000 146.000 98.000
8.731 -3.961 178.843 130.000 136.000 49.000
8.731 -3.531 178.846 164.000 169.000 70.000
8.731 -3.101 178.850 177.000 181.000 85.000
8.731 -2.671 178.853 176.000 181.000 85.000
8.731 -2.241 178.856 165.000 172.000 77.000
9.160 -3.531 178.877 112.000 111.000 64.000
9.160 -3.101 178.881 169.000 168.000 105.000
9.160 -2.671 178.884 183.000 184.000 105.000
9.160 -2.241 178.888 159.000 161.000 94.000
5.699 -5.253 179.044 81.000 83.000 46.000
5.699 -4.823 179.048 111.000 113.000 64.000
5.699 -4.393 179.051 100.000 102.000 56.000
5.699 -3.964 179.054 97.000 99.000 55.000
6.128 -5.683 179.072 121.000 125.000 59.000
6.128 -5.253 179.075 127.000 131.000 61.000
6.128 -4.823 179.079 144.000 146.000 74.000
6.128 -4.394 179.082 145.000 147.000 74.000
6.128 -3.964 179.085 139.000 144.000 66.000
6.127 -3.534 179.089 143.000 147.000 69.000
6.127 -3.104 179.092 137.000 141.000 64.000
6.127 -2.674 179.096 102.000 107.000 41.000
6.557 -6.113 179.100 106.000 111.000 46.000
6.557 -5.683 179.103 129.000 134.000 55.000
6.557 -5.253 179.106 122.000 128.000 48.000
6.557 -4.824 179.110 147.000 150.000 69.000
6.556 -4.394 179.113 143.000 148.000 60.000
6.556 -3.964 179.116 137.000 142.000 54.000
6.556 -3.534 179.120 138.000 142.000 54.000
6.556 -3.104 179.123 142.000 148.000 58.000
6.556 -2.674 179.127 117.000 125.000 42.000
6.986 -5.684 179.134 120.000 128.000 40.000
6.986 -5.254 179.137 134.000 139.000 45.000
6.985 -4.824 179.141 152.000 153.000 58.000
6.985 -4.394 179.144 150.000 153.000 57.000
6.985 -3.964 179.148 149.000 154.000 57.000
6.985 -3.534 179.151 156.000 161.000 61.000
6.985 -3.104 179.154 135.000 143.000 44.000
6.985 -2.674 179.158 109.000 120.000 32.000
7.414 -5.254 179.168 130.000 139.000 35.000
7.414 -4.824 179.172 134.000 139.000 34.000
7.414 -4.394 179.175 152.000 156.000 45.000
7.414 -3.964 179.179 158.000 164.000 51.000
7.414 -3.534 179.182 175.000 179.000 66.000
7.414 -3.104 179.185 165.000 169.000 62.000
7.414 -2.674 179.189 153.000 157.000 57.000
7.413 -2.244 179.192 116.000 123.000 36.000
7.843 -4.824 179.203 133.000 138.000 35.000
7.843 -4.394 179.206 147.000 154.000 41.000
7.843 -3.964 179.210 160.000 165.000 51.000
7.843 -3.534 179.213 178.000 183.000 67.000
7.843 -3.104 179.216 176.000 180.000 71.000
7.842 -2.674 179.220 184.000 185.000 83.000
7.842 -2.244 179.223 178.000 179.000 82.000
8.272 -4.394 179.237 146.000 152.000 49.000
8.272 -3.964 179.241 156.000 161.000 55.000
8.271 -3.534 179.244 175.000 179.000 72.000
8.271 -3.104 179.247 177.000 180.000 78.000
8.271 -2.675 179.251 189.000 191.000 89.000
8.271 -2.245 179.254 197.000 198.000 104.000
8.700 -3.964 179.272 155.000 161.000 63.000
8.700 -3.534 179.275 172.000 174.000 77.000
8.700 -3.105 179.278 179.000 182.000 85.000
8.700 -2.675 179.282 184.000 187.000 88.000
8.700 -2.245 179.285 182.000 185.000 90.000
9.129 -3.535 179.306 148.000 148.000 78.000
9.129 -3.105 179.310 175.000 177.000 95.000
9.129 -2.675 179.313 182.000 185.000 99.000
9.129 -2.245 179.316 140.000 141.000 79.000
6.097 -5.687 179.501 79.000 81.000 41.000
6.097 -5.257 179.504 131.000 133.000 71.000
6.097 -4.827 179.507 141.000 142.000 76.000
6.097 -4.397 179.511 139.000 141.000 72.000
6.097 -3.967 179.514 133.000 137.000 64.000
6.096 -3.537 179.518 136.000 140.000 70.000
6.096 -3.107 179.521 117.000 123.000 57.000
6.526 -6.117 179.528 95.000 97.000 48.000
6.526 -5.687 179.532 128.000 132.000 61.000
6.526 -5.257 179.535 130.000 134.000 58.000
6.526 -4.827 179.539 143.000 146.000 69.000
6.525 -4.397 179.542 143.000 146.000 67.000
6.525 -3.967 179.545 135.000 139.000 58.000
6.525 -3.537 179.549 132.000 138.000 54.000
6.525 -3.107 179.552 135.000 142.000 60.000
6.525 -2.677 179.555 121.000 125.000 50.000
6.955 -6.117 179.559 91.000 96.000 37.000
6.955 -5.687 179.563 112.000 119.000 43.000
6.954 -5.257 179.566 132.000 137.000 53.000
6.954 -4.827 179.570 146.000 149.000 61.000
6.954 -4.397 179.573 146.000 148.000 61.000
6.954 -3.967 179.576 146.000 150.000 57.000
6.954 -3.537 179.580 147.000 153.000 58.000
6.954 -3.107 179.583 132.000 140.000 46.000
6.954 -2.678 179.586 107.000 115.000 34.000
7.383 -5.687 179.594 126.000 135.000 43.000
7.383 -5.257 179.597 131.000 138.000 44.000
7.383 -4.827 179.601 136.000 143.000 43.000
7.383 -4.397 179.604 143.000 149.000 46.000
7.383 -3.967 179.607 153.000 157.000 53.000
7.383 -3.537 179.611 160.000 165.000 59.000
7.383 -3.108 179.614 150.000 154.000 52.000
7.383 -2.678 179.618 132.000 138.000 41.000
7.382 -2.248 179.621 85.000 92.000 22.000
7.812 -5.257 179.628 141.000 148.000 49.000
7.812 -4.827 179.632 132.000 138.000 41.000
7.812 -4.397 179.635 146.000 152.000 48.000
7.812 -3.967 179.638 158.000 163.000 55.000
7.812 -3.538 179.642 175.000 178.000 70.000
7.811 -3.108 179.645 180.000 181.000 77.000
7.811 -2.678 179.649 176.000 177.000 72.000
7.811 -2.248 179.652 139.000 140.000 45.000
8.241 -4.398 179.666 142.000 148.000 53.000
8.241 -3.968 179.669 166.000 170.000 69.000
8.240 -3.538 179.673 182.000 184.000 81.000
8.240 -3.108 179.676 184.000 185.000 85.000
8.240 -2.678 179.680 194.000 195.000 96.000
8.240 -2.248 179.683 191.000 191.000 96.000
8.669 -3.968 179.701 160.000 163.000 71.000
8.669 -3.538 179.704 181.000 182.000 86.000
8.669 -3.108 179.707 181.000 184.000 86.000
8.669 -2.678 179.711 192.000 193.000 98.000
8.669 -2.248 179.714 193.000 193.000 103.000
9.098 -3.538 179.735 161.000 162.000 85.000
9.098 -3.108 179.738 183.000 185.000 98.000
9.098 -2.678 179.742 167.000 169.000 94.000
9.098 -2.248 179.745 105.000 106.000 64.000
6.066 -5.260 179.933 83.000 86.000 45.000
6.066 -4.830 179.936 137.000 138.000 79.000
6.066 -4.400 179.940 133.000 136.000 72.000
6.065 -3.970 179.943 129.000 133.000 69.000
6.065 -3.540 179.946 120.000 124.000 65.000
6.495 -5.690 179.961 79.000 82.000 39.000
6.495 -5.260 179.964 132.000 135.000 67.000
6.495 -4.830 179.967 141.000 144.000 70.000
6.494 -4.400 179.971 136.000 140.000 66.000
6.494 -3.971 179.974 132.000 137.000 61.000
6.494 -3.541 179.977 134.000 139.000 63.000
6.494 -3.111 179.981 115.000 123.000 49.000
6.924 -5.690 179.992 86.000 92.000 38.000
6.923 -5.260 179.995 135.000 139.000 62.000
6.923 -4.830 179.998 141.000 145.000 64.000
6.923 -4.401 180.002 143.000 146.000 64.000
6.923 -3.971 180.005 140.000 144.000 58.000
6.923 -3.541 180.008 137.000 143.000 54.000
6.923 -3.111 180.012 100.000 111.000 31.000
7.352 -5.690 180.023 131.000 138.000 55.000
7.352 -5.260 180.026 132.000 139.000 53.000
7.352 -4.831 180.029 133.000 139.000 52.000
7.352 -4.401 180.033 138.000 144.000 51.000
7.352 -3.971 180.036 145.000 151.000 53.000
7.352 -3.541 180.040 148.000 154.000 54.000
7.352 -3.111 180.043 138.000 142.000 46.000
7.351 -2.681 180.046 98.000 104.000 26.000
7.781 -5.261 180.057 141.000 148.000 58.000
7.781 -4.831 180.060 134.000 141.000 51.000
7.781 -4.401 180.064 147.000 152.000 58.000
7.781 -3.971 180.067 156.000 161.000 61.000
7.781 -3.541 180.071 158.000 165.000 57.000
7.780 -3.111 180.074 175.000 175.000 72.000
7.780 -2.681 180.077 138.000 140.000 44.000
8.210 -4.831 180.092 134.000 140.000 58.000
8.210 -4.401 180.095 145.000 149.000 65.000
8.209 -3.971 180.098 150.000 153.000 66.000
8.209 -3.541 180.102 169.000 174.000 72.000
8.209 -3.111 180.105 188.000 189.000 89.000
8.209 -2.681 180.108 191.000 191.000 93.000
8.209 -2.251 180.112 116.000 117.000 40.000
8.638 -4.401 180.126 99.000 100.000 59.000
8.638 -3.971 180.129 146.000 146.000 80.000
8.638 -3.541 180.133 186.000 186.000 95.000
8.638 -3.111 180.136 192.000 193.000 99.000
8.638 -2.681 180.139 199.000 199.000 108.000
8.638 -2.251 180.143 106.000 107.000 51.000
9.067 -3.971 180.160 102.000 103.000 71.000
9.067 -3.541 180.164 173.000 173.000 98.000
9.067 -3.111 180.167 197.000 197.000 115.000
9.067 -2.682 180.170 159.000 158.000 96.000
9.067 -2.252 180.174 81.000 81.000 54.000
6.035 -4.404 180.368 91.000 94.000 51.000
6.034 -3.974 180.372 88.000 92.000 48.000
6.464 -5.264 180.393 103.000 107.000 55.000
6.463 -4.834 180.396 138.000 142.000 72.000
6.463 -4.404 180.399 129.000 134.000 65.000
6.463 -3.974 180.403 124.000 130.000 59.000
6.463 -3.544 180.406 115.000 121.000 53.000
6.892 -5.264 180.424 136.000 140.000 74.000
6.892 -4.834 180.427 144.000 148.000 73.000
6.892 -4.404 180.431 142.000 146.000 69.000
6.892 -3.974 180.434 142.000 147.000 68.000
6.892 -3.544 180.437 128.000 134.000 54.000
6.892 -3.114 180.441 99.000 108.000 35.000
7.321 -5.694 180.451 114.000 120.000 57.000
7.321 -5.264 180.455 141.000 146.000 69.000
7.321 -4.834 180.458 142.000 148.000 66.000
7.321 -4.404 180.462 143.000 149.000 64.000
7.321 -3.974 180.465 141.000 146.000 60.000
7.321 -3.544 180.468 137.000 141.000 55.000
7.321 -3.114 180.472 130.000 133.000 48.000
7.750 -5.264 180.486 141.000 147.000 63.000
7.750 -4.834 180.489 149.000 154.000 71.000
7.750 -4.404 180.493 151.000 155.000 70.000
7.750 -3.974 180.496 149.000 152.000 66.000
7.749 -3.544 180.499 151.000 154.000 65.000
7.749 -3.114 180.503 157.000 159.000 66.000
7.749 -2.685 180.506 130.000 133.000 43.000
8.179 -4.834 180.520 138.000 142.000 71.000
8.179 -4.404 180.524 155.000 160.000 77.000
8.178 -3.974 180.527 154.000 158.000 73.000
8.178 -3.544 180.530 172.000 173.000 86.000
8.178 -3.115 180.534 185.000 186.000 97.000
8.178 -2.685 180.537 151.000 154.000 61.000
8.607 -3.974 180.558 137.000 135.000 82.000
8.607 -3.545 180.561 193.000 191.000 114.000
8.607 -3.115 180.565 199.000 198.000 117.000
8.607 -2.685 180.568 161.000 162.000 81.000
9.036 -3.545 180.593 159.000 158.000 103.000
9.036 -3.115 180.596 137.000 138.000 98.000
6.432 -4.837 180.825 115.000 118.000 64.000
6.432 -4.407 180.828 109.000 112.000 60.000
6.432 -3.977 180.832 95.000 99.000 49.000
6.861 -5.267 180.853 140.000 144.000 88.000
6.861 -4.837 180.856 145.000 150.000 78.000
6.861 -4.407 180.859 141.000 146.000 76.000
6.861 -3.977 180.863 141.000 143.000 73.000
6.861 -3.547 180.866 133.000 135.000 66.000
7.290 -5.267 180.884 110.000 113.000 61.000
7.290 -4.837 180.887 144.000 150.000 74.000
7.290 -4.407 180.890 130.000 134.000 62.000
7.290 -3.978 180.894 136.000 137.000 68.000
7.290 -3.548 180.897 137.000 137.000 66.000
7.290 -3.118 180.900 133.000 134.000 60.000
7.719 -4.837 180.918 151.000 155.000 80.000
7.719 -4.408 180.921 148.000 152.000 77.000
7.719 -3.978 180.925 141.000 143.000 69.000
7.718 -3.548 180.928 167.000 164.000 94.000
7.718 -3.118 180.932 137.000 139.000 64.000
8.148 -4.838 180.949 105.000 105.000 61.000
8.147 -4.408 180.952 153.000 157.000 82.000
8.147 -3.978 180.956 161.000 163.000 87.000
8.147 -3.548 180.959 181.000 177.000 108.000
8.147 -3.118 180.963 148.000 147.000 79.000
8.147 -2.688 180.966 76.000 82.000 26.000
8.576 -3.978 180.987 135.000 133.000 89.000
8.576 -3.548 180.990 183.000 180.000 120.000
8.576 -3.118 180.994 98.000 98.000 62.000
6.830 -5.270 181.281 110.000 112.000 71.000
6.830 -4.841 181.285 157.000 159.000 96.000
6.830 -4.411 181.288 125.000 128.000 69.000
6.830 -3.981 181.291 102.000 107.000 50.000
7.259 -4.841 181.316 160.000 161.000 94.000
7.259 -4.411 181.319 153.000 154.000 87.000
7.259 -3.981 181.323 144.000 143.000 79.000
7.259 -3.551 181.326 113.000 114.000 54.000
7.688 -4.841 181.347 157.000 159.000 92.000
7.688 -4.411 181.350 165.000 165.000 99.000
7.688 -3.981 181.354 158.000 157.000 92.000
7.687 -3.551 181.357 113.000 115.000 58.000
8.116 -4.411 181.381 137.000 136.000 86.000
8.116 -3.981 181.385 160.000 157.000 102.000
6.799 -4.844 181.713 114.000 114.000 71.000
7.228 -4.844 181.745 181.000 180.000 119.000
7.228 -4.414 181.748 170.000 169.000 106.000
7.657 -4.844 181.776 160.000 160.000 106.000
7.657 -4.414 181.779 182.000 181.000 119.000
7.656 -3.984 181.782 81.000 84.000 38.000
8.085 -4.414 181.810 150.000 149.000 99.000
7.197 -4.847 182.173 96.000 98.000 59.000
7.626 -4.848 182.204 84.000 87.000 50.000
7.626 -4.418 182.208 105.000 106.000 62.000
6.991 -2.627 173.124 80.000 86.000 31.000
6.531 -3.490 173.515 101.000 108.000 36.000
6.469 -4.356 174.365 96.000 105.000 34.000
6.898 -3.927 174.400 86.000 99.000 22.000
6.438 -4.790 174.791 69.000 80.000 24.000
6.867 -4.360 174.825 99.000 110.000 31.000
7.296 -3.930 174.860 86.000 95.000 24.000
6.836 -4.793 175.251 105.000 117.000 36.000
7.265 -4.363 175.285 118.000 128.000 39.000
7.693 -3.934 175.320 88.000 96.000 27.000
7.234 -4.797 175.711 127.000 134.000 47.000
7.662 -4.367 175.745 118.000 125.000 43.000
