14.261517270764227 30.12965253706168 136.9018391771167 94.0 103.0 33.0
14.230222952444265 30.986090827585116 137.33737931952504 135.0 138.0 46.0
14.659509896400097 29.266337127197403 137.35491939916332 75.0 85.0 24.0
14.65914351456377 30.5560608070291 137.3650518872564 137.0 140.0 54.0
15.088064076683278 30.126030786473095 137.39272445498779 79.0 86.0 27.0
14.198928634124302 31.84252911810855 137.77291946193338 69.0 84.0 15.0
14.596677005202624 31.839029494798744 138.23275467604208 122.0 127.0 47.0
13.434970464845177 30.13327428765026 136.41095389924558 72.0 82.0 24.0
13.832596708644722 30.559682557617688 136.8741666093853 84.0 95.0 25.0
14.230589334280591 29.696367147753417 137.32724683143195 87.0 94.0 30.0
13.770740835677454 29.69311177900116 137.72498191801583 137.0 138.0 57.0
13.372626082762807 30.986335082142663 137.27527919200023 69.0 82.0 17.0
13.37250395548403 31.416242975419898 137.27865668803125 89.0 94.0 29.0
13.80166877216109 30.126397168309424 137.29957426370058 116.0 124.0 43.0
13.801546644882311 30.556305061586656 137.3029517597316 105.0 114.0 32.0
13.801424517603538 30.98621295486389 137.30632925576262 106.0 115.0 30.0
13.801302390324759 31.416120848141123 137.30970675179364 122.0 124.0 42.0
14.230467207001817 30.12627504103065 137.33062432746297 110.0 117.0 42.0
14.230345079723039 30.55618293430788 137.33400182349402 124.0 130.0 44.0
14.659265641842547 30.12615291375187 137.3616743912254 102.0 109.0 39.0
12.91265545688089 31.41298760666764 137.67639177461513 78.0 89.0 19.0
13.34182027355795 30.123141799557168 137.69730935028446 107.0 112.0 43.0
13.341698146279171 30.5530496928344 137.70068684631548 92.0 103.0 25.0
13.341576019000398 30.982957586111635 137.7040643423465 78.0 91.0 17.0
13.341453891721619 31.412865479388866 137.70744183837755 114.0 118.0 29.0
13.341331764442845 31.8427733726661 137.71081933440857 142.0 146.0 59.0
13.341209637164066 32.27268126594333 137.7141968304396 116.0 116.0 68.0
13.770618708398679 30.123019672278392 137.72835941404685 121.0 125.0 45.0
13.770496581119902 30.552927565555628 137.7317369100779 94.0 102.0 27.0
13.770374453841127 30.98283545883286 137.73511440610892 77.0 90.0 16.0
13.77025232656235 31.41274335211009 137.73849190213997 115.0 120.0 29.0
13.770130199283575 31.842651245387326 137.74186939817096 128.0 133.0 46.0
13.770008072004797 32.27255913866456 137.74524689420198 83.0 88.0 36.0
14.199539270518182 29.692989651722385 137.75603198177822 100.0 106.0 36.0
14.199417143239407 30.122897544999617 137.75940947780927 125.0 126.0 52.0
14.19929501596063 30.552805438276852 137.7627869738403 113.0 118.0 36.0
14.199172888681854 30.982713331554084 137.76616446987134 86.0 98.0 20.0
14.199050761403077 31.41262122483132 137.76954196590236 107.0 116.0 26.0
14.628459832637686 29.26295963116637 137.7837045495096 82.0 91.0 27.0
14.628337705358913 29.692867524443606 137.78708204554064 80.0 91.0 27.0
14.628215578080138 30.122775417720838 137.79045954157166 113.0 118.0 45.0
14.62809345080136 30.55268331099807 137.7938370376027 108.0 114.0 35.0
14.627971323522585 30.98259120427531 137.79721453363373 113.0 121.0 32.0
12.88160539311848 31.40961011063661 138.10517692496143 88.0 96.0 21.0
12.881483265839707 31.83951800391385 138.10855442099245 102.0 110.0 33.0
12.881361138560928 32.269425897191084 138.11193191702347 92.0 96.0 45.0
13.31077020979554 30.119764303526136 138.12609450063073 106.0 112.0 40.0
13.310648082516764 30.54967219680337 138.12947199666178 105.0 112.0 30.0
13.310525955237988 30.979580090080603 138.1328494926928 119.0 124.0 31.0
13.310403827959211 31.409487983357838 138.13622698872385 121.0 124.0 30.0
13.310281700680436 31.83939587663507 138.13960448475487 138.0 142.0 50.0
13.31015957340166 32.269303769912305 138.14298198078586 152.0 156.0 83.0
13.739690771915047 29.68973428297013 138.1537670683621 116.0 120.0 44.0
13.739568644636272 30.119642176247364 138.15714456439315 117.0 123.0 45.0
13.739446517357495 30.549550069524596 138.16052206042417 116.0 120.0 37.0
13.73932439007872 30.979457962801828 138.16389955645522 122.0 123.0 36.0
13.739202262799942 31.409365856079063 138.16727705248624 136.0 136.0 38.0
13.739080135521167 31.839273749356295 138.17065454851726 137.0 142.0 48.0
13.73895800824239 32.26918164263353 138.17403204454828 131.0 137.0 61.0
14.168489206755773 29.689612155691353 138.18481713212452 101.0 108.0 37.0
14.168367079476997 30.11952004896859 138.18819462815554 124.0 126.0 52.0
14.16824495219822 30.54942794224582 138.1915721241866 125.0 125.0 45.0
14.168122824919445 30.979335835523056 138.1949496202176 120.0 124.0 36.0
14.168000697640668 31.409243728800288 138.19832711624866 142.0 143.0 44.0
14.167878570361893 31.83915162207752 138.20170461227966 145.0 148.0 53.0
14.167756443083116 32.269059515354755 138.2050821083107 107.0 114.0 43.0
14.597409768875277 29.259582135135343 138.2124896998559 85.0 95.0 29.0
14.597287641596502 29.689490028412575 138.21586719588694 110.0 118.0 43.0
14.597165514317728 30.119397921689806 138.21924469191796 121.0 124.0 50.0
14.59704338703895 30.549305814967042 138.22262218794899 126.0 129.0 46.0
14.596921259760176 30.97921370824428 138.22599968398004 123.0 127.0 38.0
14.596799132481397 31.409121601521512 138.22937718001106 119.0 126.0 34.0
15.026086076437233 29.6893679011338 138.24691725964934 90.0 97.0 33.0
15.025963949158458 30.11927579441103 138.2502947556804 83.0 87.0 33.0
15.025719694600905 30.9790915809655 138.25704974774243 97.0 102.0 30.0
12.42163476723657 31.8362626351616 138.50628950757633 73.0 81.0 22.0
12.421512639957792 32.266170528438835 138.50966700360738 88.0 98.0 32.0
12.850799583913624 30.54641682805112 138.52720708324566 75.0 84.0 21.0
12.85067745663485 30.976324721328353 138.53058457927668 88.0 97.0 22.0
12.850555329356071 31.406232614605585 138.53396207530773 117.0 121.0 31.0
12.850433202077296 31.836140507882828 138.53733957133875 128.0 134.0 40.0
12.850311074798519 32.266048401160056 138.54071706736977 139.0 146.0 60.0
12.850188947519744 32.695956294437295 138.5440945634008 76.0 81.0 38.0
13.279720146033132 30.116386807495115 138.55487965097703 75.0 83.0 26.0
13.279598018754355 30.546294700772346 138.55825714700805 104.0 111.0 32.0
13.27947589147558 30.976202594049578 138.5616346430391 114.0 118.0 30.0
13.279353764196802 31.406110487326814 138.56501213907012 129.0 130.0 33.0
13.279231636918027 31.836018380604045 138.56838963510117 144.0 147.0 51.0
13.27910950963925 32.26592627388128 138.57176713113216 151.0 155.0 71.0
13.278987382360475 32.69583416715851 138.57514462716318 118.0 120.0 64.0
13.708640708152638 29.686356786939104 138.5825522187084 83.0 90.0 29.0
13.708518580873863 30.11626468021634 138.58592971473942 102.0 109.0 40.0
13.708396453595084 30.54617257349357 138.58930721077047 122.0 125.0 42.0
13.70827432631631 30.976080466770803 138.5926847068015 126.0 128.0 36.0
13.708152199037531 31.40598836004804 138.59606220283254 139.0 139.0 38.0
13.708030071758758 31.83589625332527 138.59943969886356 145.0 146.0 52.0
13.70790794447998 32.265804146602505 138.60281719489458 149.0 153.0 70.0
13.707785817201206 32.69571203987974 138.6061946909256 107.0 111.0 57.0
14.137439142993365 29.686234659660332 138.61360228247082 93.0 101.0 34.0
14.137317015714592 30.116142552937564 138.61697977850184 125.0 127.0 54.0
14.137194888435813 30.546050446214796 138.62035727453286 138.0 134.0 54.0
14.13707276115704 30.97595833949203 138.6237347705639 132.0 132.0 40.0
14.13695063387826 31.405866232769263 138.62711226659493 155.0 151.0 51.0
14.136828506599485 31.835774126046495 138.63048976262598 155.0 154.0 63.0
14.136706379320708 32.26568201932373 138.63386725865698 147.0 151.0 68.0
14.566237577834096 29.68611253238155 138.64465234623322 116.0 121.0 47.0
14.566115450555321 30.116020425658782 138.64802984226426 129.0 130.0 57.0
14.565993323276544 30.545928318936017 138.6514073382953 136.0 133.0 52.0
14.565871195997769 30.975836212213256 138.6547848343263 131.0 133.0 41.0
14.565749068718992 31.405744105490488 138.65816233035736 157.0 155.0 55.0
14.565626941440216 31.83565199876772 138.66153982638838 170.0 169.0 78.0
14.56550481416144 32.265559892044955 138.6649173224194 143.0 144.0 77.0
14.995036012674825 29.685990405102775 138.67570240999564 122.0 126.0 51.0
14.994913885396052 30.115898298380007 138.67907990602666 134.0 134.0 58.0
14.994791758117273 30.545806191657242 138.6824574020577 139.0 141.0 54.0
14.9946696308385 30.975714084934474 138.68583489808873 133.0 138.0 44.0
14.99454750355972 31.40562197821171 138.68921239411978 146.0 148.0 59.0
14.994425376280947 31.83552987148894 138.69258989015077 120.0 121.0 61.0
15.423834447515553 29.685868277824 138.70675247375803 81.0 84.0 36.0
15.42371232023678 30.115776171101235 138.71012996978908 84.0 87.0 36.0
15.423590192958 30.545684064378467 138.7135074658201 97.0 101.0 37.0
12.39058470347416 31.83288513913057 138.93507465792263 99.0 107.0 29.0
12.390462576195382 32.26279303240781 138.93845215395365 110.0 120.0 38.0
12.819749520151214 30.54303933202009 138.95599223359193 78.0 87.0 23.0
12.81962739287244 30.97294722529732 138.95936972962298 100.0 108.0 25.0
12.819505265593662 31.402855118574557 138.962747225654 126.0 130.0 32.0
12.819383138314887 31.832763011851796 138.96612472168505 149.0 151.0 51.0
12.81926101103611 32.26267090512903 138.96950221771607 149.0 153.0 61.0
12.819138883757335 32.69257879840626 138.9728797137471 156.0 159.0 81.0
13.248547954991945 30.542917204741315 138.98704229735435 104.0 109.0 35.0
13.24842582771317 30.97282509801855 138.99041979338537 124.0 126.0 36.0
13.248303700434393 31.40273299129578 138.99379728941642 134.0 134.0 35.0
13.248181573155618 31.832640884573014 138.99717478544744 151.0 151.0 53.0
13.248059445876839 32.26254877785025 139.0005522814785 162.0 164.0 73.0
13.247937318598066 32.69245667112748 139.00392977750948 174.0 176.0 95.0
13.677590644390227 29.682979290908076 139.0113373690547 93.0 97.0 37.0
13.677468517111453 30.112887184185308 139.01471486508572 100.0 105.0 43.0
13.677346389832675 30.54279507746254 139.01809236111674 120.0 120.0 43.0
13.677224262553901 30.972702970739775 139.0214698571478 131.0 131.0 39.0
13.677102135275122 31.402610864017007 139.0248473531788 142.0 143.0 39.0
13.676980007996347 31.83251875729424 139.02822484920986 159.0 159.0 60.0
13.67685788071757 32.26242665057147 139.03160234524088 163.0 165.0 74.0
13.676735753438795 32.69233454384871 139.0349798412719 168.0 171.0 92.0
14.106389079230956 29.6828571636293 139.0423874328171 104.0 110.0 42.0
14.10626695195218 30.112765056906532 139.04576492884814 130.0 127.0 59.0
14.106144824673404 30.542672950183768 139.04914242487916 140.0 134.0 57.0
14.106022697394629 30.972580843461 139.05251992091019 143.0 139.0 47.0
14.105900570115852 31.40248873673823 139.05589741694124 152.0 150.0 47.0
14.105778442837076 31.832396630015467 139.05927491297226 160.0 160.0 62.0
14.1056563155583 32.2623045232927 139.06265240900328 166.0 168.0 79.0
14.105534188279524 32.69221241656993 139.0660299050343 144.0 149.0 73.0
14.535187514071687 29.68273503635052 139.07343749657952 101.0 109.0 38.0
14.535065386792912 30.112642929627754 139.07681499261054 141.0 136.0 67.0
14.534943259514135 30.542550822904985 139.0801924886416 149.0 141.0 63.0
14.53482113223536 30.972458716182224 139.0835699846726 142.0 141.0 46.0
14.53469900495658 31.402366609459456 139.08694748070366 157.0 156.0 51.0
14.534576877677807 31.83227450273669 139.09032497673468 169.0 171.0 72.0
14.534454750399028 32.26218239601393 139.09370247276567 181.0 182.0 99.0
14.534332623120255 32.69209028929116 139.09707996879672 116.0 117.0 76.0
14.963985948912416 29.682612909071743 139.1044875603419 99.0 106.0 36.0
14.963863821633643 30.11252080234898 139.10786505637296 140.0 137.0 62.0
14.963741694354864 30.54242869562621 139.11124255240398 148.0 144.0 61.0
14.963619567076089 30.972336588903445 139.11462004843503 142.0 144.0 47.0
14.963497439797312 31.402244482180677 139.11799754446605 157.0 161.0 56.0
14.963375312518536 31.83215237545791 139.12137504049707 174.0 175.0 87.0
14.96325318523976 32.26206026873515 139.1247525365281 136.0 136.0 88.0
15.392784383753144 29.68249078179297 139.13553762410433 99.0 104.0 41.0
15.392662256474368 30.112398675070203 139.13891512013535 137.0 140.0 55.0
15.392540129195591 30.542306568347435 139.1422926161664 142.0 144.0 55.0
15.392418001916816 30.97221446162467 139.14567011219742 137.0 142.0 47.0
15.39229587463804 31.402122354901902 139.14904760822847 85.0 88.0 29.0
12.359412512432975 32.25941553637677 139.36723730429995 91.0 99.0 30.0
12.3592903851542 32.689323429654 139.37061480033097 108.0 117.0 44.0
12.788577329110032 30.969569729266293 139.38815487996925 99.0 108.0 26.0
12.788455201831255 31.399477622543525 139.3915323760003 114.0 120.0 28.0
12.78833307455248 31.829385515820764 139.39490987203132 133.0 138.0 41.0
12.7882109472737 32.259293409098 139.39828736806237 147.0 151.0 58.0
12.788088819994927 32.68920130237523 139.4016648640934 162.0 165.0 83.0
12.787966692716152 33.11910919565246 139.4050423601244 110.0 111.0 72.0
13.217497891229536 30.539539708710286 139.41582744770062 109.0 113.0 39.0
13.217375763950763 30.96944760198752 139.41920494373167 122.0 123.0 35.0
13.217253636671984 31.39935549526475 139.4225824397627 132.0 132.0 35.0
13.217131509393209 31.829263388541985 139.42595993579374 152.0 150.0 53.0
13.217009382114432 32.25917128181922 139.42933743182476 158.0 160.0 67.0
13.216887254835656 32.68907917509645 139.43271492785578 175.0 177.0 93.0
13.216765127556883 33.11898706837369 139.4360924238868 144.0 144.0 97.0
13.64654058062782 29.679601794877044 139.440122519401 90.0 93.0 38.0
13.646418453349044 30.109509688154276 139.44350001543202 96.0 101.0 39.0
13.646296326070267 30.53941758143151 139.44687751146304 120.0 119.0 42.0
13.646174198791492 30.969325474708743 139.45025500749406 134.0 131.0 41.0
13.646052071512715 31.399233367985975 139.4536325035251 140.0 139.0 40.0
13.64592994423394 31.82914126126321 139.45700999955613 152.0 153.0 53.0
13.645807816955163 32.25904915454044 139.46038749558718 163.0 163.0 71.0
13.645685689676387 32.688957047817674 139.46376499161818 171.0 173.0 89.0
13.645563562397612 33.118864941094905 139.46714248764923 131.0 132.0 84.0
14.075339015468547 29.67947966759827 139.4711725831634 88.0 94.0 34.0
14.075216888189772 30.109387560875504 139.47455007919442 125.0 122.0 55.0
14.075094760910995 30.539295454152736 139.47792757522546 138.0 133.0 53.0
14.07497263363222 30.969203347429968 139.4813050712565 146.0 140.0 49.0
14.074850506353442 31.399111240707203 139.48468256728754 145.0 143.0 43.0
14.074728379074667 31.829019133984435 139.48806006331856 161.0 160.0 62.0
14.07460625179589 32.25892702726167 139.49143755934958 172.0 173.0 80.0
14.074484124517115 32.6888349205389 139.4948150553806 166.0 168.0 86.0
14.07436199723834 33.118742813816134 139.49819255141162 103.0 107.0 56.0
14.504137450309276 29.67935754031949 139.50222264692582 87.0 95.0 31.0
14.504015323030503 30.109265433596722 139.50560014295684 141.0 137.0 62.0
14.503893195751724 30.539173326873954 139.50897763898786 150.0 142.0 61.0
14.50377106847295 30.969081220151192 139.5123551350189 151.0 147.0 52.0
14.503648941194172 31.398989113428428 139.51573263104993 156.0 156.0 51.0
14.503526813915398 31.82889700670566 139.51911012708098 170.0 167.0 74.0
14.50340468663662 32.25880489998289 139.522487623112 180.0 181.0 91.0
14.503282559357844 32.68871279326012 139.525865119143 163.0 163.0 95.0
14.932935885150007 29.679235413040715 139.5332727106882 82.0 90.0 29.0
14.932813757871232 30.109143306317947 139.53665020671923 140.0 138.0 59.0
14.932691630592455 30.539051199595182 139.54002770275028 153.0 149.0 64.0
14.93256950331368 30.968959092872414 139.5434051987813 152.0 150.0 56.0
14.932447376034903 31.398866986149645 139.54678269481235 154.0 155.0 55.0
14.932325248756127 31.82877487942688 139.55016019084337 170.0 172.0 79.0
14.93220312147735 32.25868277270412 139.5535376868744 168.0 167.0 99.0
15.36161219271196 30.10902117903917 139.56770027048165 136.0 138.0 53.0
15.361490065433182 30.538929072316407 139.57107776651267 163.0 160.0 74.0
15.361367938154407 30.96883696559364 139.57445526254372 158.0 160.0 64.0
15.36124581087563 31.39874485887087 139.57783275857474 134.0 139.0 49.0
15.361123683596855 31.828652752148106 139.5812102546058 93.0 94.0 47.0
15.79041062755269 30.108899051760396 139.59875033424407 116.0 119.0 51.0
15.790166372995138 30.968714838314863 139.60550532630612 85.0 85.0 40.0
12.328362448670564 32.25603804034574 139.79602245464625 119.0 127.0 42.0
12.32824032139179 32.685945933622975 139.79939995067727 116.0 124.0 46.0
12.757527265347623 30.96619223323526 139.81694003031555 71.0 81.0 18.0
12.757405138068844 31.396100126512493 139.82031752634657 85.0 94.0 19.0
12.75728301079007 31.826008019789736 139.82369502237762 124.0 129.0 35.0
12.757160883511292 32.255915913066964 139.82707251840864 131.0 137.0 47.0
12.757038756232518 32.6858238063442 139.8304500144397 147.0 152.0 69.0
12.756916628953743 33.115731699621435 139.83382751047068 156.0 156.0 98.0
13.186447827467127 30.536162212679255 139.84461259804692 106.0 110.0 36.0
13.186325700188352 30.966070105956486 139.84799009407797 111.0 116.0 31.0
13.186203572909575 31.395977999233722 139.851367590109 115.0 120.0 28.0
13.1860814456308 31.825885892510954 139.85474508614 130.0 134.0 38.0
13.185959318352023 32.255793785788185 139.85812258217106 152.0 154.0 61.0
13.185837191073247 32.68570167906542 139.86150007820208 169.0 170.0 86.0
13.185715063794472 33.115609572342656 139.8648775742331 188.0 187.0 122.0
13.615368389586635 30.106132192123248 139.87228516577832 95.0 101.0 36.0
13.615246262307858 30.53604008540048 139.87566266180934 109.0 111.0 35.0
13.615124135029083 30.96594797867771 139.87904015784036 120.0 122.0 34.0
13.615002007750304 31.395855871954947 139.8824176538714 123.0 126.0 31.0
13.61487988047153 31.82576376523218 139.88579514990244 143.0 144.0 46.0
13.614757753192752 32.255671658509414 139.88917264593346 156.0 156.0 65.0
13.614635625913978 32.685579551786645 139.8925501419645 174.0 174.0 89.0
13.614513498635203 33.11548744506388 139.8959276379955 186.0 185.0 118.0
14.044166824427363 30.106010064844472 139.90333522954072 105.0 107.0 38.0
14.044044697148584 30.535917958121704 139.90671272557174 133.0 128.0 47.0
14.04392256986981 30.96582585139894 139.9100902216028 137.0 135.0 42.0
14.043800442591031 31.39573374467617 139.9134677176338 142.0 139.0 41.0
14.043678315312258 31.825641637953403 139.91684521366486 141.0 142.0 46.0
14.04355618803348 32.255549531230635 139.92022270969588 162.0 162.0 69.0
14.043434060754706 32.685457424507874 139.9236002057269 182.0 182.0 93.0
14.04331193347593 33.115365317785106 139.92697770175792 167.0 167.0 99.0
14.472965259268092 30.10588793756569 139.9343852933031 136.0 133.0 53.0
14.472843131989315 30.535795830842925 139.93776278933416 155.0 146.0 62.0
14.47272100471054 30.965703724120164 139.94114028536518 151.0 145.0 54.0
14.472598877431762 31.395611617397396 139.94451778139623 147.0 144.0 47.0
14.472476750152987 31.825519510674628 139.94789527742725 156.0 154.0 59.0
14.47235462287421 32.25542740395186 139.9512727734583 175.0 175.0 84.0
14.472232495595435 32.685335297229095 139.9546502694893 184.0 183.0 101.0
14.472110368316661 33.11524319050633 139.95802776552034 87.0 89.0 56.0
14.901763694108823 30.10576581028692 139.96543535706553 141.0 140.0 54.0
14.901641566830046 30.53567370356415 139.96881285309655 165.0 159.0 74.0
14.90151943955127 30.965581596841382 139.9721903491276 173.0 168.0 77.0
14.901397312272493 31.395489490118617 139.97556784515862 148.0 149.0 53.0
14.901275184993718 31.82539738339585 139.97894534118967 161.0 163.0 71.0
14.90115305771494 32.25530527667309 139.9823228372207 173.0 174.0 93.0
14.901030930436166 32.68521316995032 139.9857003332517 147.0 148.0 101.0
15.33056212894955 30.105643683008143 139.99648542082795 135.0 136.0 51.0
15.330440001670773 30.535551576285375 139.99986291685897 167.0 163.0 79.0
15.330317874391998 30.965459469562607 140.00324041289 165.0 164.0 80.0
15.330073619834446 31.825275256117074 140.00999540495206 89.0 90.0 45.0
15.329951492555667 32.255183149394306 140.0133729009831 80.0 80.0 50.0
15.759482691069055 29.675613662452133 140.02415798855932 78.0 85.0 26.0
15.75936056379028 30.105521555729368 140.02753548459035 130.0 133.0 50.0
15.759238436511502 30.5354294490066 140.0309129806214 145.0 146.0 66.0
15.759116309232727 30.965337342283835 140.03429047665242 110.0 110.0 57.0
12.297312384908157 32.252660544314715 140.22480760499252 110.0 113.0 40.0
12.297190257629381 32.68256843759195 140.22818510102357 90.0 97.0 33.0
12.726232947027661 31.822630523758704 140.2524801727239 112.0 117.0 35.0
12.726110819748884 32.252538417035936 140.25585766875494 139.0 143.0 54.0
12.725988692470109 32.68244631031317 140.25923516478596 154.0 156.0 75.0
12.725866565191334 33.1123542035904 140.262612660817 178.0 177.0 116.0
12.725744437912557 33.54226209686764 140.265990156848 102.0 105.0 76.0
13.15539776370472 30.532784716648223 140.27339774839322 82.0 91.0 24.0
13.155275636425944 30.96269260992546 140.27677524442424 94.0 103.0 25.0
13.155153509147166 31.39260050320269 140.2801527404553 100.0 108.0 24.0
13.155031381868392 31.822508396479922 140.2835302364863 131.0 135.0 40.0
13.154909254589613 32.25241628975716 140.28690773251734 156.0 154.0 65.0
13.15478712731084 32.68232418303439 140.29028522854838 174.0 174.0 90.0
13.154665000032065 33.11223207631163 140.2936627245794 188.0 188.0 118.0
13.154542872753288 33.54213996958886 140.29704022061043 147.0 149.0 110.0
13.584318325824228 30.102754696092216 140.30107031612462 83.0 91.0 28.0
13.584196198545449 30.532662589369448 140.30444781215562 103.0 107.0 31.0
13.584074071266674 30.962570482646683 140.30782530818666 107.0 111.0 29.0
13.583951943987897 31.392478375923915 140.3112028042177 126.0 129.0 35.0
13.583829816709121 31.82238626920115 140.31458030024874 139.0 142.0 43.0
13.583707689430344 32.25229416247838 140.31795779627976 158.0 156.0 64.0
13.583585562151569 32.68220205575562 140.32133529231078 179.0 178.0 89.0
13.583463434872796 33.11210994903285 140.3247127883418 186.0 187.0 108.0
13.583341307594017 33.54201784231008 140.32809028437282 122.0 125.0 88.0
14.013116760664953 30.10263256881344 140.33212037988702 112.0 115.0 39.0
14.012994633386175 30.532540462090676 140.33549787591804 127.0 125.0 41.0
14.0128725061074 30.962448355367908 140.33887537194906 113.0 115.0 29.0
14.012750378828622 31.39235624864514 140.3422528679801 120.0 121.0 32.0
14.012628251549847 31.822264141922375 140.34563036401113 141.0 144.0 46.0
14.01250612427107 32.25217203519961 140.34900786004218 172.0 171.0 70.0
14.012383996992295 32.68207992847684 140.3523853560732 181.0 181.0 85.0
14.012261869713521 33.11198782175407 140.35576285210422 180.0 180.0 97.0
14.441915195505683 30.102510441534662 140.36317044364944 130.0 130.0 45.0
14.441793068226906 30.532418334811894 140.36654793968043 153.0 143.0 60.0
14.44167094094813 30.962326228089132 140.36992543571148 152.0 145.0 55.0
14.441548813669353 31.392234121366364 140.3733029317425 152.0 146.0 52.0
14.441426686390578 31.8221420146436 140.37668042777355 156.0 153.0 57.0
14.441304559111801 32.252049907920835 140.38005792380457 173.0 172.0 75.0
14.441182431833026 32.68195780119807 140.3834354198356 177.0 178.0 85.0
14.44106030455425 33.1118656944753 140.3868129158666 126.0 126.0 70.0
14.870713630346414 30.102388314255887 140.39422050741183 133.0 135.0 46.0
14.870591503067635 30.53229620753312 140.39759800344285 161.0 154.0 68.0
14.870469375788861 30.962204100810354 140.40097549947387 185.0 180.0 89.0
14.870347248510082 31.392111994087585 140.40435299550492 169.0 165.0 68.0
14.870225121231309 31.822019887364817 140.40773049153594 159.0 160.0 65.0
14.87010299395253 32.251927780642056 140.411107987567 174.0 175.0 80.0
14.869980866673757 32.68183567391929 140.414485483598 180.0 180.0 101.0
15.299512065187141 30.10226618697711 140.42527057117422 135.0 135.0 49.0
15.299389937908362 30.532174080254343 140.42864806720527 165.0 160.0 74.0
15.299267810629589 30.96208197353158 140.4320255632363 179.0 177.0 93.0
15.29914568335081 31.39198986680881 140.43540305926734 144.0 145.0 67.0
15.299023556072035 31.821897760086042 140.43878055529837 121.0 124.0 53.0
15.298901428793258 32.25180565336328 140.4421580513294 99.0 101.0 48.0
15.72831050002787 30.102144059698336 140.45632063493665 112.0 116.0 39.0
15.728188372749093 30.53205195297557 140.45969813096767 151.0 150.0 68.0
15.728066245470318 30.961959846252803 140.46307562699872 137.0 138.0 71.0
15.727944118191541 31.391867739530035 140.46645312302974 136.0 141.0 63.0
16.1571089348686 30.10202193241956 140.48737069869904 84.0 87.0 36.0
16.156986807589828 30.531929825696796 140.4907481947301 91.0 93.0 47.0
12.266384448424525 31.819375155006455 140.65021525930777 90.0 95.0 33.0
12.266262321145748 32.24928304828369 140.65359275533882 123.0 127.0 52.0
12.266140193866972 32.67919094156092 140.65697025136984 129.0 131.0 62.0
12.266018066588197 33.10909883483815 140.6603477474009 140.0 141.0 89.0
12.695182883265252 31.81925302772768 140.6812653230702 114.0 120.0 36.0
12.695060755986475 32.249160921004915 140.6846428191012 146.0 148.0 63.0
12.6949386287077 32.67906881428215 140.68802031513226 166.0 163.0 92.0
12.694816501428924 33.10897670755938 140.69139781116328 185.0 182.0 124.0
12.694694374150147 33.53888460083661 140.6947753071943 126.0 128.0 100.0
13.124225572663535 30.959315113894434 140.70556039477054 74.0 85.0 19.0
13.124103445384756 31.389223007171665 140.70893789080156 101.0 108.0 24.0
13.123981318105983 31.819130900448897 140.7123153868326 140.0 141.0 45.0
13.123859190827204 32.24903879372613 140.71569288286364 160.0 156.0 71.0
13.123737063548429 32.67894668700337 140.71907037889466 178.0 174.0 100.0
13.123614936269655 33.10885458028061 140.7224478749257 194.0 192.0 129.0
13.123492808990877 33.53876247355784 140.7258253709567 176.0 177.0 141.0
13.553268262061817 30.09937720006119 140.7298554664709 79.0 87.0 27.0
13.55314613478304 30.529285093338427 140.73323296250192 104.0 110.0 31.0
13.553024007504265 30.95919298661566 140.73661045853294 111.0 117.0 29.0
13.552901880225487 31.38910087989289 140.739987954564 134.0 136.0 36.0
13.552779752946712 31.819008773170125 140.743365450595 153.0 153.0 50.0
13.552657625667935 32.24891666644736 140.74674294662606 164.0 161.0 68.0
13.55253549838916 32.67882455972459 140.75012044265708 179.0 176.0 90.0
13.552413371110385 33.10873245300182 140.7534979386881 191.0 189.0 113.0
13.552291243831608 33.53864034627906 140.75687543471912 172.0 172.0 125.0
13.982066696902546 30.099255072782416 140.76090553023332 116.0 117.0 43.0
13.981944569623769 30.52916296605965 140.76428302626434 131.0 129.0 43.0
13.981822442344994 30.959070859336883 140.76766052229536 135.0 135.0 38.0
13.981700315066217 31.388978752614115 140.77103801832638 154.0 151.0 46.0
13.981578187787441 31.81888664589135 140.77441551435743 152.0 153.0 47.0
13.981456060508663 32.248794539168586 140.77779301038845 159.0 160.0 55.0
13.98133393322989 32.67870243244582 140.7811705064195 180.0 179.0 80.0
13.981211805951114 33.10861032572305 140.78454800245052 192.0 192.0 105.0
13.981089678672337 33.53851821900028 140.78792549848154 149.0 150.0 98.0
14.410865131743277 30.099132945503637 140.79195559399574 118.0 121.0 40.0
14.410743004464498 30.52904083878087 140.79533309002673 142.0 141.0 47.0
14.410620877185725 30.958948732058108 140.79871058605775 153.0 148.0 50.0
14.410498749906946 31.388856625335343 140.8020880820888 167.0 160.0 60.0
14.41037662262817 31.818764518612575 140.80546557811982 165.0 164.0 60.0
14.410254495349394 32.24867241188981 140.80884307415087 175.0 176.0 72.0
14.410132368070618 32.67858030516704 140.8122205701819 190.0 188.0 93.0
14.410010240791845 33.10848819844427 140.8155980662129 193.0 190.0 116.0
14.839663566584006 30.099010818224862 140.82300565775813 128.0 130.0 46.0
14.83954143930523 30.528918711502094 140.82638315378915 150.0 146.0 56.0
14.839419312026454 30.95882660477933 140.82976064982017 170.0 164.0 72.0
14.839297184747677 31.38873449805656 140.83313814585122 169.0 165.0 68.0
14.839175057468902 31.818642391333793 140.83651564188224 170.0 171.0 73.0
14.839052930190125 32.248550284611035 140.83989313791326 179.0 178.0 89.0
14.83893080291135 32.67845817788827 140.84327063394431 196.0 194.0 114.0
15.268462001424734 30.098888690946087 140.85405572152052 128.0 132.0 47.0
15.268339874145957 30.52879658422332 140.85743321755155 151.0 146.0 63.0
15.268217746867181 30.958704477500554 140.8608107135826 189.0 184.0 97.0
15.268095619588404 31.388612370777786 140.86418820961362 178.0 176.0 84.0
15.267729237752077 32.67833605060949 140.8743206977067 86.0 87.0 61.0
15.697260436265465 30.09876656366731 140.88510578528295 127.0 129.0 50.0
15.697138308986686 30.528674456944547 140.88848328131397 154.0 151.0 68.0
15.697016181707912 30.95858235022178 140.891860777345 180.0 179.0 95.0
15.696894054429134 31.38849024349901 140.89523827337604 165.0 165.0 83.0
12.235212257383338 32.24590555225266 141.0823779056851 119.0 121.0 58.0
12.235090130104565 32.67581344552989 141.08575540171614 158.0 153.0 95.0
12.23496800282579 33.10572133880712 141.08913289774716 171.0 168.0 120.0
12.664132819502845 31.815875531696648 141.1100504734165 98.0 105.0 32.0
12.664010692224066 32.24578342497388 141.1134279694475 161.0 158.0 82.0
12.66388856494529 32.67569131825112 141.11680546547856 194.0 187.0 127.0
12.663766437666517 33.10559921152835 141.12018296150958 200.0 196.0 145.0
12.663644310387738 33.53550710480558 141.1235604575406 182.0 179.0 149.0
13.093053381622349 31.385845511140634 141.13772304114786 73.0 84.0 16.0
13.092931254343574 31.81575340441787 141.1411005371789 130.0 134.0 42.0
13.092809127064797 32.2456612976951 141.14447803320994 159.0 155.0 74.0
13.092686999786022 32.67556919097233 141.14785552924096 192.0 186.0 119.0
13.092564872507246 33.10547708424957 141.151233025272 205.0 201.0 145.0
13.09244274522847 33.5353849775268 141.15461052130303 212.0 209.0 170.0
13.52221819829941 30.095999704030163 141.1586406168172 88.0 95.0 33.0
13.522096071020632 30.525907597307395 141.16201811284822 107.0 115.0 32.0
13.521973943741857 30.955815490584627 141.16539560887924 106.0 116.0 26.0
13.521851816463078 31.385723383861862 141.16877310491026 126.0 132.0 32.0
13.521729689184305 31.815631277139094 141.1721506009413 152.0 154.0 51.0
13.521607561905526 32.24553917041633 141.17552809697233 161.0 160.0 64.0
13.521485434626753 32.67544706369356 141.17890559300338 179.0 176.0 91.0
13.521363307347977 33.10535495697079 141.1822830890344 198.0 196.0 121.0
13.5212411800692 33.535262850248024 141.18566058506542 185.0 183.0 128.0
13.951016633140137 30.095877576751388 141.18969068057962 115.0 119.0 44.0
13.950894505861358 30.52578547002862 141.19306817661064 132.0 133.0 42.0
13.950772378582585 30.95569336330585 141.19644567264163 149.0 149.0 44.0
13.950650251303806 31.385601256583087 141.19982316867268 159.0 158.0 48.0
13.950528124025032 31.81550914986032 141.2032006647037 167.0 165.0 56.0
13.950405996746253 32.24541704313755 141.20657816073475 172.0 171.0 63.0
13.95028386946748 32.67532493641478 141.20995565676577 182.0 182.0 78.0
13.950161742188705 33.10523282969202 141.21333315279682 190.0 190.0 95.0
13.950039614909926 33.53514072296925 141.2167106488278 163.0 163.0 102.0
14.379815067980866 30.095755449472605 141.220740744342 124.0 126.0 46.0
14.379692940702089 30.525663342749837 141.22411824037303 150.0 148.0 52.0
14.379570813423314 30.95557123602708 141.22749573640405 154.0 152.0 50.0
14.379448686144537 31.38547912930431 141.2308732324351 185.0 181.0 72.0
14.379326558865761 31.815387022581543 141.23425072846612 173.0 171.0 62.0
14.379204431586984 32.24529491585878 141.23762822449714 175.0 175.0 67.0
14.37908230430821 32.67520280913601 141.2410057205282 186.0 186.0 82.0
14.378960177029434 33.10511070241324 141.2443832165592 180.0 179.0 96.0
14.378838049750657 33.535018595690474 141.24776071259024 84.0 85.0 45.0
14.808613502821597 30.09563332219383 141.25179080810443 130.0 132.0 52.0
14.80849137554282 30.525541215471065 141.25516830413545 149.0 146.0 57.0
14.808369248264045 30.955449108748297 141.25854580016647 174.0 169.0 75.0
14.808247120985268 31.38535700202553 141.2619232961975 191.0 187.0 86.0
14.808124993706492 31.815264895302764 141.26530079222854 177.0 176.0 76.0
14.808002866427714 32.24517278858 141.26867828825957 175.0 175.0 77.0
14.80788073914894 32.67508068185724 141.2720557842906 196.0 194.0 108.0
14.807758611870165 33.10498857513447 141.2754332803216 157.0 156.0 109.0
15.237411937662324 30.095511194915055 141.28284087186682 128.0 131.0 51.0
15.237289810383546 30.52541908819229 141.28621836789785 148.0 145.0 60.0
15.237167683104772 30.955326981469522 141.28959586392887 185.0 180.0 92.0
15.237045555825993 31.385234874746754 141.29297335995992 188.0 184.0 92.0
15.23692342854722 31.81514276802399 141.29635085599094 150.0 150.0 71.0
15.236801301268441 32.24505066130122 141.299728352022 122.0 122.0 63.0
15.236679173989668 32.67495855457845 141.303105848053 129.0 128.0 80.0
15.666210372503054 30.095389067636283 141.31389093562925 112.0 115.0 44.0
15.666088245224277 30.525296960913515 141.31726843166024 147.0 144.0 62.0
15.665966117945501 30.955204854190747 141.3206459276913 180.0 176.0 91.0
15.665843990666724 31.385112747467982 141.3240234237223 188.0 184.0 104.0
15.66572186338795 31.815020640745214 141.32740091975336 111.0 112.0 56.0
16.09488668006501 30.52517483363474 141.34831849542266 95.0 96.0 43.0
16.09476455278623 30.95508272691197 141.35169599145368 103.0 103.0 56.0
16.094642425507455 31.384990620189207 141.35507348748473 115.0 115.0 66.0
12.20416219362093 32.24252805622162 141.5111630560314 130.0 132.0 65.0
12.204040066342154 32.67243594949886 141.5145405520624 170.0 165.0 111.0
12.20391793906338 33.102343842776094 141.51791804809346 172.0 167.0 125.0
12.633082755740434 31.81249803566562 141.53883562376276 87.0 94.0 26.0
12.632960628461657 32.24240592894285 141.54221311979381 167.0 163.0 86.0
12.632838501182881 32.67231382222008 141.54559061582484 193.0 187.0 126.0
12.632716373904108 33.102221715497315 141.54896811185588 204.0 199.0 151.0
12.63259424662533 33.532129608774554 141.5523456078869 208.0 203.0 173.0
13.06200331785994 31.382468015109605 141.56650819149414 81.0 89.0 19.0
13.061881190581165 31.812375908386837 141.5698856875252 130.0 135.0 40.0
13.061759063302388 32.24228380166407 141.5732631835562 162.0 158.0 73.0
13.061636936023612 32.672191694941304 141.57664067958726 192.0 186.0 118.0
13.061514808744837 33.10209958821854 141.58001817561828 210.0 204.0 150.0
13.06139268146606 33.532007481495775 141.58339567164933 215.0 211.0 170.0
13.491046007258221 30.522530101276363 141.59080326319452 93.0 101.0 27.0
13.490923879979448 30.9524379945536 141.59418075922554 112.0 120.0 29.0
13.49080175270067 31.38234588783083 141.59755825525656 131.0 136.0 33.0
13.490679625421896 31.812253781108062 141.60093575128758 145.0 147.0 44.0
13.490557498143117 32.242161674385294 141.60431324731863 162.0 158.0 63.0
13.490435370864342 32.672069567662525 141.60769074334965 177.0 172.0 85.0
13.490313243585568 33.101977460939764 141.6110682393807 197.0 194.0 116.0
13.49019111630679 33.531885354216996 141.61444573541172 203.0 200.0 138.0
13.919966569377728 30.092500080720356 141.6184758309259 109.0 113.0 41.0
13.919844442098949 30.522407973997588 141.62185332695694 133.0 135.0 43.0
13.919722314820174 30.952315867274823 141.62523082298793 134.0 138.0 36.0
13.919600187541397 31.382223760552055 141.62860831901898 161.0 160.0 48.0
13.919478060262621 31.812131653829287 141.63198581505 171.0 169.0 57.0
13.919355932983844 32.24203954710652 141.63536331108102 178.0 176.0 66.0
13.919233805705069 32.671947440383754 141.63874080711207 180.0 177.0 73.0
13.919111678426296 33.101855333660986 141.6421183031431 185.0 185.0 87.0
13.918989551147517 33.53176322693822 141.6454957991741 176.0 176.0 103.0
14.34864287693968 30.52228584671881 141.65290339071933 130.0 134.0 40.0
14.348520749660905 30.952193739996048 141.65628088675035 152.0 152.0 46.0
14.348398622382128 31.38210163327328 141.65965838278137 170.0 168.0 58.0
14.348276495103352 31.812009526550515 141.66303587881242 171.0 170.0 59.0
14.348154367824575 32.24191741982774 141.66641337484344 176.0 175.0 66.0
14.3480322405458 32.67182531310498 141.66979087087446 187.0 186.0 80.0
14.347910113267025 33.101733206382214 141.67316836690551 185.0 186.0 94.0
14.347787985988248 33.531641099659446 141.67654586293654 111.0 111.0 66.0
14.777563439059188 30.092255826162802 141.6805759584507 86.0 92.0 31.0
14.777441311780409 30.522163719440034 141.68395345448175 143.0 144.0 51.0
14.777319184501636 30.952071612717265 141.68733095051275 161.0 157.0 62.0
14.777197057222857 31.3819795059945 141.6907084465438 178.0 174.0 72.0
14.777074929944083 31.811887399271733 141.69408594257482 172.0 170.0 70.0
14.776952802665305 32.24179529254897 141.69746343860587 179.0 177.0 79.0
14.77683067538653 32.6717031858262 141.7008409346369 195.0 194.0 104.0
14.776708548107756 33.101611079103435 141.70421843066794 171.0 168.0 109.0
15.206361873899915 30.092133698884027 141.71162602221312 117.0 122.0 44.0
15.206239746621137 30.52204159216126 141.71500351824415 148.0 147.0 58.0
15.206117619342363 30.95194948543849 141.71838101427517 183.0 178.0 89.0
15.205995492063584 31.381857378715726 141.7217585103062 193.0 189.0 95.0
15.205873364784809 31.811765271992957 141.72513600633724 172.0 171.0 78.0
15.205751237506032 32.24167316527019 141.72851350236826 167.0 166.0 82.0
15.205629110227257 32.671581058547424 141.7318909983993 177.0 175.0 105.0
15.635160308740645 30.09201157160525 141.74267608597555 86.0 89.0 34.0
15.635038181461868 30.521919464882483 141.74605358200654 142.0 142.0 56.0
15.634916054183092 30.95182735815972 141.74943107803756 174.0 167.0 87.0
15.634793926904315 31.38173525143695 141.7528085740686 191.0 188.0 105.0
15.63467179962554 31.811643144714182 141.75618607009963 146.0 146.0 73.0
16.063836616302602 30.521797337603708 141.77710364576896 83.0 84.0 35.0
16.06371448902382 30.951705230880943 141.78048114179998 135.0 134.0 69.0
16.063592361745044 31.381613124158175 141.78385863783103 129.0 128.0 75.0
12.173112129858522 32.239150560190595 141.9399482063777 101.0 104.0 44.0
12.172990002579747 32.66905845346783 141.9433257024087 171.0 165.0 110.0
12.172867875300971 33.09896634674506 141.94670319843976 172.0 167.0 123.0
12.602032691978026 31.809120539634588 141.96762077410906 90.0 96.0 26.0
12.60191056469925 32.23902843291182 141.9709982701401 158.0 155.0 73.0
12.601788437420474 32.668936326189055 141.97437576617114 186.0 179.0 115.0
12.601666310141699 33.09884421946629 141.97775326220216 206.0 201.0 148.0
12.601544182862922 33.52875211274352 141.9811307582332 209.0 205.0 166.0
13.030831126818757 31.808998412355805 141.99867083787146 116.0 122.0 30.0
13.030708999539979 32.23890630563304 142.0020483339025 161.0 155.0 67.0
13.030586872261203 32.668814198910276 142.00542582993353 190.0 182.0 110.0
13.03046474498243 33.098722092187515 142.00880332596458 211.0 206.0 143.0
13.030342617703651 33.52862998546475 142.0121808219956 214.0 211.0 162.0
13.459995943495814 30.519152605245335 142.01958841354082 100.0 106.0 32.0
13.459873816217039 30.949060498522567 142.02296590957184 85.0 94.0 20.0
13.459751688938262 31.3789683917998 142.02634340560286 132.0 134.0 33.0
13.459629561659487 31.808876285077034 142.02972090163388 145.0 147.0 42.0
13.45950743438071 32.238784178354265 142.0330983976649 162.0 159.0 60.0
13.459385307101934 32.6686920716315 142.03647589369595 180.0 175.0 85.0
13.459263179823159 33.09859996490873 142.03985338972697 199.0 196.0 114.0
13.459141052544382 33.52850785818597 142.04323088575802 204.0 201.0 135.0
13.88879437833654 30.51903047796656 142.0506384773032 125.0 129.0 38.0
13.888672251057764 30.94893837124379 142.05401597333426 123.0 128.0 30.0
13.888550123778987 31.378846264521023 142.05739346936525 144.0 148.0 39.0
13.888427996500212 31.80875415779826 142.0607709653963 162.0 163.0 51.0
13.888305869221435 32.238662051075494 142.06414846142732 175.0 172.0 65.0
13.88818374194266 32.668569944352726 142.06752595745834 178.0 175.0 72.0
13.888061614663885 33.09847783762996 142.0709034534894 184.0 185.0 85.0
13.887939487385108 33.52838573090719 142.0742809495204 186.0 186.0 104.0
14.317592813177269 30.518908350687777 142.08168854106563 124.0 129.0 36.0
14.317470685898495 30.948816243965016 142.08506603709665 148.0 150.0 44.0
14.317348558619717 31.37872413724225 142.08844353312767 163.0 162.0 53.0
14.317226431340943 31.808632030519483 142.0918210291587 168.0 168.0 58.0
14.317104304062164 32.238539923796715 142.09519852518974 180.0 179.0 69.0
14.316982176783391 32.66844781707395 142.09857602122077 192.0 191.0 85.0
14.316860049504616 33.098355710351186 142.10195351725181 181.0 181.0 88.0
14.316737922225839 33.52826360362842 142.10533101328284 126.0 126.0 70.0
14.746391248018 30.518786223409002 142.11273860482802 128.0 132.0 42.0
14.746269120739225 30.948694116686237 142.11611610085905 158.0 156.0 58.0
14.746146993460448 31.37860200996347 142.11949359689007 176.0 173.0 72.0
14.746024866181672 31.8085099032407 142.12287109292112 176.0 173.0 72.0
14.745902738902895 32.23841779651794 142.12624858895214 182.0 180.0 79.0
14.74578061162412 32.668325689795175 142.1296260849832 197.0 196.0 102.0
14.745658484345347 33.09823358307241 142.1330035810142 173.0 171.0 109.0
15.175189682858727 30.518664096130227 142.14378866859045 143.0 145.0 54.0
15.175067555579952 30.948571989407462 142.14716616462147 174.0 169.0 81.0
15.174945428301175 31.378479882684694 142.1505436606525 188.0 186.0 91.0
15.1748233010224 31.80838777596193 142.1539211566835 183.0 179.0 88.0
15.174701173743623 32.23829566923916 142.15729865271456 166.0 166.0 73.0
15.174579046464848 32.668203562516396 142.16067614874558 180.0 179.0 102.0
15.603988117699458 30.518541968851455 142.17483873235287 138.0 139.0 55.0
15.603865990420683 30.948449862128687 142.17821622838386 169.0 164.0 82.0
15.603743863141904 31.37835775540592 142.1815937244149 190.0 188.0 103.0
15.60362173586313 31.808265648683154 142.18497122044593 172.0 173.0 87.0
15.603499608584352 32.238173541960386 142.18834871647695 88.0 88.0 43.0
16.03278655254019 30.51841984157268 142.20588879611526 79.0 81.0 34.0
16.03266442526141 30.94832773484991 142.20926629214628 109.0 109.0 54.0
16.032542297982637 31.378235628127147 142.2126437881773 127.0 127.0 74.0
12.141939938817337 32.6656809574368 142.37211085275501 170.0 165.0 104.0
12.141817811538562 33.09558885071403 142.37548834878604 187.0 183.0 133.0
12.141695684259785 33.52549674399126 142.37886584481708 150.0 149.0 115.0
12.570982628215617 31.805743043603556 142.39640592445537 78.0 86.0 19.0
12.570860500936838 32.23565093688079 142.3997834204864 151.0 149.0 58.0
12.570738373658065 32.66555883015803 142.4031609165174 185.0 176.0 110.0
12.57061624637929 33.09546672343526 142.40653841254846 203.0 199.0 137.0
12.570494119100513 33.52537461671249 142.40991590857948 203.0 201.0 153.0
12.999781063056346 31.805620916324777 142.42745598821776 113.0 120.0 26.0
12.99965893577757 32.23552880960201 142.43083348424878 163.0 157.0 63.0
12.999536808498794 32.66543670287924 142.43421098027983 186.0 174.0 96.0
12.99941468122002 33.09534459615648 142.43758847631085 207.0 203.0 132.0
12.999292553941242 33.52525248943371 142.4409659723419 214.0 212.0 155.0
13.42882375245463 30.945683002491535 142.45175105991814 84.0 89.0 21.0
13.428701625175853 31.37559089576877 142.45512855594916 95.0 100.0 18.0
13.428579497897077 31.805498789046002 142.45850605198018 129.0 134.0 31.0
13.428457370618299 32.23540668232324 142.4618835480112 164.0 161.0 58.0
13.428335243339525 32.66531457560047 142.46526104404222 186.0 179.0 86.0
13.42821311606075 33.0952224688777 142.46863854007327 200.0 198.0 111.0
13.428090988781973 33.52513036215493 142.4720160361043 208.0 206.0 135.0
13.857744314574132 30.515652981935528 142.4794236276495 121.0 126.0 35.0
13.857622187295359 30.94556087521276 142.48280112368053 122.0 128.0 30.0
13.85750006001658 31.375468768489995 142.48617861971155 132.0 138.0 31.0
13.857377932737807 31.805376661767227 142.48955611574257 155.0 157.0 45.0
13.857255805459028 32.23528455504446 142.49293361177362 168.0 166.0 58.0
13.857133678180254 32.66519244832169 142.49631110780464 182.0 179.0 76.0
13.857011550901479 33.09510034159893 142.4996886038357 186.0 185.0 86.0
13.8568894236227 33.52500823487616 142.50306609986671 193.0 193.0 107.0
13.856767296343927 33.95491612815339 142.50644359589774 83.0 85.0 57.0
14.286542749414863 30.51553085465675 142.5104736914119 112.0 120.0 30.0
14.286420622136088 30.945438747933988 142.51385118744295 140.0 143.0 41.0
14.286298494857311 31.37534664121122 142.51722868347397 159.0 158.0 53.0
14.286176367578536 31.80525453448845 142.520606179505 166.0 166.0 57.0
14.286054240299759 32.23516242776569 142.52398367553602 181.0 180.0 71.0
14.285932113020984 32.66507032104292 142.52736117156707 195.0 193.0 86.0
14.285809985742208 33.09497821432015 142.5307386675981 191.0 191.0 96.0
14.285687858463431 33.52488610759738 142.53411616362914 126.0 127.0 70.0
14.715341184255594 30.515408727377974 142.54152375517432 125.0 129.0 41.0
14.715219056976819 30.945316620655205 142.54490125120537 151.0 150.0 53.0
14.71509692969804 31.375224513932437 142.54827874723637 173.0 172.0 70.0
14.714974802419267 31.805132407209673 142.5516562432674 179.0 178.0 75.0
14.714852675140488 32.23504030048691 142.55503373929844 177.0 175.0 72.0
14.714730547861715 32.66494819376415 142.55841123532946 199.0 198.0 98.0
14.71460842058294 33.09485608704138 142.5617887313605 178.0 177.0 108.0
15.14413961909632 30.5152866000992 142.57257381893675 139.0 142.0 53.0
15.144017491817547 30.94519449337643 142.57595131496777 163.0 159.0 70.0
15.143895364538768 31.375102386653666 142.5793288109988 189.0 187.0 94.0
15.143773237259994 31.805010279930897 142.5827063070298 184.0 182.0 86.0
15.143651109981215 32.23491817320813 142.58608380306083 176.0 176.0 77.0
15.143528982702442 32.66482606648536 142.58946129909188 170.0 168.0 88.0
15.572938053937051 30.515164472820423 142.60362388269914 124.0 128.0 50.0
15.572815926658276 30.945072366097655 142.60700137873016 166.0 164.0 79.0
15.572693799379499 31.37498025937489 142.61037887476118 192.0 189.0 106.0
15.572571672100723 31.804888152652122 142.61375637079223 186.0 184.0 99.0
15.572449544821946 32.23479604592936 142.61713386682325 135.0 136.0 62.0
16.001614361499005 30.944950238818883 142.63805144249255 81.0 81.0 42.0
16.00149223422023 31.374858132096115 142.6414289385236 114.0 113.0 67.0
16.001370106941454 31.804766025373347 142.64480643455462 124.0 123.0 73.0
12.110889875054928 32.66230346140577 142.8008960031013 131.0 128.0 57.0
12.110767747776155 33.09221135468301 142.80427349913234 178.0 174.0 121.0
12.110645620497376 33.52211924796024 142.80765099516336 115.0 116.0 84.0
12.539932564453208 31.80236554757253 142.82519107480167 73.0 80.0 21.0
12.539810437174431 32.23227344084977 142.82856857083266 136.0 137.0 47.0
12.539688309895656 32.662181334127 142.8319460668637 172.0 167.0 86.0
12.539566182616882 33.09208922740423 142.83532356289473 190.0 187.0 118.0
12.539444055338103 33.52199712068146 142.83870105892578 182.0 181.0 131.0
12.968730999293939 31.802243420293753 142.85624113856406 121.0 127.0 32.0
12.96860887201516 32.23215131357099 142.85961863459508 156.0 152.0 57.0
12.968486744736387 32.66205920684822 142.86299613062613 180.0 173.0 85.0
12.968364617457611 33.09196710012546 142.86637362665715 200.0 197.0 120.0
12.968242490178834 33.52187499340269 142.86975112268817 202.0 200.0 142.0
12.96812036290006 33.95178288667992 142.87312861871922 95.0 92.0 64.0
13.397529434134668 31.802121293014977 142.88729120232645 143.0 147.0 43.0
13.397407306855891 32.23202918629221 142.8906686983575 162.0 160.0 59.0
13.397285179577116 32.66193707956944 142.89404619438852 179.0 174.0 81.0
13.397163052298342 33.09184497284668 142.89742369041957 198.0 196.0 110.0
13.397040925019564 33.52175286612391 142.9008011864506 208.0 207.0 139.0
13.826694250811723 30.512275485904503 142.90820877799578 107.0 112.0 35.0
13.826572123532948 30.942183379181735 142.91158627402683 140.0 145.0 42.0
13.826449996254171 31.37209127245897 142.91496377005785 163.0 164.0 52.0
13.826327868975396 31.801999165736202 142.91834126608887 162.0 163.0 52.0
13.826205741696619 32.23190705901344 142.9217187621199 168.0 167.0 61.0
13.826083614417843 32.66181495229067 142.92509625815094 183.0 181.0 78.0
13.82596148713907 33.0917228455679 142.92847375418197 193.0 193.0 96.0
13.825839359860291 33.52163073884513 142.93185125021301 194.0 193.0 120.0
14.255492685652454 30.512153358625724 142.9392588417582 80.0 85.0 24.0
14.255370558373679 30.942061251902963 142.94263633778922 145.0 150.0 47.0
14.255248431094902 31.371969145180195 142.94601383382027 162.0 164.0 57.0
14.255126303816127 31.801877038457427 142.94939132985127 164.0 166.0 57.0
14.25500417653735 32.23178493173466 142.95276882588232 182.0 183.0 73.0
14.254882049258574 32.6616928250119 142.95614632191334 195.0 195.0 89.0
14.2547599219798 33.09160071828913 142.9595238179444 193.0 194.0 99.0
14.684291120493183 30.51203123134695 142.97030890552062 98.0 103.0 34.0
14.68416899321441 30.94193912462418 142.97368640155165 153.0 154.0 59.0
14.684046865935631 31.371847017901413 142.97706389758267 167.0 167.0 68.0
14.683924738656858 31.801754911178648 142.9804413936137 173.0 173.0 72.0
14.683802611378079 32.23166280445589 142.9838188896447 181.0 182.0 77.0
14.683680484099304 32.66157069773312 142.98719638567576 199.0 199.0 97.0
14.68355835682053 33.09147859101035 142.99057388170678 189.0 188.0 109.0
15.11308955533391 30.511909104068174 143.00135896928302 126.0 131.0 51.0
15.112967428055137 30.941816997345406 143.00473646531407 159.0 159.0 70.0
15.112845300776359 31.37172489062264 143.00811396134506 180.0 179.0 87.0
15.112723173497583 31.801632783899873 143.0114914573761 183.0 183.0 89.0
15.112601046218806 32.23154067717711 143.01486895340713 185.0 185.0 85.0
15.112478918940031 32.66144857045434 143.01824644943815 193.0 193.0 96.0
15.112356791661258 33.09135646373157 143.0216239454692 123.0 123.0 79.0
15.541887990174642 30.5117869767894 143.03240903304544 127.0 132.0 58.0
15.541765862895867 30.94169487006663 143.03578652907646 157.0 157.0 76.0
15.54164373561709 31.371602763343866 143.03916402510748 193.0 191.0 111.0
15.541521608338314 31.801510656621097 143.0425415211385 191.0 188.0 105.0
15.541399481059537 32.23141854989833 143.04591901716955 157.0 158.0 76.0
15.541277353780762 32.66132644317556 143.04929651320057 109.0 111.0 51.0
15.970442170457819 31.37148063606509 143.07021408886988 105.0 105.0 64.0
15.970320043179045 31.801388529342322 143.07359158490092 129.0 128.0 77.0
12.07983981129252 32.65892596537474 143.2296811534476 99.0 105.0 36.0
12.079717684013744 33.088833858651974 143.2330586494786 111.0 111.0 65.0
12.508760373412022 32.22889594481874 143.25735372117896 125.0 129.0 41.0
12.508638246133247 32.65880383809597 143.26073121721 157.0 154.0 67.0
12.508516118854471 33.0887117313732 143.26410871324103 187.0 186.0 112.0
12.508393991575694 33.518619624650434 143.26748620927205 189.0 188.0 135.0
12.93768093553153 31.79886592426272 143.28502628891036 108.0 113.0 34.0
12.937558808252751 32.22877381753995 143.28840378494138 143.0 144.0 48.0
12.937436680973978 32.658681710817184 143.2917812809724 177.0 172.0 81.0
12.937314553695202 33.08858960409443 143.29515877700345 203.0 201.0 123.0
12.937192426416424 33.51849749737166 143.29853627303447 205.0 204.0 146.0
12.93707029913765 33.948405390648894 143.3019137690655 103.0 93.0 75.0
13.366723624929811 30.938928010429482 143.3093213606107 97.0 101.0 34.0
13.366601497651034 31.368835903706714 143.31269885664173 124.0 128.0 42.0
13.366479370372259 31.798743796983945 143.31607635267278 156.0 158.0 58.0
13.366357243093482 32.22865169026118 143.31945384870377 165.0 163.0 64.0
13.366235115814707 32.65855958353841 143.32283134473482 189.0 182.0 92.0
13.366112988535932 33.088467476815644 143.32620884076584 210.0 207.0 126.0
13.365990861257155 33.518375370092876 143.3295863367969 211.0 209.0 145.0
13.795522059770539 30.938805883150707 143.34037142437313 141.0 146.0 50.0
13.795399932491762 31.36871377642794 143.34374892040415 158.0 161.0 55.0
13.795277805212987 31.798621669705174 143.34712641643517 176.0 176.0 68.0
13.79515567793421 32.2285295629824 143.3505039124662 185.0 184.0 76.0
13.795033550655434 32.65843745625964 143.35388140849722 193.0 193.0 87.0
13.794911423376659 33.08834534953687 143.35725890452827 207.0 206.0 115.0
13.794789296097882 33.518253242814104 143.3606364005593 214.0 212.0 147.0
14.22432049461127 30.93868375587193 143.37142148813552 148.0 154.0 52.0
14.224198367332491 31.368591649149163 143.37479898416657 158.0 159.0 59.0
14.224076240053718 31.7984995424264 143.37817648019757 169.0 169.0 66.0
14.223954112774939 32.22840743570363 143.3815539762286 189.0 188.0 80.0
14.223831985496165 32.65831532898086 143.38493147225964 198.0 196.0 92.0
14.22370985821739 33.088223222258094 143.38830896829066 192.0 194.0 100.0
14.223587730938613 33.51813111553533 143.3916864643217 101.0 103.0 61.0
14.653241056730774 30.508653735315917 143.3990940558669 81.0 86.0 31.0
14.653118929451999 30.93856162859315 143.40247155189795 144.0 149.0 54.0
14.652996802173222 31.368469521870384 143.40584904792897 162.0 163.0 68.0
14.652874674894447 31.798377415147616 143.40922654396 180.0 180.0 82.0
14.65275254761567 32.22828530842486 143.412604039991 183.0 185.0 80.0
14.652630420336894 32.65819320170209 143.41598153602203 191.0 191.0 89.0
14.652508293058121 33.08810109497932 143.41935903205308 150.0 152.0 84.0
15.082039491571502 30.508531608037142 143.43014411962932 77.0 81.0 33.0
15.081917364292726 30.938439501314377 143.43352161566034 145.0 149.0 64.0
15.08179523701395 31.36834739459161 143.4368991116914 174.0 173.0 86.0
15.081673109735174 31.79825528786884 143.44027660772238 192.0 190.0 102.0
15.081550982456397 32.22816318114607 143.44365410375343 191.0 191.0 97.0
15.081428855177622 32.65807107442331 143.44703159978445 185.0 187.0 92.0
15.510715799133457 30.938317374035602 143.46457167942276 139.0 142.0 67.0
15.510593671854679 31.368225267312834 143.46794917545378 167.0 165.0 91.0
15.510471544575905 31.798133160590066 143.4713266714848 192.0 189.0 105.0
15.510349417297126 32.2280410538673 143.47470416751582 165.0 164.0 85.0
15.510227290018353 32.65794894714453 143.47808166354687 106.0 109.0 53.0
12.04878974753011 32.655548469343714 143.6584663037939 82.0 87.0 27.0
12.048667620251335 33.085456362620945 143.6618437998249 103.0 108.0 51.0
12.477710309649611 32.2255184487877 143.6861388715253 104.0 110.0 33.0
12.477588182370837 32.655426342064935 143.68951636755628 153.0 153.0 61.0
12.477466055092062 33.085334235342174 143.69289386358733 173.0 173.0 99.0
12.477343927813285 33.515242128619406 143.69627135961835 154.0 154.0 108.0
12.906630871769119 31.795488428231693 143.71381143925666 81.0 85.0 29.0
12.906508744490342 32.225396321508924 143.71718893528768 155.0 156.0 58.0
12.906386617211567 32.655304214786156 143.7205664313187 170.0 167.0 75.0
12.906264489932793 33.085212108063395 143.72394392734972 209.0 207.0 130.0
12.906142362654014 33.51512000134063 143.72732142338077 210.0 207.0 156.0
13.335551433888625 31.365458407675682 143.74148400698803 149.0 151.0 67.0
13.33542930660985 31.795366300952917 143.74486150301905 167.0 166.0 72.0
13.335307179331073 32.22527419423015 143.74823899905007 175.0 172.0 71.0
13.335185052052298 32.655182087507384 143.7516164950811 194.0 190.0 94.0
13.335062924773522 33.085089980784616 143.75499399111214 219.0 216.0 141.0
13.334940797494745 33.51499787406185 143.75837148714317 225.0 222.0 172.0
13.76447199600813 30.935428387119675 143.7691565747194 114.0 118.0 49.0
13.764349868729353 31.36533628039691 143.77253407075045 170.0 173.0 70.0
13.764227741450577 31.795244173674142 143.77591156678147 172.0 171.0 72.0
13.764105614171799 32.225152066951374 143.77928906281247 180.0 177.0 79.0
13.763983486893025 32.655059960228606 143.78266655884352 193.0 192.0 93.0
13.76386135961425 33.08496785350584 143.78604405487454 212.0 210.0 130.0
13.763739232335473 33.514875746783076 143.7894215509056 220.0 220.0 178.0
14.19327043084886 30.9353062598409 143.80020663848182 147.0 154.0 58.0
14.193148303570082 31.365214153118135 143.80358413451285 162.0 165.0 63.0
14.193026176291307 31.795122046395367 143.80696163054387 177.0 179.0 74.0
14.19290404901253 32.2250299396726 143.8103391265749 192.0 192.0 88.0
14.192781921733754 32.654937832949834 143.8137166226059 202.0 202.0 102.0
14.19265979445498 33.084845726227066 143.81709411863696 178.0 178.0 98.0
14.62206886568959 30.93518413256212 143.83125670224422 145.0 151.0 63.0
14.621946738410813 31.365092025839353 143.83463419827527 169.0 171.0 75.0
14.621824611132038 31.794999919116584 143.8380116943063 185.0 187.0 86.0
14.62170248385326 32.22490781239382 143.8413891903373 197.0 198.0 94.0
14.621580356574485 32.654815705671055 143.84476668636833 204.0 205.0 104.0
14.62145822929571 33.084723598948294 143.84814418239938 143.0 145.0 82.0
15.050867300530317 30.935062005283346 143.86230676600664 137.0 140.0 69.0
15.05074517325154 31.364969898560577 143.86568426203766 174.0 176.0 87.0
15.050623045972765 31.794877791837813 143.86906175806868 189.0 191.0 95.0
15.050500918693988 32.224785685115044 143.8724392540997 191.0 192.0 96.0
15.050378791415213 32.654693578392276 143.87581675013075 175.0 177.0 94.0
15.479665735371048 30.93493987800457 143.89335682976903 84.0 85.0 44.0
15.47954360809227 31.364847771281802 143.89673432580008 174.0 174.0 97.0
15.479421480813496 31.794755664559037 143.90011182183108 179.0 180.0 99.0
15.479299353534717 32.22466355783627 143.90348931786212 166.0 168.0 88.0
12.446415991329655 33.08195673931114 144.1216790139336 102.0 105.0 54.0
12.446293864050876 33.51186463258837 144.12505650996465 78.0 80.0 49.0
12.875458680727935 32.222018825477896 144.14597408563398 123.0 124.0 55.0
12.87533655344916 32.65192671875513 144.14935158166497 166.0 167.0 78.0
12.875214426170384 33.08183461203237 144.15272907769602 191.0 189.0 114.0
12.875092298891607 33.5117425053096 144.15610657372704 178.0 176.0 128.0
13.304501370126216 31.362080911644654 144.17026915733433 83.0 87.0 36.0
13.304379242847443 31.791988804921886 144.17364665336535 149.0 149.0 77.0
13.304257115568664 32.22189669819912 144.17702414939637 185.0 184.0 93.0
13.304134988289888 32.65180459147635 144.1804016454274 197.0 196.0 103.0
13.304012861011115 33.08171248475359 144.18377914145842 220.0 217.0 141.0
13.303890733732336 33.51162037803082 144.18715663748947 221.0 220.0 177.0
13.733299804966943 31.36195878436588 144.20131922109672 147.0 148.0 75.0
13.733177677688168 31.79186667764311 144.20469671712777 185.0 184.0 97.0
13.733055550409391 32.221774570920346 144.2080742131588 196.0 195.0 102.0
13.732933423130616 32.65168246419758 144.2114517091898 203.0 201.0 109.0
13.732811295851842 33.08159035747481 144.21482920522084 224.0 221.0 147.0
13.732689168573064 33.51149825075204 144.21820670125186 230.0 229.0 193.0
14.162098239807673 31.361836657087103 144.23236928485915 176.0 178.0 89.0
14.161976112528897 31.791744550364335 144.23574678089017 191.0 193.0 97.0
14.16185398525012 32.22165244364157 144.2391242769212 196.0 196.0 99.0
14.161731857971345 32.651560336918806 144.2425017729522 204.0 205.0 110.0
14.16160973069257 33.08146823019604 144.24587926898326 209.0 207.0 134.0
14.590896674648402 31.36171452980832 144.26341934862154 181.0 183.0 98.0
14.590774547369628 31.791622423085556 144.2667968446526 196.0 198.0 102.0
14.59065242009085 32.221530316362795 144.27017434068358 199.0 201.0 99.0
14.590530292812076 32.65143820964003 144.27355183671463 206.0 207.0 108.0
14.590408165533301 33.08134610291726 144.27692933274565 117.0 118.0 76.0
15.01969510948913 31.36159240252955 144.29446941238396 185.0 186.0 108.0
15.019572982210356 31.79150029580678 144.29784690841498 198.0 200.0 108.0
15.019450854931577 32.221408189084016 144.301224404446 202.0 203.0 103.0
15.019328727652804 32.65131608236125 144.30460190047702 129.0 131.0 67.0
15.44849354432986 31.361470275250774 144.32551947614638 133.0 133.0 82.0
15.448371417051085 31.791378168528006 144.3288969721774 164.0 166.0 95.0
15.448249289772308 32.22128606180524 144.3322744682084 159.0 160.0 84.0
12.844164362407975 33.07845711600134 144.5815142280423 108.0 109.0 63.0
12.844042235129198 33.50836500927857 144.58489172407334 112.0 112.0 74.0
13.273207051806255 32.21851920216809 144.60580929974267 95.0 95.0 59.0
13.27308492452748 32.64842709544532 144.6091867957737 186.0 186.0 107.0
13.272962797248706 33.07833498872255 144.61256429180472 187.0 185.0 123.0
13.272840669969927 33.508242881999784 144.61594178783574 140.0 139.0 103.0
13.702127613925759 31.788489181612082 144.63348186747405 91.0 92.0 58.0
13.702005486646982 32.21839707488931 144.6368593635051 198.0 197.0 116.0
13.701883359368207 32.64830496816655 144.6402368595361 205.0 203.0 123.0
13.701761232089432 33.07821286144378 144.64361435556714 213.0 210.0 155.0
13.701639104810655 33.50812075472101 144.64699185159816 176.0 176.0 148.0
14.130926048766492 31.788367054333307 144.66453193123647 193.0 193.0 115.0
14.130803921487713 32.21827494761054 144.6679094272675 199.0 200.0 113.0
14.13068179420894 32.64818284088777 144.6712869232985 206.0 206.0 123.0
14.130559666930164 33.078090734165 144.67466441932953 211.0 208.0 154.0
14.559724483607221 31.788244927054524 144.69558199499886 189.0 190.0 111.0
14.559602356328444 32.21815282033177 144.6989594910299 198.0 201.0 109.0
14.559480229049669 32.648060713609 144.7023369870609 202.0 204.0 113.0
14.988522918447948 31.78812279977575 144.72663205876128 176.0 177.0 105.0
14.988400791169171 32.21803069305298 144.7300095547923 192.0 194.0 104.0
14.988278663890396 32.64793858633022 144.73338705082332 154.0 157.0 83.0
13.670955422884573 32.21501957885829 145.06564451385137 144.0 144.0 90.0
13.6708332956058 32.64492747213552 145.0690220098824 127.0 127.0 88.0
14.099875985004081 31.784989558302282 145.09331708158274 125.0 127.0 86.0
14.099753857725304 32.21489745157952 145.0966945776138 202.0 202.0 128.0
14.099631730446529 32.64480534485675 145.1000720736448 213.0 212.0 147.0
14.528552292566035 32.21477532430074 145.12774464137618 208.0 209.0 131.0
14.52843016528726 32.64468321757797 145.1311221374072 223.0 223.0 159.0
14.95735072740676 32.21465319702196 145.1587947051386 174.0 175.0 108.0
14.957228600127987 32.64456109029919 145.1621722011696 176.0 178.0 121.0
14.068703793962895 32.21151995554848 145.52547972796006 157.0 157.0 114.0
14.497502228803624 32.21139782826971 145.55652979172248 195.0 196.0 153.0
