12.713256638600566 30.67175056303553 122.56900632914565 79.0 90.0 32.0
12.71313451132179 31.101658456312766 122.57238382517667 85.0 96.0 34.0
12.713012384043013 31.531566349589998 122.5757613212077 96.0 100.0 46.0
13.142177200720074 30.241720542479523 122.59667889687702 77.0 87.0 28.0
13.142055073441295 30.67162843575676 122.60005639290804 92.0 101.0 34.0
13.141932946162521 31.10153632903399 122.6034338889391 87.0 97.0 30.0
12.682206574838156 30.668373067004502 122.99779147949192 69.0 81.0 24.0
12.682084447559383 31.098280960281734 123.00116897552297 80.0 94.0 28.0
12.681962320280604 31.528188853558966 123.004546471554 89.0 97.0 35.0
13.111005009678887 30.668250939725727 123.02884154325434 79.0 91.0 25.0
13.110882882400112 31.09815883300296 123.03221903928537 87.0 99.0 28.0
13.110760755121335 31.528066726280194 123.03559653531642 105.0 114.0 40.0
13.539925571798396 30.238220919169713 123.05651411098572 79.0 90.0 24.0
13.539803444519618 30.66812881244695 123.05989160701674 94.0 104.0 30.0
13.539681317240843 31.098036705724184 123.06326910304779 100.0 110.0 34.0
13.539559189962066 31.52794459900142 123.06664659907881 83.0 92.0 29.0
13.968724006639121 30.238098791890938 123.08756417474814 83.0 94.0 23.0
13.968601879360344 30.66800668516817 123.09094167077916 90.0 100.0 26.0
13.968479752081569 31.097914578445405 123.09431916681018 87.0 99.0 26.0
12.651034383796974 31.094903464250702 123.42995412586924 69.0 83.0 23.0
12.650912256518195 31.524811357527938 123.4333316219003 102.0 112.0 39.0
13.079954945916478 30.664873443694695 123.45762669360062 83.0 95.0 28.0
13.079832818637703 31.09478133697193 123.46100418963167 96.0 107.0 32.0
13.079710691358926 31.524689230249162 123.46438168566269 125.0 131.0 51.0
13.07958856408015 31.954597123526394 123.46775918169374 114.0 115.0 67.0
13.508875508035986 30.23484342313868 123.48529926133202 81.0 92.0 25.0
13.508753380757208 30.66475131641592 123.48867675736304 88.0 99.0 27.0
13.508631253478434 31.094659209693155 123.49205425339406 104.0 113.0 35.0
13.508509126199655 31.524567102970387 123.49543174942511 122.0 128.0 46.0
13.508386998920882 31.95447499624762 123.49880924545613 83.0 86.0 43.0
13.937673942876716 30.234721295859906 123.51634932509441 91.0 100.0 26.0
13.937551815597937 30.66462918913714 123.51972682112546 108.0 115.0 33.0
13.937429688319162 31.094537082414373 123.52310431715648 118.0 125.0 38.0
13.937307561040384 31.52444497569161 123.5264818131875 112.0 121.0 39.0
14.366350250438668 30.664507061858366 123.55077688488785 102.0 111.0 28.0
14.366228123159893 31.094414955135598 123.5541543809189 116.0 124.0 37.0
14.366105995881115 31.524322848412833 123.55753187694992 101.0 111.0 34.0
14.36598386860234 31.954230741690065 123.56090937298097 80.0 86.0 40.0
12.619984320034565 31.091525968219678 123.85873927621554 83.0 95.0 31.0
12.619862192755788 31.521433861496913 123.86211677224657 102.0 114.0 37.0
12.619740065477012 31.951341754774145 123.86549426827762 119.0 123.0 65.0
13.04890488215407 30.66149594766367 123.88641184394692 82.0 92.0 32.0
13.048782754875296 31.091403840940906 123.88978933997794 102.0 110.0 36.0
13.048660627596517 31.521311734218138 123.89316683600899 125.0 131.0 49.0
13.048538500317743 31.95121962749537 123.89654433204001 145.0 149.0 76.0
13.477825444273577 30.231465927107656 123.91408441167829 86.0 96.0 30.0
13.4777033169948 30.661373820384895 123.91746190770934 102.0 110.0 35.0
13.477581189716025 31.09128171366213 123.92083940374036 111.0 118.0 37.0
13.477459062437248 31.521189606939362 123.92421689977138 127.0 133.0 44.0
13.477336935158473 31.951097500216598 123.92759439580243 132.0 139.0 64.0
13.906623879114305 30.231343799828885 123.94513447544071 104.0 108.0 32.0
13.906501751835528 30.661251693106117 123.94851197147173 122.0 124.0 39.0
13.906379624556752 31.09115958638335 123.95188946750278 129.0 134.0 39.0
13.906257497277975 31.521067479660584 123.9552669635338 139.0 145.0 47.0
13.9061353699992 31.950975372937823 123.95864445956485 142.0 148.0 69.0
14.335300186676259 30.66112956582734 123.97956203523415 125.0 126.0 36.0
14.335178059397483 31.091037459104573 123.98293953126517 137.0 139.0 40.0
14.335055932118705 31.52094535238181 123.98631702729622 137.0 145.0 46.0
14.334933804839931 31.95085324565904 123.98969452332724 146.0 149.0 75.0
14.763976494238213 31.0909153318258 124.0139895950276 132.0 138.0 43.0
14.763854366959436 31.520823225103033 124.01736709105862 125.0 131.0 49.0
14.76373223968066 31.950731118380265 124.02074458708967 101.0 105.0 57.0
15.192652801800163 31.520701097824258 124.04841715482104 88.0 93.0 35.0
12.588812128993379 31.51805636546588 124.29090192259287 92.0 104.0 32.0
12.588690001714603 31.947964258743117 124.29427941862389 126.0 135.0 60.0
12.588567874435824 32.377872152020345 124.29765691465494 107.0 110.0 67.0
13.017976945670439 30.228210558355407 124.3118194982622 78.0 83.0 43.0
13.01785481839166 30.658118451632642 124.31519699429322 105.0 110.0 50.0
13.017732691112887 31.088026344909874 124.31857449032424 114.0 119.0 44.0
13.017610563834108 31.517934238187106 124.32195198635526 127.0 133.0 47.0
13.017488436555332 31.94784213146434 124.32532948238631 142.0 146.0 69.0
13.017366309276555 32.37775002474157 124.32870697841733 180.0 182.0 119.0
13.446897507789943 29.798180537799393 124.33949206599357 76.0 86.0 28.0
13.446775380511168 30.22808843107663 124.34286956202459 87.0 95.0 32.0
13.446653253232391 30.657996324353867 124.34624705805561 111.0 116.0 41.0
13.446531125953616 31.0879042176311 124.34962455408666 127.0 130.0 45.0
13.446408998674839 31.517812110908334 124.35300205011768 133.0 138.0 45.0
13.446286871396063 31.947720004185566 124.35637954614873 146.0 152.0 68.0
13.446164744117286 32.3776278974628 124.35975704217975 159.0 163.0 92.0
13.875573815351895 30.227966303797853 124.37391962578698 100.0 104.0 30.0
13.875451688073118 30.657874197075085 124.37729712181803 124.0 125.0 39.0
13.875329560794343 31.08778209035232 124.38067461784905 130.0 133.0 37.0
13.875207433515566 31.517689983629552 124.3840521138801 140.0 145.0 44.0
13.875085306236791 31.94759787690679 124.38742960991112 149.0 156.0 63.0
13.874963178958012 32.37750577018402 124.39080710594217 129.0 133.0 71.0
14.304250122913848 30.65775206979631 124.40834718558042 128.0 128.0 34.0
14.304127995635074 31.087659963073545 124.41172468161147 136.0 139.0 37.0
14.304005868356295 31.517567856350777 124.4151021776425 148.0 152.0 46.0
14.30388374107752 31.94747574962801 124.41847967367354 149.0 155.0 62.0
14.303761613798743 32.377383642905244 124.42185716970457 126.0 130.0 71.0
14.732926430475803 31.08753783579477 124.44277474537387 140.0 142.0 43.0
14.732804303197026 31.517445729072 124.44615224140492 154.0 157.0 58.0
14.732682175918251 31.947353622349237 124.44952973743594 143.0 145.0 76.0
14.732560048639474 32.377261515626465 124.45290723346699 79.0 83.0 53.0
15.161602738037754 31.517323601793226 124.47720230516731 149.0 153.0 64.0
15.161480610758979 31.94723149507046 124.48057980119836 127.0 128.0 71.0
12.55776206523097 31.514678869434853 124.71968707293917 80.0 89.0 28.0
12.557639937952194 31.944586762712085 124.72306456897019 113.0 121.0 51.0
12.557517810673417 32.37449465598932 124.72644206500121 120.0 125.0 71.0
12.986804754629253 30.65474095560161 124.74398214463949 78.0 87.0 32.0
12.986682627350477 31.084648848878842 124.74735964067054 126.0 130.0 49.0
12.9865605000717 31.514556742156078 124.75073713670156 125.0 132.0 41.0
12.986438372792925 31.94446463543331 124.75411463273261 139.0 147.0 60.0
12.986316245514148 32.374372528710545 124.75749212876363 162.0 165.0 95.0
12.986194118235373 32.80428042198778 124.76086962479465 95.0 98.0 69.0
13.415847444027534 29.794803041768365 124.76827721633987 72.0 81.0 29.0
13.41572531674876 30.224710935045596 124.77165471237089 92.0 99.0 38.0
13.415603189469982 30.654618828322835 124.77503220840191 122.0 123.0 48.0
13.415481062191208 31.08452672160007 124.77840970443293 130.0 133.0 42.0
13.41535893491243 31.514434614877302 124.78178720046398 131.0 138.0 40.0
13.415236807633656 31.944342508154534 124.785164696495 142.0 149.0 57.0
13.415114680354877 32.374250401431766 124.78854219252605 163.0 168.0 90.0
13.414992553076104 32.804158294709 124.79191968855707 117.0 120.0 84.0
13.844523751589486 30.22458880776682 124.80270477613331 108.0 110.0 38.0
13.844401624310708 30.654496701044057 124.8060822721643 129.0 129.0 43.0
13.844279497031934 31.08440459432129 124.80945976819535 137.0 139.0 40.0
13.844157369753155 31.51431248759852 124.81283726422637 136.0 143.0 37.0
13.844035242474382 31.94422038087576 124.81621476025742 148.0 154.0 56.0
13.843913115195603 32.374128274152994 124.81959225628844 154.0 160.0 79.0
13.84379098791683 32.804036167430226 124.8229697523195 111.0 116.0 71.0
14.273200059151439 30.65437457376528 124.83713233592673 134.0 133.0 39.0
14.273077931872663 31.084282467042513 124.84050983195775 142.0 143.0 39.0
14.272955804593886 31.514190360319745 124.8438873279888 141.0 146.0 38.0
14.272833677315111 31.94409825359698 124.84726482401982 151.0 157.0 57.0
14.272711550036334 32.374006146874216 124.85064232005087 159.0 163.0 83.0
14.701876366713394 31.084160339763738 124.87155989572017 147.0 148.0 43.0
14.701754239434617 31.514068233040973 124.87493739175119 148.0 152.0 48.0
14.701632112155842 31.943976126318205 124.87831488778224 156.0 160.0 70.0
14.701509984877063 32.37388401959544 124.88169238381326 121.0 122.0 70.0
15.130552674275343 31.513946105762198 124.90598745551361 155.0 158.0 60.0
15.13043054699657 31.94385399903943 124.90936495154466 141.0 143.0 71.0
15.559228981837299 31.943731871760654 124.94041501530705 106.0 107.0 66.0
12.526589874189785 31.941209266681053 125.15184971931649 97.0 106.0 41.0
12.526467746911008 32.37111715995829 125.15522721534751 98.0 104.0 52.0
12.955754690866844 30.65136345957058 125.17276729498582 74.0 82.0 29.0
12.955632563588068 31.081271352847814 125.17614479101681 111.0 114.0 45.0
12.95551043630929 31.511179246125046 125.17952228704786 120.0 125.0 36.0
12.955388309030516 31.941087139402278 125.18289978307888 149.0 156.0 63.0
12.955266181751737 32.37099503267951 125.18627727910993 148.0 154.0 76.0
12.955144054472964 32.80090292595675 125.18965477514095 122.0 125.0 79.0
13.384797380265125 29.791425545737333 125.19706236668617 103.0 107.0 50.0
13.384675252986352 30.221333439014565 125.20043986271719 104.0 108.0 48.0
13.384553125707573 30.651241332291804 125.20381735874821 125.0 124.0 51.0
13.384430998428797 31.08114922556904 125.20719485477923 138.0 140.0 47.0
13.38430887115002 31.51105711884627 125.21057235081025 139.0 143.0 38.0
13.384186743871245 31.940965012123506 125.2139498468413 153.0 158.0 59.0
13.384064616592468 32.37087290540074 125.21732734287232 166.0 169.0 85.0
13.383942489313693 32.80078079867797 125.22070483890337 168.0 171.0 104.0
13.813473687827077 30.221211311735793 125.23148992647961 122.0 119.0 50.0
13.813351560548298 30.651119205013025 125.2348674225106 134.0 132.0 47.0
13.813229433269523 31.081027098290257 125.23824491854162 143.0 143.0 42.0
13.813107305990746 31.510934991567492 125.24162241457267 137.0 143.0 34.0
13.81298517871197 31.94084288484473 125.2449999106037 151.0 158.0 53.0
13.812863051433194 32.370750778121966 125.24837740663475 162.0 168.0 77.0
13.812740924154419 32.8006586713992 125.25175490266577 148.0 152.0 86.0
14.24214999538903 30.65099707773425 125.26591748627303 138.0 136.0 43.0
14.242027868110254 31.08090497101148 125.26929498230405 147.0 147.0 42.0
14.241905740831477 31.510812864288717 125.27267247833507 145.0 149.0 38.0
14.241783613552702 31.94072075756595 125.27604997436612 152.0 158.0 53.0
14.241661486273925 32.37062865084318 125.27942747039714 157.0 163.0 71.0
14.24153935899515 32.80053654412041 125.28280496642819 140.0 143.0 83.0
14.670826302950985 31.08078284373271 125.30034504606647 152.0 150.0 47.0
14.670704175672206 31.51069073700994 125.30372254209749 156.0 155.0 52.0
14.670582048393433 31.940598630287173 125.30710003812854 156.0 158.0 62.0
14.670459921114654 32.37050652356441 125.31047753415956 160.0 163.0 84.0
14.67033779383588 32.80041441684164 125.31385503019058 85.0 88.0 53.0
15.099502610512934 31.510568609731166 125.33477260585991 159.0 157.0 59.0
15.099380483234158 31.940476503008398 125.33815010189093 157.0 157.0 71.0
15.099258355955381 32.37038439628563 125.34152759792198 128.0 129.0 71.0
15.528301045353665 31.51044648245239 125.3658226696223 153.0 154.0 66.0
15.52817891807489 31.940354375729626 125.36920016565335 158.0 159.0 87.0
12.495417683148599 32.36773966392726 125.58401236569381 83.0 89.0 41.0
12.924338245268107 31.937709643371253 125.61168493342518 144.0 152.0 58.0
12.924216117989328 32.36761753664849 125.6150624294562 149.0 155.0 73.0
12.924093990710553 32.79752542992572 125.61843992548725 147.0 148.0 93.0
13.353747316502716 29.78804804970631 125.62584751703244 99.0 104.0 47.0
13.35362518922394 30.21795594298354 125.62922501306349 104.0 107.0 50.0
13.353503061945164 30.647863836260782 125.63260250909451 126.0 125.0 53.0
13.353380934666388 31.077771729538014 125.6359800051255 142.0 143.0 52.0
13.353258807387611 31.507679622815246 125.63935750115655 146.0 151.0 43.0
13.353136680108836 31.93758751609248 125.64273499718757 154.0 160.0 59.0
13.353014552830059 32.36749540936971 125.64611249321862 169.0 172.0 86.0
13.352892425551284 32.79740330264695 125.64948998924964 175.0 178.0 105.0
13.78242362406467 30.21783381570477 125.66027507682588 126.0 123.0 57.0
13.782301496785893 30.647741708982 125.6636525728569 142.0 137.0 55.0
13.782179369507118 31.077649602259232 125.66703006888793 149.0 149.0 49.0
13.78205724222834 31.507557495536467 125.67040756491897 141.0 147.0 38.0
13.781935114949565 31.937465388813706 125.67378506095 153.0 159.0 53.0
13.781812987670786 32.36737328209094 125.67716255698102 167.0 173.0 79.0
13.781690860392013 32.79728117536817 125.68054005301207 178.0 182.0 102.0
14.211099931626622 30.647619581703225 125.69470263661933 145.0 139.0 51.0
14.210977804347849 31.07752747498046 125.69808013265035 152.0 150.0 48.0
14.21085567706907 31.507435368257692 125.70145762868137 152.0 154.0 45.0
14.210733549790294 31.937343261534924 125.70483512471242 159.0 161.0 60.0
14.210611422511517 32.36725115481216 125.70821262074344 164.0 169.0 74.0
14.210489295232742 32.79715904808939 125.71159011677446 163.0 166.0 91.0
14.639776239188578 31.077405347701685 125.72913019641274 156.0 151.0 50.0
14.6396541119098 31.507313240978917 125.73250769244379 158.0 156.0 52.0
14.639531984631025 31.93722113425615 125.73588518847481 166.0 164.0 70.0
14.639409857352248 32.36712902753338 125.73926268450586 164.0 167.0 79.0
14.639287730073473 32.79703692081062 125.74264018053688 121.0 125.0 68.0
15.068452546750528 31.50719111370014 125.76355775620618 167.0 162.0 65.0
15.068330419471753 31.937099006977377 125.76693525223723 173.0 170.0 78.0
15.068208292192976 32.36700690025461 125.77031274826825 174.0 177.0 92.0
15.0680861649142 32.79691479353184 125.7736902442993 96.0 98.0 67.0
15.497250981591257 31.507068986421366 125.7946078199686 162.0 157.0 70.0
15.497128854312484 31.9369768796986 125.79798531599963 161.0 162.0 77.0
15.497006727033705 32.36688477297584 125.80136281203067 130.0 132.0 77.0
15.925927289153213 31.93685475241982 125.82903537976205 132.0 133.0 76.0
12.893288181505698 31.934332147340225 126.04047008377145 131.0 139.0 52.0
12.89316605422692 32.36424004061746 126.0438475798025 141.0 148.0 69.0
12.893043926948145 32.79414793389469 126.04722507583352 148.0 152.0 89.0
13.322697252740308 29.784670553675276 126.05463266737874 73.0 81.0 32.0
13.322575125461533 30.214578446952512 126.05801016340976 78.0 85.0 35.0
13.322452998182754 30.64448634022975 126.06138765944081 119.0 120.0 53.0
13.322330870903981 31.074394233506982 126.06476515547183 141.0 142.0 57.0
13.322208743625202 31.504302126784218 126.06814265150282 144.0 150.0 49.0
13.322086616346429 31.93421002006145 126.07152014753387 147.0 153.0 59.0
13.32196448906765 32.36411791333868 126.0748976435649 163.0 167.0 82.0
13.321842361788876 32.79402580661591 126.07827513959595 179.0 181.0 108.0
13.75137356030226 30.214456319673737 126.08906022717218 113.0 115.0 51.0
13.751251433023482 30.64436421295097 126.0924377232032 136.0 133.0 59.0
13.751129305744708 31.074272106228204 126.09581521923423 151.0 150.0 60.0
13.75100717846593 31.504179999505435 126.09919271526525 149.0 154.0 50.0
13.750885051187156 31.934087892782674 126.1025702112963 157.0 163.0 63.0
13.750762923908377 32.36399578605991 126.10594770732732 174.0 180.0 85.0
13.750640796629604 32.79390367933714 126.10932520335834 181.0 185.0 103.0
13.750518669350829 33.22381157261437 126.11270269938939 97.0 100.0 73.0
14.180049867864213 30.644242085672197 126.12348778696563 149.0 143.0 61.0
14.179927740585438 31.07414997894943 126.12686528299662 155.0 152.0 57.0
14.17980561330666 31.50405787222666 126.13024277902767 154.0 156.0 52.0
14.179683486027885 31.933965765503896 126.13362027505869 166.0 167.0 70.0
14.179561358749108 32.363873658781124 126.13699777108974 174.0 178.0 85.0
14.179439231470333 32.79378155205836 126.14037526712076 183.0 187.0 105.0
14.608726175426169 31.074027851670653 126.15791534675904 158.0 154.0 54.0
14.60860404814739 31.503935744947885 126.16129284279006 159.0 157.0 56.0
14.608481920868616 31.93384363822512 126.16467033882111 165.0 165.0 69.0
14.608359793589837 32.36375153150235 126.16804783485213 172.0 174.0 86.0
14.608237666311064 32.793659424779584 126.17142533088318 144.0 148.0 81.0
15.037524610266896 31.073905724391878 126.18896541052143 171.0 164.0 61.0
15.037402482988117 31.503813617669113 126.19234290655248 170.0 163.0 65.0
15.037280355709344 31.933721510946345 126.1957204025835 166.0 166.0 67.0
15.037158228430565 32.36362940422358 126.19909789861455 175.0 178.0 87.0
15.037036101151791 32.79353729750081 126.20247539464557 136.0 139.0 80.0
15.466200917828848 31.503691490390338 126.22339297031488 170.0 166.0 71.0
15.466078790550073 31.93359938366757 126.22677046634593 176.0 175.0 86.0
15.465956663271296 32.3635072769448 126.23014796237695 167.0 170.0 93.0
15.894877225390804 31.93347725638879 126.25782053010835 170.0 171.0 91.0
15.894755098112025 32.36338514966603 126.26119802613937 111.0 112.0 81.0
12.862238117743289 31.930954651309193 126.46925523411775 124.0 132.0 54.0
12.86211599046451 32.360862544586425 126.47263273014877 121.0 129.0 56.0
12.861993863185736 32.79077043786366 126.47601022617982 99.0 105.0 54.0
13.291280807141572 31.071016737475954 126.49355030581813 110.0 113.0 48.0
13.291158679862793 31.500924630753186 126.49692780184913 143.0 148.0 57.0
13.291036552584018 31.930832524030418 126.50030529788017 141.0 147.0 61.0
13.29091442530524 32.36074041730765 126.5036827939112 161.0 165.0 81.0
13.290792298026465 32.790648310584885 126.50706028994222 171.0 175.0 99.0
13.720201369261073 30.64098671691994 126.5212228735495 127.0 126.0 61.0
13.720079241982297 31.070894610197172 126.52460036958053 147.0 145.0 68.0
13.71995711470352 31.500802503474404 126.52797786561155 145.0 151.0 54.0
13.719834987424745 31.930710396751643 126.53135536164257 152.0 158.0 63.0
13.719712860145968 32.360618290028874 126.53473285767362 171.0 178.0 86.0
13.719590732867193 32.79052618330611 126.53811035370464 179.0 185.0 99.0
13.71946860558842 33.220434076583345 126.54148784973569 117.0 119.0 87.0
14.148999804101804 30.640864589641165 126.5522729373119 151.0 144.0 71.0
14.148877676823028 31.070772482918397 126.55565043334292 157.0 155.0 66.0
14.148755549544251 31.500680376195632 126.55902792937394 151.0 155.0 57.0
14.148633422265476 31.930588269472864 126.56240542540499 164.0 168.0 72.0
14.1485112949867 32.360496162750096 126.56578292143601 180.0 183.0 90.0
14.148389167707924 32.79040405602733 126.56916041746706 186.0 191.0 103.0
14.577798238942533 30.64074246236239 126.58332300107432 161.0 155.0 59.0
14.57767611166376 31.07065035563962 126.58670049710534 162.0 158.0 57.0
14.57755398438498 31.500558248916857 126.59007799313636 158.0 158.0 58.0
14.577431857106207 31.93046614219409 126.59345548916738 168.0 168.0 74.0
14.577309729827428 32.360374035471324 126.59683298519843 178.0 179.0 89.0
14.577187602548653 32.790281928748556 126.60021048122945 176.0 180.0 99.0
15.006474546504487 31.07052822836085 126.61775056086773 164.0 160.0 50.0
15.006352419225708 31.50043612163808 126.62112805689875 166.0 163.0 60.0
15.006230291946933 31.930344014915313 126.6245055529298 173.0 171.0 74.0
15.006108164668156 32.360251908192545 126.62788304896083 180.0 181.0 91.0
15.00598603738938 32.79015980146978 126.63126054499187 151.0 156.0 84.0
15.435150854066439 31.500313994359306 126.65217812066118 176.0 174.0 70.0
15.435028726787664 31.930221887636538 126.65555561669223 185.0 185.0 89.0
15.434906599508887 32.36012978091377 126.65893311272325 179.0 181.0 99.0
15.434784472230112 32.790037674191005 126.66231060875427 120.0 122.0 92.0
15.863827161628395 31.93009976035776 126.68660568045462 183.0 185.0 96.0
15.863705034349616 32.360007653634995 126.68998317648567 159.0 159.0 102.0
12.83118805398088 31.927577155278165 126.89804038446405 79.0 86.0 33.0
13.260230743379163 31.067639241444923 126.9223354561644 105.0 108.0 47.0
13.260108616100386 31.497547134722154 126.92571295219543 141.0 147.0 57.0
13.25998648882161 31.92745502799939 126.92909044822645 144.0 151.0 66.0
13.259864361542833 32.357362921276625 126.9324679442575 155.0 160.0 78.0
13.259742234264058 32.78727081455386 126.93584544028852 168.0 173.0 95.0
13.259620106985283 33.21717870783109 126.93922293631957 105.0 108.0 71.0
13.689151305498665 30.63760922088891 126.95000802389578 119.0 121.0 55.0
13.68902917821989 31.06751711416614 126.95338551992683 129.0 130.0 61.0
13.688907050941113 31.497425007443375 126.95676301595785 148.0 153.0 59.0
13.688784923662338 31.927332900720614 126.96014051198887 156.0 162.0 67.0
13.68866279638356 32.357240793997846 126.96351800801989 170.0 176.0 84.0
13.688540669104786 32.78714868727508 126.96689550405094 177.0 183.0 98.0
13.68841854182601 33.21705658055231 126.97027300008196 150.0 153.0 105.0
14.117949740339393 30.637487093610133 126.9810580876582 147.0 143.0 65.0
14.11782761306062 31.06739498688737 126.98443558368922 162.0 160.0 73.0
14.11770548578184 31.4973028801646 126.98781307972024 158.0 162.0 61.0
14.117583358503067 31.927210773441832 126.99119057575126 163.0 168.0 69.0
14.117461231224288 32.35711866671907 126.99456807178231 175.0 181.0 85.0
14.117339103945515 32.7870265599963 126.99794556781333 191.0 195.0 109.0
14.11721697666674 33.21693445327354 127.00132306384438 142.0 144.0 113.0
14.546748175180124 30.637364966331358 127.01210815142062 154.0 148.0 57.0
14.546626047901348 31.067272859608593 127.01548564745164 164.0 160.0 62.0
14.546503920622571 31.497180752885825 127.01886314348263 167.0 168.0 64.0
14.546381793343796 31.927088646163057 127.02224063951368 172.0 174.0 74.0
14.54625966606502 32.35699653944029 127.0256181355447 178.0 180.0 88.0
14.546137538786244 32.78690443271753 127.02899563157575 191.0 195.0 110.0
14.975424482742076 31.067150732329818 127.04653571121403 177.0 174.0 61.0
14.975302355463299 31.49705862560705 127.04991320724505 170.0 170.0 60.0
14.975180228184524 31.926966518884285 127.0532907032761 181.0 180.0 79.0
14.975058100905747 32.35687441216152 127.05666819930713 186.0 187.0 93.0
14.974935973626971 32.78678230543875 127.06004569533815 180.0 184.0 102.0
15.404100790304028 31.496936498328274 127.08096327100748 181.0 184.0 71.0
15.403978663025255 31.92684439160551 127.0843407670385 189.0 190.0 89.0
15.403856535746476 32.356752284882745 127.08771826306955 191.0 193.0 101.0
15.403734408467702 32.78666017815998 127.09109575910057 141.0 143.0 84.0
15.832777097865984 31.926722264326727 127.11539083080092 186.0 188.0 96.0
15.832654970587207 32.356630157603966 127.11876832683194 189.0 190.0 113.0
13.229180679616753 31.06426174541389 127.3511206065107 89.0 93.0 39.0
13.229058552337976 31.494169638691126 127.35449810254173 108.0 112.0 48.0
13.228936425059201 31.924077531968358 127.35787559857275 125.0 132.0 54.0
13.228814297780422 32.35398542524559 127.36125309460377 144.0 152.0 69.0
13.228692170501649 32.78389331852282 127.36463059063482 162.0 168.0 90.0
13.228570043222874 33.21380121180006 127.36800808666584 91.0 95.0 59.0
13.658101241736254 30.634231724857877 127.37879317424208 106.0 111.0 44.0
13.657979114457481 31.064139618135112 127.3821706702731 145.0 144.0 64.0
13.657856987178702 31.494047511412344 127.38554816630415 154.0 157.0 61.0
13.657734859899929 31.923955404689583 127.38892566233514 152.0 158.0 63.0
13.65761273262115 32.35386329796682 127.39230315836619 159.0 166.0 75.0
13.657490605342376 32.78377119124405 127.39568065439721 171.0 177.0 93.0
13.657368478063601 33.21367908452128 127.39905815042826 117.0 120.0 86.0
14.087021803855764 30.20420170430187 127.40646574197345 77.0 84.0 29.0
14.086899676576987 30.634109597579105 127.4098432380045 132.0 135.0 53.0
14.086777549298212 31.064017490856337 127.41322073403552 159.0 157.0 65.0
14.086655422019435 31.49392538413357 127.41659823006654 163.0 167.0 60.0
14.08653329474066 31.923833277410804 127.41997572609756 167.0 171.0 70.0
14.086411167461883 32.35374117068803 127.42335322212858 175.0 180.0 84.0
14.086289040183107 32.78364906396527 127.42673071815963 182.0 188.0 99.0
14.086166912904332 33.21355695724251 127.43010821419065 120.0 122.0 92.0
14.515698111417718 30.63398747030033 127.44089330176689 151.0 145.0 59.0
14.515575984138943 31.06389536357756 127.44427079779794 167.0 163.0 64.0
14.515453856860164 31.493803256854793 127.44764829382893 173.0 175.0 65.0
14.51533172958139 31.92371115013203 127.45102578985998 178.0 180.0 76.0
14.515209602302612 32.35361904340926 127.454403285891 189.0 192.0 93.0
14.515087475023838 32.78352693668649 127.45778078192203 196.0 199.0 112.0
14.94437441897967 31.063773236298786 127.47532086156033 177.0 172.0 63.0
14.944252291700892 31.49368112957602 127.47869835759136 186.0 185.0 73.0
14.944130164422118 31.923589022853253 127.48207585362238 188.0 188.0 82.0
14.94400803714334 32.35349691613049 127.48545334965343 192.0 194.0 94.0
14.943885909864566 32.78340480940772 127.48883084568445 194.0 198.0 107.0
15.373050726541623 31.493559002297246 127.50974842135375 184.0 185.0 77.0
15.372928599262847 31.923466895574478 127.5131259173848 188.0 190.0 88.0
15.37280647198407 32.35337478885171 127.51650341341582 191.0 193.0 98.0
15.372684344705295 32.78328268212894 127.51988090944687 162.0 164.0 98.0
15.801727034103578 31.9233447682957 127.54417598114719 188.0 189.0 94.0
15.8016049068248 32.35325266157294 127.54755347717824 191.0 193.0 108.0
13.198008488575567 31.4907921426601 127.78328325288803 85.0 89.0 39.0
13.197886361296792 31.920700035937333 127.78666074891905 87.0 92.0 39.0
13.197764234018015 32.35060792921457 127.79003824495007 89.0 94.0 39.0
13.19764210673924 32.7805158224918 127.79341574098109 120.0 124.0 65.0
13.627051177973847 30.630854228826852 127.80757832458838 99.0 104.0 40.0
13.626929050695072 31.060762122104087 127.8109558206194 146.0 146.0 64.0
13.626806923416295 31.49067001538132 127.81433331665045 154.0 158.0 61.0
13.62668479613752 31.920577908658558 127.81771081268144 155.0 160.0 68.0
13.626562668858742 32.35048580193579 127.82108830871246 153.0 158.0 72.0
13.626440541579967 32.78039369521302 127.82446580474351 168.0 174.0 93.0
13.626318414301194 33.21030158849026 127.82784330077453 78.0 81.0 54.0
14.055971740093355 30.200824208270845 127.83525089231975 75.0 83.0 29.0
14.055849612814578 30.63073210154808 127.83862838835077 136.0 135.0 57.0
14.055727485535803 31.060639994825312 127.84200588438182 159.0 157.0 64.0
14.055605358257026 31.490547888102544 127.84538338041284 165.0 168.0 60.0
14.05548323097825 31.92045578137978 127.84876087644386 165.0 168.0 67.0
14.055361103699473 32.35036367465701 127.85213837247488 174.0 179.0 81.0
14.055238976420698 32.78027156793424 127.8555158685059 180.0 186.0 96.0
14.055116849141923 33.21017946121148 127.85889336453695 135.0 138.0 98.0
14.484770174934086 30.20070208099207 127.86630095608214 123.0 124.0 46.0
14.484648047655307 30.630609974269305 127.86967845211319 158.0 152.0 66.0
14.484525920376534 31.060517867546537 127.87305594814421 174.0 171.0 69.0
14.484403793097755 31.49042576082377 127.87643344417526 176.0 178.0 67.0
14.484281665818981 31.920333654101004 127.87981094020626 181.0 184.0 79.0
14.484159538540203 32.35024154737824 127.8831884362373 186.0 190.0 90.0
14.484037411261427 32.78014944065547 127.88656593226833 193.0 197.0 105.0
14.483915283982654 33.2100573339327 127.88994342829938 145.0 147.0 113.0
14.913446482496035 30.63048784699053 127.90072851587558 173.0 166.0 68.0
14.91332435521726 31.06039574026776 127.90410601190663 185.0 180.0 74.0
14.913202227938482 31.490303633544997 127.90748350793766 193.0 191.0 82.0
14.913080100659707 31.92021152682223 127.91086100396868 191.0 191.0 87.0
14.91295797338093 32.35011942009946 127.9142384999997 189.0 192.0 91.0
14.912835846102155 32.78002731337669 127.91761599603075 193.0 197.0 104.0
14.912713718823381 33.20993520665393 127.92099349206177 125.0 127.0 97.0
15.342000662779213 31.49018150626622 127.93853357170005 193.0 193.0 87.0
15.341878535500438 31.920089399543453 127.94191106773107 193.0 196.0 92.0
15.341756408221661 32.34999729282069 127.94528856376212 195.0 198.0 100.0
15.341634280942886 32.77990518609792 127.94866605979314 148.0 150.0 95.0
15.770676970341169 31.919967272264675 127.97296113149349 191.0 194.0 94.0
15.77055484306239 32.34987516554191 127.97633862752451 200.0 202.0 110.0
16.199353277903118 32.34975303826313 128.00738869128693 182.0 183.0 108.0
13.596001114211438 30.627476732795824 128.23636347493465 84.0 90.0 35.0
13.595878986932663 31.057384626073056 128.2397409709657 125.0 128.0 55.0
13.595756859653886 31.48729251935029 128.24311846699672 135.0 138.0 59.0
13.59563473237511 31.91720041262753 128.24649596302777 128.0 134.0 55.0
13.595512605096333 32.34710830590476 128.24987345905876 149.0 154.0 70.0
13.595390477817558 32.77701619918199 128.25325095508978 165.0 170.0 92.0
14.024799549052167 30.62735460551705 128.26741353869707 121.0 125.0 48.0
14.024677421773394 31.05726249879428 128.2707910347281 157.0 156.0 68.0
14.024555294494615 31.487170392071516 128.27416853075914 159.0 161.0 63.0
14.024433167215841 31.917078285348747 128.27754602679016 166.0 170.0 73.0
14.024311039937063 32.34698617862598 128.28092352282118 172.0 178.0 84.0
14.024188912658289 32.776894071903214 128.2843010188522 182.0 187.0 100.0
14.024066785379514 33.20680196518045 128.28767851488325 134.0 137.0 92.0
14.453720111171675 30.19732458496104 128.29508610642844 122.0 125.0 48.0
14.453597983892898 30.627232478238273 128.29846360245946 148.0 145.0 61.0
14.453475856614123 31.057140371515505 128.3018410984905 169.0 166.0 72.0
14.453353729335346 31.48704826479274 128.30521859452153 173.0 175.0 71.0
14.45323160205657 31.916956158069972 128.30859609055256 176.0 179.0 79.0
14.453109474777794 32.346864051347204 128.31197358658358 182.0 186.0 89.0
14.452987347499018 32.776771944624436 128.31535108261463 193.0 197.0 108.0
14.452865220220245 33.206679837901675 128.31872857864565 139.0 141.0 107.0
14.882518546012403 30.197202457682266 128.32613617019086 143.0 142.0 55.0
14.882396418733626 30.627110350959498 128.32951366622189 165.0 158.0 70.0
14.88227429145485 31.057018244236733 128.3328911622529 179.0 174.0 75.0
14.882152164176073 31.486926137513965 128.33626865828396 188.0 187.0 80.0
14.882030036897298 31.916834030791197 128.33964615431498 193.0 195.0 91.0
14.881907909618521 32.34674192406843 128.343023650346 196.0 199.0 98.0
14.881785782339746 32.776649817345664 128.34640114637702 196.0 199.0 107.0
14.88166365506097 33.206557710622896 128.34977864240807 114.0 116.0 84.0
15.311194853574357 30.62698822368072 128.3605637299843 172.0 166.0 73.0
15.311072726295581 31.056896116957958 128.36394122601533 182.0 179.0 79.0
15.310950599016802 31.48680401023519 128.36731872204635 188.0 187.0 84.0
15.310828471738029 31.916711903512425 128.37069621807737 192.0 194.0 92.0
15.31070634445925 32.34661979678965 128.3740737141084 200.0 203.0 106.0
15.310584217180477 32.77652769006689 128.37745121013944 187.0 188.0 112.0
15.739749033857533 31.48668188295641 128.39836878580877 190.0 190.0 91.0
15.739626906578758 31.916589776233643 128.4017462818398 195.0 197.0 99.0
15.739504779299981 32.34649766951088 128.4051237778708 206.0 207.0 117.0
15.739382652021206 32.77640556278811 128.40850127390183 129.0 130.0 103.0
16.168425341419486 31.916467648954868 128.43279634560218 192.0 195.0 99.0
16.168303214140707 32.3463755422321 128.43617384163323 146.0 147.0 93.0
13.564828923170255 31.054007130042027 128.66852612131197 90.0 96.0 37.0
13.564584668612703 31.913822916596498 128.67528111337404 79.0 82.0 36.0
13.564462541333924 32.34373080987373 128.67865860940506 92.0 97.0 40.0
13.56434041405515 32.773638703150965 128.68203610543608 103.0 108.0 52.0
13.993749485289758 30.623977109486017 128.69619868904334 91.0 98.0 34.0
13.993627358010983 31.053885002763252 128.6995761850744 145.0 145.0 65.0
13.993505230732206 31.483792896040484 128.7029536811054 162.0 163.0 77.0
13.99338310345343 31.913700789317716 128.70633117713646 157.0 161.0 72.0
13.993260976174653 32.34360868259495 128.70970867316746 172.0 176.0 88.0
13.993138848895878 32.773516575872186 128.7130861691985 171.0 175.0 94.0
13.993016721617105 33.203424469149425 128.71646366522953 83.0 86.0 57.0
14.422670047409266 30.19394708893001 128.72387125677474 77.0 81.0 28.0
14.422547920130489 30.62385498220724 128.72724875280576 146.0 145.0 64.0
14.422425792851714 31.053762875484477 128.73062624883678 161.0 158.0 72.0
14.422303665572937 31.48367076876171 128.73400374486783 174.0 174.0 77.0
14.422181538294161 31.913578662038944 128.73738124089886 178.0 181.0 85.0
14.422059411015384 32.343486555316176 128.74075873692988 185.0 189.0 94.0
14.421937283736609 32.77339444859341 128.7441362329609 192.0 194.0 109.0
14.421815156457834 33.20330234187064 128.74751372899195 96.0 98.0 67.0
14.851468482249993 30.193824961651234 128.75492132053714 139.0 139.0 61.0
14.851346354971216 30.62373285492847 128.75829881656819 159.0 154.0 74.0
14.851224227692441 31.0536407482057 128.7616763125992 180.0 175.0 82.0
14.851102100413664 31.483548641482933 128.76505380863023 183.0 183.0 79.0
14.850979973134889 31.91345653476017 128.76843130466128 194.0 197.0 93.0
14.85085784585611 32.343364428037404 128.77180880069227 201.0 203.0 105.0
14.850735718577337 32.773272321314636 128.77518629672332 200.0 202.0 114.0
14.850613591298561 33.20318021459187 128.77856379275434 98.0 101.0 69.0
15.280266917090724 30.193702834372456 128.78597138429956 148.0 147.0 65.0
15.280144789811946 30.623610727649687 128.78934888033058 168.0 162.0 77.0
15.280022662533172 31.053518620926926 128.79272637636163 180.0 177.0 81.0
15.279900535254393 31.48342651420416 128.79610387239265 192.0 192.0 88.0
15.279778407975618 31.913334407481393 128.79948136842367 202.0 203.0 101.0
15.279656280696841 32.343242300758625 128.8028588644547 205.0 207.0 111.0
15.279534153418066 32.77315019403586 128.8062363604857 201.0 202.0 120.0
15.708943224652677 30.623488600370912 128.820398944093 173.0 169.0 77.0
15.708821097373901 31.053396493648147 128.82377644012402 184.0 183.0 85.0
15.708698970095124 31.48330438692538 128.82715393615507 194.0 194.0 94.0
15.708576842816349 31.91321228020261 128.83053143218606 202.0 204.0 105.0
15.708454715537572 32.34312017347985 128.8339089282171 210.0 210.0 120.0
15.708332588258797 32.773028066757085 128.83728642424813 133.0 134.0 108.0
16.13749740493585 31.483182259646604 128.85820399991746 194.0 194.0 99.0
16.137375277657075 31.913090152923836 128.86158149594849 201.0 202.0 108.0
16.1372531503783 32.34299804620107 128.8649589919795 160.0 162.0 106.0
16.566173712497807 31.912968025645064 128.89263155971088 187.0 190.0 97.0
13.962577294248577 31.05050750673222 129.12836133542066 118.0 126.0 47.0
13.9624551669698 31.480415400009452 129.1317388314517 148.0 151.0 76.0
13.962333039691025 31.910323293286687 129.13511632748273 154.0 157.0 80.0
13.962210912412246 32.34023118656392 129.13849382351378 148.0 152.0 74.0
13.962088785133473 32.77013907984115 129.14187131954478 110.0 114.0 55.0
14.391497856368082 30.620477486176213 129.15603390315206 112.0 116.0 43.0
14.391375729089308 31.050385379453445 129.15941139918309 154.0 154.0 71.0
14.39125360181053 31.48029327273068 129.16278889521413 174.0 175.0 81.0
14.391131474531754 31.910201166007912 129.16616639124516 176.0 179.0 86.0
14.391009347252977 32.34010905928515 129.16954388727618 185.0 189.0 96.0
14.390887219974202 32.77001695256238 129.1729213833072 196.0 198.0 114.0
14.820418418487588 30.190447465620206 129.18370647088344 80.0 81.0 32.0
14.820296291208809 30.620355358897438 129.18708396691446 158.0 155.0 78.0
14.820174163930034 31.05026325217467 129.1904614629455 181.0 178.0 89.0
14.820052036651257 31.480171145451905 129.19383895897653 184.0 183.0 86.0
14.819929909372481 31.910079038729137 129.19721645500758 191.0 192.0 95.0
14.819807782093704 32.33998693200637 129.20059395103857 201.0 203.0 107.0
14.81968565481493 32.7698948252836 129.2039714470696 205.0 206.0 121.0
14.819563527536156 33.19980271856084 129.20734894310064 86.0 90.0 51.0
15.249216853328317 30.190325338341424 129.21475653464583 149.0 148.0 75.0
15.24909472604954 30.620233231618656 129.21813403067688 162.0 160.0 77.0
15.248972598770765 31.050141124895895 129.2215115267079 180.0 177.0 87.0
15.248850471491988 31.48004901817313 129.22488902273895 192.0 193.0 91.0
15.248728344213212 31.90995691145036 129.22826651876997 203.0 204.0 106.0
15.248606216934435 32.3398648047276 129.231644014801 208.0 209.0 117.0
15.24848408965566 32.76977269800483 129.235021510832 186.0 187.0 131.0
15.678015288169048 30.19020321106265 129.24580659840825 160.0 159.0 74.0
15.67789316089027 30.620111104339884 129.24918409443927 166.0 164.0 75.0
15.677771033611496 31.050018997617116 129.25256159047032 179.0 178.0 85.0
15.677648906332717 31.479926890894347 129.25593908650134 199.0 200.0 101.0
15.677526779053943 31.909834784171583 129.2593165825324 209.0 210.0 115.0
15.677404651775165 32.33974267744882 129.26269407856338 213.0 213.0 127.0
16.106691595730997 30.61998897706111 129.2802341582017 177.0 177.0 80.0
16.10656946845222 31.04989687033834 129.28361165423271 184.0 186.0 89.0
16.106447341173446 31.479804763615572 129.28698915026376 201.0 202.0 106.0
16.10632521389467 31.909712656892808 129.29036664629479 213.0 213.0 124.0
16.106203086615892 32.33962055017004 129.2937441423258 196.0 197.0 129.0
16.535245776014175 31.4796826363368 129.31803921402616 200.0 201.0 112.0
16.5351236487354 31.909590529614032 129.32141671005718 154.0 155.0 96.0
14.360325665326897 31.047007883422417 129.58819654952939 115.0 118.0 45.0
14.36020353804812 31.47691577669965 129.5915740455604 185.0 183.0 104.0
14.360081410769345 31.90682366997688 129.59495154159146 181.0 180.0 103.0
14.359959283490568 32.33673156325411 129.59832903762248 173.0 174.0 94.0
14.359837156211793 32.766639456531344 129.6017065336535 140.0 141.0 74.0
14.7892462274464 30.616977862866406 129.61586911726076 107.0 107.0 52.0
14.789124100167625 31.04688575614364 129.61924661329178 181.0 178.0 97.0
14.789001972888848 31.476793649420873 129.62262410932283 211.0 207.0 129.0
14.788879845610072 31.906701542698105 129.62600160535385 205.0 204.0 115.0
14.788757718331295 32.33660943597534 129.6293791013849 204.0 205.0 114.0
14.78863559105252 32.76651732925257 129.6327565974159 206.0 207.0 127.0
15.218044662287129 30.616855735587627 129.64691918102315 168.0 166.0 87.0
15.217922535008356 31.046763628864866 129.6502966770542 185.0 183.0 100.0
15.217800407729577 31.476671522142098 129.65367417308522 204.0 203.0 114.0
15.217678280450803 31.906579415419333 129.65705166911627 210.0 211.0 122.0
15.217556153172024 32.33648730869656 129.6604291651473 214.0 215.0 130.0
15.217434025893251 32.7663952019738 129.6638066611783 214.0 216.0 151.0
15.646965224406637 30.18682571503162 129.67459174875455 91.0 91.0 52.0
15.64684309712786 30.616733608308852 129.67796924478557 180.0 179.0 98.0
15.646720969849085 31.046641501586084 129.6813467408166 195.0 193.0 108.0
15.646598842570308 31.47654939486332 129.68472423684764 208.0 207.0 118.0
15.646476715291532 31.90645728814055 129.68810173287866 211.0 211.0 124.0
15.646354588012755 32.33636518141779 129.69147922890969 208.0 208.0 133.0
16.075641531968586 30.616611481030077 129.709019308548 184.0 182.0 103.0
16.075519404689814 31.04651937430731 129.71239680457901 206.0 205.0 118.0
16.075397277411035 31.476427267584544 129.71577430061004 210.0 210.0 123.0
16.07527515013226 31.906335160861776 129.71915179664109 210.0 211.0 126.0
16.50443996680932 30.6164893537513 129.7400693723104 201.0 199.0 122.0
16.504317839530543 31.046397247028537 129.74344686834144 207.0 207.0 123.0
16.504195712251764 31.47630514030577 129.74682436437246 212.0 212.0 129.0
16.50407358497299 31.906213033583 129.75020186040348 153.0 154.0 109.0
16.932994147092497 31.476183013026994 129.77787442813488 106.0 107.0 76.0
14.757951909126438 31.47341615338985 130.0514092596691 91.0 93.0 38.0
14.757829781847663 31.90332404666708 130.05478675570015 157.0 158.0 80.0
14.757707654568884 32.33323193994431 130.05816425173117 161.0 163.0 89.0
15.186872471245946 31.04338613283384 130.07908182740047 100.0 101.0 49.0
15.186750343967168 31.473294026111073 130.08245932343152 184.0 183.0 104.0
15.186628216688392 31.90320191938831 130.08583681946254 199.0 200.0 117.0
15.186506089409615 32.33310981266554 130.0892143154936 203.0 204.0 123.0
15.18638396213084 32.76301770594277 130.09259181152458 156.0 158.0 102.0
15.615670906086676 31.04326400555506 130.1101318911629 155.0 155.0 87.0
15.615548778807899 31.473171898832295 130.11350938719394 197.0 197.0 112.0
15.615426651529123 31.903079792109526 130.11688688322496 205.0 205.0 124.0
15.615304524250346 32.33298768538677 130.12026437925599 208.0 209.0 135.0
15.615182396971571 32.762895578664 130.123641875287 128.0 131.0 89.0
16.04459146820618 30.613233984999052 130.13780445889427 84.0 85.0 56.0
16.044469340927403 31.043141878276288 130.14118195492532 198.0 197.0 119.0
16.044347213648624 31.47304977155352 130.14455945095634 205.0 206.0 119.0
16.04422508636985 31.90295766483075 130.1479369469874 199.0 200.0 123.0
16.044102959091074 32.33286555810798 130.1513144430184 187.0 190.0 143.0
16.473267775768132 31.043019750997512 130.1722320186877 168.0 169.0 124.0
16.473145648489357 31.472927644274744 130.17560951471876 195.0 195.0 122.0
15.155578152925983 31.899824423357277 130.51462196980884 136.0 141.0 67.0
15.155456025647206 32.32973231663451 130.51799946583986 135.0 139.0 74.0
15.584498715045488 31.469794402801263 130.54229453754022 120.0 122.0 63.0
15.584376587766714 31.899702296078495 130.54567203357126 196.0 198.0 117.0
15.584254460487935 32.32961018935573 130.54904952960229 207.0 209.0 143.0
16.013297149886217 31.469672275522488 130.57334460130264 156.0 156.0 90.0
16.01317502260744 31.899580168799723 130.57672209733366 211.0 212.0 138.0
16.013052895328663 32.329488062076955 130.5800995933647 226.0 229.0 183.0
15.98212495884503 31.89620267276869 131.00550724767996 123.0 125.0 88.0
15.982002831566254 32.32611056604593 131.00888474371098 160.0 165.0 113.0
13.968846133917896 29.808190898613706 123.08418667871709 74.0 83.0 21.0
13.937796070155489 29.804813402582674 123.51297182906339 85.0 97.0 24.0
14.36659450499622 29.8046912753039 123.54402189282578 82.0 94.0 20.0
14.366472377717445 30.234599168581134 123.54739938885683 93.0 101.0 25.0
14.79539293983695 29.804569148025124 123.5750719565882 81.0 90.0 21.0
14.795270812558176 30.23447704130236 123.57844945261922 93.0 102.0 25.0
14.795148685279397 30.66438493457959 123.58182694865027 93.0 101.0 26.0
13.90674600639308 29.80143590655165 123.94175697940969 87.0 97.0 26.0
14.335666568512584 29.371405885995642 123.96942954714106 82.0 93.0 24.0
14.33554444123381 29.801313779272874 123.97280704317208 102.0 108.0 29.0
14.335422313955036 30.23122167255011 123.9761845392031 117.0 117.0 34.0
14.764465003353315 29.371283758716867 124.00047961090348 89.0 97.0 26.0
14.76434287607454 29.801191651994102 124.0038571069345 108.0 115.0 31.0
14.764220748795767 30.231099545271334 124.00723460296553 122.0 125.0 36.0
14.764098621516988 30.661007438548566 124.01061209899655 130.0 134.0 41.0
15.193141310915268 29.801069524715327 124.0349071706969 101.0 108.0 29.0
15.193019183636492 30.23097741799256 124.03828466672795 120.0 127.0 35.0
15.192897056357715 30.66088531126979 124.04166216275897 133.0 139.0 43.0
15.19277492907894 31.090793204547026 124.04503965878999 125.0 133.0 44.0
15.621817618477223 30.230855290713777 124.06933473049034 86.0 91.0 30.0
13.87569594263067 29.79805841052062 124.37054212975599 94.0 101.0 30.0
14.304616504750175 29.36802838996461 124.39821469748736 91.0 101.0 27.0
14.3044943774714 29.797936283241846 124.40159219351838 91.0 96.0 24.0
14.304372250192626 30.227844176519078 124.4049696895494 117.0 115.0 32.0
14.733414939590906 29.367906262685835 124.42926476124978 106.0 114.0 33.0
14.733292812312131 29.79781415596307 124.4326422572808 116.0 120.0 34.0
14.733170685033356 30.227722049240302 124.43601975331183 125.0 125.0 35.0
14.733048557754579 30.657629942517538 124.43939724934285 132.0 134.0 38.0
15.162213374431632 29.367784135407057 124.46031482501218 113.0 119.0 35.0
15.162091247152858 29.797692028684295 124.4636923210432 119.0 123.0 34.0
15.161969119874083 30.227599921961527 124.46706981707422 135.0 135.0 41.0
15.161846992595306 30.657507815238763 124.47044731310527 135.0 138.0 42.0
15.16172486531653 31.087415708515994 124.47382480913629 137.0 141.0 46.0
15.591011809272363 29.36766200812828 124.4913648887746 83.0 89.0 26.0
15.590889681993588 29.797569901405513 124.49474238480559 106.0 113.0 35.0
15.590767554714814 30.22747779468275 124.49811988083664 134.0 137.0 52.0
15.590645427436035 30.65738568795998 124.50149737686766 135.0 136.0 56.0
15.590523300157262 31.08729358123722 124.50487487289871 111.0 113.0 50.0
13.844768006147035 29.364773021212358 124.79594978407124 81.0 90.0 30.0
13.84464587886826 29.79468091448959 124.79932728010229 96.0 102.0 35.0
14.273566440987766 29.364650893933582 124.82699984783366 97.0 105.0 34.0
14.27344431370899 29.794558787210814 124.83037734386468 107.0 109.0 35.0
14.273322186430216 30.224466680488046 124.8337548398957 123.0 122.0 39.0
14.702364875828495 29.364528766654807 124.85804991159605 109.0 115.0 35.0
14.702242748549722 29.79443665993204 124.8614274076271 122.0 124.0 39.0
14.702120621270947 30.224344553209274 124.8648049036581 129.0 128.0 37.0
14.70199849399217 30.654252446486506 124.86818239968915 137.0 136.0 39.0
15.131163310669223 29.364406639376025 124.88909997535848 103.0 111.0 29.0
15.13104118339045 29.794314532653264 124.8924774713895 133.0 134.0 41.0
15.130919056111674 30.2242224259305 124.89585496742052 137.0 137.0 40.0
15.130796928832895 30.65413031920773 124.89923246345154 141.0 141.0 42.0
15.130674801554122 31.084038212484963 124.90260995948259 143.0 145.0 46.0
15.559961745509954 29.36428451209725 124.92015003912087 98.0 106.0 27.0
15.559839618231178 29.794192405374485 124.92352753515192 122.0 127.0 35.0
15.559717490952403 30.224100298651717 124.92690503118291 135.0 137.0 43.0
15.559595363673626 30.654008191928952 124.93028252721396 140.0 141.0 48.0
15.559473236394851 31.08391608520619 124.93366002324498 137.0 140.0 53.0
15.559351109116074 31.513823978483423 124.93703751927603 149.0 152.0 72.0
15.98863805307191 29.79407027809571 124.95457759891431 115.0 119.0 41.0
15.988515925793134 30.22397817137294 124.95795509494533 132.0 134.0 53.0
15.988393798514357 30.653886064650177 124.96133259097635 139.0 140.0 66.0
15.988271671235582 31.08379395792741 124.9647100870074 118.0 119.0 58.0
15.988149543956805 31.51370185120464 124.96808758303843 80.0 82.0 46.0
13.813717942384626 29.361395525181326 125.22473493441754 82.0 90.0 32.0
13.81359581510585 29.791303418458558 125.22811243044856 105.0 108.0 44.0
14.242516377225357 29.36127339790255 125.25578499817993 95.0 103.0 35.0
14.242394249946582 29.791181291179782 125.25916249421098 116.0 118.0 44.0
14.242272122667806 30.221089184457018 125.262539990242 128.0 125.0 46.0
14.671314812066086 29.361151270623775 125.28683506194236 112.0 115.0 38.0
14.67119268478731 29.79105916390101 125.29021255797338 129.0 127.0 44.0
14.671070557508537 30.220967057178242 125.2935900540044 135.0 131.0 42.0
14.670948430229759 30.650874950455474 125.29696755003542 141.0 138.0 41.0
15.100113246906814 29.361029143344997 125.31788512570475 117.0 121.0 35.0
15.099991119628038 29.790937036622235 125.3212626217358 141.0 138.0 43.0
15.099868992349265 30.220844929899467 125.32464011776682 146.0 143.0 39.0
15.099746865070486 30.6507528231767 125.32801761379784 152.0 148.0 43.0
15.099624737791713 31.080660716453934 125.33139510982886 157.0 153.0 52.0
15.528911681747545 29.36090701606622 125.34893518946717 107.0 115.0 29.0
15.52878955446877 29.790814909343453 125.35231268549819 135.0 137.0 38.0
15.528667427189994 30.22072280262069 125.35569018152921 149.0 146.0 42.0
15.528545299911217 30.65063069589792 125.35906767756023 148.0 145.0 46.0
15.528423172632442 31.08053858917516 125.36244517359128 147.0 147.0 51.0
15.957710116588274 29.360784888787446 125.37998525322959 101.0 106.0 32.0
15.957587989309499 29.790692782064678 125.38336274926061 128.0 133.0 42.0
15.957465862030725 30.220600675341913 125.38674024529163 145.0 144.0 53.0
15.957343734751946 30.650508568619145 125.39011774132265 141.0 142.0 54.0
15.957221607473173 31.080416461896377 125.39349523735368 138.0 141.0 57.0
15.957099480194394 31.510324355173612 125.39687273338473 129.0 130.0 65.0
16.386386424150228 29.790570654785903 125.414412813023 100.0 102.0 44.0
16.386264296871452 30.220478548063138 125.41779030905403 137.0 136.0 71.0
16.386142169592674 30.65038644134037 125.42116780508508 120.0 118.0 66.0
13.353869443781491 29.358140156429076 125.62247002100142 76.0 82.0 35.0
13.782667878622219 29.3580180291503 125.65352008476381 79.0 87.0 32.0
13.782545751343445 29.787925922427533 125.65689758079486 106.0 109.0 46.0
14.21146631346295 29.357895901871526 125.68457014852623 96.0 102.0 37.0
14.211344186184174 29.787803795148758 125.68794764455725 119.0 120.0 48.0
14.2112220589054 30.217711688425993 125.6913251405883 131.0 126.0 51.0
14.64026474830368 29.35777377459275 125.71562021228863 118.0 121.0 42.0
14.640142621024905 29.787681667869986 125.71899770831968 125.0 126.0 41.0
14.64002049374613 30.217589561147218 125.7223752043507 137.0 133.0 44.0
14.639898366467353 30.64749745442445 125.72575270038172 147.0 141.0 46.0
15.069185310423185 28.927743754036737 125.74329278002003 80.0 85.0 28.0
15.069063183144406 29.357651647313972 125.74667027605105 129.0 131.0 42.0
15.068941055865633 29.78755954059121 125.75004777208207 145.0 142.0 43.0
15.068818928586857 30.217467433868443 125.75342526811312 156.0 151.0 41.0
15.06869680130808 30.647375327145674 125.75680276414411 160.0 151.0 47.0
15.068574674029305 31.07728322042291 125.76018026017516 168.0 161.0 60.0
15.497983745263914 28.92762162675796 125.77434284378242 76.0 81.0 26.0
15.497861617985137 29.357529520035197 125.77772033981347 122.0 125.0 35.0
15.497739490706362 29.78743741331243 125.78109783584449 140.0 140.0 37.0
15.497617363427588 30.217345306589664 125.78447533187551 150.0 147.0 37.0
15.49749523614881 30.647253199866896 125.78785282790653 153.0 149.0 43.0
15.497373108870036 31.077161093144134 125.79123032393755 153.0 149.0 52.0
15.926660052825868 29.35740739275642 125.80877040357586 115.0 121.0 35.0
15.926537925547093 29.787315286033653 125.81214789960691 133.0 137.0 41.0
15.926415798268318 30.21722317931089 125.81552539563793 150.0 147.0 50.0
15.92629367098954 30.64713107258812 125.81890289166896 148.0 145.0 53.0
15.926171543710765 31.077038965865352 125.82228038769998 145.0 145.0 54.0
15.926049416431988 31.506946859142587 125.825657883731 154.0 155.0 70.0
16.35533636038782 29.78719315875488 125.8431979633693 129.0 133.0 49.0
16.355214233109045 30.217101052032113 125.84657545940033 147.0 146.0 65.0
16.355092105830266 30.647008945309345 125.84995295543135 144.0 142.0 66.0
16.354969978551495 31.07691683858658 125.8533304514624 117.0 119.0 51.0
16.784012667949774 30.216978924753338 125.87762552316272 87.0 85.0 54.0
13.75161781485981 29.35464053311927 126.08230523511011 91.0 97.0 40.0
13.751495687581034 29.784548426396505 126.08568273114113 88.0 95.0 37.0
14.18041624970054 29.354518405840494 126.1133552988725 119.0 124.0 51.0
14.180294122421765 29.78442629911773 126.11673279490356 122.0 125.0 51.0
14.18017199514299 30.21433419239496 126.12011029093458 127.0 126.0 52.0
14.60921468454127 29.354396278561723 126.14440536263493 124.0 129.0 47.0
14.609092557262496 29.784304171838954 126.14778285866598 137.0 137.0 48.0
14.60897042998372 30.214212065116186 126.151160354697 147.0 143.0 51.0
14.608848302704944 30.64411995839342 126.15453785072802 154.0 148.0 54.0
15.038135246660776 28.92436625800571 126.1720779303663 100.0 105.0 41.0
15.038013119381997 29.35427415128294 126.17545542639735 138.0 139.0 49.0
15.037890992103224 29.78418204456018 126.17883292242837 153.0 150.0 48.0
15.037768864824448 30.21408993783741 126.18221041845942 165.0 159.0 47.0
15.03764673754567 30.643997831114646 126.18558791449044 168.0 161.0 53.0
15.466933681501505 28.924244130726933 126.20312799412872 97.0 101.0 41.0
15.466811554222728 29.354152024004165 126.20650549015974 138.0 140.0 45.0
15.466689426943953 29.7840599172814 126.20988298619079 152.0 152.0 43.0
15.466567299665178 30.213967810558632 126.21326048222181 162.0 161.0 42.0
15.4664451723864 30.643875703835864 126.21663797825283 158.0 154.0 44.0
15.466323045107625 31.073783597113103 126.22001547428385 160.0 157.0 52.0
15.895609989063457 29.35402989672539 126.23755555392216 126.0 132.0 40.0
15.895487861784684 29.783937790002625 126.24093304995318 141.0 144.0 43.0
15.895365734505909 30.213845683279857 126.24431054598423 156.0 153.0 50.0
15.895243607227131 30.64375357655709 126.24768804201523 157.0 152.0 56.0
15.895121479948356 31.073661469834324 126.25106553804628 151.0 150.0 54.0
15.89499935266958 31.503569363111556 126.2544430340773 165.0 163.0 75.0
16.324408423904185 29.353907769446618 126.26860561768456 96.0 103.0 29.0
16.32428629662541 29.78381566272385 126.2719831137156 129.0 134.0 43.0
16.324164169346634 30.21372355600108 126.27536060974663 151.0 149.0 61.0
16.32404204206786 30.643631449278317 126.27873810577765 155.0 149.0 69.0
16.323919914789084 31.07353934255555 126.28211560180867 144.0 146.0 61.0
16.323797787510305 31.50344723583278 126.28549309783972 145.0 147.0 70.0
16.32367566023153 31.933355129110016 126.28887059387074 113.0 115.0 76.0
16.753084731466142 29.783693535445074 126.303033177478 104.0 107.0 43.0
16.752962604187367 30.213601428722306 126.30641067350902 132.0 129.0 70.0
16.752840476908588 30.64350932199954 126.30978816954004 97.0 94.0 55.0
14.14936618593813 29.351140909809466 126.5421404492188 125.0 129.0 56.0
14.149244058659356 29.781048803086698 126.54551794524986 119.0 121.0 55.0
14.14912193138058 30.210956696363933 126.54889544128088 120.0 120.0 54.0
14.57816462077886 29.35101878253069 126.57319051298123 125.0 129.0 51.0
14.578042493500085 29.780926675807923 126.57656800901225 149.0 147.0 57.0
14.577920366221312 30.210834569085158 126.5799455050433 158.0 154.0 59.0
15.007085182898365 28.920988761974677 126.6008630807126 86.0 90.0 37.0
15.006963055619588 29.35089665525191 126.60424057674362 142.0 143.0 54.0
15.006840928340813 29.780804548529147 126.60761807277467 162.0 159.0 54.0
15.00671880106204 30.210712441806383 126.61099556880569 172.0 170.0 48.0
15.00659667378326 30.640620335083614 126.61437306483674 168.0 164.0 49.0
15.435761490460319 29.350774527973137 126.63529064050604 144.0 147.0 52.0
15.435639363181544 29.78068242125037 126.63866813653706 163.0 166.0 49.0
15.435517235902768 30.2105903145276 126.64204563256811 175.0 176.0 46.0
15.435395108623991 30.640498207804836 126.64542312859913 174.0 173.0 50.0
15.435272981345216 31.070406101082074 126.64880062463016 169.0 167.0 56.0
15.864559925301048 29.35065240069436 126.66634070426844 138.0 142.0 48.0
15.864437798022273 29.780560293971593 126.66971820029949 152.0 154.0 48.0
15.8643156707435 30.210468187248825 126.6730956963305 169.0 167.0 55.0
15.86419354346472 30.64037608052606 126.67647319236153 167.0 164.0 59.0
15.864071416185947 31.070283973803292 126.67985068839255 161.0 160.0 59.0
15.863949288907168 31.500191867080524 126.6832281844236 173.0 173.0 76.0
16.293358360141777 29.350530273415586 126.69739076803086 98.0 103.0 31.0
16.293236232863002 29.780438166692818 126.70076826406188 126.0 131.0 37.0
16.293114105584227 30.210346059970053 126.70414576009293 159.0 155.0 61.0
16.292991978305448 30.640253953247285 126.70752325612395 158.0 153.0 66.0
16.292869851026673 31.070161846524517 126.71090075215497 153.0 155.0 63.0
16.292747723747897 31.500069739801752 126.71427824818599 168.0 170.0 80.0
16.292625596469122 31.929977633078984 126.71765574421704 179.0 181.0 105.0
16.72203466770373 29.780316039414043 126.7318183278243 113.0 118.0 41.0
16.721912540424956 30.210223932691278 126.73519582385535 146.0 143.0 67.0
16.721790413146177 30.64013182596851 126.73857331988634 148.0 144.0 77.0
16.721668285867406 31.07003971924574 126.74195081591736 141.0 141.0 73.0
14.11831612217572 29.347763413778434 126.9709255995651 115.0 121.0 51.0
14.118193994896947 29.777671307055666 126.97430309559613 85.0 88.0 38.0
14.118071867618172 30.2075792003329 126.97768059162718 120.0 124.0 52.0
14.547114557016451 29.34764128649966 127.0019756633275 95.0 97.0 39.0
14.546992429737676 29.777549179776894 127.00535315935855 147.0 146.0 61.0
14.5468703024589 30.207457073054126 127.00873065538957 151.0 148.0 54.0
14.975912991857179 29.34751915922088 127.03302572708992 135.0 139.0 55.0
14.975790864578403 29.77742705249812 127.03640322312094 153.0 155.0 51.0
14.975668737299628 30.20733494577535 127.03978071915199 169.0 167.0 52.0
14.975546610020851 30.637242839052586 127.04315821518301 175.0 169.0 59.0
15.404711426697908 29.347397031942105 127.06407579085231 147.0 149.0 61.0
15.404589299419134 29.777304925219337 127.06745328688336 165.0 166.0 56.0
15.40446717214036 30.207212818496572 127.07083078291438 176.0 175.0 51.0
15.404345044861582 30.637120711773804 127.07420827894543 180.0 177.0 58.0
15.404222917582807 31.067028605051043 127.07758577497646 176.0 176.0 61.0
15.833509861538639 29.34727490466333 127.09512585461474 146.0 148.0 58.0
15.833387734259864 29.77718279794056 127.09850335064579 155.0 158.0 52.0
15.83326560698109 30.207090691217797 127.1018808466768 172.0 173.0 57.0
15.833143479702311 30.63699858449503 127.10525834270783 181.0 178.0 71.0
15.833021352423536 31.06690647777226 127.10863583873885 171.0 169.0 68.0
15.83289922514476 31.496814371049496 127.11201333476987 182.0 183.0 83.0
16.262308296379366 29.347152777384554 127.12617591837716 121.0 126.0 43.0
16.26218616910059 29.77706067066179 127.12955341440818 131.0 138.0 38.0
16.262064041821816 30.20696856393902 127.13293091043923 165.0 164.0 61.0
16.26194191454304 30.636876457216253 127.13630840647025 172.0 169.0 75.0
16.261819787264265 31.06678435049349 127.13968590250124 168.0 166.0 74.0
16.261697659985487 31.49669224377072 127.14306339853229 173.0 175.0 83.0
16.26157553270671 31.926600137047952 127.14644089456331 185.0 187.0 105.0
16.69098460394132 29.776938543383014 127.1606034781706 103.0 106.0 39.0
16.69086247666255 30.206846436660246 127.16398097420162 151.0 148.0 71.0
16.69074034938377 30.636754329937478 127.16735847023264 168.0 164.0 84.0
16.690618222104995 31.066662223214713 127.17073596626366 166.0 167.0 84.0
16.690496094826216 31.496570116491945 127.17411346229468 160.0 164.0 83.0
17.119660911503278 30.20672430938147 127.19503103796404 101.0 101.0 56.0
17.119538784224503 30.636632202658706 127.19840853399504 107.0 107.0 65.0
14.087266058413315 29.344385917747402 127.39971074991138 111.0 115.0 53.0
14.516064493254044 29.34426379046863 127.4307608136738 91.0 93.0 41.0
14.51594236597527 29.774171683745863 127.43413830970482 110.0 115.0 42.0
14.515820238696495 30.204079577023094 127.43751580573587 133.0 135.0 48.0
14.944862928094771 29.34414166318985 127.46181087743619 91.0 95.0 37.0
14.944740800815996 29.774049556467087 127.46518837346724 146.0 147.0 53.0
14.944618673537223 30.203957449744323 127.46856586949826 159.0 155.0 54.0
14.944496546258444 30.633865343021554 127.47194336552931 172.0 165.0 63.0
15.373661362935502 29.344019535911073 127.49286094119861 143.0 148.0 62.0
15.373539235656727 29.77392742918831 127.49623843722964 160.0 160.0 60.0
15.373417108377952 30.20383532246554 127.49961593326069 169.0 166.0 56.0
15.373294981099175 30.633743215742772 127.5029934292917 168.0 163.0 57.0
15.3731728538204 31.06365110902001 127.50637092532276 181.0 179.0 69.0
15.802459797776232 29.343897408632298 127.52391100496104 134.0 137.0 53.0
15.802337670497458 29.773805301909533 127.52728850099206 155.0 159.0 54.0
15.802215543218683 30.203713195186765 127.5306659970231 169.0 168.0 58.0
15.802093415939906 30.633621088463997 127.53404349305413 174.0 172.0 65.0
15.80197128866113 31.063528981741232 127.53742098908515 181.0 180.0 76.0
15.801849161382354 31.493436875018464 127.54079848511617 183.0 183.0 85.0
16.231136105338184 29.773683174630758 127.55833856475448 147.0 151.0 48.0
16.23101397805941 30.20359106790799 127.5617160607855 166.0 167.0 61.0
16.230891850780633 30.633498961185225 127.56509355681655 172.0 171.0 70.0
16.230769723501858 31.063406854462457 127.56847105284754 176.0 176.0 79.0
16.23064759622308 31.49331474773969 127.57184854887856 180.0 180.0 89.0
16.230525468944304 31.923222641016924 127.57522604490961 194.0 195.0 108.0
16.659934540178917 29.773561047351983 127.58938862851687 106.0 114.0 33.0
16.65981241290014 30.203468940629215 127.59276612454792 168.0 167.0 74.0
16.659690285621362 30.63337683390645 127.59614362057894 171.0 171.0 80.0
16.659568158342587 31.06328472718368 127.59952111660996 181.0 184.0 94.0
16.65944603106381 31.493192620460917 127.60289861264098 173.0 178.0 91.0
16.659323903785037 31.92310051373815 127.60627610867203 108.0 110.0 62.0
17.08861084774087 30.203346813350443 127.62381618831031 133.0 134.0 71.0
17.088488720462095 30.633254706627675 127.62719368434136 159.0 159.0 94.0
17.088366593183316 31.063162599904906 127.63057118037236 120.0 120.0 75.0
14.48489230221286 29.770794187714838 127.86292346005112 96.0 102.0 37.0
14.913812864332362 29.340764167158824 127.8905960277825 84.0 87.0 36.0
14.913690737053587 29.770672060436063 127.89397352381354 136.0 138.0 53.0
14.913568609774813 30.200579953713298 127.89735101984456 158.0 151.0 62.0
15.342611299173093 29.34064203988005 127.92164609154491 109.0 115.0 44.0
15.342489171894318 29.770549933157284 127.92502358757594 150.0 151.0 60.0
15.342367044615543 30.200457826434516 127.92840108360699 163.0 159.0 59.0
15.342244917336766 30.630365719711747 127.931778579638 176.0 171.0 68.0
15.34212279005799 31.060273612988986 127.93515607566903 184.0 182.0 75.0
15.771409734013822 29.340519912601273 127.95269615530731 107.0 113.0 40.0
15.771287606735047 29.77042780587851 127.95607365133836 159.0 159.0 63.0
15.771165479456274 30.20033569915574 127.95945114736938 168.0 168.0 61.0
15.771043352177495 30.630243592432976 127.96282864340043 177.0 177.0 71.0
15.770921224898721 31.060151485710207 127.96620613943145 182.0 182.0 79.0
15.770799097619943 31.49005937898744 127.96958363546247 189.0 191.0 88.0
16.200208168854548 29.3403977853225 127.98374621906973 110.0 116.0 40.0
16.200086041575776 29.770305678599733 127.98712371510075 163.0 165.0 63.0
16.199963914297 30.200213571876965 127.9905012111318 174.0 176.0 65.0
16.199841787018222 30.6301214651542 127.99387870716282 184.0 185.0 80.0
16.199719659739447 31.060029358431432 127.99725620319387 185.0 186.0 87.0
16.199597532460672 31.489937251708664 128.00063369922486 186.0 188.0 92.0
16.199475405181897 31.9198451449859 128.0040111952559 196.0 198.0 104.0
16.628884476416506 29.770183551320958 128.01817377886317 153.0 159.0 60.0
16.62876234913773 30.200091444598193 128.0215512748942 174.0 178.0 74.0
16.62864022185895 30.629999337875425 128.02492877092524 185.0 186.0 92.0
16.62851809458018 31.059907231152657 128.02830626695626 190.0 191.0 102.0
16.6283959673014 31.489815124429892 128.03168376298729 180.0 183.0 95.0
16.628273840022626 31.919723017707124 128.0350612590183 172.0 174.0 93.0
17.057682911257235 29.77006142404218 128.04922384262557 98.0 101.0 49.0
17.05756078397846 30.199969317319418 128.05260133865661 155.0 157.0 81.0
17.057438656699688 30.62987721059665 128.05597883468764 182.0 183.0 105.0
17.057316529420905 31.05978510387388 128.05935633071866 181.0 183.0 110.0
17.05719440214213 31.489692997151117 128.06273382674968 87.0 88.0 60.0
14.882640673291178 29.767294564405034 128.32275867415981 125.0 128.0 51.0
15.311439108131909 29.767172437126252 128.35380873792224 138.0 140.0 56.0
15.311316980853134 30.197080330403484 128.35718623395326 156.0 152.0 62.0
15.740237542972638 29.767050309847477 128.38485880168463 151.0 153.0 62.0
15.740115415693863 30.196958203124712 128.38823629771568 166.0 164.0 65.0
15.739993288415086 30.626866096401944 128.3916137937467 175.0 172.0 73.0
15.73987116113631 31.056773989679176 128.39499128977775 187.0 186.0 85.0
16.169035977813365 29.7669281825687 128.41590886544705 158.0 159.0 63.0
16.16891385053459 30.196836075845937 128.41928636147807 171.0 172.0 64.0
16.16879172325581 30.62674396912317 128.42266385750912 184.0 184.0 80.0
16.16866959597704 31.0566518624004 128.42604135354014 194.0 195.0 94.0
16.16854746869826 31.486559755677636 128.42941884957116 191.0 192.0 95.0
16.597834412654095 29.766806055289926 128.44695892920944 155.0 159.0 62.0
16.59771228537532 30.19671394856716 128.4503364252405 173.0 176.0 70.0
16.597590158096544 30.626621841844393 128.45371392127151 187.0 188.0 90.0
16.59746803081777 31.05652973512163 128.45709141730256 204.0 204.0 115.0
16.59734590353899 31.48643762839886 128.46046891333356 183.0 185.0 95.0
16.597223776260215 31.916345521676092 128.4638464093646 180.0 184.0 93.0
17.026632847494827 29.766683928011147 128.47800899297187 88.0 91.0 43.0
17.026510720216052 30.196591821288386 128.48138648900292 158.0 160.0 77.0
17.026388592937277 30.626499714565618 128.48476398503394 191.0 193.0 108.0
17.026266465658495 31.056407607842853 128.48814148106496 200.0 201.0 122.0
17.026144338379723 31.486315501120085 128.49151897709598 153.0 155.0 92.0
15.280389044369498 29.76379494109522 128.7825938882685 104.0 105.0 46.0
15.709187479210229 29.76367281381645 128.81364395203093 136.0 139.0 58.0
15.709065351931454 30.19358070709368 128.81702144806195 162.0 158.0 68.0
16.137985914050955 29.763550686537673 128.84469401579335 148.0 150.0 59.0
16.137863786772183 30.193458579814905 128.84807151182437 170.0 169.0 65.0
16.137741659493404 30.623366473092137 128.8514490078554 182.0 181.0 78.0
16.13761953221463 31.053274366369372 128.85482650388644 194.0 195.0 94.0
16.566784348891687 29.763428559258898 128.87574407955574 147.0 151.0 59.0
16.566662221612912 30.19333645253613 128.8791215755868 171.0 173.0 67.0
16.566540094334133 30.623244345813365 128.88249907161781 191.0 192.0 91.0
16.566417967055358 31.053152239090597 128.88587656764884 206.0 207.0 113.0
16.566295839776583 31.48306013236783 128.88925406367989 191.0 193.0 100.0
16.99546065645364 30.193214325257355 128.9101716393492 165.0 167.0 76.0
16.995338529174866 30.62312221853459 128.91354913538024 194.0 195.0 105.0
16.995216401896087 31.05303011181182 128.91692663141126 205.0 206.0 125.0
16.995094274617312 31.482938005089053 128.92030412744228 187.0 189.0 114.0
16.106813723009775 30.190081083783873 129.27685666217067 171.0 171.0 75.0
16.535612157850505 30.1899589565051 129.30790672593307 149.0 150.0 67.0
16.535490030571726 30.619866849782333 129.31128422196412 187.0 187.0 92.0
16.535367903292954 31.049774743059565 129.31466171799514 201.0 202.0 110.0
16.964410592691234 30.189836829226326 129.3389567896955 119.0 120.0 56.0
16.964288465412462 30.619744722503558 129.3423342857265 186.0 187.0 101.0
16.96416633813368 31.04965261578079 129.34571178175756 207.0 207.0 126.0
16.964044210854905 31.479560509058025 129.34908927778858 148.0 150.0 92.0
16.93323840165005 30.616367226472526 129.7711194360728 143.0 143.0 82.0
16.93311627437127 31.04627511974976 129.77449693210383 207.0 208.0 128.0
