10.874 11.841 133.328 72.000 80.000 38.000
11.334 10.480 134.234 68.000 80.000 34.000
11.788 10.934 134.230 75.000 83.000 43.000
10.884 10.481 134.691 76.000 85.000 40.000
11.338 10.481 134.688 75.000 86.000 36.000
11.792 10.027 134.685 75.000 88.000 35.000
11.792 10.481 134.684 99.000 110.000 48.000
11.792 10.935 134.684 95.000 105.000 48.000
12.245 10.481 134.681 99.000 106.000 54.000
12.245 10.935 134.680 127.000 132.000 69.000
10.888 10.028 135.146 76.000 85.000 40.000
10.888 10.481 135.145 74.000 83.000 37.000
11.341 9.574 135.143 74.000 86.000 37.000
11.341 10.028 135.142 86.000 97.000 39.000
11.341 10.481 135.142 75.000 86.000 32.000
11.795 10.028 135.139 91.000 102.000 40.000
11.795 10.481 135.138 100.000 111.000 42.000
11.795 10.935 135.138 85.000 96.000 36.000
12.249 10.481 135.135 119.000 129.000 56.000
12.249 10.935 135.134 126.000 136.000 60.000
12.249 11.389 135.134 103.000 112.000 55.000
12.703 10.481 135.131 85.000 90.000 51.000
12.703 10.935 135.131 162.000 167.000 99.000
12.703 11.389 135.130 142.000 145.000 94.000
10.891 10.028 135.599 90.000 99.000 46.000
10.891 10.482 135.599 82.000 91.000 37.000
11.345 9.574 135.597 107.000 117.000 58.000
11.345 10.028 135.596 95.000 106.000 44.000
11.345 10.482 135.596 83.000 94.000 32.000
11.345 10.936 135.595 80.000 91.000 28.000
11.799 9.574 135.593 110.000 120.000 54.000
11.799 10.028 135.593 120.000 130.000 52.000
11.799 10.482 135.592 104.000 115.000 40.000
11.799 10.936 135.592 96.000 106.000 35.000
11.799 11.390 135.591 76.000 86.000 33.000
12.252 10.028 135.589 117.000 127.000 56.000
12.252 10.482 135.589 131.000 140.000 58.000
12.252 10.936 135.588 130.000 140.000 57.000
12.252 11.390 135.588 113.000 121.000 59.000
12.252 11.843 135.587 75.000 83.000 46.000
12.706 10.028 135.586 94.000 98.000 55.000
12.706 10.482 135.585 135.000 142.000 77.000
12.706 10.936 135.585 155.000 161.000 92.000
12.706 11.390 135.584 166.000 169.000 112.000
12.706 11.843 135.584 129.000 134.000 88.000
13.160 10.482 135.582 109.000 114.000 71.000
13.160 10.936 135.581 152.000 158.000 97.000
13.160 11.390 135.581 165.000 171.000 114.000
10.894 9.575 136.054 112.000 121.000 66.000
10.894 10.029 136.053 96.000 105.000 49.000
10.894 10.482 136.053 93.000 102.000 44.000
10.894 10.936 136.052 88.000 95.000 42.000
11.348 9.121 136.051 87.000 92.000 53.000
11.348 9.575 136.050 107.000 118.000 53.000
11.348 10.029 136.050 112.000 122.000 51.000
11.348 10.482 136.049 107.000 117.000 44.000
11.348 10.936 136.049 104.000 112.000 41.000
11.348 11.390 136.048 77.000 85.000 36.000
11.802 9.575 136.047 127.000 137.000 60.000
11.802 10.029 136.046 124.000 136.000 52.000
11.802 10.482 136.046 129.000 140.000 52.000
11.802 10.936 136.045 122.000 132.000 46.000
11.802 11.390 136.045 95.000 104.000 39.000
12.256 9.575 136.043 118.000 126.000 59.000
12.256 10.029 136.043 147.000 157.000 71.000
12.256 10.482 136.042 148.000 157.000 66.000
12.256 10.936 136.042 145.000 154.000 63.000
12.256 11.390 136.041 125.000 133.000 55.000
12.256 11.844 136.041 83.000 92.000 41.000
12.710 10.029 136.039 145.000 152.000 79.000
12.710 10.482 136.039 154.000 161.000 81.000
12.710 10.936 136.038 157.000 165.000 79.000
12.710 11.390 136.038 155.000 160.000 90.000
12.710 11.844 136.037 130.000 136.000 78.000
13.163 10.029 136.036 134.000 139.000 88.000
13.163 10.482 136.035 159.000 165.000 96.000
13.163 10.936 136.035 170.000 178.000 95.000
13.163 11.390 136.034 177.000 184.000 109.000
13.163 11.844 136.034 177.000 182.000 130.000
13.617 11.390 136.031 88.000 90.000 57.000
10.898 9.122 136.508 109.000 117.000 63.000
10.898 9.575 136.508 111.000 120.000 59.000
10.898 10.029 136.507 89.000 99.000 43.000
10.898 10.483 136.507 86.000 97.000 42.000
10.898 10.937 136.506 91.000 100.000 47.000
11.352 9.122 136.505 108.000 116.000 57.000
11.352 9.575 136.504 116.000 127.000 51.000
11.352 10.029 136.504 120.000 130.000 50.000
11.352 10.483 136.503 125.000 135.000 54.000
11.352 10.937 136.503 126.000 135.000 56.000
11.352 11.391 136.502 105.000 113.000 52.000
11.805 9.122 136.501 106.000 114.000 53.000
11.805 9.575 136.501 133.000 143.000 60.000
11.805 10.029 136.500 140.000 151.000 62.000
11.805 10.483 136.500 145.000 155.000 63.000
11.805 10.937 136.499 138.000 147.000 58.000
11.805 11.391 136.499 106.000 115.000 45.000
11.805 11.844 136.498 74.000 85.000 33.000
12.259 9.575 136.497 139.000 147.000 68.000
12.259 10.029 136.497 154.000 163.000 71.000
12.259 10.483 136.496 153.000 162.000 67.000
12.259 10.937 136.496 153.000 161.000 62.000
12.259 11.391 136.495 123.000 133.000 52.000
12.259 11.844 136.495 84.000 95.000 38.000
12.713 9.575 136.494 88.000 93.000 51.000
12.713 10.029 136.493 152.000 160.000 80.000
12.713 10.483 136.493 155.000 163.000 74.000
12.713 10.937 136.492 156.000 164.000 70.000
12.713 11.391 136.492 153.000 160.000 77.000
12.713 11.844 136.491 120.000 129.000 61.000
12.713 12.298 136.491 83.000 91.000 46.000
13.167 10.029 136.490 148.000 155.000 92.000
13.167 10.483 136.489 159.000 167.000 88.000
13.167 10.937 136.489 171.000 178.000 86.000
13.167 11.391 136.488 169.000 177.000 91.000
13.167 11.844 136.488 171.000 178.000 108.000
13.167 12.298 136.487 103.000 109.000 67.000
13.621 10.029 136.486 80.000 82.000 54.000
13.621 10.483 136.486 107.000 112.000 67.000
13.621 10.937 136.485 145.000 152.000 85.000
13.621 11.391 136.485 177.000 184.000 111.000
13.621 11.844 136.484 139.000 143.000 87.000
10.901 9.122 136.962 102.000 110.000 54.000
10.901 9.576 136.961 107.000 115.000 52.000
10.901 10.030 136.961 96.000 104.000 46.000
10.901 10.484 136.960 84.000 94.000 41.000
10.901 10.937 136.960 83.000 91.000 45.000
11.355 8.668 136.959 89.000 96.000 48.000
11.355 9.122 136.958 112.000 122.000 51.000
11.355 9.576 136.958 122.000 132.000 49.000
11.355 10.030 136.957 120.000 129.000 48.000
11.355 10.484 136.957 125.000 133.000 53.000
11.355 10.937 136.956 127.000 134.000 56.000
11.355 11.391 136.956 102.000 109.000 48.000
11.355 11.845 136.955 94.000 103.000 50.000
11.809 9.122 136.955 123.000 133.000 58.000
11.809 9.576 136.954 129.000 140.000 53.000
11.809 10.030 136.954 134.000 143.000 53.000
11.809 10.484 136.953 140.000 149.000 55.000
11.809 10.937 136.953 145.000 153.000 58.000
11.809 11.391 136.952 125.000 134.000 53.000
11.809 11.845 136.952 95.000 104.000 45.000
12.263 9.122 136.952 107.000 114.000 57.000
12.263 9.576 136.951 140.000 150.000 63.000
12.263 10.030 136.951 151.000 159.000 66.000
12.263 10.484 136.950 154.000 163.000 64.000
12.263 10.937 136.949 155.000 164.000 63.000
12.263 11.391 136.949 137.000 146.000 57.000
12.263 11.845 136.948 98.000 108.000 43.000
12.717 9.576 136.948 148.000 157.000 81.000
12.717 10.030 136.947 159.000 168.000 79.000
12.717 10.484 136.947 164.000 172.000 75.000
12.717 10.937 136.946 164.000 173.000 69.000
12.717 11.391 136.946 150.000 158.000 65.000
12.717 11.845 136.945 112.000 121.000 49.000
12.717 12.299 136.944 75.000 85.000 35.000
13.170 9.576 136.944 119.000 126.000 75.000
13.170 10.030 136.944 158.000 166.000 91.000
13.170 10.484 136.943 177.000 185.000 97.000
13.170 10.937 136.943 163.000 173.000 81.000
13.170 11.391 136.942 159.000 167.000 80.000
13.170 11.845 136.942 163.000 169.000 93.000
13.170 12.299 136.941 124.000 130.000 73.000
13.624 10.030 136.940 113.000 117.000 72.000
13.624 10.484 136.940 109.000 115.000 65.000
13.624 10.937 136.939 162.000 170.000 91.000
13.624 11.391 136.939 179.000 185.000 105.000
13.624 11.845 136.938 180.000 187.000 110.000
13.624 12.299 136.938 127.000 131.000 80.000
10.451 9.576 137.419 80.000 88.000 45.000
10.905 9.123 137.416 100.000 107.000 54.000
10.905 9.576 137.415 101.000 110.000 45.000
10.905 10.030 137.415 93.000 102.000 44.000
10.905 10.484 137.414 85.000 95.000 42.000
10.905 10.938 137.414 79.000 87.000 44.000
11.359 8.669 137.413 80.000 88.000 43.000
11.359 9.123 137.412 115.000 125.000 52.000
11.359 9.576 137.412 122.000 133.000 48.000
11.359 10.030 137.411 129.000 138.000 57.000
11.359 10.484 137.411 127.000 134.000 58.000
11.359 10.938 137.410 121.000 128.000 60.000
11.812 9.123 137.409 121.000 130.000 57.000
11.812 9.576 137.408 132.000 143.000 56.000
11.812 10.030 137.408 132.000 142.000 56.000
11.812 10.484 137.407 136.000 145.000 57.000
11.812 10.938 137.407 137.000 146.000 57.000
11.812 11.392 137.406 117.000 127.000 54.000
12.266 9.123 137.405 114.000 123.000 58.000
12.266 9.576 137.405 143.000 153.000 66.000
12.266 10.030 137.404 152.000 160.000 67.000
12.266 10.484 137.404 154.000 163.000 63.000
12.266 10.938 137.403 156.000 164.000 62.000
12.266 11.392 137.403 147.000 155.000 63.000
12.266 11.845 137.402 105.000 115.000 44.000
12.266 12.299 137.402 77.000 87.000 35.000
12.720 9.576 137.401 155.000 162.000 84.000
12.720 10.030 137.401 163.000 171.000 78.000
12.720 10.484 137.400 167.000 175.000 72.000
12.720 10.938 137.400 168.000 177.000 67.000
12.720 11.392 137.399 158.000 167.000 68.000
12.720 11.845 137.399 126.000 136.000 52.000
12.720 12.299 137.398 79.000 89.000 35.000
13.174 9.576 137.398 140.000 146.000 88.000
13.174 10.030 137.397 172.000 179.000 94.000
13.174 10.484 137.397 182.000 188.000 94.000
13.174 10.938 137.396 177.000 186.000 84.000
13.174 11.392 137.396 175.000 184.000 91.000
13.174 11.845 137.395 157.000 163.000 82.000
13.174 12.299 137.395 113.000 123.000 58.000
13.628 9.576 137.394 83.000 86.000 57.000
13.628 10.030 137.394 122.000 125.000 79.000
13.628 10.484 137.393 168.000 174.000 98.000
13.628 10.938 137.393 183.000 191.000 99.000
13.628 11.392 137.392 186.000 193.000 105.000
13.628 11.845 137.392 175.000 182.000 103.000
13.628 12.299 137.391 121.000 127.000 74.000
14.081 10.938 137.389 125.000 132.000 76.000
14.081 11.392 137.389 170.000 177.000 105.000
14.081 11.845 137.388 152.000 158.000 95.000
10.454 9.123 137.873 75.000 82.000 47.000
10.454 9.577 137.872 85.000 94.000 47.000
10.454 10.031 137.872 71.000 81.000 39.000
10.908 9.123 137.870 100.000 109.000 53.000
10.908 9.577 137.869 102.000 113.000 44.000
10.908 10.031 137.868 91.000 101.000 41.000
10.908 10.485 137.868 85.000 94.000 44.000
11.362 8.669 137.867 75.000 80.000 42.000
11.362 9.123 137.866 118.000 126.000 56.000
11.362 9.577 137.866 129.000 139.000 53.000
11.362 10.031 137.865 112.000 122.000 48.000
11.362 10.485 137.865 110.000 118.000 52.000
11.362 10.938 137.864 79.000 86.000 43.000
11.816 9.123 137.863 126.000 136.000 61.000
11.816 9.577 137.862 134.000 144.000 56.000
11.816 10.031 137.862 134.000 143.000 57.000
11.816 10.485 137.861 137.000 145.000 60.000
11.816 10.938 137.861 135.000 144.000 59.000
11.816 11.392 137.860 114.000 124.000 53.000
11.816 11.846 137.860 73.000 84.000 35.000
12.270 9.123 137.859 132.000 141.000 68.000
12.270 9.577 137.859 147.000 155.000 68.000
12.270 10.031 137.858 155.000 163.000 69.000
12.270 10.485 137.858 157.000 164.000 64.000
12.270 10.938 137.857 158.000 165.000 61.000
12.270 11.392 137.857 146.000 154.000 60.000
12.270 11.846 137.856 123.000 132.000 52.000
12.270 12.300 137.856 91.000 99.000 45.000
12.723 9.123 137.856 114.000 119.000 65.000
12.723 9.577 137.855 156.000 163.000 83.000
12.723 10.031 137.855 162.000 170.000 75.000
12.723 10.485 137.854 167.000 175.000 69.000
12.723 10.938 137.854 169.000 177.000 64.000
12.723 11.392 137.853 155.000 164.000 61.000
12.723 11.846 137.853 133.000 142.000 54.000
12.723 12.300 137.852 93.000 103.000 43.000
12.723 12.754 137.852 81.000 89.000 44.000
13.177 9.123 137.852 79.000 83.000 52.000
13.177 9.577 137.852 157.000 163.000 95.000
13.177 10.031 137.851 161.000 168.000 84.000
13.177 10.485 137.851 164.000 172.000 76.000
13.177 10.938 137.850 169.000 179.000 74.000
13.177 11.392 137.850 174.000 184.000 84.000
13.177 11.846 137.849 147.000 155.000 66.000
13.177 12.300 137.849 106.000 115.000 51.000
13.177 12.754 137.848 73.000 81.000 41.000
13.631 9.577 137.848 102.000 105.000 67.000
13.631 10.031 137.848 146.000 152.000 86.000
13.631 10.485 137.847 171.000 180.000 93.000
13.631 10.938 137.847 184.000 192.000 95.000
13.631 11.392 137.846 183.000 191.000 100.000
13.631 11.846 137.846 165.000 173.000 91.000
13.631 12.300 137.845 133.000 140.000 80.000
14.085 10.031 137.844 80.000 85.000 51.000
14.085 10.485 137.844 120.000 127.000 74.000
14.085 10.938 137.843 163.000 170.000 96.000
14.085 11.392 137.843 165.000 172.000 101.000
14.085 11.846 137.842 139.000 147.000 85.000
10.458 9.124 138.327 83.000 89.000 50.000
10.458 9.577 138.326 93.000 102.000 48.000
10.458 10.031 138.326 76.000 85.000 38.000
10.912 8.670 138.324 78.000 83.000 47.000
10.912 9.124 138.323 110.000 119.000 56.000
10.912 9.577 138.323 112.000 122.000 47.000
10.912 10.031 138.322 96.000 105.000 42.000
10.912 10.485 138.322 82.000 91.000 42.000
11.366 8.670 138.320 95.000 100.000 51.000
11.366 9.124 138.320 116.000 126.000 52.000
11.366 9.577 138.319 127.000 137.000 50.000
11.366 10.031 138.319 119.000 128.000 51.000
11.366 10.485 138.318 111.000 119.000 54.000
11.819 8.670 138.317 76.000 81.000 42.000
11.819 9.124 138.316 134.000 142.000 66.000
11.819 9.577 138.316 143.000 152.000 61.000
11.819 10.031 138.315 140.000 149.000 61.000
11.819 10.485 138.315 143.000 150.000 63.000
11.819 10.939 138.314 133.000 142.000 60.000
11.819 11.393 138.314 94.000 103.000 44.000
12.273 9.124 138.313 146.000 152.000 77.000
12.273 9.577 138.312 153.000 161.000 73.000
12.273 10.031 138.312 156.000 164.000 69.000
12.273 10.485 138.311 158.000 165.000 65.000
12.273 10.939 138.311 158.000 165.000 61.000
12.273 11.393 138.310 144.000 153.000 58.000
12.273 11.846 138.310 119.000 129.000 53.000
12.273 12.300 138.309 100.000 107.000 53.000
12.727 9.124 138.309 136.000 142.000 78.000
12.727 9.577 138.309 166.000 174.000 88.000
12.727 10.031 138.308 162.000 170.000 73.000
12.727 10.485 138.308 163.000 171.000 66.000
12.727 10.939 138.307 166.000 173.000 61.000
12.727 11.393 138.307 155.000 164.000 58.000
12.727 11.846 138.306 132.000 142.000 54.000
12.727 12.300 138.306 112.000 120.000 55.000
12.727 12.754 138.305 79.000 87.000 44.000
13.181 9.124 138.306 89.000 94.000 57.000
13.181 9.577 138.305 167.000 174.000 97.000
13.181 10.031 138.305 159.000 166.000 82.000
13.181 10.485 138.304 160.000 169.000 73.000
13.181 10.939 138.304 166.000 175.000 70.000
13.181 11.393 138.303 168.000 176.000 78.000
13.181 11.846 138.303 145.000 154.000 66.000
13.181 12.300 138.302 101.000 111.000 47.000
13.181 12.754 138.302 89.000 97.000 48.000
13.635 9.577 138.302 123.000 128.000 76.000
13.635 10.031 138.302 149.000 157.000 83.000
13.635 10.485 138.301 167.000 175.000 88.000
13.635 10.939 138.300 180.000 188.000 91.000
13.635 11.393 138.300 178.000 186.000 96.000
13.635 11.846 138.299 153.000 161.000 81.000
13.635 12.300 138.299 124.000 132.000 72.000
13.635 12.754 138.298 118.000 123.000 77.000
14.088 10.031 138.298 102.000 108.000 62.000
14.088 10.485 138.298 128.000 136.000 75.000
14.088 10.939 138.297 154.000 162.000 91.000
14.088 11.393 138.297 182.000 188.000 110.000
14.088 11.846 138.296 128.000 136.000 77.000
10.461 9.124 138.781 85.000 92.000 48.000
10.461 9.578 138.780 90.000 100.000 44.000
10.461 10.032 138.780 70.000 80.000 34.000
10.915 8.670 138.778 84.000 91.000 47.000
10.915 9.124 138.777 118.000 127.000 57.000
10.915 9.578 138.777 110.000 121.000 43.000
10.915 10.032 138.776 98.000 107.000 41.000
10.915 10.486 138.776 91.000 100.000 43.000
11.369 8.670 138.774 106.000 113.000 52.000
11.369 9.124 138.774 125.000 134.000 53.000
11.369 9.578 138.773 128.000 138.000 44.000
11.369 10.032 138.773 129.000 138.000 53.000
11.369 10.486 138.772 123.000 131.000 57.000
11.369 10.939 138.772 78.000 85.000 40.000
11.823 8.670 138.771 98.000 104.000 51.000
11.823 9.124 138.770 138.000 146.000 65.000
11.823 9.578 138.770 150.000 159.000 63.000
11.823 10.032 138.769 144.000 152.000 61.000
11.823 10.486 138.769 144.000 152.000 62.000
11.823 10.939 138.768 138.000 146.000 61.000
11.823 11.393 138.768 93.000 102.000 44.000
12.277 9.124 138.767 145.000 152.000 74.000
12.277 9.578 138.766 158.000 166.000 73.000
12.277 10.032 138.766 159.000 167.000 68.000
12.277 10.486 138.765 157.000 165.000 62.000
12.277 10.939 138.765 157.000 164.000 60.000
12.277 11.393 138.764 138.000 148.000 53.000
12.277 11.847 138.764 104.000 114.000 42.000
12.277 12.301 138.763 83.000 89.000 45.000
12.730 9.124 138.763 144.000 151.000 79.000
12.730 9.578 138.763 169.000 178.000 88.000
12.730 10.032 138.762 162.000 169.000 73.000
12.730 10.486 138.762 162.000 170.000 66.000
12.730 10.939 138.761 161.000 168.000 60.000
12.730 11.393 138.761 153.000 162.000 58.000
12.730 11.847 138.760 140.000 149.000 58.000
12.730 12.301 138.760 122.000 129.000 61.000
12.730 12.755 138.759 86.000 94.000 47.000
13.184 9.124 138.760 127.000 133.000 80.000
13.184 9.578 138.759 182.000 190.000 108.000
13.184 10.032 138.759 169.000 177.000 90.000
13.184 10.486 138.758 161.000 170.000 77.000
13.184 10.939 138.758 172.000 180.000 76.000
13.184 11.393 138.757 164.000 172.000 76.000
13.184 11.847 138.757 152.000 160.000 75.000
13.184 12.301 138.756 103.000 115.000 47.000
13.184 12.755 138.756 77.000 88.000 36.000
13.638 9.124 138.756 82.000 86.000 53.000
13.638 9.578 138.756 162.000 170.000 96.000
13.638 10.032 138.755 139.000 146.000 78.000
13.638 10.486 138.755 150.000 159.000 80.000
13.638 10.939 138.754 171.000 179.000 88.000
13.638 11.393 138.754 171.000 179.000 90.000
13.638 11.847 138.753 142.000 152.000 76.000
13.638 12.301 138.753 109.000 120.000 56.000
13.638 12.755 138.752 105.000 114.000 59.000
13.638 13.208 138.752 90.000 97.000 58.000
14.092 10.486 138.751 96.000 102.000 56.000
14.092 10.939 138.751 158.000 165.000 92.000
14.092 11.393 138.750 172.000 179.000 102.000
14.092 11.847 138.750 117.000 124.000 66.000
14.092 12.301 138.749 81.000 87.000 49.000
14.092 12.755 138.749 100.000 106.000 63.000
10.465 9.578 139.234 91.000 100.000 40.000
10.919 9.125 139.231 122.000 130.000 56.000
10.919 9.578 139.230 115.000 127.000 45.000
10.919 10.032 139.230 100.000 111.000 40.000
10.919 10.486 139.229 98.000 107.000 45.000
10.919 10.940 139.229 90.000 97.000 47.000
11.372 9.125 139.227 134.000 142.000 54.000
11.372 9.578 139.227 142.000 152.000 52.000
11.372 10.032 139.226 128.000 138.000 47.000
11.372 10.486 139.226 121.000 129.000 51.000
11.372 10.940 139.225 101.000 109.000 50.000
11.826 9.578 139.223 153.000 162.000 62.000
11.826 10.032 139.223 151.000 160.000 63.000
11.826 10.486 139.222 144.000 152.000 57.000
11.826 10.940 139.222 133.000 142.000 53.000
11.826 11.394 139.221 101.000 110.000 45.000
12.280 9.578 139.220 161.000 169.000 73.000
12.280 10.032 139.219 161.000 169.000 68.000
12.280 10.486 139.219 156.000 164.000 61.000
12.280 10.940 139.218 154.000 162.000 57.000
12.280 11.394 139.218 135.000 146.000 52.000
12.280 11.848 139.217 97.000 109.000 39.000
12.734 10.032 139.216 173.000 181.000 78.000
12.734 10.486 139.216 163.000 170.000 66.000
12.734 10.940 139.215 159.000 166.000 57.000
12.734 11.394 139.215 155.000 163.000 59.000
12.734 11.848 139.214 150.000 159.000 67.000
12.734 12.301 139.213 111.000 119.000 53.000
13.188 10.032 139.213 165.000 174.000 84.000
13.188 10.486 139.212 160.000 168.000 77.000
13.188 10.940 139.212 168.000 177.000 76.000
13.188 11.394 139.211 167.000 176.000 78.000
13.188 11.848 139.211 154.000 162.000 76.000
13.188 12.301 139.210 112.000 123.000 52.000
13.641 10.486 139.209 142.000 150.000 77.000
13.641 10.940 139.208 172.000 180.000 92.000
13.641 11.394 139.208 166.000 174.000 88.000
13.641 11.848 139.207 140.000 150.000 73.000
13.641 12.301 139.207 92.000 105.000 41.000
13.641 12.755 139.206 79.000 92.000 36.000
14.095 10.940 139.205 135.000 142.000 81.000
14.095 11.394 139.204 157.000 164.000 94.000
14.095 11.848 139.204 102.000 111.000 55.000
14.095 12.301 139.203 74.000 84.000 38.000
10.922 8.671 139.685 93.000 99.000 54.000
10.922 9.125 139.685 128.000 137.000 61.000
10.922 9.579 139.684 125.000 136.000 48.000
10.922 10.033 139.684 114.000 124.000 48.000
10.922 10.487 139.683 96.000 106.000 46.000
11.376 9.125 139.681 135.000 146.000 58.000
11.376 9.579 139.681 149.000 159.000 57.000
11.376 10.033 139.680 132.000 142.000 52.000
11.376 10.487 139.680 118.000 127.000 51.000
11.376 10.940 139.679 93.000 100.000 46.000
11.830 9.579 139.677 156.000 165.000 63.000
11.830 10.033 139.677 152.000 161.000 62.000
11.830 10.487 139.676 137.000 147.000 54.000
11.830 10.940 139.676 118.000 128.000 46.000
11.830 11.394 139.675 75.000 84.000 31.000
12.284 9.579 139.674 164.000 172.000 75.000
12.284 10.033 139.673 158.000 167.000 67.000
12.284 10.487 139.673 151.000 161.000 59.000
12.284 10.940 139.672 142.000 152.000 50.000
12.284 11.394 139.672 130.000 140.000 50.000
12.284 11.848 139.671 96.000 105.000 39.000
12.737 10.033 139.670 162.000 170.000 74.000
12.737 10.487 139.669 156.000 165.000 63.000
12.737 10.940 139.669 155.000 165.000 59.000
12.737 11.394 139.668 155.000 163.000 65.000
12.737 11.848 139.668 154.000 161.000 70.000
12.737 12.302 139.667 109.000 113.000 58.000
13.191 10.487 139.666 151.000 160.000 70.000
13.191 10.940 139.665 154.000 163.000 69.000
13.191 11.394 139.665 157.000 164.000 76.000
13.191 11.848 139.664 151.000 159.000 73.000
13.191 12.302 139.664 120.000 129.000 56.000
13.191 12.756 139.663 72.000 83.000 32.000
13.645 10.487 139.662 149.000 156.000 79.000
13.645 10.940 139.662 165.000 173.000 86.000
13.645 11.394 139.661 156.000 163.000 82.000
13.645 11.848 139.661 102.000 114.000 46.000
13.645 12.302 139.660 73.000 85.000 30.000
13.645 12.756 139.660 69.000 80.000 32.000
14.099 10.940 139.658 138.000 144.000 81.000
14.099 11.394 139.658 131.000 137.000 77.000
14.552 11.394 139.654 101.000 106.000 61.000
10.472 9.579 140.141 79.000 89.000 37.000
10.926 9.126 140.138 131.000 141.000 65.000
10.926 9.579 140.138 144.000 154.000 62.000
10.926 10.033 140.137 134.000 143.000 63.000
10.926 10.487 140.137 79.000 88.000 39.000
11.379 9.126 140.135 140.000 150.000 64.000
11.379 9.579 140.135 156.000 165.000 65.000
11.379 10.033 140.134 139.000 148.000 64.000
11.379 10.487 140.134 100.000 107.000 49.000
11.833 9.126 140.132 150.000 159.000 73.000
11.833 9.579 140.131 159.000 168.000 68.000
11.833 10.033 140.131 152.000 160.000 66.000
11.833 10.487 140.130 146.000 155.000 67.000
11.833 10.941 140.130 127.000 137.000 58.000
12.287 9.579 140.128 163.000 172.000 74.000
12.287 10.033 140.127 157.000 166.000 68.000
12.287 10.487 140.127 154.000 163.000 66.000
12.287 10.941 140.126 149.000 158.000 63.000
12.287 11.395 140.126 128.000 138.000 48.000
12.287 11.849 140.125 102.000 112.000 39.000
12.741 10.033 140.124 153.000 161.000 71.000
12.741 10.487 140.123 153.000 162.000 67.000
12.741 10.941 140.123 154.000 163.000 63.000
12.741 11.395 140.122 152.000 161.000 63.000
12.741 11.849 140.122 147.000 153.000 63.000
12.741 12.302 140.121 107.000 113.000 49.000
13.195 10.033 140.120 119.000 127.000 60.000
13.195 10.487 140.120 139.000 148.000 62.000
13.195 10.941 140.119 147.000 157.000 65.000
13.195 11.395 140.119 153.000 161.000 73.000
13.195 11.849 140.118 136.000 144.000 61.000
13.195 12.302 140.118 105.000 113.000 48.000
13.195 12.756 140.117 72.000 81.000 35.000
13.648 10.487 140.116 125.000 132.000 67.000
13.648 10.941 140.116 140.000 148.000 69.000
13.648 11.395 140.115 119.000 128.000 56.000
13.648 11.849 140.115 83.000 94.000 33.000
13.648 12.302 140.114 85.000 94.000 40.000
14.102 10.941 140.112 88.000 92.000 48.000
14.102 11.395 140.112 87.000 94.000 43.000
14.102 11.849 140.111 84.000 94.000 37.000
10.929 9.126 140.592 158.000 166.000 93.000
10.929 9.580 140.592 163.000 170.000 80.000
10.929 10.034 140.591 140.000 148.000 71.000
11.383 8.672 140.589 121.000 129.000 76.000
11.383 9.126 140.589 164.000 171.000 91.000
11.383 9.580 140.588 171.000 179.000 76.000
11.383 10.034 140.588 161.000 168.000 77.000
11.383 10.488 140.587 150.000 157.000 83.000
11.837 9.126 140.585 163.000 171.000 89.000
11.837 9.580 140.585 178.000 186.000 83.000
11.837 10.034 140.584 173.000 181.000 79.000
11.837 10.488 140.584 171.000 178.000 86.000
11.837 10.941 140.583 136.000 144.000 68.000
11.837 11.395 140.583 79.000 88.000 35.000
12.290 9.580 140.581 170.000 178.000 81.000
12.290 10.034 140.581 158.000 167.000 72.000
12.290 10.488 140.580 155.000 163.000 71.000
12.290 10.941 140.580 152.000 160.000 71.000
12.290 11.395 140.579 137.000 146.000 59.000
12.290 11.849 140.579 104.000 112.000 41.000
12.744 9.580 140.578 154.000 162.000 81.000
12.744 10.034 140.577 140.000 149.000 61.000
12.744 10.488 140.577 150.000 158.000 68.000
12.744 10.941 140.576 151.000 160.000 67.000
12.744 11.395 140.576 144.000 153.000 61.000
12.744 11.849 140.575 120.000 129.000 46.000
12.744 12.303 140.575 99.000 105.000 45.000
13.198 10.034 140.574 107.000 117.000 50.000
13.198 10.488 140.573 131.000 140.000 57.000
13.198 10.941 140.573 136.000 146.000 61.000
13.198 11.395 140.572 128.000 138.000 56.000
13.198 11.849 140.572 109.000 117.000 46.000
13.198 12.303 140.571 92.000 100.000 43.000
13.198 12.757 140.571 76.000 84.000 41.000
13.652 10.488 140.570 112.000 119.000 62.000
13.652 10.941 140.569 126.000 135.000 63.000
13.652 11.395 140.569 100.000 109.000 46.000
13.652 11.849 140.568 87.000 96.000 40.000
13.652 12.303 140.568 82.000 90.000 42.000
14.106 10.941 140.566 97.000 104.000 51.000
14.106 11.395 140.566 99.000 107.000 47.000
10.932 9.127 141.046 85.000 87.000 51.000
10.932 9.581 141.046 110.000 113.000 59.000
11.386 9.127 141.043 168.000 174.000 108.000
11.386 9.581 141.042 186.000 191.000 101.000
11.386 10.034 141.042 165.000 173.000 90.000
11.386 10.488 141.041 93.000 95.000 51.000
11.840 9.127 141.039 180.000 187.000 113.000
11.840 9.581 141.039 189.000 196.000 102.000
11.840 10.034 141.038 191.000 199.000 102.000
11.840 10.488 141.038 186.000 194.000 104.000
11.840 10.942 141.037 108.000 113.000 55.000
12.294 9.127 141.036 170.000 177.000 110.000
12.294 9.581 141.035 190.000 198.000 109.000
12.294 10.034 141.035 188.000 197.000 102.000
12.294 10.488 141.034 190.000 198.000 103.000
12.294 10.942 141.034 166.000 174.000 91.000
12.748 9.580 141.032 182.000 190.000 110.000
12.748 10.034 141.031 174.000 183.000 93.000
12.748 10.488 141.031 179.000 187.000 96.000
12.748 10.942 141.030 165.000 173.000 84.000
12.748 11.396 141.030 125.000 135.000 56.000
13.201 10.034 141.028 134.000 143.000 70.000
13.201 10.488 141.027 147.000 155.000 79.000
13.201 10.942 141.027 139.000 148.000 68.000
13.201 11.396 141.026 103.000 114.000 45.000
13.201 11.850 141.026 69.000 80.000 28.000
13.201 12.303 141.025 81.000 89.000 42.000
13.655 10.488 141.024 96.000 103.000 54.000
13.655 10.942 141.023 89.000 98.000 46.000
13.655 11.396 141.023 79.000 89.000 37.000
13.655 11.850 141.022 75.000 85.000 35.000
11.390 9.581 141.496 106.000 107.000 66.000
11.844 9.127 141.493 98.000 99.000 66.000
11.844 9.581 141.492 188.000 193.000 121.000
11.844 10.035 141.492 206.000 212.000 127.000
11.844 10.489 141.491 157.000 161.000 92.000
12.297 9.127 141.490 121.000 124.000 81.000
12.297 9.581 141.489 207.000 213.000 135.000
12.297 10.035 141.488 218.000 222.000 143.000
12.297 10.489 141.488 217.000 218.000 137.000
12.751 9.581 141.486 204.000 210.000 135.000
12.751 10.035 141.485 209.000 214.000 139.000
12.751 10.489 141.485 202.000 206.000 132.000
12.751 10.942 141.484 134.000 136.000 84.000
13.205 9.581 141.482 148.000 156.000 92.000
13.205 10.035 141.482 156.000 163.000 101.000
13.205 10.489 141.481 151.000 159.000 93.000
13.205 10.942 141.481 86.000 98.000 45.000
11.847 9.582 141.946 183.000 185.000 124.000
11.847 10.035 141.946 180.000 183.000 121.000
11.847 10.489 141.945 79.000 80.000 34.000
12.301 9.582 141.943 225.000 228.000 165.000
12.301 10.035 141.942 223.000 225.000 158.000
12.301 10.489 141.942 85.000 87.000 51.000
12.755 9.582 141.939 203.000 206.000 144.000
12.755 10.035 141.939 173.000 175.000 125.000
12.304 9.582 142.397 146.000 148.000 116.000
12.758 9.582 142.393 125.000 126.000 100.000
10.919 8.671 139.231 94.000 101.000 50.000
11.372 8.671 139.228 118.000 125.000 56.000
11.826 8.671 139.224 115.000 123.000 56.000
11.826 9.125 139.224 150.000 157.000 67.000
12.280 8.671 139.221 88.000 95.000 46.000
12.280 9.125 139.221 155.000 162.000 76.000
12.734 9.125 139.217 109.000 115.000 60.000
12.734 9.578 139.217 172.000 182.000 92.000
13.188 9.125 139.214 158.000 163.000 98.000
13.188 9.578 139.213 187.000 195.000 109.000
13.641 9.578 139.210 166.000 174.000 96.000
13.641 10.032 139.209 135.000 143.000 75.000
14.095 10.486 139.205 88.000 94.000 54.000
11.376 8.671 139.682 121.000 130.000 61.000
11.830 8.671 139.678 126.000 135.000 65.000
11.830 9.125 139.678 142.000 152.000 63.000
12.284 8.671 139.675 102.000 110.000 57.000
12.284 9.125 139.674 155.000 163.000 79.000
12.737 9.125 139.671 172.000 179.000 100.000
12.737 9.579 139.670 169.000 178.000 88.000
13.191 9.125 139.667 158.000 165.000 99.000
13.191 9.579 139.667 172.000 181.000 96.000
13.191 10.033 139.666 156.000 164.000 78.000
13.645 10.033 139.663 86.000 92.000 51.000
14.099 10.487 139.659 77.000 82.000 48.000
14.553 10.940 139.655 87.000 91.000 55.000
11.379 8.672 140.136 106.000 117.000 56.000
11.833 8.672 140.132 114.000 122.000 64.000
12.287 9.126 140.128 155.000 162.000 82.000
12.741 9.126 140.125 132.000 138.000 79.000
12.741 9.579 140.124 171.000 179.000 89.000
13.195 9.579 140.121 132.000 136.000 78.000
11.837 8.672 140.586 116.000 124.000 77.000
12.290 9.126 140.582 174.000 181.000 102.000
12.744 9.126 140.578 107.000 112.000 70.000
13.198 9.580 140.574 80.000 86.000 46.000
12.748 9.127 141.032 99.000 104.000 67.000
13.201 9.580 141.028 122.000 129.000 72.000
12.751 9.127 141.486 82.000 85.000 53.000
