28.502818698541066 29.168096081723665 95.78606977224251 126.0 123.0 51.0
28.50278021784815 29.603601985315358 95.78772389115468 89.0 88.0 44.0
28.9176431459679 28.73089757852688 96.23970237201857 137.0 134.0 59.0
28.917604665274986 29.16640348211857 96.24135649093074 127.0 124.0 57.0
28.89739119849639 28.729243459614704 96.67473714323529 143.0 142.0 52.0
28.897352717803475 29.164749363206393 96.67639126214746 147.0 147.0 58.0
28.897314237110564 29.600255266798086 96.67804538105963 143.0 143.0 70.0
29.332429112701814 28.72920497892179 96.6949890907068 139.0 138.0 69.0
29.3323906320089 29.16471088251348 96.69664320961897 122.0 120.0 61.0
28.877100770331975 29.16309524429421 97.11142603336421 157.0 158.0 61.0
28.87706228963906 29.598601147885905 97.11308015227638 157.0 160.0 68.0
28.877023808946145 30.034107051477598 97.11473427118855 154.0 156.0 77.0
29.312177165230313 28.727550860009607 97.13002386192352 146.0 143.0 59.0
29.3121386845374 29.163056763601297 97.13167798083572 140.0 137.0 58.0
29.312100203844484 29.59856266719299 97.13333209974789 116.0 114.0 55.0
28.421810908655043 29.161479606074945 97.52620885710942 191.0 194.0 85.0
28.42177242796213 29.596985509666638 97.5278629760216 192.0 196.0 93.0
28.856848822860464 29.16144112538203 97.54646080458093 169.0 169.0 69.0
28.856810342167552 29.596947028973723 97.5481149234931 172.0 174.0 77.0
28.856771861474638 30.032452932565416 97.5497690424053 171.0 176.0 84.0
29.291925217758802 28.725896741097426 97.56505863314024 150.0 149.0 54.0
29.291886737065887 29.16140264468912 97.56671275205241 157.0 157.0 64.0
29.291848256372973 29.59690854828081 97.56836687096461 158.0 159.0 74.0
29.291809775680058 30.0324144518725 97.57002098987681 109.0 109.0 57.0
29.72700161265714 28.290352356812818 97.58365646169958 125.0 123.0 68.0
29.726963131964226 28.72585826040451 97.58531058061175 136.0 132.0 61.0
29.72692465127131 29.161364163996204 97.58696469952395 112.0 108.0 47.0
27.096406737874354 29.5954468328332 97.9021419048238 108.0 112.0 43.0
27.531444652079777 29.595408352140286 97.92239385229533 189.0 194.0 100.0
27.96652104697811 29.159863967855678 97.94099168085464 208.0 211.0 104.0
27.966482566285197 29.59536987144737 97.94264579976684 210.0 212.0 113.0
27.966444085592283 30.030875775039064 97.94429991867901 192.0 191.0 115.0
28.401558961183532 29.159825487162763 97.96124362832617 206.0 209.0 103.0
28.401520480490618 29.595331390754456 97.96289774723834 206.0 208.0 110.0
28.401481999797703 30.03083729434615 97.96455186615052 207.0 208.0 120.0
28.83663535608187 28.72428110287816 97.97984145688548 172.0 175.0 68.0
28.836596875388956 29.15978700646985 97.98149557579765 181.0 182.0 76.0
28.83655839469604 29.59529291006154 97.98314969470985 187.0 191.0 90.0
28.836519914003127 30.030798813653234 97.98480381362202 195.0 198.0 107.0
29.271673270287295 28.724242622185244 98.00009340435699 161.0 162.0 64.0
29.27163478959438 29.159748525776937 98.00174752326916 164.0 166.0 69.0
29.271596308901465 29.595254429368627 98.00340164218133 165.0 167.0 78.0
29.27155782820855 30.03076033296032 98.0050557610935 129.0 130.0 73.0
29.70671118449272 28.72420414149233 98.0203453518285 158.0 156.0 73.0
29.706672703799804 29.159710045084022 98.02199947074067 159.0 159.0 79.0
29.70663422310689 29.595215948675712 98.02365358965284 131.0 131.0 75.0
26.20611744268492 29.158363771715162 98.29501866218533 76.0 83.0 31.0
26.641155356890344 29.158325291022248 98.31527060965686 108.0 117.0 47.0
27.076231751788676 28.72278090673764 98.3338684382162 139.0 142.0 53.0
27.07619327109576 29.158286810329333 98.33552255712837 77.0 80.0 27.0
27.5112696659941 28.722742426044725 98.35412038568771 165.0 172.0 68.0
27.511231185301185 29.158248329636418 98.35577450459988 173.0 179.0 79.0
27.51119270460827 29.59375423322811 98.35742862351205 108.0 111.0 46.0
27.946307580199523 28.72270394535181 98.37437233315919 179.0 186.0 78.0
27.94626909950661 29.158209848943503 98.37602645207139 191.0 198.0 92.0
27.946230618813694 29.593715752535196 98.37768057098356 197.0 203.0 104.0
27.94619213812078 30.02922165612689 98.37933468989573 126.0 127.0 78.0
28.381345494404947 28.722665464658895 98.3946242806307 185.0 190.0 83.0
28.381307013712032 29.15817136825059 98.39627839954287 203.0 206.0 105.0
28.381268533019117 29.59367727184228 98.39793251845506 208.0 210.0 117.0
28.381230052326202 30.029183175433975 98.39958663736724 199.0 198.0 125.0
28.816383408610367 28.72262698396598 98.4148762281022 185.0 186.0 76.0
28.816344927917452 29.158132887557674 98.41653034701437 193.0 195.0 86.0
28.81630644722454 29.593638791149367 98.41818446592654 196.0 199.0 101.0
28.816267966531626 30.02914469474106 98.41983858483874 192.0 191.0 121.0
29.25142132281579 28.72258850327307 98.43512817557371 175.0 176.0 73.0
29.251382842122876 29.15809440686476 98.43678229448588 176.0 180.0 78.0
29.25134436142996 29.593600310456452 98.43843641339808 177.0 181.0 90.0
29.251305880737046 30.029106214048145 98.44009053231025 147.0 148.0 89.0
29.686459237021214 28.722550022580155 98.45538012304522 164.0 166.0 74.0
29.6864207563283 29.158055926171844 98.45703424195742 168.0 171.0 84.0
29.686382275635385 29.593561829763537 98.45868836086959 134.0 135.0 76.0
30.121535631919546 28.287005638295547 98.47397795160452 82.0 81.0 53.0
30.12149715122663 28.72251154188724 98.47563207051672 108.0 107.0 48.0
30.121458670533716 29.15801744547893 98.47728618942892 88.0 86.0 50.0
26.62094189011175 28.721165268518373 98.74865126196141 134.0 139.0 72.0
26.620903409418837 29.156671172110066 98.75030538087358 105.0 113.0 50.0
26.620864928725922 29.59217707570176 98.75195949978576 75.0 80.0 31.0
27.056018285010083 28.285620884233765 98.76724909052075 94.0 96.0 42.0
27.491056199215507 28.28558240354085 98.78750103799223 148.0 155.0 65.0
27.491017718522592 28.721088307132543 98.7891551569044 153.0 161.0 71.0
27.490979237829677 29.156594210724236 98.7908092758166 86.0 89.0 33.0
27.926094113420927 28.28554392284794 98.80775298546374 162.0 169.0 69.0
27.926055632728012 28.72104982643963 98.80940710437591 165.0 173.0 72.0
27.926017152035097 29.15655573003132 98.81106122328808 170.0 178.0 80.0
27.925978671342186 29.592061633623015 98.81271534220028 106.0 109.0 47.0
28.36113202762635 28.285505442155024 98.82800493293524 169.0 174.0 69.0
28.361093546933436 28.721011345746714 98.82965905184741 179.0 185.0 79.0
28.36105506624052 29.156517249338407 98.83131317075961 187.0 193.0 87.0
28.361016585547606 29.5920231529301 98.83296728967179 198.0 201.0 110.0
28.796169941831774 28.28546696146211 98.84825688040675 171.0 174.0 63.0
28.79613146113886 28.7209728650538 98.84991099931895 191.0 193.0 79.0
28.796092980445945 29.156478768645492 98.85156511823112 199.0 202.0 95.0
28.79605449975303 29.591984672237185 98.85321923714329 208.0 209.0 118.0
28.796016019060115 30.027490575828878 98.85487335605546 173.0 172.0 128.0
29.231207856037198 28.285428480769195 98.86850882787829 167.0 171.0 69.0
29.231169375344283 28.720934384360888 98.87016294679046 188.0 190.0 81.0
29.23113089465137 29.156440287952577 98.87181706570263 188.0 192.0 87.0
29.231092413958454 29.59194619154427 98.8734711846148 202.0 203.0 119.0
29.66624577024262 28.28539000007628 98.88876077534977 162.0 165.0 76.0
29.666207289549707 28.720895903667973 98.89041489426197 170.0 175.0 76.0
29.666168808856792 29.156401807259662 98.89206901317414 182.0 186.0 93.0
29.666130328163877 29.591907710851356 98.89372313208631 137.0 139.0 82.0
30.10128368444804 28.285351519383365 98.90901272282127 94.0 95.0 53.0
30.101245203755123 28.720857422975058 98.91066684173344 142.0 144.0 71.0
30.10120672306221 29.15636332656675 98.91232096064562 81.0 80.0 46.0
26.600689942640244 28.71951114960619 99.18368603317813 114.0 116.0 69.0
26.60065146194733 29.155017053197884 99.18534015209033 102.0 106.0 63.0
27.035689376152746 29.15497857250497 99.20559209956184 123.0 129.0 64.0
27.03565089545983 29.590484476096663 99.20724621847401 122.0 127.0 64.0
27.470842732436914 27.848422381036976 99.22088169029678 104.0 110.0 46.0
27.470804251744 28.28392828462867 99.22253580920898 96.0 101.0 42.0
27.470765771051084 28.71943418822036 99.22418992812115 84.0 87.0 36.0
27.90588064664234 27.84838390034406 99.24113363776829 149.0 157.0 67.0
27.905842165949426 28.283889803935757 99.24278775668049 150.0 158.0 66.0
27.90580368525651 28.719395707527447 99.24444187559266 154.0 161.0 70.0
27.905765204563597 29.15490161111914 99.24609599450483 87.0 90.0 37.0
28.34088008015485 28.283851323242843 99.26303970415199 161.0 168.0 69.0
28.340841599461935 28.719357226834532 99.26469382306416 165.0 173.0 72.0
28.34080311876902 29.154863130426225 99.26634794197633 178.0 185.0 86.0
28.77591799436027 28.283812842549928 99.2832916516235 173.0 180.0 75.0
28.775879513667356 28.71931874614162 99.28494577053567 175.0 182.0 73.0
28.77584103297444 29.15482464973331 99.28659988944784 187.0 193.0 89.0
28.77580255228153 29.590330553325003 99.28825400836001 132.0 134.0 77.0
29.210955908565694 28.283774361857013 99.30354359909498 168.0 173.0 75.0
29.21091742787278 28.719280265448706 99.30519771800718 182.0 187.0 82.0
29.210878947179864 29.154786169040396 99.30685183691935 191.0 197.0 96.0
29.21084046648695 29.59029207263209 99.30850595583155 186.0 186.0 116.0
29.645993822771118 28.283735881164098 99.32379554656649 167.0 171.0 85.0
29.645955342078203 28.71924178475579 99.32544966547866 184.0 187.0 92.0
29.645916861385288 29.15474768834748 99.32710378439086 197.0 199.0 112.0
29.645878380692373 29.590253591939174 99.32875790330306 115.0 116.0 73.0
30.081031736976534 28.283697400471183 99.344047494038 131.0 132.0 74.0
30.08099325628362 28.719203304062876 99.3457016129502 137.0 137.0 71.0
26.58043799516874 28.717857030694017 99.61872080439485 91.0 91.0 61.0
27.01551439006707 28.28231264640941 99.63731863295419 108.0 111.0 60.0
27.015475909374157 28.717818550001102 99.63897275186636 105.0 107.0 44.0
27.015437428681242 29.153324453592795 99.64062687077853 113.0 115.0 54.0
27.015398947988327 29.588830357184488 99.64228098969073 105.0 109.0 50.0
28.320666613376254 27.84669130073897 99.69642035645651 121.0 127.0 52.0
28.32062813268334 28.282197204330664 99.69807447536871 136.0 141.0 63.0
28.320589651990424 28.717703107922357 99.69972859428088 119.0 122.0 60.0
28.755704527581678 27.846652820046057 99.71667230392802 146.0 151.0 66.0
28.755666046888763 28.28215872363775 99.71832642284019 162.0 169.0 78.0
28.755627566195848 28.717664627229443 99.71998054175239 166.0 174.0 76.0
29.1907424417871 27.846614339353142 99.73692425139953 162.0 164.0 86.0
29.190703961094187 28.28212024294484 99.73857837031173 180.0 184.0 99.0
29.19066548040127 28.717626146536528 99.7402324892239 177.0 184.0 88.0
29.190626999708357 29.15313205012822 99.74188660813607 177.0 184.0 95.0
29.625780355992525 27.846575858660227 99.75717619887106 169.0 169.0 101.0
29.62574187529961 28.282081762251924 99.75883031778324 177.0 178.0 101.0
29.625703394606695 28.717587665843613 99.7604844366954 184.0 188.0 103.0
29.62566491391378 29.153093569435306 99.76213855560758 178.0 182.0 108.0
30.060779789505027 28.28204328155901 99.77908226525474 154.0 153.0 91.0
30.060741308812112 28.7175491851507 99.78073638416691 167.0 168.0 94.0
26.99522396190265 28.71616443108892 100.07400752308311 79.0 82.0 48.0
26.995185481209734 29.151670334680613 100.07566164199528 105.0 106.0 64.0
27.430300356800988 28.280620046804312 100.09260535164245 76.0 85.0 34.0
27.430261876108073 28.716125950396005 100.09425947055462 90.0 94.0 41.0
27.430223395415158 29.1516318539877 100.09591358946679 104.0 107.0 47.0
27.430184914722243 29.58713775757939 100.09756770837896 102.0 105.0 58.0
27.865299790313497 28.71608746970309 100.11451141802613 85.0 90.0 39.0
27.865261309620582 29.151593373294784 100.1161655369383 96.0 102.0 43.0
29.170452013622675 28.280466124032657 100.17361314152845 83.0 83.0 52.0
29.17041353292976 28.715972027624346 100.17526726044062 89.0 89.0 47.0
29.6054899278281 28.280427643339742 100.19386508899996 168.0 167.0 111.0
29.605451447135184 28.71593354693143 100.19551920791213 191.0 190.0 130.0
30.040527842033516 28.280389162646827 100.21411703647146 172.0 169.0 117.0
30.0404893613406 28.71589506623852 100.21577115538366 189.0 188.0 122.0
27.41000992863657 28.714471831483824 100.52929424177134 86.0 91.0 38.0
27.409971447943654 29.149977735075517 100.53094836068351 107.0 112.0 54.0
27.40993296725074 29.58548363866721 100.53260247959571 81.0 85.0 46.0
27.845086323534904 28.278927447199216 100.54789207033065 95.0 103.0 40.0
27.84504784284199 28.71443335079091 100.54954618924285 89.0 96.0 34.0
27.845009362149074 29.149939254382602 100.55120030815505 102.0 108.0 46.0
27.844970881456163 29.585445157974295 100.55285442706722 88.0 94.0 46.0
28.280162718433242 27.84338306291461 100.56648989888998 99.0 106.0 42.0
28.280124237740328 28.2788889665063 100.56814401780215 115.0 120.0 50.0
28.280085757047413 28.714394870097994 100.56979813671433 124.0 129.0 56.0
28.280047276354498 29.149900773689687 100.57145225562653 115.0 122.0 52.0
28.71516215194575 28.27885048581339 100.58839596527366 106.0 111.0 46.0
28.715123671252837 28.71435638940508 100.59005008418586 134.0 139.0 60.0
28.715085190559922 29.149862292996772 100.59170420309803 77.0 83.0 27.0
27.389757981165058 28.71281771257165 100.96432901298809 80.0 87.0 35.0
27.389719500472143 29.148323616163342 100.96598313190026 99.0 105.0 50.0
27.82487285675631 27.84176742469534 100.9812727226352 91.0 99.0 38.0
27.824834376063396 28.27727332828704 100.9829268415474 104.0 110.0 45.0
27.82479589537048 28.712779231878734 100.98458096045957 98.0 104.0 41.0
27.824757414677567 29.148285135470427 100.98623507937174 96.0 102.0 40.0
27.824718933984652 29.58379103906212 100.98788919828394 79.0 86.0 40.0
28.259910770961735 27.841728944002433 101.00152467010673 114.0 121.0 47.0
28.25987229026882 28.277234847594126 101.0031787890189 114.0 120.0 44.0
28.259833809575905 28.71274075118582 101.00483290793107 117.0 123.0 46.0
28.25979532888299 29.148246654777513 101.00648702684325 114.0 122.0 49.0
28.69494868516716 27.84169046330952 101.02177661757824 114.0 120.0 50.0
28.694910204474244 28.27719636690121 101.02343073649041 123.0 129.0 48.0
28.69487172378133 28.712702270492905 101.02508485540258 133.0 139.0 49.0
28.694833243088414 29.148208174084598 101.02673897431475 148.0 156.0 66.0
28.6947947623955 29.58371407767629 101.02839309322692 135.0 139.0 67.0
29.129948118679664 28.277157886208297 101.04368268396192 94.0 97.0 43.0
29.12990963798675 28.71266378979999 101.04533680287409 144.0 152.0 64.0
29.129871157293838 29.148169693391683 101.04699092178626 173.0 181.0 94.0
29.129832676600923 29.583675596983376 101.04864504069846 106.0 107.0 61.0
27.369506033693554 28.711163593659467 101.39936378420478 75.0 82.0 34.0
27.804620909284804 27.840113305783163 101.41630749385195 127.0 132.0 65.0
27.80458242859189 28.27561920937486 101.41796161276412 118.0 124.0 57.0
27.804543947898978 28.711125112966553 101.41961573167629 94.0 101.0 39.0
27.804505467206063 29.146631016558246 101.42126985058849 96.0 103.0 42.0
27.804466986513148 29.58213692014994 101.42292396950066 79.0 87.0 34.0
28.23965882349023 27.84007482509025 101.43655944132345 136.0 143.0 64.0
28.239620342797316 28.275580728681945 101.43821356023562 133.0 139.0 58.0
28.2395818621044 28.711086632273638 101.4398676791478 112.0 120.0 42.0
28.239543381411487 29.14659253586533 101.44152179806 84.0 94.0 27.0
28.674696737695655 27.84003634439734 101.45681138879496 131.0 138.0 55.0
28.67465825700274 28.27554224798903 101.45846550770713 135.0 141.0 52.0
28.674619776309825 28.711048151580723 101.46011962661933 133.0 139.0 46.0
28.67458129561691 29.146554055172416 101.4617737455315 127.0 135.0 46.0
29.10973465190108 27.839997863704426 101.47706333626644 135.0 142.0 65.0
29.109696171208164 28.275503767296115 101.47871745517864 140.0 147.0 59.0
29.10965769051525 28.711009670887808 101.48037157409084 149.0 157.0 60.0
29.109619209822334 29.1465155744795 101.48202569300301 163.0 172.0 78.0
29.544772566106502 27.83995938301151 101.49731528373798 85.0 88.0 54.0
29.544734085413587 28.275465286603204 101.49896940265015 141.0 149.0 68.0
29.544695604720673 28.710971190194893 101.50062352156232 148.0 157.0 62.0
29.97973351892609 28.71093270950198 101.52087546903383 102.0 107.0 43.0
27.349254086222047 28.709509474747286 101.83439855542153 80.0 86.0 41.0
27.7843689618133 27.83845918687098 101.85134226506867 133.0 138.0 75.0
27.784330481120385 28.273965090462678 101.85299638398087 122.0 129.0 60.0
27.78429200042747 28.70947099405437 101.85465050289304 112.0 118.0 51.0
27.784253519734555 29.144976897646064 101.85630462180521 94.0 102.0 45.0
28.21936839532581 28.273926609769763 101.87324833145237 141.0 149.0 66.0
28.219329914632894 28.709432513361456 101.87490245036454 133.0 139.0 56.0
28.21929143393998 29.14493841695315 101.87655656927672 115.0 123.0 49.0
28.654406309531232 28.27388812907685 101.89350027892385 147.0 154.0 62.0
28.654367828838318 28.70939403266854 101.89515439783605 142.0 149.0 54.0
28.654329348145403 29.144899936260234 101.89680851674822 142.0 150.0 59.0
28.654290867452488 29.580405839851927 101.8984626356604 92.0 98.0 44.0
27.764078533648878 28.272310971550496 102.28803115519759 110.0 115.0 57.0
27.764040052955966 28.70781687514219 102.28968527410976 112.0 117.0 53.0
27.76400157226305 29.143322778733882 102.29133939302196 107.0 113.0 54.0
28.199116447854298 28.27227249085758 102.3082831026691 137.0 141.0 61.0
28.199077967161383 28.707778394449274 102.30993722158127 133.0 137.0 54.0
28.19903948646847 29.143284298040967 102.31159134049346 126.0 131.0 54.0
28.634077400673892 29.143245817348053 102.33184328796497 137.0 145.0 59.0
27.74378810548446 28.706162756230015 102.7247200453265 106.0 112.0 50.0
27.743749624791544 29.141668659821708 102.72637416423868 98.0 104.0 49.0
28.178826019689883 28.7061242755371 102.74497199279799 136.0 142.0 59.0
28.178787538996968 29.141630179128793 102.74662611171019 122.0 129.0 57.0
27.72353615801295 28.704508637317833 103.15975481654323 84.0 92.0 37.0
28.15857407221837 28.704470156624918 103.1800067640147 125.0 132.0 51.0
28.15853559152546 29.13997606021661 103.1816608829269 127.0 135.0 58.0
28.13832212474687 28.702816037712736 103.61504153523146 111.0 120.0 46.0
28.138283644053956 29.13832194130443 103.61669565414363 116.0 123.0 53.0
28.11807017727536 28.701161918800562 104.05007630644818 120.0 127.0 52.0
28.11803169658245 29.136667822392255 104.05173042536038 114.0 119.0 55.0
28.097818229803853 28.69950779988838 104.48511107766493 93.0 99.0 41.0
28.53281766331636 29.13497522278716 104.5070171440486 101.0 107.0 45.0
28.512565715844858 29.133321103874977 104.94205191526532 106.0 112.0 50.0
28.512527235151943 29.56882700746667 104.94370603417752 95.0 100.0 52.0
28.49231376837335 29.131666984962795 105.37708668648204 99.0 105.0 50.0
