3.315 -3.596 46.584 84.000 87.000 53.000
3.750 -4.032 46.603 79.000 84.000 48.000
3.750 -3.596 46.604 87.000 92.000 52.000
3.730 -3.598 47.040 76.000 80.000 44.000
4.165 -3.598 47.060 85.000 88.000 46.000
4.165 -3.162 47.061 78.000 83.000 44.000
4.144 -4.035 47.493 75.000 81.000 35.000
4.144 -3.600 47.495 77.000 83.000 32.000
3.689 -4.037 47.908 75.000 82.000 37.000
4.124 -4.037 47.928 83.000 91.000 35.000
4.124 -3.601 47.930 75.000 84.000 28.000
3.669 -4.474 48.341 79.000 85.000 39.000
3.669 -4.038 48.343 82.000 89.000 37.000
3.669 -3.603 48.345 72.000 81.000 29.000
4.104 -4.474 48.362 89.000 98.000 39.000
4.104 -4.038 48.363 86.000 96.000 32.000
4.104 -3.603 48.365 78.000 88.000 24.000
3.214 -4.476 48.756 93.000 97.000 42.000
3.214 -4.040 48.758 81.000 88.000 35.000
3.649 -4.911 48.775 80.000 85.000 35.000
3.649 -4.476 48.776 95.000 102.000 40.000
3.649 -4.040 48.778 87.000 96.000 35.000
3.649 -3.605 48.780 76.000 85.000 29.000
4.084 -4.911 48.795 100.000 105.000 42.000
4.084 -4.476 48.797 99.000 109.000 37.000
4.084 -4.040 48.798 86.000 97.000 27.000
4.084 -3.605 48.800 73.000 80.000 18.000
4.519 -4.040 48.818 85.000 94.000 30.000
4.519 -3.605 48.820 81.000 94.000 23.000
2.323 -4.042 49.152 87.000 91.000 42.000
2.323 -3.606 49.154 80.000 86.000 37.000
2.323 -3.171 49.156 75.000 83.000 33.000
2.758 -4.913 49.169 99.000 101.000 49.000
2.758 -4.477 49.171 104.000 109.000 49.000
2.758 -4.042 49.173 89.000 95.000 40.000
2.758 -3.606 49.174 74.000 82.000 32.000
3.193 -4.913 49.189 111.000 115.000 48.000
3.193 -4.477 49.191 117.000 122.000 49.000
3.193 -4.042 49.193 88.000 95.000 34.000
3.628 -5.348 49.208 85.000 87.000 42.000
3.628 -4.913 49.210 112.000 117.000 44.000
3.628 -4.477 49.211 116.000 123.000 45.000
3.628 -4.042 49.213 93.000 101.000 35.000
4.063 -5.348 49.228 104.000 107.000 51.000
4.063 -4.913 49.230 124.000 128.000 51.000
4.063 -4.477 49.232 122.000 129.000 47.000
4.063 -4.042 49.233 105.000 113.000 37.000
4.063 -3.606 49.235 76.000 83.000 22.000
4.498 -4.913 49.250 80.000 84.000 34.000
4.498 -4.477 49.252 102.000 108.000 39.000
4.498 -4.042 49.254 107.000 116.000 38.000
4.498 -3.606 49.255 89.000 100.000 28.000
4.933 -4.042 49.274 107.000 112.000 46.000
4.933 -3.606 49.275 84.000 92.000 32.000
2.303 -4.914 49.584 85.000 86.000 47.000
2.303 -4.479 49.586 103.000 106.000 51.000
2.303 -4.043 49.587 87.000 92.000 40.000
2.303 -3.608 49.589 77.000 85.000 36.000
2.738 -5.350 49.603 91.000 93.000 51.000
2.738 -4.914 49.604 113.000 116.000 53.000
2.738 -4.479 49.606 115.000 119.000 51.000
2.738 -4.043 49.608 92.000 99.000 41.000
3.173 -5.350 49.623 105.000 108.000 51.000
3.173 -4.914 49.624 118.000 122.000 49.000
3.173 -4.479 49.626 115.000 120.000 47.000
3.173 -4.043 49.628 93.000 101.000 38.000
3.608 -5.350 49.643 110.000 113.000 50.000
3.608 -4.914 49.645 118.000 123.000 47.000
3.608 -4.479 49.646 120.000 126.000 47.000
3.608 -4.043 49.648 93.000 103.000 34.000
4.043 -5.350 49.663 116.000 119.000 52.000
4.043 -4.914 49.665 128.000 132.000 47.000
4.043 -4.479 49.667 130.000 137.000 49.000
4.043 -4.043 49.668 112.000 121.000 41.000
4.043 -3.608 49.670 75.000 85.000 25.000
4.478 -4.914 49.685 118.000 122.000 48.000
4.478 -4.479 49.687 124.000 129.000 47.000
4.478 -4.043 49.689 112.000 120.000 40.000
4.478 -3.608 49.690 101.000 112.000 33.000
4.913 -4.479 49.707 92.000 97.000 34.000
4.913 -4.043 49.709 109.000 116.000 40.000
4.913 -3.608 49.710 98.000 108.000 35.000
5.348 -4.043 49.729 89.000 92.000 39.000
5.348 -3.608 49.731 79.000 84.000 32.000
2.283 -4.916 50.019 110.000 111.000 60.000
2.283 -4.480 50.021 105.000 109.000 51.000
2.283 -4.045 50.022 84.000 90.000 38.000
2.718 -5.351 50.038 116.000 117.000 63.000
2.718 -4.916 50.039 119.000 121.000 53.000
2.718 -4.480 50.041 112.000 117.000 48.000
2.718 -4.045 50.043 85.000 93.000 36.000
3.153 -5.787 50.056 95.000 96.000 54.000
3.153 -5.351 50.058 122.000 124.000 56.000
3.153 -4.916 50.060 128.000 131.000 51.000
3.153 -4.480 50.061 116.000 123.000 47.000
3.153 -4.045 50.063 86.000 95.000 35.000
3.588 -5.787 50.076 105.000 106.000 54.000
3.588 -5.352 50.078 118.000 121.000 50.000
3.588 -4.916 50.080 129.000 133.000 49.000
3.588 -4.481 50.081 120.000 127.000 46.000
3.588 -4.045 50.083 96.000 106.000 36.000
4.023 -5.787 50.097 96.000 98.000 48.000
4.023 -5.352 50.098 117.000 120.000 46.000
4.023 -4.916 50.100 123.000 125.000 39.000
4.023 -4.481 50.102 127.000 132.000 44.000
4.023 -4.045 50.103 111.000 121.000 39.000
4.458 -5.352 50.119 84.000 87.000 34.000
4.458 -4.916 50.120 119.000 121.000 42.000
4.458 -4.481 50.122 119.000 124.000 41.000
4.458 -4.045 50.124 113.000 123.000 40.000
4.458 -3.610 50.125 84.000 92.000 28.000
4.893 -4.916 50.141 86.000 89.000 32.000
4.893 -4.481 50.142 110.000 115.000 39.000
4.893 -4.045 50.144 106.000 115.000 34.000
4.893 -3.610 50.146 102.000 112.000 34.000
5.328 -4.481 50.162 79.000 84.000 32.000
5.328 -4.045 50.164 99.000 105.000 38.000
5.328 -3.610 50.166 87.000 95.000 30.000
2.263 -5.353 50.452 99.000 100.000 63.000
2.263 -4.918 50.454 97.000 99.000 52.000
2.262 -4.482 50.456 89.000 94.000 42.000
2.262 -4.047 50.457 80.000 88.000 33.000
2.262 -3.611 50.459 70.000 81.000 27.000
2.698 -5.789 50.471 82.000 82.000 51.000
2.698 -5.353 50.473 116.000 117.000 61.000
2.698 -4.918 50.474 117.000 120.000 52.000
2.698 -4.482 50.476 93.000 99.000 37.000
2.697 -4.047 50.478 74.000 85.000 27.000
3.133 -5.789 50.491 113.000 114.000 62.000
3.133 -5.353 50.493 128.000 129.000 57.000
3.133 -4.918 50.495 130.000 133.000 49.000
3.133 -4.482 50.496 111.000 118.000 41.000
3.133 -4.047 50.498 77.000 88.000 28.000
3.568 -5.789 50.512 116.000 118.000 58.000
3.568 -5.353 50.513 123.000 125.000 50.000
3.568 -4.918 50.515 134.000 137.000 46.000
3.568 -4.482 50.516 116.000 123.000 39.000
3.568 -4.047 50.518 77.000 89.000 26.000
4.003 -5.789 50.532 109.000 111.000 49.000
4.003 -5.353 50.533 118.000 120.000 44.000
4.003 -4.918 50.535 131.000 132.000 41.000
4.003 -4.482 50.537 128.000 134.000 44.000
4.003 -4.047 50.538 79.000 89.000 25.000
4.438 -5.353 50.554 97.000 100.000 33.000
4.438 -4.918 50.555 114.000 114.000 34.000
4.438 -4.482 50.557 115.000 121.000 36.000
4.438 -4.047 50.559 107.000 119.000 33.000
4.438 -3.611 50.560 81.000 92.000 24.000
4.873 -4.918 50.576 99.000 102.000 31.000
4.873 -4.482 50.577 104.000 110.000 31.000
4.873 -4.047 50.579 113.000 123.000 36.000
4.873 -3.611 50.581 89.000 99.000 26.000
5.308 -4.482 50.597 102.000 108.000 38.000
5.308 -4.047 50.599 108.000 116.000 37.000
5.308 -3.611 50.601 78.000 87.000 24.000
5.743 -4.047 50.619 76.000 83.000 30.000
1.807 -4.919 50.869 87.000 90.000 42.000
1.807 -4.484 50.871 97.000 102.000 46.000
1.807 -4.048 50.872 90.000 97.000 41.000
2.242 -5.355 50.887 102.000 104.000 56.000
2.242 -4.919 50.889 94.000 97.000 43.000
2.242 -4.484 50.891 97.000 101.000 40.000
2.242 -4.048 50.892 94.000 99.000 38.000
2.242 -3.613 50.894 89.000 98.000 36.000
2.677 -5.790 50.906 109.000 111.000 63.000
2.677 -5.355 50.908 111.000 114.000 54.000
2.677 -4.919 50.909 110.000 115.000 45.000
2.677 -4.484 50.911 95.000 101.000 36.000
2.677 -4.048 50.913 85.000 93.000 32.000
2.677 -3.613 50.914 78.000 87.000 32.000
3.112 -6.226 50.925 84.000 84.000 51.000
3.112 -5.790 50.926 125.000 126.000 64.000
3.112 -5.355 50.928 126.000 129.000 56.000
3.112 -4.919 50.930 119.000 124.000 42.000
3.112 -4.484 50.931 109.000 117.000 41.000
3.112 -4.048 50.933 83.000 92.000 32.000
3.548 -6.226 50.945 107.000 107.000 63.000
3.547 -5.790 50.947 117.000 118.000 57.000
3.547 -5.355 50.948 128.000 130.000 52.000
3.547 -4.919 50.950 122.000 125.000 38.000
3.547 -4.484 50.952 102.000 110.000 32.000
3.983 -6.226 50.965 85.000 85.000 47.000
3.983 -5.790 50.967 124.000 125.000 56.000
3.982 -5.355 50.968 129.000 130.000 49.000
3.982 -4.919 50.970 124.000 126.000 39.000
3.982 -4.484 50.972 110.000 116.000 34.000
3.982 -4.048 50.973 78.000 89.000 22.000
4.418 -5.790 50.987 84.000 87.000 38.000
4.418 -5.355 50.989 113.000 116.000 42.000
4.417 -4.919 50.990 122.000 125.000 38.000
4.417 -4.484 50.992 119.000 125.000 36.000
4.417 -4.048 50.994 106.000 116.000 32.000
4.417 -3.613 50.995 100.000 112.000 30.000
4.853 -5.355 51.009 94.000 97.000 34.000
4.853 -4.919 51.011 115.000 119.000 37.000
4.852 -4.484 51.012 117.000 123.000 38.000
4.852 -4.048 51.014 112.000 121.000 37.000
4.852 -3.613 51.016 114.000 125.000 38.000
5.288 -4.919 51.031 98.000 102.000 36.000
5.288 -4.484 51.033 112.000 118.000 42.000
5.287 -4.048 51.034 101.000 110.000 35.000
5.287 -3.613 51.036 86.000 95.000 28.000
5.723 -4.484 51.053 96.000 102.000 41.000
5.723 -4.048 51.054 89.000 98.000 33.000
1.787 -4.921 51.304 78.000 83.000 34.000
1.787 -4.485 51.306 99.000 105.000 44.000
2.222 -5.356 51.322 92.000 95.000 44.000
2.222 -4.921 51.324 89.000 95.000 36.000
2.222 -4.485 51.326 93.000 99.000 38.000
2.222 -4.050 51.327 95.000 101.000 41.000
2.657 -5.792 51.341 112.000 113.000 57.000
2.657 -5.356 51.343 109.000 113.000 46.000
2.657 -4.921 51.344 107.000 112.000 37.000
2.657 -4.485 51.346 98.000 104.000 37.000
2.657 -4.050 51.348 98.000 104.000 40.000
2.657 -3.614 51.349 91.000 98.000 39.000
3.092 -6.227 51.360 121.000 119.000 72.000
3.092 -5.792 51.361 127.000 128.000 64.000
3.092 -5.356 51.363 122.000 125.000 51.000
3.092 -4.921 51.365 119.000 124.000 42.000
3.092 -4.485 51.366 115.000 121.000 44.000
3.092 -4.050 51.368 93.000 102.000 38.000
3.092 -3.614 51.370 87.000 95.000 38.000
3.527 -6.227 51.380 123.000 121.000 68.000
3.527 -5.792 51.382 126.000 127.000 61.000
3.527 -5.356 51.383 129.000 132.000 54.000
3.527 -4.921 51.385 132.000 136.000 48.000
3.527 -4.485 51.387 125.000 131.000 48.000
3.527 -4.050 51.388 92.000 101.000 36.000
3.962 -6.228 51.400 100.000 99.000 53.000
3.962 -5.792 51.402 113.000 114.000 48.000
3.962 -5.357 51.403 117.000 120.000 42.000
3.962 -4.921 51.405 135.000 139.000 48.000
3.962 -4.486 51.407 118.000 124.000 40.000
3.962 -4.050 51.408 80.000 90.000 23.000
4.397 -5.792 51.422 106.000 109.000 44.000
4.397 -5.357 51.424 121.000 124.000 44.000
4.397 -4.921 51.425 136.000 140.000 47.000
4.397 -4.486 51.427 138.000 144.000 52.000
4.397 -4.050 51.429 80.000 88.000 24.000
4.832 -5.357 51.444 113.000 116.000 42.000
4.832 -4.921 51.446 124.000 128.000 41.000
4.832 -4.486 51.447 124.000 131.000 46.000
4.832 -4.050 51.449 106.000 115.000 37.000
5.267 -4.921 51.466 115.000 120.000 43.000
5.267 -4.486 51.468 113.000 120.000 40.000
5.267 -4.050 51.469 102.000 111.000 34.000
5.702 -4.921 51.486 82.000 88.000 39.000
5.702 -4.486 51.488 103.000 112.000 41.000
5.702 -4.050 51.489 88.000 98.000 30.000
1.767 -4.922 51.739 89.000 96.000 35.000
2.202 -5.358 51.758 93.000 98.000 38.000
2.202 -4.923 51.759 101.000 106.000 37.000
2.202 -4.487 51.761 106.000 112.000 43.000
2.637 -6.229 51.774 111.000 111.000 62.000
2.637 -5.794 51.776 111.000 113.000 50.000
2.637 -5.358 51.778 107.000 111.000 40.000
2.637 -4.923 51.779 107.000 114.000 37.000
2.637 -4.487 51.781 111.000 117.000 43.000
2.637 -4.052 51.783 117.000 124.000 50.000
3.072 -6.229 51.795 136.000 134.000 74.000
3.072 -5.794 51.796 127.000 128.000 58.000
3.072 -5.358 51.798 122.000 126.000 47.000
3.072 -4.923 51.800 119.000 125.000 43.000
3.072 -4.487 51.801 123.000 129.000 50.000
3.072 -4.052 51.803 122.000 129.000 54.000
3.507 -6.229 51.815 135.000 134.000 73.000
3.507 -5.794 51.817 132.000 133.000 60.000
3.507 -5.358 51.818 133.000 137.000 53.000
3.507 -4.923 51.820 137.000 143.000 51.000
3.507 -4.487 51.822 134.000 141.000 55.000
3.507 -4.052 51.823 107.000 115.000 42.000
3.942 -6.229 51.835 111.000 111.000 53.000
3.942 -5.794 51.837 120.000 121.000 48.000
3.942 -5.358 51.839 132.000 134.000 47.000
3.942 -4.923 51.840 144.000 148.000 51.000
3.942 -4.487 51.842 119.000 127.000 40.000
4.377 -6.229 51.855 86.000 88.000 42.000
4.377 -5.794 51.857 113.000 117.000 44.000
4.377 -5.358 51.859 128.000 131.000 45.000
4.377 -4.923 51.860 145.000 149.000 50.000
4.377 -4.487 51.862 136.000 143.000 49.000
4.812 -5.794 51.877 99.000 104.000 44.000
4.812 -5.358 51.879 121.000 125.000 46.000
4.812 -4.923 51.881 129.000 133.000 44.000
4.812 -4.487 51.882 128.000 136.000 47.000
4.812 -4.052 51.884 92.000 102.000 29.000
5.247 -5.358 51.899 86.000 90.000 35.000
5.247 -4.923 51.901 122.000 127.000 45.000
5.247 -4.487 51.903 114.000 122.000 41.000
5.247 -4.052 51.904 97.000 108.000 32.000
5.682 -4.923 51.921 99.000 106.000 44.000
5.682 -4.487 51.923 96.000 106.000 37.000
5.682 -4.052 51.924 89.000 100.000 30.000
1.747 -5.360 52.172 99.000 102.000 45.000
1.746 -4.924 52.174 95.000 101.000 36.000
2.182 -5.795 52.191 87.000 90.000 41.000
2.182 -5.360 52.193 102.000 107.000 39.000
2.182 -4.924 52.194 110.000 114.000 40.000
2.617 -6.231 52.209 99.000 101.000 48.000
2.617 -5.795 52.211 111.000 114.000 46.000
2.617 -5.360 52.213 109.000 113.000 40.000
2.617 -4.924 52.214 114.000 120.000 40.000
2.617 -4.489 52.216 128.000 134.000 53.000
3.052 -6.231 52.230 126.000 126.000 63.000
3.052 -5.795 52.231 120.000 121.000 50.000
3.052 -5.360 52.233 120.000 123.000 43.000
3.052 -4.924 52.235 131.000 137.000 48.000
3.052 -4.489 52.236 139.000 146.000 58.000
3.052 -4.053 52.238 127.000 133.000 57.000
3.487 -6.231 52.250 131.000 131.000 69.000
3.487 -5.795 52.252 134.000 135.000 59.000
3.487 -5.360 52.253 133.000 136.000 50.000
3.487 -4.924 52.255 145.000 151.000 53.000
3.487 -4.489 52.257 139.000 146.000 53.000
3.487 -4.053 52.258 99.000 107.000 36.000
3.922 -6.231 52.270 118.000 118.000 54.000
3.922 -5.795 52.272 131.000 132.000 54.000
3.922 -5.360 52.274 143.000 146.000 55.000
3.922 -4.924 52.275 148.000 152.000 51.000
3.922 -4.489 52.277 120.000 129.000 38.000
4.357 -6.231 52.291 96.000 98.000 46.000
4.357 -5.795 52.292 117.000 120.000 46.000
4.357 -5.360 52.294 134.000 137.000 48.000
4.357 -4.924 52.295 146.000 150.000 49.000
4.357 -4.489 52.297 111.000 120.000 33.000
4.792 -5.795 52.312 112.000 116.000 49.000
4.792 -5.360 52.314 126.000 130.000 47.000
4.792 -4.924 52.316 132.000 136.000 45.000
4.792 -4.489 52.317 117.000 125.000 39.000
4.792 -4.053 52.319 84.000 97.000 27.000
5.227 -5.360 52.334 109.000 113.000 45.000
5.227 -4.924 52.336 121.000 127.000 45.000
5.227 -4.489 52.338 114.000 123.000 41.000
5.227 -4.053 52.339 96.000 107.000 33.000
5.662 -4.924 52.356 112.000 118.000 47.000
5.662 -4.489 52.358 105.000 113.000 40.000
5.662 -4.053 52.360 89.000 100.000 31.000
6.097 -4.925 52.376 79.000 82.000 40.000
6.097 -4.489 52.378 95.000 101.000 44.000
1.726 -5.797 52.606 81.000 84.000 37.000
1.726 -5.361 52.607 104.000 107.000 47.000
2.161 -5.797 52.626 93.000 97.000 39.000
2.161 -5.361 52.628 110.000 115.000 43.000
2.161 -4.926 52.629 113.000 118.000 41.000
2.596 -6.232 52.645 82.000 84.000 38.000
2.596 -5.797 52.646 105.000 109.000 44.000
2.596 -5.361 52.648 114.000 118.000 43.000
2.596 -4.926 52.649 127.000 131.000 47.000
3.031 -6.232 52.665 120.000 122.000 58.000
3.031 -5.797 52.666 121.000 123.000 49.000
3.031 -5.361 52.668 120.000 124.000 41.000
3.031 -4.926 52.670 139.000 143.000 48.000
3.031 -4.490 52.671 138.000 144.000 53.000
3.466 -6.232 52.685 127.000 128.000 62.000
3.466 -5.797 52.687 126.000 127.000 50.000
3.466 -5.361 52.688 127.000 130.000 42.000
3.466 -4.926 52.690 141.000 146.000 43.000
3.466 -4.490 52.692 126.000 132.000 40.000
3.902 -6.232 52.705 122.000 121.000 54.000
3.901 -5.797 52.707 132.000 133.000 54.000
3.901 -5.361 52.709 146.000 148.000 56.000
3.901 -4.926 52.710 143.000 148.000 43.000
3.901 -4.490 52.712 116.000 124.000 34.000
3.901 -4.055 52.714 73.000 85.000 21.000
4.337 -6.233 52.726 106.000 109.000 50.000
4.337 -5.797 52.727 124.000 126.000 49.000
4.336 -5.362 52.729 137.000 140.000 48.000
4.336 -4.926 52.730 144.000 148.000 43.000
4.336 -4.491 52.732 117.000 125.000 37.000
4.772 -6.233 52.746 93.000 96.000 48.000
4.772 -5.797 52.747 113.000 116.000 48.000
4.772 -5.362 52.749 128.000 131.000 46.000
4.771 -4.926 52.751 129.000 133.000 40.000
4.771 -4.491 52.752 111.000 120.000 35.000
4.771 -4.055 52.754 68.000 83.000 18.000
5.207 -5.797 52.768 85.000 88.000 42.000
5.207 -5.362 52.769 114.000 118.000 47.000
5.207 -4.926 52.771 119.000 124.000 42.000
5.206 -4.491 52.773 112.000 121.000 39.000
5.206 -4.055 52.774 80.000 94.000 25.000
5.642 -5.362 52.790 94.000 98.000 45.000
5.642 -4.926 52.791 113.000 118.000 45.000
5.642 -4.491 52.793 105.000 113.000 39.000
5.641 -4.055 52.795 91.000 102.000 33.000
6.077 -4.926 52.812 85.000 89.000 41.000
6.077 -4.491 52.813 98.000 105.000 43.000
2.141 -5.798 53.061 89.000 94.000 38.000
2.141 -5.363 53.063 111.000 116.000 45.000
2.576 -6.234 53.080 99.000 102.000 45.000
2.576 -5.799 53.081 115.000 119.000 47.000
2.576 -5.363 53.083 125.000 129.000 47.000
2.576 -4.928 53.085 135.000 139.000 50.000
3.011 -6.234 53.100 112.000 114.000 47.000
3.011 -5.799 53.101 122.000 125.000 45.000
3.011 -5.363 53.103 131.000 135.000 43.000
3.011 -4.928 53.105 137.000 142.000 41.000
3.446 -6.670 53.118 111.000 109.000 58.000
3.446 -6.234 53.120 112.000 113.000 46.000
3.446 -5.799 53.122 112.000 115.000 37.000
3.446 -5.363 53.123 125.000 128.000 34.000
3.446 -4.928 53.125 130.000 135.000 31.000
3.446 -4.492 53.127 124.000 132.000 35.000
3.881 -6.234 53.140 109.000 110.000 50.000
3.881 -5.799 53.142 122.000 125.000 46.000
3.881 -5.363 53.144 127.000 130.000 39.000
3.881 -4.928 53.145 134.000 138.000 34.000
3.881 -4.492 53.147 114.000 122.000 30.000
4.316 -6.234 53.161 111.000 113.000 55.000
4.316 -5.799 53.162 127.000 130.000 52.000
4.316 -5.363 53.164 133.000 136.000 45.000
4.316 -4.928 53.166 129.000 132.000 37.000
4.316 -4.492 53.167 108.000 116.000 32.000
4.316 -4.057 53.169 73.000 87.000 21.000
4.751 -6.234 53.181 107.000 109.000 56.000
4.751 -5.799 53.182 121.000 123.000 51.000
4.751 -5.363 53.184 124.000 127.000 43.000
4.751 -4.928 53.186 123.000 127.000 40.000
4.751 -4.492 53.187 106.000 114.000 33.000
4.751 -4.057 53.189 79.000 93.000 24.000
5.186 -5.799 53.203 102.000 104.000 48.000
5.186 -5.363 53.204 120.000 124.000 48.000
5.186 -4.928 53.206 122.000 126.000 45.000
5.186 -4.492 53.208 101.000 109.000 33.000
5.186 -4.057 53.209 79.000 92.000 25.000
5.621 -5.363 53.225 101.000 106.000 45.000
5.621 -4.928 53.226 120.000 124.000 50.000
5.621 -4.492 53.228 114.000 121.000 45.000
5.621 -4.057 53.230 79.000 91.000 27.000
6.056 -5.363 53.245 91.000 95.000 48.000
6.056 -4.928 53.247 100.000 105.000 47.000
6.056 -4.492 53.248 90.000 98.000 39.000
2.121 -5.800 53.496 100.000 104.000 46.000
2.556 -6.236 53.515 96.000 99.000 43.000
2.556 -5.800 53.516 108.000 114.000 45.000
2.556 -5.365 53.518 123.000 129.000 48.000
2.991 -6.236 53.535 115.000 119.000 48.000
2.991 -5.800 53.537 119.000 125.000 44.000
2.991 -5.365 53.538 133.000 141.000 46.000
2.991 -4.929 53.540 145.000 152.000 45.000
3.426 -6.671 53.553 85.000 85.000 45.000
3.426 -6.236 53.555 110.000 113.000 45.000
3.426 -5.800 53.557 118.000 123.000 41.000
3.426 -5.365 53.558 131.000 137.000 39.000
3.426 -4.929 53.560 136.000 142.000 35.000
3.861 -6.236 53.575 102.000 104.000 42.000
3.861 -5.800 53.577 115.000 120.000 42.000
3.861 -5.365 53.579 137.000 141.000 46.000
3.861 -4.929 53.580 148.000 154.000 48.000
3.861 -4.494 53.582 124.000 132.000 36.000
4.296 -6.236 53.596 101.000 102.000 50.000
4.296 -5.800 53.597 113.000 117.000 48.000
4.296 -5.365 53.599 131.000 135.000 50.000
4.296 -4.929 53.601 132.000 138.000 45.000
4.296 -4.494 53.602 104.000 114.000 32.000
4.296 -4.058 53.604 78.000 91.000 22.000
4.731 -6.236 53.616 80.000 80.000 42.000
4.731 -5.800 53.618 110.000 113.000 51.000
4.731 -5.365 53.619 121.000 126.000 49.000
4.731 -4.929 53.621 114.000 120.000 39.000
4.731 -4.494 53.622 97.000 107.000 33.000
4.731 -4.058 53.624 70.000 85.000 20.000
5.166 -5.800 53.638 110.000 112.000 54.000
5.166 -5.365 53.639 119.000 123.000 50.000
5.166 -4.929 53.641 109.000 115.000 40.000
5.166 -4.494 53.643 94.000 103.000 34.000
5.166 -4.058 53.644 68.000 81.000 21.000
5.601 -5.800 53.658 100.000 101.000 52.000
5.601 -5.365 53.660 113.000 117.000 50.000
5.601 -4.929 53.661 107.000 112.000 43.000
5.601 -4.494 53.663 95.000 103.000 37.000
6.036 -5.365 53.680 81.000 84.000 42.000
6.036 -4.929 53.682 101.000 106.000 48.000
6.036 -4.494 53.683 79.000 87.000 35.000
2.101 -6.237 53.929 98.000 100.000 47.000
2.536 -6.237 53.950 112.000 115.000 51.000
2.536 -5.802 53.951 122.000 129.000 51.000
2.971 -6.237 53.970 108.000 113.000 43.000
2.971 -5.802 53.972 121.000 129.000 44.000
2.971 -5.366 53.973 137.000 146.000 45.000
3.406 -6.237 53.990 104.000 109.000 40.000
3.406 -5.802 53.992 112.000 119.000 37.000
3.406 -5.366 53.993 122.000 130.000 34.000
3.406 -4.931 53.995 140.000 148.000 38.000
3.841 -6.237 54.010 102.000 105.000 40.000
3.841 -5.802 54.012 111.000 116.000 40.000
3.841 -5.366 54.014 124.000 129.000 41.000
3.841 -4.931 54.015 150.000 155.000 52.000
3.841 -4.495 54.017 104.000 113.000 26.000
4.276 -6.237 54.031 100.000 101.000 51.000
4.276 -5.802 54.032 108.000 111.000 50.000
4.276 -5.366 54.034 122.000 126.000 53.000
4.276 -4.931 54.036 119.000 125.000 42.000
4.276 -4.495 54.037 76.000 89.000 21.000
4.711 -6.238 54.051 107.000 107.000 58.000
4.711 -5.802 54.053 117.000 119.000 58.000
4.711 -5.367 54.054 123.000 126.000 56.000
4.711 -4.931 54.056 112.000 119.000 45.000
4.711 -4.496 54.058 75.000 86.000 23.000
5.146 -6.238 54.071 112.000 111.000 63.000
5.146 -5.802 54.073 123.000 124.000 62.000
5.146 -5.367 54.074 118.000 121.000 53.000
5.146 -4.931 54.076 102.000 109.000 40.000
5.146 -4.496 54.078 81.000 93.000 28.000
5.581 -5.802 54.093 122.000 122.000 65.000
5.581 -5.367 54.095 112.000 115.000 49.000
5.581 -4.931 54.096 101.000 107.000 39.000
5.581 -4.496 54.098 75.000 85.000 30.000
6.016 -4.931 54.117 90.000 95.000 41.000
2.515 -6.239 54.385 120.000 122.000 59.000
2.950 -6.675 54.403 79.000 81.000 41.000
2.950 -6.239 54.405 120.000 123.000 53.000
2.950 -5.804 54.407 131.000 137.000 52.000
3.386 -6.675 54.424 83.000 85.000 38.000
3.385 -6.239 54.425 107.000 112.000 41.000
3.385 -5.804 54.427 114.000 121.000 38.000
3.385 -5.368 54.428 116.000 125.000 34.000
3.821 -6.239 54.445 97.000 102.000 33.000
3.820 -5.804 54.447 94.000 102.000 27.000
3.820 -5.368 54.449 89.000 96.000 24.000
3.820 -4.933 54.450 117.000 122.000 36.000
4.256 -6.239 54.466 93.000 96.000 40.000
4.256 -5.804 54.467 77.000 81.000 30.000
4.255 -5.368 54.469 77.000 84.000 25.000
4.255 -4.933 54.471 76.000 86.000 22.000
4.255 -4.497 54.472 74.000 86.000 19.000
4.691 -6.239 54.486 120.000 121.000 65.000
4.691 -5.804 54.488 135.000 138.000 70.000
4.691 -5.368 54.489 129.000 134.000 61.000
4.690 -4.933 54.491 98.000 106.000 37.000
4.690 -4.497 54.493 80.000 91.000 26.000
5.126 -6.239 54.506 133.000 132.000 79.000
5.126 -5.804 54.508 146.000 147.000 85.000
5.126 -5.368 54.509 139.000 142.000 71.000
5.126 -4.933 54.511 102.000 109.000 42.000
5.561 -5.804 54.528 131.000 131.000 77.000
5.561 -5.368 54.530 123.000 125.000 61.000
5.561 -4.933 54.531 94.000 100.000 39.000
2.495 -6.241 54.820 125.000 126.000 65.000
2.930 -6.676 54.838 117.000 119.000 63.000
2.930 -6.241 54.840 126.000 127.000 62.000
3.365 -6.241 54.860 120.000 123.000 47.000
3.365 -5.805 54.862 126.000 131.000 49.000
3.800 -6.241 54.880 88.000 95.000 27.000
3.800 -5.805 54.882 98.000 106.000 31.000
3.800 -5.370 54.884 90.000 99.000 26.000
4.235 -6.241 54.901 90.000 95.000 36.000
4.235 -5.805 54.902 75.000 84.000 25.000
4.670 -5.370 54.924 80.000 88.000 28.000
4.670 -4.499 54.928 71.000 81.000 20.000
5.105 -5.805 54.943 131.000 131.000 78.000
5.105 -5.370 54.945 125.000 128.000 62.000
5.540 -5.805 54.963 165.000 164.000 115.000
5.540 -5.370 54.965 156.000 158.000 99.000
5.540 -4.934 54.966 75.000 80.000 34.000
2.910 -6.678 55.273 88.000 86.000 48.000
2.910 -6.242 55.275 140.000 139.000 68.000
3.345 -6.678 55.294 104.000 103.000 49.000
3.345 -6.242 55.295 142.000 143.000 63.000
3.345 -5.807 55.297 143.000 147.000 61.000
3.780 -6.678 55.314 84.000 86.000 36.000
3.780 -6.242 55.315 126.000 130.000 52.000
3.780 -5.807 55.317 119.000 125.000 46.000
3.780 -5.371 55.319 100.000 109.000 34.000
4.215 -6.242 55.336 106.000 112.000 44.000
4.215 -5.807 55.337 102.000 110.000 41.000
4.215 -5.371 55.339 77.000 86.000 26.000
2.890 -6.679 55.708 143.000 141.000 83.000
3.325 -6.680 55.729 137.000 136.000 74.000
3.325 -6.244 55.730 139.000 139.000 76.000
3.760 -6.680 55.749 118.000 119.000 57.000
3.760 -6.244 55.751 131.000 134.000 61.000
3.760 -5.809 55.752 92.000 99.000 36.000
4.195 -6.680 55.769 100.000 102.000 56.000
4.195 -6.244 55.771 109.000 116.000 52.000
4.195 -5.809 55.772 77.000 85.000 30.000
3.305 -6.681 56.164 150.000 148.000 91.000
3.740 -6.681 56.184 97.000 99.000 52.000
