14.450 -0.841 142.444 106.000 117.000 43.000
14.985 -1.907 142.402 107.000 118.000 46.000
14.984 -1.375 142.438 104.000 117.000 39.000
14.983 -0.842 142.475 97.000 112.000 33.000
14.982 -0.310 142.511 81.000 100.000 22.000
15.518 -1.908 142.433 86.000 103.000 27.000
15.517 -1.376 142.469 82.000 101.000 22.000
15.516 -0.844 142.506 77.000 96.000 22.000
15.515 -0.311 142.542 64.000 80.000 20.000
16.583 -1.911 142.495 70.000 90.000 20.000
16.582 -1.378 142.531 70.000 90.000 17.000
14.420 -1.410 142.939 104.000 114.000 47.000
14.419 -0.878 142.975 116.000 128.000 46.000
14.418 -0.346 143.012 126.000 141.000 46.000
14.954 -1.944 142.933 95.000 107.000 34.000
14.953 -1.411 142.970 113.000 129.000 34.000
14.952 -0.879 143.006 109.000 126.000 32.000
14.951 -0.347 143.043 113.000 129.000 33.000
15.487 -1.945 142.964 93.000 109.000 31.000
15.486 -1.412 143.001 99.000 116.000 29.000
15.485 -0.880 143.037 103.000 118.000 34.000
15.484 -0.348 143.074 84.000 101.000 26.000
15.483 0.185 143.110 88.000 107.000 25.000
16.020 -1.946 142.995 85.000 102.000 27.000
16.018 -1.414 143.032 86.000 105.000 22.000
16.017 -0.881 143.068 76.000 95.000 21.000
16.551 -1.415 143.063 77.000 96.000 22.000
16.550 -0.882 143.099 63.000 81.000 18.000
12.791 -1.444 143.377 188.000 194.000 78.000
13.323 -0.912 143.444 157.000 171.000 72.000
13.855 -0.913 143.476 88.000 96.000 47.000
13.854 -0.381 143.512 149.000 161.000 70.000
14.390 -1.979 143.434 104.000 111.000 54.000
14.389 -1.447 143.470 132.000 145.000 54.000
14.388 -0.914 143.507 121.000 136.000 42.000
14.387 -0.382 143.543 125.000 140.000 42.000
14.386 0.150 143.580 118.000 135.000 31.000
14.923 -1.980 143.465 132.000 146.000 49.000
14.922 -1.448 143.501 127.000 144.000 35.000
14.921 -0.916 143.538 124.000 141.000 34.000
14.920 -0.383 143.574 123.000 142.000 31.000
14.919 0.149 143.611 103.000 126.000 20.000
15.456 -1.981 143.496 113.000 126.000 43.000
15.455 -1.449 143.532 119.000 135.000 36.000
15.454 -0.917 143.569 122.000 137.000 41.000
15.453 -0.384 143.605 105.000 119.000 34.000
15.451 0.148 143.642 100.000 119.000 25.000
15.988 -1.982 143.527 77.000 94.000 26.000
15.987 -1.450 143.563 104.000 120.000 31.000
15.986 -0.918 143.600 94.000 110.000 32.000
17.051 -0.387 143.698 63.000 81.000 17.000
11.692 -0.413 143.919 117.000 130.000 46.000
11.691 0.119 143.956 66.000 81.000 23.000
12.227 -1.479 143.877 168.000 180.000 83.000
12.226 -0.947 143.914 156.000 175.000 71.000
12.225 -0.414 143.950 132.000 147.000 43.000
12.224 0.118 143.987 106.000 121.000 34.000
12.760 -1.480 143.908 180.000 193.000 84.000
12.759 -0.948 143.945 169.000 187.000 71.000
12.758 -0.415 143.981 145.000 166.000 49.000
12.757 0.117 144.018 123.000 139.000 36.000
12.756 0.649 144.054 92.000 107.000 32.000
13.292 -0.949 143.976 151.000 167.000 63.000
13.290 -0.416 144.012 155.000 177.000 61.000
13.289 0.116 144.049 140.000 156.000 45.000
13.823 -0.418 144.044 172.000 188.000 88.000
13.822 0.115 144.080 141.000 156.000 51.000
14.359 -2.016 143.965 128.000 143.000 60.000
14.358 -1.483 144.002 141.000 154.000 56.000
14.357 -0.951 144.038 111.000 124.000 41.000
14.356 -0.419 144.075 135.000 149.000 49.000
14.355 0.114 144.111 124.000 141.000 36.000
14.893 -2.549 143.960 109.000 118.000 59.000
14.892 -2.017 143.996 146.000 161.000 65.000
14.891 -1.484 144.033 141.000 155.000 51.000
14.890 -0.952 144.069 129.000 145.000 41.000
14.889 -0.420 144.106 137.000 154.000 40.000
14.888 0.113 144.142 122.000 140.000 30.000
14.887 0.645 144.179 79.000 104.000 15.000
15.426 -2.550 143.991 112.000 119.000 60.000
15.425 -2.018 144.027 137.000 148.000 64.000
15.424 -1.486 144.064 124.000 139.000 43.000
15.423 -0.953 144.100 114.000 129.000 37.000
15.421 -0.421 144.137 118.000 133.000 38.000
15.420 0.112 144.173 108.000 124.000 30.000
15.957 -2.019 144.058 75.000 88.000 29.000
15.956 -1.487 144.095 98.000 114.000 32.000
15.955 -0.954 144.131 81.000 100.000 23.000
11.127 0.084 144.456 75.000 87.000 32.000
11.126 0.616 144.493 77.000 82.000 46.000
11.663 -1.515 144.378 121.000 130.000 68.000
11.662 -0.982 144.414 144.000 154.000 72.000
11.661 -0.450 144.451 120.000 133.000 44.000
11.660 0.083 144.487 92.000 110.000 31.000
12.196 -1.516 144.409 169.000 177.000 89.000
12.195 -0.983 144.445 164.000 182.000 75.000
12.194 -0.451 144.482 138.000 154.000 46.000
12.193 0.082 144.518 113.000 128.000 37.000
12.729 -1.517 144.440 165.000 167.000 82.000
12.728 -0.984 144.476 168.000 187.000 68.000
12.727 -0.452 144.513 145.000 166.000 49.000
12.726 0.080 144.549 126.000 142.000 38.000
12.724 0.613 144.586 74.000 91.000 21.000
13.262 -1.518 144.471 114.000 125.000 47.000
13.260 -0.985 144.507 144.000 164.000 53.000
13.259 -0.453 144.544 145.000 166.000 57.000
13.258 0.079 144.581 132.000 149.000 40.000
13.257 0.612 144.617 113.000 130.000 29.000
13.256 1.144 144.654 118.000 131.000 47.000
13.255 1.677 144.690 84.000 91.000 44.000
13.797 -3.116 144.392 88.000 85.000 46.000
13.796 -2.584 144.429 143.000 161.000 59.000
13.795 -2.051 144.465 107.000 118.000 39.000
13.794 -1.519 144.502 92.000 109.000 28.000
13.793 -0.986 144.539 131.000 146.000 45.000
13.792 -0.454 144.575 144.000 154.000 71.000
13.791 0.078 144.612 133.000 148.000 44.000
13.790 0.611 144.648 123.000 140.000 32.000
14.329 -2.585 144.460 144.000 159.000 66.000
14.328 -2.052 144.497 138.000 151.000 54.000
14.327 -1.520 144.533 125.000 139.000 48.000
14.326 -0.988 144.570 144.000 162.000 55.000
14.325 -0.455 144.606 145.000 165.000 57.000
14.324 0.077 144.643 127.000 144.000 37.000
14.323 0.610 144.679 120.000 136.000 38.000
14.863 -3.118 144.455 97.000 104.000 56.000
14.862 -2.586 144.491 143.000 153.000 67.000
14.861 -2.053 144.528 145.000 160.000 66.000
14.860 -1.521 144.564 146.000 163.000 64.000
14.859 -0.989 144.601 145.000 165.000 55.000
14.858 -0.456 144.637 147.000 167.000 48.000
14.857 0.076 144.674 121.000 139.000 31.000
14.856 0.609 144.710 82.000 102.000 20.000
15.395 -2.587 144.522 128.000 137.000 67.000
15.394 -2.054 144.559 143.000 154.000 71.000
15.393 -1.522 144.595 134.000 147.000 54.000
15.391 -0.990 144.632 120.000 136.000 39.000
15.390 -0.457 144.668 129.000 145.000 40.000
15.389 0.075 144.705 93.000 111.000 24.000
15.926 -2.056 144.590 93.000 104.000 42.000
15.925 -1.523 144.626 106.000 117.000 41.000
15.924 -0.991 144.663 95.000 112.000 29.000
15.923 -0.458 144.699 71.000 94.000 15.000
16.458 -1.524 144.657 65.000 82.000 20.000
11.096 0.047 144.988 84.000 94.000 40.000
11.095 0.580 145.024 143.000 148.000 90.000
11.094 1.112 145.061 154.000 159.000 108.000
11.632 -1.551 144.909 94.000 97.000 55.000
11.631 -1.019 144.946 148.000 160.000 75.000
11.630 -0.486 144.982 125.000 138.000 50.000
11.629 0.046 145.019 109.000 121.000 46.000
11.628 0.578 145.055 111.000 120.000 56.000
11.627 1.111 145.092 100.000 104.000 63.000
12.165 -1.552 144.940 162.000 168.000 81.000
12.164 -1.020 144.977 163.000 181.000 74.000
12.163 -0.487 145.013 145.000 163.000 53.000
12.162 0.045 145.050 127.000 140.000 48.000
12.698 -1.553 144.971 168.000 175.000 77.000
12.697 -1.021 145.008 165.000 186.000 67.000
12.696 -0.488 145.044 160.000 182.000 58.000
12.694 0.044 145.081 132.000 147.000 48.000
12.692 1.109 145.154 84.000 92.000 39.000
13.232 -2.087 144.966 76.000 85.000 30.000
13.230 -1.554 145.002 138.000 150.000 57.000
13.229 -1.022 145.039 157.000 169.000 70.000
13.228 -0.490 145.075 171.000 180.000 77.000
13.227 0.043 145.112 145.000 162.000 54.000
13.226 0.575 145.149 126.000 141.000 44.000
13.225 1.108 145.185 130.000 143.000 56.000
13.224 1.640 145.222 115.000 123.000 61.000
13.765 -2.620 144.960 148.000 168.000 63.000
13.764 -2.088 144.997 144.000 161.000 55.000
13.763 -1.555 145.034 127.000 141.000 47.000
13.762 -1.023 145.070 144.000 160.000 64.000
13.761 -0.491 145.107 172.000 179.000 86.000
13.760 0.042 145.143 142.000 159.000 60.000
13.759 0.574 145.180 130.000 144.000 48.000
13.758 1.107 145.216 128.000 141.000 52.000
14.298 -2.621 144.992 143.000 160.000 64.000
14.297 -2.089 145.028 142.000 157.000 57.000
14.296 -1.556 145.065 134.000 147.000 51.000
14.295 -1.024 145.101 146.000 165.000 55.000
14.294 -0.492 145.138 157.000 175.000 65.000
14.293 0.041 145.174 134.000 149.000 46.000
14.292 0.573 145.211 126.000 139.000 46.000
14.291 1.106 145.247 96.000 107.000 37.000
14.831 -2.622 145.023 134.000 146.000 65.000
14.830 -2.090 145.059 150.000 166.000 69.000
14.829 -1.558 145.096 170.000 182.000 75.000
14.828 -1.025 145.132 160.000 177.000 65.000
14.827 -0.493 145.169 146.000 164.000 41.000
14.826 0.040 145.205 130.000 147.000 38.000
14.824 0.572 145.242 82.000 96.000 26.000
15.363 -2.091 145.090 147.000 160.000 78.000
15.361 -1.559 145.127 155.000 169.000 76.000
15.360 -1.026 145.163 127.000 142.000 44.000
15.359 -0.494 145.200 128.000 145.000 35.000
15.358 0.039 145.236 97.000 114.000 26.000
15.894 -1.560 145.158 105.000 115.000 47.000
15.893 -1.027 145.194 109.000 124.000 36.000
15.892 -0.495 145.231 98.000 120.000 22.000
16.426 -1.028 145.225 68.000 85.000 20.000
16.425 -0.496 145.262 60.000 80.000 14.000
11.065 0.011 145.519 101.000 109.000 50.000
11.064 0.543 145.556 112.000 119.000 64.000
11.600 -1.055 145.477 144.000 154.000 81.000
11.599 -0.523 145.514 137.000 149.000 59.000
11.598 0.010 145.550 121.000 133.000 50.000
11.597 0.542 145.587 125.000 134.000 64.000
11.596 1.074 145.623 159.000 169.000 102.000
12.134 -1.589 145.472 103.000 98.000 62.000
12.133 -1.056 145.508 168.000 181.000 83.000
12.132 -0.524 145.545 153.000 173.000 61.000
12.131 0.008 145.581 136.000 150.000 54.000
12.130 0.541 145.618 77.000 88.000 33.000
12.129 1.073 145.654 96.000 104.000 48.000
12.667 -1.590 145.503 151.000 156.000 67.000
12.666 -1.057 145.539 167.000 184.000 71.000
12.664 -0.525 145.576 165.000 185.000 62.000
12.663 0.007 145.612 144.000 161.000 56.000
12.662 0.540 145.649 104.000 114.000 49.000
12.661 1.072 145.686 116.000 126.000 55.000
12.660 1.605 145.722 78.000 84.000 40.000
13.200 -2.123 145.497 100.000 113.000 38.000
13.199 -1.591 145.534 145.000 160.000 56.000
13.198 -1.058 145.570 166.000 174.000 75.000
13.197 -0.526 145.607 176.000 185.000 81.000
13.196 0.006 145.644 150.000 170.000 59.000
13.195 0.539 145.680 135.000 147.000 61.000
13.194 1.071 145.717 138.000 149.000 67.000
13.193 1.604 145.753 127.000 137.000 65.000
13.734 -2.657 145.492 142.000 159.000 56.000
13.733 -2.124 145.528 139.000 154.000 52.000
13.732 -1.592 145.565 130.000 143.000 50.000
13.731 -1.060 145.602 152.000 167.000 69.000
13.730 -0.527 145.638 176.000 179.000 103.000
13.729 0.005 145.675 149.000 166.000 69.000
13.728 0.538 145.711 137.000 150.000 54.000
13.727 1.070 145.748 133.000 145.000 59.000
13.726 1.602 145.784 114.000 124.000 54.000
14.267 -2.658 145.523 125.000 139.000 55.000
14.266 -2.125 145.560 135.000 149.000 50.000
14.265 -1.593 145.596 138.000 152.000 52.000
14.264 -1.061 145.633 147.000 164.000 59.000
14.263 -0.528 145.669 154.000 173.000 65.000
14.262 0.004 145.706 146.000 161.000 60.000
14.261 0.537 145.742 107.000 117.000 47.000
14.260 1.069 145.779 71.000 81.000 27.000
14.800 -2.659 145.554 113.000 122.000 56.000
14.799 -2.126 145.591 150.000 160.000 71.000
14.798 -1.594 145.627 174.000 178.000 76.000
14.797 -1.062 145.664 153.000 172.000 56.000
14.796 -0.529 145.700 138.000 154.000 39.000
14.794 0.003 145.737 125.000 141.000 39.000
15.331 -2.128 145.622 121.000 130.000 64.000
15.330 -1.595 145.658 135.000 147.000 64.000
15.329 -1.063 145.695 123.000 137.000 43.000
15.328 -0.530 145.731 126.000 143.000 34.000
15.327 0.002 145.768 110.000 126.000 32.000
15.862 -1.064 145.726 87.000 103.000 27.000
15.861 -0.531 145.762 97.000 119.000 20.000
11.569 -1.092 146.009 139.000 136.000 85.000
11.568 -0.559 146.045 142.000 155.000 71.000
11.567 -0.027 146.082 121.000 131.000 57.000
11.566 0.505 146.118 109.000 118.000 54.000
11.565 1.038 146.155 144.000 150.000 91.000
12.102 -1.093 146.040 151.000 166.000 78.000
12.101 -0.560 146.076 155.000 172.000 71.000
12.100 -0.028 146.113 143.000 155.000 59.000
12.099 0.504 146.149 131.000 143.000 57.000
12.097 1.037 146.186 140.000 150.000 75.000
12.096 1.569 146.222 129.000 137.000 78.000
12.635 -1.094 146.071 160.000 179.000 72.000
12.633 -0.562 146.107 164.000 182.000 67.000
12.632 -0.029 146.144 151.000 170.000 59.000
12.631 0.503 146.180 144.000 158.000 59.000
12.630 1.036 146.217 141.000 152.000 69.000
12.629 1.568 146.254 116.000 125.000 60.000
13.167 -1.095 146.102 170.000 177.000 74.000
13.166 -0.563 146.138 181.000 187.000 86.000
13.165 -0.030 146.175 159.000 176.000 69.000
13.164 0.502 146.212 143.000 157.000 62.000
13.163 1.035 146.248 139.000 154.000 70.000
13.162 1.567 146.285 133.000 143.000 74.000
13.700 -1.096 146.133 146.000 153.000 70.000
13.699 -0.564 146.170 188.000 178.000 105.000
13.698 -0.031 146.206 173.000 189.000 84.000
13.697 0.501 146.243 144.000 158.000 73.000
13.696 1.034 146.279 139.000 150.000 70.000
13.695 1.566 146.316 122.000 132.000 63.000
14.234 -1.630 146.128 121.000 135.000 44.000
14.233 -1.097 146.164 132.000 146.000 46.000
14.232 -0.565 146.201 138.000 154.000 45.000
14.231 -0.032 146.237 159.000 177.000 68.000
14.230 0.500 146.274 135.000 146.000 75.000
14.228 1.032 146.310 108.000 115.000 56.000
14.768 -2.163 146.122 155.000 166.000 76.000
14.767 -1.631 146.159 154.000 170.000 69.000
14.766 -1.098 146.195 139.000 155.000 45.000
14.764 -0.566 146.232 131.000 149.000 34.000
14.763 -0.033 146.268 131.000 147.000 40.000
15.299 -1.632 146.190 117.000 126.000 54.000
15.298 -1.099 146.226 125.000 139.000 42.000
15.297 -0.567 146.263 124.000 142.000 32.000
15.296 -0.034 146.299 94.000 112.000 24.000
15.830 -0.568 146.294 101.000 120.000 25.000
15.829 -0.036 146.330 61.000 82.000 11.000
11.537 -0.596 146.577 145.000 140.000 89.000
11.536 -0.064 146.613 127.000 135.000 68.000
12.070 -0.597 146.608 159.000 173.000 85.000
12.069 -0.065 146.644 158.000 171.000 84.000
12.067 0.468 146.681 147.000 159.000 72.000
12.066 1.000 146.717 120.000 131.000 56.000
12.065 1.533 146.754 80.000 85.000 44.000
12.601 -0.066 146.675 170.000 184.000 79.000
12.600 0.467 146.712 166.000 180.000 76.000
12.599 0.999 146.749 146.000 161.000 72.000
12.598 1.532 146.785 95.000 103.000 49.000
13.134 -0.067 146.707 183.000 197.000 87.000
13.133 0.466 146.743 168.000 182.000 80.000
13.132 0.998 146.780 146.000 160.000 78.000
13.131 1.531 146.816 127.000 136.000 71.000
13.666 0.465 146.774 176.000 188.000 97.000
13.665 0.997 146.811 142.000 150.000 80.000
13.664 1.529 146.847 111.000 119.000 63.000
12.037 -0.101 147.176 110.000 114.000 74.000
12.036 0.431 147.212 120.000 126.000 69.000
12.569 0.430 147.243 193.000 203.000 112.000
12.568 0.963 147.280 143.000 153.000 82.000
13.101 0.962 147.311 166.000 178.000 93.000
13.100 1.494 147.348 84.000 91.000 40.000
12.537 0.926 147.812 89.000 91.000 52.000
11.063 1.075 145.592 93.000 96.000 59.000
