38.18396530832326 17.794890233804654 192.993581788686 119.0 89.0 31.0
38.6409510269131 17.79488833103228 192.99401781714622 153.0 144.0 57.0
38.640949124140725 18.25185685286556 192.99800619644117 121.0 87.0 22.0
39.097934842730574 18.251854950093186 192.9984422249014 99.0 84.0 28.0
37.2695597454557 17.333937138221188 193.44568966628378 93.0 87.0 60.0
37.726543561273175 17.790903757282095 193.45011407403896 157.0 149.0 78.0
38.1835311826354 17.333933332676434 193.44656172320427 86.0 87.0 54.0
38.18352927986302 17.790901854509716 193.4505501024992 152.0 151.0 75.0
38.64051690122524 17.333931429904055 193.4469977516645 102.0 105.0 65.0
38.640514998452865 17.79089995173734 193.45098613095945 148.0 150.0 66.0
38.64051309568049 18.247868473570623 193.4549745102544 150.0 150.0 60.0
39.09750071704271 17.790898048964962 193.45142215941968 157.0 156.0 73.0
39.09749881427034 18.247866570798248 193.45541053871463 126.0 125.0 47.0
39.097496911497956 18.70483509263153 193.45939891800955 142.0 144.0 65.0
36.81213799840562 17.329950661698625 193.90222195163676 129.0 126.0 88.0
37.26912371699546 17.329948758926246 193.902657980097 117.0 109.0 69.0
37.72610753281293 17.786915377987153 193.9070823878522 160.0 159.0 81.0
38.18309325140278 17.786913475214778 193.90751841631243 145.0 147.0 68.0
38.183091348630406 18.24388199704806 193.91150679560738 158.0 161.0 70.0
38.640080872765 17.329943050609117 193.90396606547773 80.0 81.0 45.0
38.64007896999262 17.786911572442403 193.90795444477266 140.0 142.0 63.0
38.64007706722025 18.243880094275685 193.9119428240676 156.0 158.0 70.0
39.09706468858247 17.786909669670024 193.9083904732329 122.0 121.0 54.0
39.097062785810095 18.24387819150331 193.91237885252787 153.0 156.0 75.0
39.09706088303771 18.700846713336592 193.91636723182276 168.0 170.0 79.0
36.811701969945375 17.325962282403687 194.35919026545 152.0 148.0 103.0
37.268687688535216 17.325960379631308 194.35962629391022 141.0 137.0 83.0
37.725673407125065 17.32595847685893 194.36006232237045 118.0 117.0 68.0
37.72567150435269 17.782926998692215 194.3640507016654 158.0 158.0 78.0
38.18265912571491 17.325956574086554 194.3604983508307 106.0 107.0 57.0
38.18265722294254 17.782925095919836 194.36448673012566 150.0 153.0 70.0
38.18265532017016 18.239893617753122 194.3684751094206 172.0 173.0 77.0
38.639644844304755 17.325954671314175 194.36093437929094 111.0 113.0 62.0
38.63964294153238 17.78292319314746 194.3649227585859 156.0 158.0 76.0
38.639641038760004 18.239891714980743 194.36891113788081 168.0 169.0 75.0
39.0966305628946 17.325952768541796 194.3613704077512 100.0 100.0 55.0
39.09662866012223 17.782921290375082 194.36535878704612 150.0 150.0 70.0
39.09662675734985 18.239889812208368 194.36934716634107 158.0 159.0 77.0
39.09662485457747 18.69685833404165 194.373335545636 172.0 172.0 80.0
39.5536124759397 18.23988790943599 194.3697831948013 119.0 119.0 62.0
39.55361057316732 18.69685643126927 194.37377157409622 131.0 133.0 69.0
39.553608670394944 19.153824953102557 194.37775995339118 110.0 112.0 57.0
36.81126594148514 17.321973903108745 194.8161585792632 149.0 147.0 101.0
37.26825356284736 16.865003478503084 194.8126062284285 88.0 87.0 57.0
37.26825166007498 17.321972000336366 194.81659460772346 150.0 147.0 88.0
37.268249757302605 17.778940522169652 194.82058298701838 171.0 171.0 88.0
37.72523928143721 16.865001575730705 194.81304225688874 84.0 85.0 53.0
37.72523737866483 17.321970097563987 194.8170306361837 139.0 140.0 82.0
37.725235475892454 17.778938619397273 194.82101901547864 169.0 169.0 82.0
38.18222500002706 16.864999672958326 194.813478285349 91.0 92.0 54.0
38.18222309725468 17.321968194791612 194.81746666464392 144.0 147.0 81.0
38.1822211944823 17.778936716624894 194.82145504393887 165.0 166.0 77.0
38.18221929170993 18.23590523845818 194.8254434232338 180.0 183.0 80.0
38.63920881584452 17.321966292019233 194.81790269310417 144.0 146.0 83.0
38.639206913072144 17.77893481385252 194.82189107239913 156.0 159.0 74.0
38.63920501029977 18.2359033356858 194.82587945169402 176.0 177.0 79.0
38.639203107527386 18.692871857519087 194.82986783098897 181.0 180.0 81.0
39.09619453443437 17.321964389246855 194.8183387215644 103.0 105.0 58.0
39.09619263166199 17.77893291108014 194.82232710085935 157.0 158.0 80.0
39.09619072888962 18.235901432913426 194.82631548015428 172.0 170.0 83.0
39.096188826117235 18.69286995474671 194.83030385944923 182.0 181.0 84.0
39.55317835025184 17.77893100830776 194.82276312931958 89.0 88.0 43.0
39.553176447479466 18.235899530141047 194.8267515086145 162.0 164.0 94.0
39.55317454470708 18.69286805197433 194.83073988790946 162.0 165.0 94.0
39.55317264193471 19.149836573807615 194.8347282672044 142.0 143.0 80.0
36.35384419443505 17.317987426586182 195.27269086461618 116.0 116.0 81.0
36.81083181579728 16.86101700198052 195.26913851378148 92.0 91.0 62.0
36.8108299130249 17.317985523813807 195.27312689307644 150.0 151.0 95.0
37.26781753438712 16.861015099208146 195.2695745422417 108.0 108.0 70.0
37.26781563161474 17.317983621041428 195.27356292153667 164.0 165.0 101.0
37.26781372884236 17.774952142874714 195.27755130083162 158.0 163.0 77.0
37.72480325297697 16.861013196435767 195.27001057070197 116.0 117.0 73.0
37.72480135020459 17.31798171826905 195.27399894999692 165.0 167.0 97.0
37.72479944743221 17.774950240102335 195.27798732929185 176.0 178.0 81.0
37.724797544659836 18.231918761935617 195.28197570858677 184.0 188.0 78.0
38.18178897156682 16.86101129366339 195.2704465991622 117.0 118.0 72.0
38.181787068794435 17.317979815496674 195.27443497845715 166.0 169.0 97.0
38.18178516602206 17.774948337329956 195.2784233577521 174.0 176.0 82.0
38.181783263249685 18.231916859163242 195.28241173704703 190.0 192.0 79.0
38.63877469015666 16.861009390891013 195.27088262762246 86.0 87.0 52.0
38.638772787384276 17.317977912724295 195.27487100691738 159.0 161.0 94.0
38.6387708846119 17.77494643455758 195.27885938621233 169.0 171.0 83.0
38.638768981839526 18.231914956390863 195.28284776550726 192.0 194.0 87.0
38.63876707906715 18.68888347822415 195.2868361448022 205.0 206.0 105.0
39.095758505974125 17.317976009951916 195.27530703537764 121.0 120.0 68.0
39.09575660320175 17.774944531785202 195.2792954146726 165.0 165.0 81.0
39.095754700429374 18.231913053618488 195.28328379396748 183.0 180.0 84.0
39.09575279765699 18.68888157545177 195.28727217326244 201.0 201.0 102.0
39.5527423217916 17.774942629012823 195.27973144313282 119.0 119.0 60.0
39.55274041901922 18.23191115084611 195.28371982242774 175.0 178.0 103.0
39.55273851624684 18.68887967267939 195.2877082017227 177.0 177.0 97.0
39.552736613474465 19.145848194512677 195.29169658101762 171.0 173.0 97.0
40.009724234836696 18.688877769907016 195.28814423018292 99.0 99.0 54.0
36.353408165974805 17.313999047291244 195.72965917842942 102.0 102.0 65.0
36.810395787337036 16.857028622685583 195.72610682759472 98.0 98.0 61.0
36.810393884564654 17.31399714451887 195.73009520688964 147.0 150.0 89.0
37.26738150592688 16.857026719913208 195.72654285605495 137.0 139.0 87.0
37.267379603154495 17.31399524174649 195.7305312353499 153.0 156.0 88.0
37.26737770038212 17.770963763579775 195.73451961464485 153.0 160.0 72.0
37.724367224516726 16.85702481714083 195.72697888451518 149.0 152.0 93.0
37.724365321744344 17.31399333897411 195.73096726381013 171.0 174.0 101.0
37.72436341897197 17.770961860807397 195.73495564310508 178.0 183.0 86.0
37.72436151619959 18.22793038264068 195.7389440224 193.0 197.0 85.0
38.181352943106575 16.85702291436845 195.72741491297543 156.0 159.0 96.0
38.18135104033419 17.313991436201736 195.7314032922704 176.0 177.0 104.0
38.18134913756182 17.770959958035018 195.7353916715653 182.0 186.0 89.0
38.18134723478944 18.227928479868304 195.73938005086023 198.0 202.0 88.0
38.638338661696416 16.857021011596075 195.72785094143566 119.0 121.0 73.0
38.63833675892404 17.313989533429357 195.73183932073061 170.0 172.0 103.0
38.638334856151666 17.770958055262643 195.73582770002557 179.0 179.0 86.0
38.63833295337929 18.227926577095925 195.7398160793205 201.0 202.0 97.0
38.63833105060691 18.68489509892921 195.74380445861541 213.0 214.0 112.0
39.09532247751388 17.313987630656978 195.73227534919084 141.0 139.0 82.0
39.09532057474151 17.770956152490264 195.7362637284858 177.0 174.0 86.0
39.09531867196913 18.22792467432355 195.74025210778072 195.0 193.0 96.0
39.09531676919675 18.684893196156832 195.74424048707567 208.0 207.0 106.0
39.095314866424374 19.141861717990118 195.74822886637062 217.0 217.0 117.0
39.552306293331355 17.770954249717885 195.73669975694605 149.0 149.0 85.0
39.55230439055898 18.22792277155117 195.74068813624095 185.0 187.0 110.0
39.5523024877866 18.684891293384453 195.7446765155359 190.0 192.0 106.0
39.55230058501422 19.14185981521774 195.74866489483085 186.0 189.0 105.0
40.00929010914883 18.227920868778792 195.7411241647012 83.0 82.0 45.0
40.00928820637645 18.684889390612078 195.74511254399616 102.0 102.0 58.0
36.35297213751457 17.310010667996302 196.18662749224265 102.0 104.0 66.0
36.8099597588768 16.85304024339064 196.18307514140793 120.0 122.0 72.0
36.80995785610442 17.310008765223927 196.18706352070288 150.0 153.0 91.0
36.80995595333204 17.76697728705721 196.19105189999783 146.0 151.0 75.0
37.26694738023902 16.39606981878498 196.17952279057323 78.0 81.0 48.0
37.26694547746664 16.853038340618266 196.18351116986818 147.0 149.0 91.0
37.26694357469426 17.310006862451548 196.1874995491631 147.0 152.0 83.0
37.266941671921884 17.766975384284834 196.19148792845806 154.0 160.0 75.0
37.26693976914951 18.223943906118116 196.19547630775298 172.0 176.0 82.0
37.723933098828866 16.396067916012605 196.17995881903346 93.0 96.0 57.0
37.72393119605649 16.853036437845887 196.1839471983284 162.0 164.0 100.0
37.72392929328411 17.310004959679173 196.18793557762336 172.0 175.0 101.0
37.72392739051173 17.766973481512455 196.19192395691832 181.0 184.0 92.0
37.72392548773936 18.22394200334574 196.1959123362132 197.0 201.0 99.0
37.723923584966975 18.680910525179023 196.19990071550816 176.0 181.0 91.0
38.180918817418714 16.39606601324023 196.18039484749372 91.0 93.0 54.0
38.18091691464634 16.853034535073512 196.18438322678864 163.0 165.0 101.0
38.18091501187396 17.310003056906798 196.1883716060836 177.0 179.0 103.0
38.18091310910158 17.76697157874008 196.19235998537854 188.0 191.0 95.0
38.180911206329206 18.223940100573365 196.19634836467347 207.0 210.0 105.0
38.180909303556824 18.680908622406648 196.2003367439684 197.0 201.0 103.0
38.63790263323618 16.853032632301137 196.1848192552489 142.0 144.0 90.0
38.637900730463805 17.31000115413442 196.18880763454385 176.0 177.0 105.0
38.63789882769143 17.766969675967704 196.19279601383877 184.0 186.0 94.0
38.637896924919055 18.223938197800987 196.1967843931337 203.0 206.0 109.0
38.63789502214667 18.680906719634272 196.20077277242865 209.0 211.0 116.0
38.6378931193743 19.137875241467555 196.2047611517236 199.0 201.0 110.0
39.09488835182603 16.853030729528758 196.18525528370913 89.0 89.0 53.0
39.09488644905365 17.30999925136204 196.18924366300408 170.0 169.0 105.0
39.09488454628127 17.766967773195326 196.19323204229903 187.0 184.0 97.0
39.094882643508896 18.22393629502861 196.19722042159395 204.0 204.0 111.0
39.094880740736514 18.680904816861894 196.20120880088888 210.0 211.0 114.0
39.09487883796414 19.13787333869518 196.20519718018383 219.0 220.0 126.0
39.09487693519176 19.59484186052846 196.20918555947878 101.0 101.0 55.0
39.55187026487112 17.766965870422947 196.19366807075926 187.0 187.0 111.0
39.551868362098745 18.223934392256233 196.19765645005418 199.0 200.0 119.0
39.55186645932636 18.680902914089515 196.20164482934914 197.0 199.0 113.0
39.55186455655399 19.1378714359228 196.2056332086441 188.0 190.0 106.0
40.00885408068859 18.223932489483854 196.1980924785144 134.0 135.0 81.0
40.00885217791622 18.68090101131714 196.20208085780936 136.0 135.0 79.0
40.00885027514384 19.137869533150422 196.20606923710432 101.0 102.0 56.0
36.35253801182671 16.84905376686808 196.6396074267609 92.0 94.0 59.0
36.35253610905433 17.306022288701364 196.64359580605586 119.0 122.0 78.0
36.35253420628195 17.76299081053465 196.6475841853508 112.0 115.0 65.0
36.80952373041656 16.849051864095703 196.64004345522116 137.0 141.0 84.0
36.809521827644176 17.30602038592899 196.6440318345161 151.0 154.0 92.0
36.8095199248718 17.76298890776227 196.64802021381104 144.0 148.0 81.0
36.809518022099425 18.219957429595556 196.65200859310596 138.0 142.0 80.0
37.266511351778774 16.392081439490042 196.63649110438644 79.0 81.0 50.0
37.2665094490064 16.849049961323328 196.6404794836814 147.0 150.0 91.0
37.266507546234024 17.30601848315661 196.64446786297634 144.0 146.0 78.0
37.26650564346165 17.762987004989895 196.64845624227127 149.0 154.0 73.0
37.266503740689274 18.219955526823178 196.6524446215662 155.0 159.0 78.0
37.26650183791689 18.676924048656463 196.65643300086114 145.0 147.0 80.0
37.72349707036862 16.392079536717663 196.6369271328467 103.0 105.0 66.0
37.72349516759625 16.84904805855095 196.64091551214165 159.0 162.0 97.0
37.723493264823865 17.30601658038423 196.64490389143657 177.0 180.0 103.0
37.72349136205149 17.762985102217517 196.64889227073152 186.0 188.0 100.0
37.723489459279115 18.2199536240508 196.65288065002645 193.0 196.0 105.0
37.72348755650673 18.676922145884085 196.6568690293214 169.0 174.0 91.0
37.72348565373436 19.13389066771737 196.66085740861632 134.0 136.0 75.0
38.18048278895847 16.392077633945288 196.63736316130692 102.0 104.0 65.0
38.180480886186096 16.84904615577857 196.64135154060187 170.0 172.0 106.0
38.180478983413714 17.306014677611856 196.64533991989683 178.0 179.0 101.0
38.18047708064134 17.762983199445138 196.64932829919175 191.0 194.0 102.0
38.18047517786896 18.219951721278424 196.65331667848668 213.0 215.0 122.0
38.18047327509658 18.676920243111706 196.65730505778163 197.0 200.0 108.0
38.180471372324206 19.13388876494499 196.66129343707658 159.0 162.0 87.0
38.18046946955183 19.590857286778274 196.66528181637153 102.0 106.0 54.0
38.63746850754831 16.39207573117291 196.63779918976718 85.0 86.0 50.0
38.63746660477594 16.849044253006195 196.6417875690621 159.0 160.0 99.0
38.63746470200356 17.306012774839477 196.64577594835706 179.0 179.0 105.0
38.63746279923119 17.762981296672763 196.64976432765198 186.0 186.0 99.0
38.63746089645881 18.219949818506045 196.65375270694693 210.0 211.0 121.0
38.63745899368643 18.67691834033933 196.65774108624188 209.0 212.0 118.0
38.637457090914054 19.133886862172613 196.6617294655368 196.0 198.0 110.0
38.63745518814168 19.5908553840059 196.66571784483176 99.0 101.0 44.0
39.094452323365786 16.849042350233816 196.64222359752236 123.0 123.0 73.0
39.094450420593404 17.306010872067098 196.6462119768173 181.0 181.0 113.0
39.09444851782103 17.762979393900384 196.65020035611224 194.0 191.0 106.0
39.09444661504865 18.21994791573367 196.65418873540716 206.0 206.0 117.0
39.09444471227627 18.676916437566952 196.6581771147021 212.0 213.0 117.0
39.094442809503896 19.133884959400238 196.66216549399707 218.0 219.0 125.0
39.55143613918325 17.306008969294723 196.64664800527754 122.0 121.0 79.0
39.55143423641088 17.76297749112801 196.65063638457246 201.0 202.0 126.0
39.5514323336385 18.21994601296129 196.65462476386742 203.0 204.0 123.0
39.55143043086612 18.676914534794573 196.65861314316234 203.0 205.0 118.0
39.551428528093744 19.13388305662786 196.6626015224573 201.0 203.0 117.0
40.00841995500073 17.762975588355634 196.6510724130327 97.0 96.0 63.0
40.00841805222836 18.219944110188916 196.65506079232765 171.0 172.0 107.0
40.008416149455975 18.676912632022198 196.6590491716226 168.0 168.0 98.0
40.0084142466836 19.133881153855484 196.66303755091755 117.0 117.0 66.0
36.352100080594084 17.302033909406425 197.1005641198691 125.0 128.0 80.0
36.35209817782171 17.75900243123971 197.10455249916401 129.0 133.0 77.0
36.352096275049334 18.215970953072993 197.10854087845894 93.0 96.0 55.0
36.809087701956315 16.845063484800765 197.09701176903437 136.0 140.0 85.0
36.80908579918393 17.30203200663405 197.10100014832932 137.0 141.0 81.0
36.80908389641156 17.759000528467332 197.10498852762424 137.0 142.0 75.0
36.80908199363918 18.215969050300618 197.1089769069192 126.0 128.0 69.0
36.8090800908668 18.6729375721339 197.11296528621412 112.0 118.0 60.0
37.26607532331854 16.388093060195104 197.09345941819967 88.0 91.0 55.0
37.266073420546164 16.84506158202839 197.09744779749462 131.0 134.0 77.0
37.26607151777378 17.30203010386167 197.10143617678958 140.0 143.0 74.0
37.266069615001406 17.758998625694957 197.10542455608447 138.0 141.0 66.0
37.26606771222903 18.21596714752824 197.10941293537942 138.0 141.0 69.0
37.26606580945665 18.672935669361525 197.11340131467438 123.0 125.0 63.0
37.26606390668427 19.129904191194807 197.11738969396933 98.0 104.0 50.0
37.72306104190838 16.388091157422725 197.0938954466599 96.0 99.0 61.0
37.723059139136005 16.84505967925601 197.09788382595485 163.0 166.0 101.0
37.72305723636362 17.302028201089293 197.1018722052498 176.0 178.0 104.0
37.72305533359125 17.75899672292258 197.10586058454473 185.0 188.0 101.0
37.72305343081887 18.21596524475586 197.10984896383965 189.0 192.0 103.0
37.72305152804649 18.672933766589146 197.1138373431346 160.0 164.0 83.0
37.723049625274115 19.129902288422432 197.11782572242956 114.0 117.0 59.0
37.72304772250174 19.586870810255714 197.1218141017245 83.0 88.0 41.0
38.18004676049823 16.38808925465035 197.09433147512016 121.0 123.0 77.0
38.18004485772585 16.845057776483632 197.0983198544151 173.0 175.0 106.0
38.18004295495347 17.302026298316918 197.10230823371003 181.0 183.0 105.0
38.180041052181096 17.7589948201502 197.10629661300496 188.0 190.0 98.0
38.18003914940872 18.215963341983485 197.1102849922999 206.0 209.0 118.0
38.18003724663634 18.672931863816768 197.11427337159486 188.0 192.0 102.0
38.18003534386396 19.129900385650053 197.1182617508898 152.0 157.0 77.0
38.18003344109159 19.586868907483336 197.12225013018474 106.0 110.0 51.0
38.63703247908808 16.38808735187797 197.09476750358039 118.0 119.0 71.0
38.6370305763157 16.845055873711257 197.09875588287534 168.0 170.0 105.0
38.63702867354332 17.30202439554454 197.1027442621703 181.0 181.0 107.0
38.637026770770944 17.758992917377824 197.10673264146521 184.0 184.0 95.0
38.63702486799857 18.215961439211107 197.11072102076014 209.0 211.0 121.0
38.63702296522619 18.672929961044392 197.1147094000551 202.0 204.0 111.0
38.63702106245381 19.129898482877675 197.11869777935004 183.0 186.0 93.0
38.63701915968144 19.58686700471096 197.12268615864497 108.0 109.0 39.0
39.09401629490554 16.845053970938878 197.09919191133557 130.0 131.0 80.0
39.09401439213316 17.30202249277216 197.10318029063052 187.0 187.0 117.0
39.094012489360786 17.758991014605446 197.10716866992544 197.0 195.0 109.0
39.09401058658841 18.21595953643873 197.1111570492204 212.0 212.0 121.0
39.09400868381603 18.672928058272014 197.11514542851535 218.0 219.0 124.0
39.09400678104365 19.1298965801053 197.11913380781027 215.0 216.0 121.0
39.55100011072301 17.302020589999785 197.10361631909078 172.0 171.0 116.0
39.550998207950634 17.758989111833067 197.10760469838567 208.0 209.0 129.0
39.55099630517826 18.215957633666353 197.11159307768062 203.0 204.0 119.0
39.55099440240588 18.672926155499635 197.11558145697558 210.0 211.0 124.0
39.5509924996335 19.12989467733292 197.11956983627053 205.0 206.0 123.0
40.00798392654049 17.75898720906069 197.10804072684593 127.0 127.0 84.0
40.007982023768115 18.215955730893974 197.11202910614088 181.0 181.0 114.0
40.00798012099573 18.67292425272726 197.1160174854358 173.0 174.0 107.0
40.00797821822336 19.129892774560542 197.12000586473076 104.0 105.0 62.0
36.35166405213384 17.298045530111487 197.5575324336823 100.0 102.0 68.0
36.35166214936147 17.755014051944773 197.56152081297722 117.0 119.0 70.0
36.35166024658909 18.211982573778055 197.56550919227217 107.0 110.0 59.0
36.35165834381671 18.66895109561134 197.56949757156713 84.0 91.0 45.0
36.80865167349607 16.841075105505826 197.5539800828476 126.0 130.0 83.0
36.80864977072369 17.298043627339112 197.55796846214255 129.0 132.0 79.0
36.808647867951315 17.755012149172394 197.56195684143745 123.0 126.0 65.0
36.80864596517894 18.21198067100568 197.5659452207324 122.0 126.0 61.0
36.80864406240656 18.668949192838962 197.56993360002735 107.0 114.0 51.0
36.80864215963418 19.125917714672248 197.5739219793223 76.0 85.0 36.0
37.265639294858296 16.384104680900165 197.5504277320129 104.0 108.0 66.0
37.26563739208592 16.84107320273345 197.55441611130783 156.0 160.0 99.0
37.26563548931354 17.298041724566733 197.55840449060278 159.0 163.0 94.0
37.26563358654116 17.75501024640002 197.5623928698977 158.0 160.0 79.0
37.26563168376879 18.2119787682333 197.56638124919266 139.0 143.0 67.0
37.265629780996406 18.668947290066587 197.57036962848758 114.0 120.0 52.0
37.26562787822403 19.12591581189987 197.57435800778254 88.0 97.0 36.0
37.72262501344814 16.384102778127787 197.55086376047313 120.0 123.0 78.0
37.72262311067576 16.841071299961072 197.5548521397681 166.0 169.0 103.0
37.72262120790338 17.298039821794355 197.55884051906304 177.0 180.0 105.0
37.722619305131005 17.75500834362764 197.56282889835794 174.0 178.0 92.0
37.72261740235863 18.211976865460922 197.5668172776529 181.0 187.0 96.0
37.72261549958625 18.668945387294208 197.57080565694784 145.0 150.0 69.0
37.72261359681387 19.125913909127494 197.5747940362428 103.0 111.0 45.0
37.7226116940415 19.582882430960776 197.57878241553772 91.0 100.0 43.0
38.179610732037986 16.38410087535541 197.55129978893336 123.0 124.0 78.0
38.17960882926561 16.841069397188694 197.55528816822832 171.0 174.0 108.0
38.17960692649323 17.29803791902198 197.55927654752327 178.0 181.0 105.0
38.17960502372085 17.75500644085526 197.5632649268182 171.0 175.0 91.0
38.17960312094848 18.211974962688547 197.56725330611312 201.0 205.0 112.0
38.179601218176096 18.66894348452183 197.57124168540807 179.0 184.0 91.0
38.17959931540372 19.125912006355115 197.57523006470302 148.0 150.0 69.0
38.179597412631345 19.582880528188397 197.57921844399795 109.0 114.0 49.0
38.636596450627835 16.384098972583033 197.55173581739362 96.0 97.0 59.0
38.63659454785546 16.84106749441632 197.55572419668857 170.0 172.0 107.0
38.63659264508308 17.2980360162496 197.5597125759835 183.0 184.0 112.0
38.6365907423107 17.755004538082886 197.56370095527842 185.0 187.0 104.0
38.63658883953833 18.21197305991617 197.56768933457337 216.0 217.0 128.0
38.636586936765944 18.668941581749454 197.57167771386833 202.0 203.0 108.0
38.63658503399357 19.125910103582736 197.57566609316325 174.0 176.0 84.0
39.0935802664453 16.84106559164394 197.5561602251488 150.0 150.0 95.0
39.09357836367292 17.29803411347722 197.56014860444375 190.0 190.0 122.0
39.09357646090054 17.755002635310507 197.56413698373868 203.0 202.0 117.0
39.09357455812817 18.211971157143793 197.5681253630336 215.0 215.0 120.0
39.093572655355786 18.668939678977075 197.57211374232855 220.0 221.0 125.0
39.09357075258341 19.12590820081036 197.5761021216235 196.0 196.0 106.0
39.55056408226277 17.298032210704847 197.56058463290398 161.0 160.0 109.0
39.55056217949039 17.75500073253813 197.5645730121989 206.0 207.0 127.0
39.550560276718016 18.211969254371414 197.56856139149386 208.0 209.0 121.0
39.550558373945634 18.668937776204697 197.5725497707888 216.0 218.0 130.0
39.55055647117326 19.125906298037982 197.57653815008373 187.0 187.0 110.0
40.00754789808025 17.754998829765753 197.56500904065913 157.0 158.0 105.0
40.00754599530787 18.211967351599036 197.5689974199541 186.0 186.0 121.0
40.00754409253549 18.66893587343232 197.57298579924904 158.0 158.0 106.0
36.35122612090123 17.75102567264983 198.01848912679046 97.0 100.0 59.0
36.80821564503584 16.837086726210885 198.0109483966608 136.0 139.0 95.0
36.808213742263455 17.29405524804417 198.01493677595576 138.0 142.0 91.0
36.80821183949108 17.751023769877452 198.01892515525068 132.0 136.0 73.0
36.808209936718704 18.207992291710738 198.02291353454564 103.0 106.0 51.0
36.80820803394632 18.66496081354402 198.0269019138406 100.0 103.0 53.0
36.80820613117395 19.121929335377306 198.0308902931355 78.0 82.0 46.0
37.26520326639806 16.380116301605224 198.0073960458261 87.0 90.0 56.0
37.265201363625685 16.83708482343851 198.01138442512107 147.0 150.0 93.0
37.2651994608533 17.29405334527179 198.01537280441602 154.0 158.0 90.0
37.26519755808093 17.751021867105077 198.0193611837109 135.0 136.0 63.0
37.26519565530855 18.20799038893836 198.02334956300587 129.0 135.0 57.0
37.26519375253617 18.664958910771645 198.02733794230082 123.0 128.0 59.0
37.265191849763795 19.121927432604927 198.03132632159577 122.0 128.0 64.0
37.7221889849879 16.380114398832845 198.00783207428637 105.0 108.0 68.0
37.72218708221553 16.83708292066613 198.0118204535813 162.0 166.0 104.0
37.722185179443144 17.294051442499413 198.01580883287625 149.0 153.0 87.0
37.72218327667077 17.7510199643327 198.01979721217117 146.0 147.0 73.0
37.722181373898394 18.20798848616598 198.02378559146612 135.0 140.0 63.0
37.72217947112601 18.664957007999266 198.02777397076105 113.0 119.0 52.0
37.722177568353636 19.121925529832552 198.031762350056 105.0 114.0 47.0
38.17917470357775 16.38011249606047 198.0082681027466 134.0 136.0 85.0
38.179172800805375 16.837081017893752 198.01225648204155 171.0 174.0 106.0
38.17917089803299 17.294049539727038 198.0162448613365 176.0 178.0 108.0
38.17916899526062 17.75101806156032 198.0202332406314 180.0 183.0 102.0
38.17916709248824 18.207986583393605 198.02422161992635 176.0 179.0 94.0
38.17916518971586 18.664955105226888 198.0282099992213 123.0 126.0 55.0
38.179163286943485 19.121923627060173 198.03219837851626 118.0 123.0 51.0
38.6361604221676 16.38011059328809 198.00870413120683 129.0 130.0 79.0
38.636158519395224 16.837079115121377 198.01269251050178 174.0 175.0 110.0
38.63615661662284 17.29404763695466 198.01668088979673 190.0 191.0 118.0
38.636154713850466 17.751016158787944 198.02066926909166 191.0 191.0 106.0
38.63615281107809 18.207984680621227 198.02465764838658 211.0 213.0 120.0
38.63615090830571 18.664953202454512 198.02864602768153 186.0 187.0 94.0
38.63614900553333 19.121921724287795 198.03263440697648 133.0 134.0 59.0
39.093144237985065 16.837077212348998 198.01312853896204 174.0 174.0 114.0
39.09314233521268 17.29404573418228 198.01711691825696 202.0 202.0 134.0
39.09314043244031 17.751014256015566 198.02110529755188 207.0 207.0 123.0
39.09313852966793 18.20798277784885 198.02509367684684 223.0 223.0 129.0
39.09313662689555 18.664951299682134 198.0290820561418 223.0 223.0 128.0
39.093134724123175 19.12191982151542 198.0330704354367 112.0 112.0 51.0
39.550129956574914 16.83707530957662 198.01356456742226 99.0 99.0 70.0
39.55012805380253 17.294043831409905 198.01755294671722 164.0 164.0 119.0
39.550126151030156 17.751012353243187 198.02154132601214 210.0 210.0 132.0
39.55012424825778 18.207980875076473 198.02552970530706 216.0 216.0 125.0
39.5501223454854 18.664949396909755 198.02951808460202 218.0 219.0 132.0
39.55012044271302 19.12191791874304 198.03350646389697 109.0 109.0 57.0
40.00711377239239 17.294041928637526 198.01798897517745 125.0 125.0 84.0
40.00711186962001 17.75101045047081 198.02197735447237 165.0 165.0 103.0
40.007109966847636 18.207978972304094 198.02596573376732 201.0 202.0 125.0
40.007108064075254 18.66494749413738 198.02995411306227 149.0 150.0 94.0
36.80778151934797 16.37612982508266 198.4639283311791 82.0 86.0 56.0
36.807779616575594 16.833098346915943 198.46791671047404 117.0 120.0 80.0
36.80777771380321 17.29006686874923 198.471905089769 129.0 133.0 76.0
36.80777581103084 17.74703539058251 198.47589346906392 114.0 116.0 60.0
36.80777390825846 18.204003912415796 198.47988184835884 116.0 119.0 58.0
36.80777200548608 18.66097243424908 198.4838702276538 114.0 117.0 66.0
36.807770102713704 19.117940956082364 198.48785860694875 92.0 95.0 58.0
37.26476723793782 16.376127922310285 198.46436435963935 108.0 113.0 70.0
37.26476533516544 16.833096444143568 198.4683527389343 134.0 139.0 85.0
37.26476343239306 17.29006496597685 198.47234111822922 126.0 129.0 71.0
37.264761529620685 17.747033487810135 198.47632949752415 130.0 133.0 68.0
37.26475962684831 18.204002009643418 198.4803178768191 114.0 122.0 54.0
37.26475772407593 18.660970531476703 198.48430625611405 108.0 112.0 56.0
37.26475582130355 19.117939053309986 198.48829463540898 108.0 111.0 56.0
37.72175295652766 16.376126019537907 198.46480038809958 110.0 113.0 70.0
37.721751053755284 16.833094541371192 198.46878876739453 157.0 160.0 102.0
37.7217491509829 17.290063063204475 198.47277714668945 166.0 169.0 100.0
37.72174724821053 17.74703158503776 198.47676552598438 154.0 157.0 85.0
37.72174534543815 18.204000106871042 198.48075390527933 118.0 123.0 57.0
37.72174344266577 18.660968628704325 198.48474228457428 109.0 112.0 51.0
37.721741539893394 19.11793715053761 198.48873066386923 121.0 126.0 57.0
38.17873867511751 16.37612411676553 198.46523641655983 143.0 146.0 89.0
38.17873677234513 16.833092638598814 198.46922479585476 175.0 178.0 108.0
38.17873486957275 17.2900611604321 198.4732131751497 179.0 181.0 111.0
38.178732966800375 17.74702968226538 198.47720155444463 175.0 176.0 102.0
38.178731064028 18.203998204098667 198.48118993373959 148.0 149.0 74.0
38.17872916125562 18.66096672593195 198.4851783130345 120.0 122.0 53.0
38.17872725848324 19.117935247765235 198.48916669232946 136.0 142.0 64.0
38.635724393707356 16.376122213993153 198.46567244502006 126.0 127.0 82.0
38.63572249093498 16.83309073582644 198.469660824315 181.0 184.0 116.0
38.6357205881626 17.29005925765972 198.47364920360994 187.0 189.0 119.0
38.63571868539022 17.747027779493006 198.47763758290486 194.0 195.0 111.0
38.63571678261785 18.20399630132629 198.48162596219981 200.0 202.0 117.0
38.635714879845466 18.660964823159574 198.48561434149477 170.0 172.0 86.0
38.63571297707309 19.117933344992856 198.48960272078972 114.0 116.0 51.0
39.09270820952482 16.83308883305406 198.47009685277524 144.0 144.0 92.0
39.09270630675244 17.29005735488734 198.47408523207017 194.0 195.0 127.0
39.092704403980065 17.747025876720627 198.47807361136512 220.0 220.0 136.0
39.09270250120769 18.203994398553913 198.48206199066004 223.0 224.0 134.0
39.092700598435314 18.660962920387195 198.486050369955 212.0 211.0 124.0
39.54969202534229 17.290055452114967 198.47452126053042 144.0 144.0 99.0
39.54969012256991 17.74702397394825 198.47850963982535 222.0 223.0 150.0
39.54968821979754 18.203992495781534 198.4824980191203 224.0 225.0 145.0
39.549686317025156 18.660961017614817 198.48648639841525 191.0 190.0 118.0
40.00667584115977 17.747022071175873 198.4789456682856 155.0 154.0 90.0
40.006673938387394 18.203990593009156 198.48293404758053 153.0 151.0 91.0
36.80734358811535 16.829109967621005 198.92488502428728 96.0 98.0 62.0
36.80734168534297 17.28607848945429 198.9288734035822 111.0 114.0 68.0
36.807339782570594 17.743047011287572 198.93286178287713 84.0 88.0 40.0
36.80733787979822 18.200015533120858 198.93685016217208 95.0 97.0 56.0
36.807335977025836 18.65698405495414 198.94083854146703 113.0 115.0 74.0
37.264331209477575 16.372139543015344 198.92133267345255 88.0 92.0 56.0
37.2643293067052 16.82910806484863 198.9253210527475 135.0 138.0 90.0
37.26432740393282 17.28607658668191 198.92930943204243 138.0 142.0 85.0
37.26432550116044 17.743045108515197 198.93329781133738 118.0 120.0 63.0
37.26432359838807 18.20001363034848 198.9372861906323 110.0 115.0 58.0
37.264321695615685 18.656982152181765 198.94127456992726 117.0 121.0 69.0
37.72131692806742 16.372137640242965 198.9217687019128 113.0 117.0 69.0
37.72131502529504 16.82910616207625 198.92575708120776 155.0 158.0 99.0
37.72131312252266 17.286074683909533 198.92974546050266 164.0 167.0 101.0
37.721311219750284 17.74304320574282 198.9337338397976 173.0 176.0 104.0
37.72130931697791 18.2000117275761 198.93772221909256 143.0 147.0 78.0
37.72130741420553 18.656980249409386 198.94171059838752 126.0 128.0 61.0
38.178302646657265 16.37213573747059 198.92220473037304 131.0 134.0 82.0
38.17830074388489 16.82910425930387 198.926193109668 173.0 176.0 110.0
38.17829884111251 17.286072781137158 198.93018148896292 188.0 190.0 122.0
38.17829693834013 17.74304130297044 198.93416986825784 181.0 182.0 109.0
38.17829503556776 18.200009824803725 198.9381582475528 157.0 158.0 85.0
38.178293132795375 18.656978346637008 198.94214662684774 139.0 141.0 64.0
38.63528836524711 16.37213383469821 198.9226407588333 90.0 91.0 58.0
38.63528646247474 16.829102356531497 198.92662913812822 169.0 171.0 111.0
38.635284559702356 17.28607087836478 198.93061751742314 207.0 210.0 141.0
38.63528265692998 17.743039400198064 198.9346058967181 213.0 215.0 138.0
38.635280754157606 18.200007922031347 198.93859427601305 195.0 196.0 119.0
38.63527885138522 18.656976443864632 198.94258265530797 109.0 109.0 47.0
39.09227218106458 16.82910045375912 198.92706516658848 102.0 103.0 64.0
39.092270278292204 17.286068975592404 198.9310535458834 200.0 201.0 140.0
39.09226837551983 17.743037497425686 198.93504192517833 237.0 238.0 173.0
39.092266472747454 18.20000601925897 198.93903030447328 228.0 228.0 155.0
39.09226456997507 18.656974541092254 198.94301868376823 102.0 101.0 62.0
39.549255996882046 17.28606707282003 198.93148957434363 119.0 119.0 71.0
39.54925409410967 17.74303559465331 198.93547795363858 221.0 222.0 165.0
39.549252191337295 18.200004116486596 198.9394663329335 199.0 199.0 157.0
36.80690185133798 18.19602715382592 199.3938184759853 95.0 98.0 57.0
37.263893278244964 16.82511968555369 199.38228936656074 91.0 93.0 65.0
37.26389137547258 17.282088207386973 199.38627774585564 126.0 130.0 84.0
37.26388947270021 17.73905672922026 199.3902661251506 104.0 111.0 55.0
37.26388756992783 18.19602525105354 199.39425450444554 101.0 104.0 58.0
37.72088089960718 16.368149260948027 199.37873701572602 89.0 91.0 59.0
37.720878996834806 16.825117782781312 199.38272539502097 146.0 149.0 100.0
37.72087709406242 17.282086304614594 199.3867137743159 159.0 161.0 105.0
37.72087519129005 17.73905482644788 199.39070215361085 136.0 137.0 79.0
37.72087328851767 18.196023348281162 199.39469053290577 115.0 118.0 63.0
38.17786661819703 16.36814735817565 199.37917304418627 112.0 114.0 72.0
38.177864715424654 16.825115880008934 199.38316142348123 174.0 177.0 115.0
38.17786281265227 17.28208440184222 199.38714980277612 205.0 207.0 147.0
38.1778609098799 17.7390529236755 199.39113818207107 194.0 196.0 125.0
38.17785900710752 18.196021445508787 199.39512656136603 139.0 141.0 74.0
38.6348504340145 16.82511397723656 199.38359745194145 154.0 155.0 101.0
38.63484853124212 17.28208249906984 199.38758583123638 222.0 224.0 169.0
38.634846628469745 17.739051020903126 199.3915742105313 232.0 233.0 173.0
38.63484472569737 18.19601954273641 199.39556258982626 159.0 158.0 99.0
39.09183424983197 17.28208059629746 199.3880218596966 135.0 134.0 83.0
39.091832347059594 17.739049118130747 199.39201023899156 204.0 203.0 159.0
37.26345534701234 17.278099828092035 199.84324605966887 80.0 85.0 53.0
37.72044296837456 16.821129403486374 199.8396937088342 146.0 148.0 105.0
37.72044106560219 17.278097925319656 199.8436820881291 149.0 150.0 107.0
37.72043916282981 17.735066447152942 199.84767046742405 127.0 129.0 76.0
37.72043726005744 18.192034968986224 199.851658846719 108.0 111.0 57.0
38.17743058973679 16.364158978880713 199.83614135799948 86.0 87.0 59.0
38.17742868696441 16.821127500713995 199.84012973729443 174.0 176.0 119.0
38.17742678419203 17.27809602254728 199.84411811658936 195.0 195.0 142.0
38.177424881419654 17.735064544380563 199.8481064958843 179.0 181.0 112.0
38.17742297864728 18.19203306621385 199.85209487517923 102.0 101.0 51.0
38.63441440555426 16.82112559794162 199.8405657657547 125.0 126.0 77.0
38.63441250278188 17.278094119774902 199.84455414504959 181.0 179.0 121.0
38.6344106000095 17.735062641608188 199.84854252434454 174.0 170.0 110.0
37.72000313436957 17.731078067858004 200.3046387812373 113.0 115.0 71.0
38.17699265850417 16.817139121419057 200.29709805110767 114.0 115.0 81.0
38.17699075573179 17.274107643252343 200.30108643040256 148.0 148.0 100.0
38.17698885295941 17.731076165085625 200.30507480969752 124.0 125.0 76.0
38.633976474321635 17.274105740479964 200.30152245886282 100.0 101.0 56.0
38.180031538319206 20.04383742931662 197.12623850947966 112.0 119.0 47.0
37.728281966797 19.177762839961705 191.63420595667088 80.0 82.0 32.0
38.18526578261447 19.63472945902261 191.63863036442606 95.0 99.0 39.0
36.8138802094742 17.802872700711664 192.0783370756788 116.0 90.0 41.0
36.813878306701824 18.25984122254495 192.08232545497376 121.0 115.0 49.0
37.27086402529167 18.25983931977257 192.082761483434 110.0 82.0 29.0
37.72784403556439 19.630742982500045 192.09516264977904 86.0 92.0 27.0
38.18483165692661 19.173772557894385 192.09161029894435 103.0 104.0 38.0
38.18482975415424 19.630741079727667 192.0955986782393 120.0 125.0 43.0
38.184827851381854 20.087709601560952 192.09958705753425 79.0 86.0 29.0
35.899467035517134 19.169793692461333 192.54639847045638 76.0 80.0 27.0
36.81344608378633 17.341915799583443 192.53131701019709 126.0 120.0 81.0
36.813444181013956 17.798884321416725 192.53530538949204 153.0 152.0 81.0
36.81344227824158 18.25585284325001 192.539293768787 147.0 146.0 69.0
36.813440375469206 18.712821365083293 192.54328214808191 97.0 97.0 39.0
37.270429899603805 17.79888241864435 192.53574141795227 142.0 102.0 42.0
37.27042799683143 18.255850940477632 192.53972979724722 138.0 114.0 42.0
37.27042609405905 18.712819462310918 192.54371817654217 118.0 113.0 39.0
37.727411812648896 18.71281755953854 192.5441542050024 100.0 100.0 36.0
37.72740990987652 19.169786081371825 192.54814258429732 118.0 122.0 43.0
37.727408007104145 19.626754603205107 192.55213096359228 97.0 108.0 27.0
38.184397531238744 18.71281565676616 192.54459023346263 91.0 88.0 32.0
38.18439562846637 19.169784178599446 192.54857861275758 138.0 142.0 50.0
38.184393725693994 19.62675270043273 192.5525669920525 133.0 139.0 43.0
38.18439182292161 20.083721222266014 192.55655537134746 94.0 101.0 33.0
38.64138134705621 19.169782275827068 192.5490146412178 105.0 106.0 45.0
38.641379444283835 19.626750797660353 192.55300302051276 100.0 102.0 41.0
35.89903481260165 18.251868269499827 192.99539002567974 95.0 96.0 35.0
35.899032909829266 18.708836791333113 192.99937840497466 85.0 89.0 28.0
35.89903100705689 19.165805313166395 193.0033667842696 92.0 98.0 37.0
36.35602243396387 17.794897844894166 192.99183767484502 134.0 125.0 69.0
36.3560205311915 18.251866366727448 192.99582605413997 126.0 124.0 57.0
36.356018628419115 18.708834888560734 192.9998144334349 102.0 103.0 40.0
36.35601672564674 19.165803410394016 193.00380281272984 81.0 87.0 28.0
36.813010055326096 17.337927420288505 192.98828532401032 133.0 129.0 86.0
36.81300815255372 17.794895942121787 192.99227370330527 154.0 154.0 86.0
36.813006249781346 18.251864463955073 192.9962620826002 159.0 161.0 83.0
36.81300434700896 18.708832985788355 193.00025046189512 141.0 144.0 68.0
36.81300244423659 19.16580150762164 193.00423884119007 93.0 103.0 37.0
37.26999387114356 17.794894039349412 192.9927097317655 152.0 119.0 56.0
37.26999196837119 18.251862561182694 192.99669811106045 160.0 155.0 71.0
37.269990065598805 18.70883108301598 193.00068649035538 141.0 143.0 62.0
37.26998816282643 19.165799604849262 193.0046748696503 110.0 115.0 36.0
37.72697958973341 17.794892136577033 192.99314576022573 107.0 80.0 32.0
37.726977686961035 18.251860658410315 192.99713413952068 137.0 134.0 61.0
37.72697578418865 18.7088291802436 193.0011225188156 148.0 151.0 63.0
37.72697388141628 19.165797702076887 193.00511089811056 130.0 136.0 45.0
37.7269719786439 19.62276622391017 193.0090992774055 95.0 106.0 25.0
38.183963405550884 18.25185875563794 192.99757016798094 124.0 108.0 37.0
38.1839615027785 18.708827277471222 193.00155854727583 158.0 160.0 62.0
38.183959600006126 19.165795799304508 193.0055469265708 151.0 156.0 53.0
38.18395769723375 19.62276432113779 193.00953530586574 129.0 137.0 36.0
38.18395579446137 20.079732842971076 193.0135236851607 78.0 86.0 19.0
38.64094722136834 18.708825374698847 193.0019945757361 156.0 157.0 65.0
38.64094531859597 19.16579389653213 193.00598295503104 161.0 165.0 67.0
38.64094341582359 19.622762418365415 193.00997133432597 152.0 158.0 56.0
39.09793293995819 18.70882347192647 193.00243060419632 99.0 100.0 45.0
39.097931037185816 19.165791993759754 193.00641898349127 119.0 121.0 55.0
39.09792913441344 19.622760515593036 193.01040736278622 97.0 98.0 43.0
35.89860068691379 17.790911368371603 193.448369960198 135.0 133.0 69.0
35.89859878414141 18.247879890204885 193.45235833949295 124.0 126.0 60.0
35.89859688136903 18.70484841203817 193.45634671878787 101.0 104.0 45.0
35.898594978596655 19.161816933871453 193.46033509808282 78.0 85.0 30.0
36.35558830827601 17.333940943765942 193.4448176093633 95.0 89.0 66.0
36.35558640550364 17.790909465599224 193.44880598865825 141.0 139.0 84.0
36.35558450273126 18.247877987432506 193.4527943679532 152.0 154.0 79.0
36.35558259995888 18.704846509265792 193.4567827472481 131.0 134.0 59.0
36.355580697186504 19.161815031099074 193.46077112654305 101.0 108.0 37.0
36.81257402686586 17.333939040993567 193.44525363782353 124.0 118.0 82.0
36.812572124093485 17.79090756282685 193.44924201711848 153.0 151.0 85.0
36.81257022132111 18.24787608466013 193.45323039641343 164.0 167.0 89.0
36.81256831854873 18.704844606493417 193.45721877570836 169.0 174.0 88.0
36.81256641577635 19.1618131283267 193.4612071550033 154.0 162.0 73.0
36.81256451300398 19.61878165015998 193.46519553429823 86.0 101.0 32.0
37.26955784268333 17.790905660054474 193.44967804557874 166.0 148.0 79.0
37.26955593991095 18.247874181887756 193.45366642487366 168.0 168.0 86.0
37.26955403713857 18.70484270372104 193.45765480416858 145.0 150.0 65.0
37.269552134366194 19.161811225554324 193.46164318346354 124.0 129.0 46.0
37.26955023159382 19.618779747387606 193.4656315627585 95.0 108.0 28.0
37.7265416585008 18.247872279115377 193.45410245333392 176.0 175.0 84.0
37.72653975572842 18.704840800948663 193.45809083262884 157.0 160.0 66.0
37.72653785295604 19.16180932278195 193.46207921192376 135.0 142.0 48.0
37.72653595018367 19.61877784461523 193.46606759121872 103.0 115.0 27.0
37.726534047411285 20.075746366448517 193.47005597051367 86.0 99.0 23.0
38.18352737709065 18.247870376343002 193.45453848179415 159.0 160.0 68.0
38.183525474318266 18.704838898176284 193.45852686108907 163.0 163.0 65.0
38.18352357154589 19.16180742000957 193.46251524038402 156.0 161.0 55.0
38.183521668773516 19.618775941842852 193.46650361967897 132.0 138.0 39.0
38.64051119290811 18.70483699540391 193.4589628895493 162.0 163.0 71.0
38.64050929013573 19.16180551723719 193.46295126884425 162.0 166.0 66.0
38.64050738736336 19.618774039070477 193.4669396481392 144.0 149.0 53.0
39.09749500872558 19.161803614464816 193.4633872973045 150.0 154.0 67.0
39.097493105953205 19.618772136298098 193.46737567659943 123.0 126.0 51.0
39.55448072731543 19.161801711692437 193.46382332576474 84.0 84.0 39.0
35.898164658453545 17.786922989076665 193.90533827401123 134.0 124.0 66.0
35.89816275568117 18.243891510909947 193.90932665330618 124.0 121.0 49.0
35.89816085290879 18.700860032743233 193.91331503260108 117.0 120.0 50.0
35.89815895013641 19.157828554576515 193.91730341189603 124.0 130.0 64.0
36.35515227981577 17.329952564471 193.90178592317653 132.0 128.0 94.0
36.355150377043394 17.786921086304286 193.90577430247146 149.0 146.0 88.0
36.35514847427102 18.243889608137568 193.9097626817664 136.0 135.0 67.0
36.355146571498636 18.700858129970854 193.91375106106133 119.0 120.0 52.0
36.35514466872626 19.157826651804136 193.91773944035629 98.0 106.0 42.0
36.81213609563324 17.786919183531907 193.9062103309317 161.0 160.0 96.0
36.81213419286087 18.243887705365193 193.91019871022667 171.0 174.0 92.0
36.812132290088485 18.700856227198475 193.91418708952156 138.0 137.0 65.0
36.81213038731611 19.15782474903176 193.91817546881651 86.0 91.0 39.0
37.269121814223084 17.786917280759532 193.90664635939194 172.0 167.0 90.0
37.26911991145071 18.243885802592814 193.9106347386869 178.0 177.0 82.0
37.269118008678326 18.7008543244261 193.91462311798182 165.0 169.0 79.0
37.26911610590595 19.157822846259382 193.91861149727677 118.0 121.0 53.0
37.269114203133576 19.614791368092668 193.9225998765717 96.0 104.0 39.0
37.72610563004056 18.243883899820435 193.91107076714712 161.0 162.0 74.0
37.726103727268175 18.70085242165372 193.91505914644205 154.0 159.0 67.0
37.7261018244958 19.157820943487007 193.919047525737 136.0 142.0 54.0
37.726099921723424 19.61478946532029 193.92303590503195 120.0 127.0 43.0
37.72609801895104 20.071757987153575 193.92702428432688 104.0 112.0 38.0
38.18308944585802 18.700850518881342 193.9154951749023 162.0 167.0 71.0
38.18308754308565 19.157819040714628 193.91948355419723 158.0 165.0 66.0
38.18308564031327 19.61478756254791 193.92347193349218 157.0 163.0 62.0
38.18308373754089 20.071756084381196 193.92746031278713 79.0 80.0 34.0
38.640075164447865 18.700848616108967 193.91593120336253 168.0 172.0 75.0
38.64007326167549 19.157817137942253 193.91991958265749 169.0 173.0 73.0
38.640071358903114 19.614785659775535 193.92390796195244 162.0 165.0 67.0
39.09705898026534 19.157815235169878 193.9203556111177 175.0 176.0 78.0
39.09705707749296 19.61478375700316 193.92434399041267 145.0 147.0 62.0
35.8977286299933 17.782934609781726 194.36230658782446 126.0 118.0 70.0
35.89772672722093 18.23990313161501 194.3662949671194 140.0 141.0 61.0
35.897724824448545 18.696871653448294 194.3702833464143 131.0 137.0 63.0
35.89772292167617 19.153840175281577 194.37427172570926 120.0 128.0 67.0
36.354716251355526 17.325964185176062 194.35875423698974 150.0 145.0 106.0
36.35471434858315 17.782932707009348 194.3627426162847 158.0 150.0 88.0
36.354712445810776 18.23990122884263 194.36673099557964 158.0 160.0 71.0
36.354710543038394 18.696869750675916 194.37071937487454 128.0 134.0 53.0
36.35470864026602 19.153838272509198 194.3747077541695 106.0 118.0 50.0
36.35470673749364 19.610806794342484 194.37869613346444 76.0 87.0 42.0
36.811700067173 17.78293080423697 194.36317864474492 167.0 166.0 98.0
36.811698164400624 18.239899326070255 194.36716702403987 172.0 175.0 88.0
36.81169626162824 18.696867847903537 194.3711554033348 169.0 175.0 88.0
36.81169435885587 19.153836369736823 194.37514378262975 105.0 114.0 50.0
37.26868578576284 17.782928901464594 194.36361467320518 160.0 160.0 87.0
37.268683882990466 18.239897423297876 194.36760305250013 161.0 164.0 78.0
37.26868198021808 18.69686594513116 194.37159143179503 134.0 135.0 61.0
37.26868007744571 19.153834466964444 194.37557981108998 103.0 107.0 50.0
37.26867817467333 19.61080298879773 194.37956819038493 92.0 99.0 50.0
37.725669601580314 18.239895520525497 194.36803908096036 157.0 160.0 71.0
37.72566769880793 18.696864042358783 194.37202746025528 156.0 160.0 72.0
37.72566579603556 19.15383256419207 194.37601583955023 149.0 155.0 70.0
37.72566389326318 19.61080108602535 194.38000421884516 130.0 134.0 62.0
37.7256619904908 20.067769607858637 194.3839925981401 120.0 124.0 61.0
38.18265341739778 18.696862139586404 194.3724634887155 176.0 177.0 81.0
38.182651514625405 19.15383066141969 194.37645186801046 169.0 172.0 80.0
38.18264961185303 19.610799183252972 194.38044024730542 146.0 149.0 72.0
38.18264770908065 20.067767705086258 194.38442862660034 92.0 94.0 47.0
38.63963913598762 18.69686023681403 194.37289951717577 178.0 177.0 78.0
38.63963723321525 19.15382875864731 194.3768878964707 163.0 162.0 75.0
38.63963533044287 19.610797280480597 194.38087627576564 131.0 131.0 59.0
39.096622951805095 19.153826855874936 194.37732392493095 158.0 158.0 72.0
39.09662104903272 19.610795377708218 194.3813123042259 97.0 97.0 44.0
35.89729260153307 17.778946230486785 194.81927490163767 134.0 134.0 82.0
35.89729069876069 18.235914752320067 194.82326328093262 150.0 155.0 79.0
35.89728879598831 18.692883274153353 194.82725166022755 127.0 136.0 63.0
35.897286893215934 19.149851795986635 194.83124003952247 115.0 122.0 65.0
36.35428022289529 17.32197580588112 194.81572255080297 133.0 131.0 94.0
36.354278320122916 17.778944327714406 194.81971093009793 148.0 148.0 87.0
36.35427641735054 18.235912849547688 194.82369930939285 157.0 160.0 75.0
36.35427451457816 18.692881371380974 194.82768768868777 122.0 127.0 49.0
36.35427261180578 19.149849893214256 194.83167606798273 87.0 98.0 40.0
36.35427070903341 19.60681841504754 194.83566444727768 77.0 87.0 43.0
36.811264038712764 17.778942424942027 194.82014695855815 159.0 160.0 88.0
36.81126213594039 18.235910946775313 194.82413533785308 176.0 178.0 89.0
36.81126023316801 18.692879468608595 194.828123717148 151.0 154.0 71.0
36.81125833039563 19.14984799044188 194.83211209644296 92.0 101.0 43.0
36.811256427623256 19.606816512275163 194.8361004757379 74.0 83.0 43.0
37.26824785453023 18.235909044002934 194.82457136631334 180.0 182.0 84.0
37.26824595175785 18.69287756583622 194.82855974560826 153.0 157.0 70.0
37.26824404898547 19.149846087669502 194.8325481249032 111.0 114.0 56.0
37.2682421462131 19.606814609502788 194.83653650419814 93.0 98.0 54.0
37.72523357312008 18.235907141230555 194.82500739477356 178.0 180.0 77.0
37.725231670347696 18.69287566306384 194.8289957740685 171.0 176.0 81.0
37.72522976757532 19.149844184897127 194.83298415336344 148.0 151.0 73.0
37.725227864802946 19.60681270673041 194.8369725326584 126.0 129.0 70.0
37.725225962030564 20.063781228563695 194.84096091195335 94.0 96.0 50.0
38.182217388937545 18.692873760291462 194.82943180252875 178.0 181.0 84.0
38.18221548616517 19.149842282124748 194.8334201818237 173.0 175.0 89.0
38.182213583392794 19.60681080395803 194.83740856111862 154.0 155.0 86.0
38.18221168062041 20.063779325791316 194.84139694041357 95.0 96.0 57.0
38.63920120475501 19.14984037935237 194.83385621028393 180.0 181.0 88.0
38.639199301982636 19.606808901185655 194.83784458957888 169.0 170.0 87.0
39.09618692334486 19.149838476579994 194.83429223874415 191.0 192.0 95.0
39.096185020572484 19.606806998413276 194.8382806180391 141.0 142.0 71.0
35.896856573072824 17.774957851191846 195.2762432154509 113.0 114.0 69.0
35.89685467030045 18.23192637302513 195.28023159474583 132.0 138.0 70.0
35.89685276752807 18.688894894858414 195.28421997404075 108.0 114.0 56.0
35.89685086475569 19.145863416691697 195.2882083533357 94.0 99.0 56.0
36.35384229166267 17.774955948419468 195.27667924391113 132.0 134.0 74.0
36.3538403888903 18.23192447025275 195.28066762320606 144.0 149.0 68.0
36.353838486117915 18.688892992086036 195.284656002501 121.0 127.0 53.0
36.35383658334554 19.145861513919318 195.28864438179593 93.0 102.0 45.0
36.353834680573165 19.602830035752604 195.29263276109089 86.0 94.0 49.0
36.81082801025252 17.77495404564709 195.2771152723714 156.0 160.0 83.0
36.810826107480146 18.231922567480375 195.28110365166629 164.0 170.0 73.0
36.810824204707764 18.688891089313657 195.28509203096124 138.0 143.0 63.0
36.81082230193539 19.145859611146943 195.2890804102562 105.0 111.0 55.0
36.81082039916301 19.602828132980225 195.29306878955114 86.0 96.0 53.0
37.26781182606999 18.231920664707996 195.28153968012654 178.0 183.0 81.0
37.267809923297605 18.68888918654128 195.28552805942147 160.0 168.0 73.0
37.26780802052523 19.145857708374564 195.28951643871642 117.0 122.0 58.0
37.267806117752855 19.60282623020785 195.29350481801137 101.0 107.0 60.0
37.724795641887454 18.688887283768903 195.28596408788172 176.0 181.0 83.0
37.72479373911508 19.14585580560219 195.28995246717668 157.0 161.0 84.0
37.7247918363427 19.60282432743547 195.2939408464716 130.0 131.0 81.0
37.72478993357032 20.059792849268756 195.29792922576655 95.0 97.0 51.0
38.1817813604773 18.688885380996524 195.28640011634195 192.0 196.0 93.0
38.18177945770493 19.14585390282981 195.2903884956369 182.0 184.0 100.0
38.18177755493255 19.602822424663092 195.29437687493186 143.0 144.0 89.0
38.638765176294775 19.14585200005743 195.29082452409716 199.0 201.0 106.0
38.6387632735224 19.602820521890717 195.29481290339208 170.0 172.0 92.0
39.09575089488462 19.145850097285056 195.2912605525574 209.0 211.0 109.0
39.09574899211224 19.602818619118338 195.29524893185234 160.0 161.0 80.0
35.89642054461258 17.770969471896905 195.7332115292641 110.0 113.0 66.0
35.89641864184021 18.227937993730187 195.73719990855903 114.0 119.0 63.0
35.896416739067824 18.684906515563473 195.741188287854 98.0 102.0 54.0
36.35340626320243 17.77096756912453 195.73364755772437 136.0 140.0 76.0
36.353404360430055 18.22793609095781 195.73763593701926 137.0 143.0 64.0
36.35340245765767 18.684904612791094 195.74162431631422 106.0 113.0 46.0
36.3534005548853 19.14187313462438 195.74561269560917 92.0 101.0 44.0
36.35339865211292 19.59884165645766 195.74960107490412 92.0 99.0 52.0
36.81039198179228 17.77096566635215 195.7340835861846 153.0 159.0 76.0
36.8103900790199 18.227934188185436 195.73807196547952 142.0 147.0 56.0
36.81038817624752 18.68490271001872 195.74206034477447 124.0 128.0 55.0
36.810386273475146 19.141871231852004 195.7460487240694 105.0 111.0 56.0
36.81038437070277 19.598839753685287 195.75003710336435 97.0 105.0 61.0
37.267375797609745 18.227932285413058 195.73850799393975 180.0 185.0 79.0
37.26737389483737 18.684900807246343 195.7424963732347 163.0 169.0 74.0
37.267371992064994 19.141869329079626 195.74648475252965 122.0 125.0 63.0
37.26737008929262 19.59883785091291 195.7504731318246 108.0 115.0 66.0
37.72435961342721 18.684898904473965 195.74293240169493 180.0 184.0 86.0
37.724357710654836 19.14186742630725 195.74692078098988 152.0 155.0 84.0
37.72435580788246 19.598835948140533 195.75090916028483 109.0 109.0 70.0
37.72435390511008 20.05580446997382 195.75489753957976 93.0 95.0 51.0
38.18134533201706 18.684897001701586 195.7433684301552 200.0 203.0 101.0
38.181343429244684 19.14186552353487 195.74735680945014 180.0 182.0 100.0
38.18134152647231 19.598834045368154 195.75134518874506 130.0 130.0 82.0
38.63832914783453 19.141863620762493 195.74779283791037 208.0 210.0 115.0
38.63832724506216 19.59883214259578 195.75178121720532 170.0 173.0 97.0
39.095312963652 19.5988302398234 195.75221724566555 143.0 144.0 75.0
35.895984516152346 17.766981092601966 196.19017984307735 78.0 81.0 47.0
35.89598261337997 18.22394961443525 196.19416822237227 88.0 90.0 54.0
36.352970234742195 17.766979189829588 196.19061587153757 139.0 142.0 82.0
36.35296833196982 18.22394771166287 196.1946042508325 125.0 128.0 65.0
36.35296642919744 18.680916233496156 196.19859263012745 105.0 111.0 51.0
36.35296452642506 19.137884755329438 196.2025810094224 85.0 93.0 42.0
36.35296262365269 19.594853277162724 196.20656938871733 87.0 92.0 51.0
36.80995405055967 18.223945808890495 196.19504027929273 136.0 141.0 64.0
36.809952147787286 18.680914330723777 196.19902865858768 113.0 117.0 57.0
36.80995024501491 19.137882852557063 196.20301703788263 102.0 108.0 56.0
36.809948342242535 19.594851374390345 196.20700541717758 99.0 104.0 62.0
37.266937866377134 18.6809124279514 196.19946468704794 157.0 161.0 77.0
37.26693596360476 19.137880949784684 196.20345306634286 137.0 139.0 77.0
37.266934060832384 19.59484947161797 196.2074414456378 106.0 112.0 63.0
37.7239216821946 19.13787904701231 196.20388909480312 144.0 147.0 80.0
37.723919779422225 19.59484756884559 196.20787747409807 106.0 110.0 64.0
37.72391787664984 20.051816090678876 196.21186585339296 82.0 87.0 37.0
38.18090740078445 19.13787714423993 196.20432512326335 172.0 176.0 96.0
38.18090549801207 19.594845666073216 196.2083135025583 110.0 112.0 64.0
38.63789121660192 19.59484376330084 196.20874953101853 132.0 134.0 72.0
36.35253230350958 18.21995933236793 196.65157256464573 97.0 100.0 58.0
36.352530400737194 18.676927854201217 196.65556094394066 83.0 89.0 46.0
36.35252849796482 19.1338963760345 196.6595493232356 74.0 81.0 41.0
36.80951611932704 18.67692595142884 196.6559969724009 109.0 114.0 61.0
36.80951421655467 19.133894473262124 196.65998535169587 97.0 104.0 54.0
36.80951231378229 19.590862995095407 196.6639737309908 94.0 98.0 61.0
37.266499935144516 19.133892570489746 196.6604213801561 114.0 117.0 64.0
37.26649803237214 19.59086109232303 196.66440975945105 89.0 94.0 53.0
37.72348375096198 19.590859189550653 196.66484578791128 96.0 102.0 55.0
36.809078188094425 19.129906093967186 197.11695366550907 90.0 98.0 46.0
37.2660620039119 19.586872713028093 197.12137807326425 84.0 89.0 47.0
37.7234818481896 20.04782771138394 196.6688341672062 78.0 85.0 30.0
37.72304581972936 20.043839332089 197.12580248101943 100.0 106.0 47.0
