36.82782550911237 19.758374925482862 177.4713045508355 93.0 100.0 57.0
36.82739138342451 19.29741802435464 177.92428448535378 82.0 90.0 36.0
36.82738948065214 19.754386546187924 177.9282728646487 98.0 103.0 50.0
37.28437710201436 19.297416121582263 177.924720513814 123.0 129.0 58.0
37.284375199241985 19.75438464341555 177.92870889310896 111.0 119.0 53.0
37.2843732964696 20.21135316524883 177.93269727240389 84.0 91.0 41.0
37.74136091783183 19.75438274064317 177.9291449215692 129.0 135.0 61.0
37.74135901505945 20.211351262476455 177.9331333008641 95.0 101.0 42.0
36.826957257736645 18.836461123226417 178.37726441987203 122.0 127.0 66.0
36.82695535496427 19.293429645059703 178.381252799167 133.0 139.0 69.0
36.826953452191894 19.750398166892985 178.38524117846194 137.0 143.0 71.0
37.28394297632649 18.836459220454042 178.3777004483323 100.0 101.0 36.0
37.28394107355412 19.293427742287324 178.38168882762724 138.0 143.0 64.0
37.28393917078174 19.75039626412061 178.38567720692217 135.0 142.0 59.0
37.74092869491634 18.836457317681663 178.37813647679252 101.0 101.0 41.0
37.740926792143966 19.29342583951495 178.38212485608747 130.0 135.0 60.0
37.74092488937159 19.75039436134823 178.38611323538242 135.0 141.0 58.0
37.74092298659921 20.207362883181517 178.39010161467735 78.0 84.0 30.0
38.19791441350618 18.836455414909285 178.37857250525278 113.0 107.0 57.0
38.19791251073381 19.29342393674257 178.3825608845477 130.0 131.0 63.0
38.19791060796143 19.750392458575853 178.38654926384265 138.0 143.0 63.0
38.654898229323656 19.29342203397019 178.38299691300796 120.0 121.0 60.0
38.65489632655128 19.750390555803477 178.3869852923029 88.0 89.0 41.0
36.36953551068656 18.832474646703858 178.83379670522504 119.0 122.0 79.0
36.369533607914185 19.28944316853714 178.83778508451996 116.0 118.0 75.0
36.36953170514181 19.746411690370426 178.84177346381492 86.0 87.0 55.0
36.826523132048784 18.375504222098197 178.83024435439032 103.0 106.0 45.0
36.8265212292764 18.83247274393148 178.83423273368527 147.0 151.0 84.0
36.82651932650403 19.289441265764765 178.83822111298022 146.0 151.0 79.0
36.82651742373165 19.746409787598047 178.84220949227517 142.0 148.0 73.0
37.28350885063863 18.37550231932582 178.83068038285057 100.0 101.0 48.0
37.28350694786625 18.832470841159104 178.8346687621455 141.0 145.0 74.0
37.283505045093875 19.289439362992386 178.83865714144045 150.0 155.0 72.0
37.2835031423215 19.746407884825672 178.8426455207354 137.0 141.0 52.0
37.7404926664561 18.832468938386725 178.83510479060575 116.0 116.0 56.0
37.740490763683724 19.28943746022001 178.8390931699007 140.0 145.0 63.0
37.74048886091135 19.746405982053293 178.84308154919563 143.0 150.0 60.0
38.19747838504594 18.832467035614346 178.83554081906598 122.0 122.0 62.0
38.197476482273565 19.289435557447632 178.83952919836094 143.0 147.0 67.0
38.19747457950119 19.746404079280914 178.8435175776559 147.0 151.0 63.0
38.65446410363579 18.83246513284197 178.83597684752624 127.0 126.0 67.0
38.654462200863414 19.289433654675253 178.83996522682116 137.0 138.0 67.0
38.65446029809104 19.74640217650854 178.84395360611612 113.0 114.0 49.0
36.3691013849987 18.37151774557563 179.2867766397433 149.0 154.0 106.0
36.369099482226325 18.828486267408916 179.29076501903825 161.0 163.0 110.0
36.36909757945395 19.2854547892422 179.2947533983332 132.0 138.0 83.0
36.369095676681575 19.742423311075484 179.29874177762815 84.0 88.0 49.0
36.82608710358855 18.371515842803255 179.28721266820355 154.0 159.0 86.0
36.826085200816166 18.82848436463654 179.2912010474985 157.0 161.0 87.0
36.82608329804379 19.285452886469823 179.29518942679343 149.0 154.0 75.0
36.826081395271416 19.74242140830311 179.29917780608838 127.0 132.0 57.0
37.28307472495077 17.914545418197598 179.28366031736886 94.0 92.0 53.0
37.2830728221784 18.37151394003088 179.28764869666378 160.0 161.0 92.0
37.283070919406015 18.828482461864166 179.29163707595873 161.0 163.0 85.0
37.28306901663364 19.285450983697448 179.29562545525368 152.0 158.0 71.0
37.283067113861264 19.742419505530734 179.2996138345486 148.0 153.0 59.0
37.740058540768246 18.3715120372585 179.28808472512404 143.0 143.0 85.0
37.74005663799586 18.828480559091787 179.29207310441896 153.0 154.0 81.0
37.74005473522349 19.285449080925073 179.2960614837139 153.0 157.0 72.0
37.74005283245111 19.742417602758355 179.30004986300887 152.0 157.0 66.0
38.19704425935809 18.371510134486126 179.28852075358427 135.0 129.0 70.0
38.197042356585705 18.828478656319408 179.29250913287922 155.0 147.0 73.0
38.19704045381333 19.285447178152694 179.29649751217417 156.0 157.0 71.0
38.197038551040954 19.742415699985976 179.3004858914691 153.0 157.0 65.0
38.654029977947935 18.371508231713747 179.28895678204452 104.0 94.0 50.0
38.65402807517555 18.828476753547033 179.29294516133945 144.0 140.0 73.0
38.65402617240318 19.285445275380315 179.2969335406344 150.0 152.0 74.0
38.6540242696308 19.7424137972136 179.30092191992932 138.0 141.0 58.0
39.111011890993026 19.28544337260794 179.29736956909463 83.0 82.0 42.0
36.36866725931084 17.91056084444741 179.73975657426158 100.0 105.0 62.0
36.368665356538465 18.367529366280692 179.74374495355653 169.0 173.0 118.0
36.36866345376608 18.824497888113978 179.74773333285148 163.0 166.0 107.0
36.36866155099371 19.28146640994726 179.75172171214643 136.0 141.0 81.0
36.36865964822133 19.738434931780546 179.75571009144136 80.0 84.0 43.0
36.82565297790068 17.91055894167503 179.74019260272183 126.0 122.0 64.0
36.825651075128306 18.367527463508317 179.74418098201676 166.0 170.0 93.0
36.825649172355924 18.8244959853416 179.7481693613117 164.0 167.0 85.0
36.82564726958355 19.281464507174885 179.75215774060666 159.0 164.0 73.0
36.82564536681117 19.738433029008167 179.7561461199016 140.0 147.0 58.0
37.282640599262905 17.45358851706937 179.73664025188714 93.0 87.0 52.0
37.28263869649053 17.910557038902656 179.74062863118206 166.0 166.0 98.0
37.282636793718154 18.36752556073594 179.74461701047701 175.0 177.0 102.0
37.28263489094577 18.824494082569224 179.74860538977197 169.0 171.0 87.0
37.2826329881734 19.281462604402506 179.7525937690669 162.0 166.0 73.0
37.28263108540102 19.738431126235792 179.75658214836182 155.0 161.0 64.0
37.73962441508038 17.910555136130277 179.74106465964232 151.0 150.0 93.0
37.739622512308 18.36752365796356 179.74505303893724 166.0 167.0 96.0
37.73962060953562 18.824492179796845 179.7490414182322 166.0 167.0 87.0
37.739618706763245 19.28146070163013 179.75302979752715 161.0 165.0 76.0
37.73961680399087 19.738429223463413 179.75701817682207 155.0 161.0 67.0
38.19661013367022 17.910553233357902 179.74150068810255 127.0 123.0 74.0
38.196608230897844 18.367521755191184 179.7454890673975 155.0 153.0 88.0
38.19660632812546 18.824490277024466 179.74947744669242 156.0 153.0 77.0
38.19660442535309 19.281458798857752 179.75346582598738 162.0 165.0 78.0
38.19660252258071 19.738427320691034 179.7574542052823 155.0 160.0 69.0
38.65359585226007 17.910551330585527 179.74193671656278 104.0 93.0 43.0
38.65359394948769 18.36751985241881 179.74592509585773 140.0 134.0 76.0
38.65359204671531 18.82448837425209 179.74991347515268 151.0 150.0 80.0
38.653590143942935 19.281456896085377 179.75390185444763 147.0 147.0 76.0
38.65358824117056 19.73842541791866 179.75789023374253 131.0 133.0 62.0
39.11057776530516 18.824486471479716 179.7503495036129 104.0 104.0 57.0
39.110575862532784 19.281454993313 179.75433788290786 89.0 88.0 44.0
35.91124360948837 18.363542889758133 180.2002772389095 136.0 138.0 108.0
35.91124170671599 18.82051141159142 180.20426561820446 130.0 133.0 97.0
35.911239803943616 19.2774799334247 180.2082539974994 80.0 83.0 55.0
36.3682312308506 17.906572465152472 180.1967248880748 145.0 151.0 88.0
36.36822932807822 18.363540986985754 180.20071326736976 168.0 172.0 104.0
36.36822742530584 18.82050950881904 180.2047016466647 151.0 157.0 86.0
36.368225522533464 19.277478030652322 180.20869002595964 133.0 138.0 71.0
36.36822361976109 19.734446552485608 180.21267840525456 77.0 80.0 41.0
36.82521694944044 17.906570562380093 180.19716091653504 171.0 172.0 83.0
36.82521504666806 18.36353908421338 180.20114929583 166.0 171.0 87.0
36.82521314389568 18.82050760604666 180.20513767512494 164.0 170.0 81.0
36.825211241123306 19.277476127879947 180.2091260544199 144.0 152.0 62.0
36.82520933835093 19.73444464971323 180.2131144337148 90.0 96.0 34.0
37.28220457080266 17.449600137774432 180.19360856570037 88.0 87.0 54.0
37.28220266803029 17.906568659607718 180.1975969449953 161.0 162.0 94.0
37.28220076525791 18.363537181441 180.20158532429022 166.0 169.0 91.0
37.28219886248553 18.820505703274286 180.20557370358517 170.0 173.0 84.0
37.282196959713154 19.277474225107568 180.20956208288013 167.0 172.0 74.0
37.28219505694078 19.734442746940854 180.21355046217505 149.0 154.0 62.0
37.2821931541684 20.191411268774136 180.21753884147 79.0 83.0 38.0
37.73919028939251 17.449598235002053 180.1940445941606 116.0 113.0 72.0
37.739188386620135 17.90656675683534 180.19803297345553 176.0 175.0 105.0
37.73918648384776 18.36353527866862 180.20202135275048 173.0 173.0 95.0
37.73918458107538 18.820503800501907 180.20600973204543 167.0 167.0 84.0
37.739182678303 19.277472322335193 180.20999811134035 161.0 165.0 76.0
37.73918077553063 19.734440844168475 180.21398649063528 147.0 153.0 64.0
37.739178872758245 20.19140936600176 180.21797486993023 78.0 81.0 40.0
38.19617600798235 17.449596332229678 180.19448062262086 118.0 111.0 72.0
38.19617410520998 17.90656485406296 180.19846900191578 177.0 170.0 100.0
38.1961722024376 18.363533375896246 180.2024573812107 172.0 170.0 98.0
38.19617029966522 18.820501897729528 180.20644576050566 159.0 158.0 84.0
38.196168396892844 19.277470419562814 180.2104341398006 150.0 152.0 72.0
38.19616649412047 19.734438941396096 180.21442251909554 145.0 149.0 66.0
38.653159823799825 17.906562951290585 180.198905030376 145.0 136.0 73.0
38.65315792102745 18.363531473123867 180.20289340967096 139.0 131.0 75.0
38.65315601825507 18.820499994957153 180.2068817889659 142.0 141.0 77.0
38.65315411548269 19.277468516790435 180.21087016826084 136.0 137.0 69.0
38.65315221271032 19.73443703862372 180.21485854755576 126.0 129.0 59.0
39.110145542389674 17.906561048518206 180.19934105883624 97.0 83.0 41.0
39.1101436396173 18.363529570351492 180.2033294381312 96.0 93.0 53.0
39.110141736844916 18.820498092184774 180.20731781742614 110.0 110.0 60.0
39.11013983407254 19.27746661401806 180.2113061967211 99.0 96.0 48.0
39.110137931300166 19.734435135851342 180.215294576016 97.0 98.0 42.0
35.91080948380051 17.90258598862991 180.6532571734278 106.0 110.0 75.0
35.91080758102814 18.35955451046319 180.65724555272274 139.0 143.0 95.0
35.910805678255755 18.816523032296477 180.6612339320177 132.0 137.0 83.0
35.91080377548338 19.27349155412976 180.66522231131262 99.0 103.0 60.0
36.36779710516274 17.445615564024244 180.6497048225931 89.0 89.0 53.0
36.36779520239036 17.90258408585753 180.65369320188802 136.0 140.0 77.0
36.367793299617986 18.359552607690812 180.65768158118297 147.0 154.0 77.0
36.367791396845604 18.816521129524098 180.66166996047792 146.0 152.0 72.0
36.36778949407323 19.27348965135738 180.66565833977288 128.0 134.0 61.0
36.82478282375258 17.44561366125187 180.65014085105335 112.0 112.0 67.0
36.8247809209802 17.90258218308515 180.65412923034827 168.0 172.0 87.0
36.82477901820783 18.359550704918437 180.65811760964323 164.0 173.0 78.0
36.824777115435445 18.81651922675172 180.66210598893815 153.0 162.0 67.0
36.82477521266307 19.273487748585005 180.6660943682331 143.0 151.0 60.0
36.824773309890695 19.730456270418287 180.67008274752803 92.0 97.0 39.0
37.28176854234243 17.44561175847949 180.65057687951358 124.0 124.0 76.0
37.28176663957005 17.902580280312776 180.6545652588085 172.0 175.0 98.0
37.281764736797676 18.359548802146058 180.65855363810346 172.0 176.0 87.0
37.281762834025294 18.816517323979344 180.6625420173984 171.0 177.0 81.0
37.28176093125292 19.273485845812626 180.66653039669336 162.0 166.0 72.0
37.738754260932275 17.44560985570711 180.6510129079738 128.0 127.0 82.0
37.7387523581599 17.902578377540397 180.65500128726876 180.0 180.0 102.0
37.738750455387525 18.35954689937368 180.65898966656368 174.0 176.0 95.0
37.73874855261514 18.816515421206965 180.66297804585864 172.0 173.0 86.0
37.73874664984277 19.27348394304025 180.6669664251536 161.0 165.0 75.0
37.73874474707039 19.730452464873533 180.6709548044485 135.0 141.0 55.0
38.195739979522116 17.445607952934736 180.65144893643406 139.0 134.0 83.0
38.19573807674974 17.90257647476802 180.655437315729 175.0 172.0 95.0
38.195736173977366 18.359544996601304 180.65942569502394 168.0 165.0 90.0
38.195734271204984 18.816513518434586 180.6634140743189 162.0 161.0 84.0
38.19573236843261 19.273482040267872 180.66740245361382 154.0 157.0 73.0
38.19573046566023 19.730450562101154 180.67139083290874 145.0 149.0 64.0
38.65272379533959 17.902574571995643 180.65587334418925 155.0 145.0 82.0
38.652721892567214 18.359543093828925 180.65986172348417 151.0 150.0 85.0
38.65271998979483 18.81651161566221 180.66385010277912 155.0 155.0 83.0
38.65271808702246 19.273480137495493 180.66783848207407 145.0 147.0 71.0
38.65271618425008 19.73044865932878 180.671826861369 130.0 133.0 56.0
39.10970951392944 17.902572669223265 180.65630937264947 94.0 92.0 50.0
39.10970570838468 18.816509712889832 180.66428613123935 112.0 111.0 61.0
39.109703805612305 19.273478234723118 180.6682745105343 113.0 112.0 50.0
39.10970190283993 19.7304467565564 180.67226288982923 107.0 109.0 43.0
35.91037345534027 17.89859760933497 181.11022548724102 125.0 129.0 82.0
35.910371552567895 18.355566131168253 181.11421386653595 147.0 152.0 88.0
35.91036964979551 18.81253465300154 181.1182022458309 135.0 140.0 76.0
35.91036774702314 19.26950317483482 181.12219062512585 105.0 109.0 59.0
36.367361076702494 17.441627184729306 181.1066731364063 94.0 95.0 57.0
36.36735917393012 17.898595706562592 181.11066151570125 149.0 154.0 83.0
36.36735727115774 18.355564228395874 181.1146498949962 147.0 153.0 68.0
36.36735536838536 18.81253275022916 181.11863827429116 138.0 144.0 63.0
36.367353465612986 19.269501272062442 181.12262665358608 133.0 140.0 63.0
36.82434869806472 16.984656760123645 181.10312078557163 90.0 86.0 55.0
36.824346795292335 17.44162528195693 181.10710916486656 151.0 153.0 95.0
36.82434489251996 17.898593803790213 181.11109754416148 159.0 165.0 81.0
36.824342989747585 18.3555623256235 181.11508592345643 161.0 170.0 71.0
36.8243410869752 18.81253084745678 181.1190743027514 161.0 171.0 63.0
36.82433918420283 19.269499369290067 181.12306268204634 156.0 165.0 65.0
37.281334416654566 16.98465485735127 181.10355681403186 124.0 118.0 75.0
37.281332513882184 17.441623379184552 181.10754519332679 165.0 165.0 103.0
37.28133061110981 17.898591901017838 181.11153357262174 156.0 161.0 80.0
37.28132870833743 18.35556042285112 181.1155219519167 147.0 155.0 65.0
37.28132680556505 18.812528944684406 181.11951033121161 156.0 161.0 67.0
37.281324902792676 19.269497466517688 181.12349871050657 151.0 155.0 62.0
37.738320135244415 16.98465295457889 181.10399284249212 131.0 123.0 80.0
37.73831823247203 17.441621476412173 181.107981221787 173.0 172.0 109.0
37.73831632969966 17.89858999824546 181.11196960108197 180.0 181.0 102.0
37.73831442692728 18.35555852007874 181.11595798037692 164.0 168.0 85.0
37.7383125241549 18.812527041912027 181.11994635967187 154.0 159.0 73.0
37.738310621382524 19.269495563745313 181.12393473896682 143.0 148.0 64.0
37.73830871861015 19.726464085578595 181.12792311826172 135.0 143.0 56.0
37.73830681583777 20.18343260741188 181.13191149755667 86.0 89.0 44.0
38.195305853834256 16.984651051806512 181.10442887095235 110.0 103.0 66.0
38.195303951061874 17.441619573639798 181.10841725024727 170.0 168.0 102.0
38.1953020482895 17.89858809547308 181.11240562954222 178.0 176.0 98.0
38.19530014551712 18.355556617306366 181.11639400883715 175.0 173.0 95.0
38.19529824274475 18.812525139139648 181.1203823881321 167.0 166.0 87.0
38.19529633997237 19.269493660972934 181.12437076742705 150.0 153.0 70.0
38.1952944372 19.726462182806216 181.12835914672198 136.0 139.0 57.0
38.65228966965172 17.44161767086742 181.1088532787075 137.0 126.0 75.0
38.65228776687935 17.898586192700705 181.11284165800245 170.0 167.0 91.0
38.65228586410697 18.355554714533987 181.1168300372974 170.0 168.0 94.0
38.65228396133459 18.812523236367273 181.12081841659236 161.0 161.0 83.0
38.652282058562214 19.269491758200555 181.12480679588728 139.0 142.0 64.0
38.65228015578984 19.72646028003384 181.1287951751822 99.0 102.0 39.0
39.109273485469195 17.898584289928326 181.1132776864627 135.0 133.0 74.0
39.10927158269682 18.355552811761612 181.11726606575763 121.0 120.0 70.0
39.10926967992444 18.812521333594894 181.12125444505259 115.0 112.0 57.0
39.10926777715206 19.26948985542818 181.1252428243475 108.0 107.0 45.0
35.90993742688003 17.89460923004003 181.56719380105423 134.0 138.0 86.0
35.90993552410765 18.35157775187331 181.57118218034918 141.0 145.0 80.0
35.90993362133527 18.808546273706597 181.57517055964414 121.0 125.0 70.0
36.36692504824225 17.437638805434368 181.56364145021954 147.0 149.0 88.0
36.366923145469876 17.894607327267654 181.5676298295145 160.0 165.0 86.0
36.3669212426975 18.351575849100936 181.5716182088094 161.0 167.0 78.0
36.36691933992512 18.808544370934218 181.57560658810436 146.0 152.0 71.0
36.36691743715274 19.265512892767504 181.57959496739932 91.0 94.0 46.0
36.82391076683209 17.437636902661993 181.56407747867976 156.0 158.0 94.0
36.82390886405972 17.894605424495275 181.56806585797472 163.0 168.0 79.0
36.82390696128734 18.35157394632856 181.57205423726967 138.0 144.0 56.0
36.82390505851497 18.808542468161843 181.57604261656462 148.0 155.0 63.0
36.82390315574259 19.26551098999513 181.58003099585954 141.0 148.0 61.0
36.82390125297022 19.72247951182841 181.58401937515447 75.0 81.0 35.0
37.28089838819432 16.98066647805633 181.5605251278451 93.0 91.0 57.0
37.28089648542194 17.437634999889614 181.56451350714002 158.0 159.0 97.0
37.280894582649566 17.8946035217229 181.56850188643494 181.0 184.0 95.0
37.28089267987719 18.35157204355618 181.5724902657299 174.0 180.0 85.0
37.28089077710481 18.808540565389468 181.57647864502485 166.0 174.0 77.0
37.28088887433243 19.26550908722275 181.58046702431977 152.0 161.0 65.0
37.28088697156006 19.722477609056035 181.58445540361473 112.0 120.0 42.0
37.73788410678417 16.980664575283953 181.56096115630532 135.0 133.0 86.0
37.73788220401179 17.437633097117235 181.56494953560025 179.0 179.0 108.0
37.737880301239414 17.89460161895052 181.5689379148952 184.0 185.0 99.0
37.73787839846704 18.351570140783803 181.57292629419015 177.0 180.0 94.0
37.73787649569466 18.80853866261709 181.57691467348508 154.0 162.0 73.0
37.73787459292228 19.265507184450374 181.58090305278003 145.0 153.0 62.0
37.737872690149906 19.722475706283657 181.58489143207495 131.0 140.0 45.0
37.737870787377524 20.179444228116942 181.5888798113699 90.0 100.0 34.0
38.19486982537401 16.980662672511574 181.56139718476558 109.0 107.0 68.0
38.19486792260163 17.43763119434486 181.5653855640605 174.0 172.0 102.0
38.194866019829256 17.894599716178142 181.56937394335543 184.0 182.0 98.0
38.19486411705688 18.351568238011428 181.57336232265038 177.0 177.0 97.0
38.194862214284505 18.80853675984471 181.57735070194533 163.0 166.0 81.0
38.19486031151213 19.265505281677996 181.58133908124026 147.0 154.0 64.0
38.194858408739755 19.722473803511278 181.58532746053518 133.0 140.0 47.0
38.19485650596737 20.179442325344564 181.58931583983014 77.0 85.0 32.0
38.65185364119148 17.43762929157248 181.56582159252073 148.0 140.0 79.0
38.651851738419104 17.894597813405767 181.5698099718157 158.0 150.0 81.0
38.65184983564673 18.35156633523905 181.5737983511106 162.0 161.0 90.0
38.65184793287435 18.808534857072335 181.57778673040556 150.0 153.0 74.0
38.65184603010197 19.265503378905617 181.5817751097005 136.0 141.0 59.0
38.651844127329596 19.722471900738903 181.58576348899544 112.0 117.0 43.0
39.10883935978133 17.437627388800102 181.56625762098096 109.0 95.0 50.0
39.10883745700895 17.894595910633388 181.57024600027592 116.0 113.0 60.0
39.10883555423658 18.351564432466674 181.57423437957087 120.0 118.0 64.0
39.108833651464195 18.808532954299956 181.57822275886582 119.0 119.0 60.0
39.10883174869182 19.26550147613324 181.58221113816072 102.0 103.0 44.0
39.108829845919445 19.722469997966524 181.58619951745567 82.0 81.0 29.0
35.45251377705756 18.34759127535075 182.02771446570216 100.0 101.0 69.0
35.90950330119216 17.433652328911805 182.0201737355725 84.0 87.0 60.0
35.909501398419785 17.89062085074509 182.02416211486747 129.0 133.0 83.0
35.90949949564741 18.347589372578373 182.02815049416242 143.0 146.0 81.0
35.90949759287503 18.80455789441166 182.03213887345734 120.0 123.0 70.0
36.36649092255439 16.976681904306144 182.01662138473785 86.0 87.0 57.0
36.36648901978201 17.433650426139426 182.02060976403274 150.0 154.0 92.0
36.36648711700963 17.890618947972712 182.0245981433277 146.0 153.0 71.0
36.36648521423726 18.347587469805994 182.02858652262265 151.0 156.0 71.0
36.366483311464876 18.80455599163928 182.0325749019176 139.0 145.0 67.0
36.3664814086925 19.261524513472562 182.03656328121252 96.0 100.0 50.0
36.82347664114423 16.976680001533765 182.01705741319807 104.0 99.0 57.0
36.82347473837185 17.43364852336705 182.021045792493 164.0 168.0 93.0
36.823472835599475 17.890617045200333 182.02503417178795 163.0 170.0 78.0
36.8234709328271 18.34758556703362 182.02902255108287 168.0 174.0 77.0
36.823469030054724 18.8045540888669 182.03301093037783 159.0 166.0 73.0
36.82346712728235 19.261522610700187 182.03699930967275 136.0 143.0 62.0
36.823465224509974 19.71849113253347 182.0409876889677 104.0 112.0 50.0
36.82346332173759 20.175459654366755 182.04497606826263 86.0 95.0 43.0
37.28046235973408 16.97667809876139 182.0174934416583 89.0 87.0 52.0
37.2804604569617 17.433646620594672 182.02148182095323 159.0 160.0 94.0
37.28045855418932 17.890615142427958 182.02547020024818 181.0 185.0 94.0
37.28045665141695 18.34758366426124 182.02945857954313 179.0 185.0 91.0
37.280454748644566 18.804552186094526 182.03344695883808 164.0 170.0 78.0
37.28045284587219 19.261520707927808 182.03743533813298 140.0 148.0 61.0
37.280450943099815 19.718489229761094 182.04142371742793 97.0 106.0 39.0
37.28044904032743 20.175457751594376 182.04541209672288 73.0 85.0 31.0
37.73744807832393 16.976676195989015 182.01792947011856 135.0 134.0 87.0
37.73744617555155 17.433644717822297 182.02191784941348 168.0 167.0 100.0
37.73744427277917 17.89061323965558 182.0259062287084 180.0 181.0 97.0
37.7374423700068 18.347581761488865 182.02989460800336 181.0 184.0 98.0
37.737440467234414 18.804550283322147 182.0338829872983 164.0 170.0 80.0
37.73743856446204 19.261518805155433 182.03787136659324 139.0 148.0 57.0
37.737436661689664 19.718487326988715 182.0418597458882 95.0 110.0 30.0
37.73743475891728 20.175455848822 182.0458481251831 76.0 93.0 30.0
38.19443379691377 16.976674293216636 182.0183654985788 143.0 139.0 88.0
38.194431894141395 17.43364281504992 182.0223538778737 167.0 164.0 97.0
38.19442999136902 17.890611336883204 182.02634225716866 185.0 184.0 102.0
38.194428088596645 18.34757985871649 182.03033063646362 177.0 180.0 98.0
38.19442618582426 18.80454838054977 182.03431901575854 165.0 170.0 83.0
38.19442428305189 19.261516902383054 182.03830739505347 144.0 151.0 58.0
38.19442238027951 19.71848542421634 182.04229577434842 109.0 120.0 33.0
38.65141951550362 16.97667239044426 182.01880152703905 112.0 99.0 58.0
38.65141761273124 17.433640912277543 182.02278990633397 151.0 140.0 78.0
38.65141570995886 17.89060943411083 182.0267782856289 169.0 164.0 88.0
38.651413807186486 18.34757795594411 182.03076666492385 169.0 170.0 89.0
38.651411904414104 18.804546477777397 182.0347550442188 154.0 156.0 75.0
38.65141000164173 19.26151499961068 182.03874342351372 146.0 152.0 63.0
38.651408098869354 19.718483521443964 182.04273180280865 110.0 115.0 40.0
39.108403331321085 17.433639009505164 182.0232259347942 112.0 98.0 54.0
39.10840142854871 17.89060753133845 182.02721431408915 131.0 127.0 65.0
39.108399525776335 18.347576053171736 182.03120269338407 139.0 136.0 71.0
39.10839762300395 18.804544575005018 182.03519107267903 115.0 116.0 55.0
39.10839572023158 19.261513096838303 182.03917945197395 102.0 104.0 42.0
39.1083938174592 19.718481618671586 182.0431678312689 89.0 87.0 33.0
35.909067272731924 17.429663949616867 182.47714204938575 84.0 87.0 59.0
35.90906536995955 17.886632471450152 182.48113042868067 124.0 128.0 79.0
35.909063467187174 18.343600993283435 182.48511880797562 129.0 133.0 76.0
35.90906156441479 18.80056951511672 182.48910718727058 90.0 92.0 55.0
36.366054894094155 16.972693525011206 182.47358969855105 97.0 99.0 64.0
36.36605299132177 17.429662046844488 182.47757807784598 141.0 145.0 84.0
36.3660510885494 17.886630568677774 182.48156645714093 147.0 153.0 75.0
36.36604918577702 18.343599090511056 182.48555483643588 150.0 156.0 72.0
36.36604728300464 18.80056761234434 182.4895432157308 132.0 137.0 66.0
36.366045380232265 19.257536134177624 182.49353159502573 107.0 114.0 58.0
36.823040612684 16.972691622238827 182.4740257270113 106.0 107.0 64.0
36.823038709911614 17.429660144072113 182.4780141063062 161.0 165.0 93.0
36.82303680713924 17.886628665905395 182.48200248560116 165.0 170.0 81.0
36.823034904366864 18.34359718773868 182.4859908648961 161.0 166.0 70.0
36.82303300159449 18.800565709571963 182.48997924419106 140.0 146.0 59.0
36.82303109882211 19.25753423140525 182.49396762348596 123.0 129.0 55.0
36.82302919604974 19.71450275323853 182.4979560027809 86.0 97.0 40.0
37.280026331273845 16.97268971946645 182.47446175547154 128.0 129.0 80.0
37.28002442850146 17.429658241299734 182.47845013476646 166.0 169.0 97.0
37.28002252572909 17.88662676313302 182.4824385140614 186.0 188.0 94.0
37.28002062295671 18.3435952849663 182.48642689335634 152.0 158.0 69.0
37.28001872018433 18.800563806799587 182.4904152726513 159.0 165.0 76.0
37.280016817411955 19.25753232863287 182.49440365194621 137.0 145.0 61.0
37.28001491463958 19.714500850466155 182.49839203124117 91.0 100.0 39.0
37.2800130118672 20.171469372299438 182.5023804105361 70.0 80.0 33.0
37.737012049863694 16.972687816694073 182.47489778393177 152.0 151.0 94.0
37.73701014709131 17.429656338527355 182.4788861632267 173.0 173.0 102.0
37.737008244318936 17.88662486036064 182.48287454252164 181.0 182.0 94.0
37.73700634154656 18.343593382193923 182.4868629218166 169.0 174.0 90.0
37.73700443877418 18.80056190402721 182.49085130111155 152.0 158.0 74.0
37.7370025360018 19.257530425860494 182.49483968040644 129.0 136.0 53.0
37.73700063322943 19.714498947693777 182.4988280597014 84.0 99.0 27.0
38.193997768453535 16.972685913921694 182.475333812392 137.0 132.0 83.0
38.19399586568116 17.42965443575498 182.47932219168695 171.0 169.0 99.0
38.193993962908785 17.886622957588262 182.48331057098187 180.0 179.0 94.0
38.19399206013641 18.343591479421548 182.48729895027682 174.0 175.0 93.0
38.19399015736403 18.80056000125483 182.49128732957178 161.0 165.0 79.0
38.19398825459165 19.257528523088116 182.4952757088667 127.0 133.0 50.0
38.19398635181928 19.714497044921398 182.49926408816165 88.0 99.0 28.0
38.65098348704338 16.97268401114932 182.47576984085225 123.0 113.0 68.0
38.650981584271 17.4296525329826 182.47975822014718 154.0 149.0 85.0
38.650979681498626 17.886621054815887 182.48374659944213 163.0 161.0 85.0
38.65097777872625 18.34358957664917 182.48773497873708 172.0 172.0 87.0
38.65097587595387 18.800558098482455 182.491723358032 152.0 155.0 73.0
38.65097397318149 19.257526620315737 182.49571173732693 128.0 133.0 55.0
38.65097207040912 19.714495142149023 182.49970011662188 83.0 86.0 32.0
39.10796730286085 17.429650630210226 182.48019424860743 112.0 103.0 60.0
39.107965400088474 17.886619152043508 182.48418262790236 137.0 134.0 66.0
39.1079634973161 18.343587673876794 182.4881710071973 154.0 142.0 73.0
39.10796159454372 18.800556195710076 182.49215938649226 139.0 134.0 64.0
39.10795969177134 19.25752471754336 182.49614776578719 117.0 117.0 55.0
35.90863124427168 17.42567557032193 182.93411036319895 89.0 90.0 60.0
35.90862934149931 17.882644092155214 182.9380987424939 116.0 119.0 75.0
35.90862743872693 18.339612613988496 182.94208712178886 120.0 123.0 74.0
35.90862553595455 18.796581135821782 182.94607550108378 84.0 86.0 52.0
36.36561886563391 16.968705145716267 182.93055801236426 93.0 95.0 59.0
36.36561696286153 17.42567366754955 182.9345463916592 137.0 142.0 79.0
36.365615060089155 17.882642189382835 182.93853477095413 151.0 156.0 79.0
36.36561315731678 18.339610711216118 182.9425231502491 140.0 145.0 67.0
36.3656112545444 18.796579233049403 182.94651152954404 129.0 133.0 66.0
36.36560935177202 19.253547754882685 182.95049990883896 103.0 111.0 57.0
36.822604584223754 16.96870324294389 182.93099404082452 130.0 133.0 81.0
36.82260268145138 17.425671764777174 182.93498242011944 156.0 161.0 88.0
36.822600778679 17.882640286610457 182.9389707994144 162.0 167.0 78.0
36.82259887590663 18.339608808443742 182.94295917870934 140.0 144.0 56.0
36.822596973134246 18.796577330277024 182.94694755800427 127.0 131.0 55.0
36.82259507036187 19.25354585211031 182.9509359372992 107.0 113.0 49.0
37.2795903028136 16.968701340171513 182.93143006928474 144.0 146.0 91.0
37.27958840004122 17.425669862004796 182.93541844857967 164.0 168.0 93.0
37.279586497268845 17.88263838383808 182.93940682787462 173.0 178.0 89.0
37.27958459449647 18.339606905671364 182.94339520716957 148.0 154.0 64.0
37.27958269172409 18.79657542750465 182.94738358646453 140.0 147.0 63.0
37.27958078895171 19.25354394933793 182.95137196575942 115.0 123.0 51.0
37.73657602140345 16.968699437399135 182.93186609774497 159.0 157.0 97.0
37.73657411863107 17.425667959232417 182.93585447703992 172.0 173.0 99.0
37.73657221585869 17.882636481065703 182.93984285633488 171.0 175.0 88.0
37.73657031308632 18.339605002898985 182.9438312356298 159.0 164.0 79.0
37.736568410313936 18.79657352473227 182.94781961492475 140.0 147.0 66.0
37.73656650754156 19.253542046565556 182.95180799421968 104.0 112.0 41.0
38.1935617399933 16.968697534626756 182.9323021262052 142.0 135.0 83.0
38.19355983722092 17.42566605646004 182.93629050550015 163.0 163.0 96.0
38.19355793444854 17.882634578293324 182.9402788847951 180.0 172.0 88.0
38.19355603167617 18.33960310012661 182.94426726409006 172.0 173.0 88.0
38.193554128903784 18.79657162195989 182.948255643385 149.0 154.0 72.0
38.19355222613141 19.253540143793177 182.9522440226799 100.0 105.0 40.0
38.65054745858314 16.96869563185438 182.93273815466546 120.0 116.0 71.0
38.65054555581076 17.425664153687663 182.9367265339604 151.0 150.0 90.0
38.65054365303838 17.88263267552095 182.94071491325533 161.0 158.0 85.0
38.65054175026601 18.33960119735423 182.9447032925503 168.0 163.0 79.0
38.650539847493626 18.796569719187517 182.94869167184524 149.0 152.0 73.0
38.65053794472125 19.2535382410208 182.95268005114016 103.0 106.0 46.0
39.10753127440061 17.425662250915284 182.93716256242064 138.0 137.0 84.0
39.10752937162823 17.88263077274857 182.9411509417156 146.0 145.0 73.0
39.10752746885586 18.339599294581856 182.94513932101054 162.0 151.0 74.0
39.107525566083474 18.796567816415138 182.94912770030547 141.0 132.0 62.0
39.1075236633111 19.253536338248423 182.9531160796004 94.0 89.0 39.0
39.564513187445705 18.339597391809477 182.94557534947077 91.0 90.0 50.0
35.908193313039064 17.878655712860272 183.39506705630714 117.0 120.0 79.0
35.90819141026669 18.335624234693555 183.39905543560207 110.0 112.0 70.0
35.908189507494306 18.79259275652684 183.40304381489702 79.0 82.0 52.0
36.36518283717367 16.964716766421326 183.38752632617746 104.0 107.0 66.0
36.36518093440129 17.421685288254608 183.39151470547242 137.0 143.0 78.0
36.36517903162891 17.878653810087894 183.39550308476737 146.0 152.0 76.0
36.36517712885654 18.335622331921176 183.39949146406232 130.0 134.0 62.0
36.365175226084155 18.79259085375446 183.40347984335725 111.0 116.0 59.0
36.82217045853589 16.507746341815665 183.3839739753428 79.0 81.0 55.0
36.82216855576352 16.964714863648947 183.38796235463772 145.0 150.0 90.0
36.822166652991136 17.421683385482233 183.39195073393267 156.0 161.0 87.0
36.82216475021876 17.878651907315515 183.3959391132276 153.0 158.0 72.0
36.822162847446386 18.3356204291488 183.39992749252255 133.0 136.0 53.0
36.822160944674 18.792588950982083 183.4039158718175 114.0 118.0 51.0
36.82215904190163 19.24955747281537 183.40790425111243 77.0 84.0 37.0
37.279156177125735 16.507744439043286 183.38441000380303 97.0 99.0 65.0
37.27915427435336 16.96471296087657 183.38839838309795 149.0 151.0 94.0
37.27915237158098 17.421681482709854 183.3923867623929 159.0 163.0 89.0
37.2791504688086 17.87865000454314 183.39637514168786 159.0 165.0 78.0
37.27914856603623 18.33561852637642 183.4003635209828 142.0 148.0 60.0
37.279146663263845 18.792587048209707 183.40435190027773 106.0 112.0 46.0
37.27914476049147 19.24955557004299 183.40834027957266 91.0 103.0 42.0
37.73614189571558 16.507742536270907 183.38484603226328 105.0 103.0 65.0
37.73613999294321 16.964711058104193 183.3888344115582 161.0 160.0 95.0
37.736138090170826 17.421679579937475 183.39282279085313 168.0 168.0 95.0
37.73613618739845 17.87864810177076 183.39681117014808 159.0 166.0 79.0
37.736134284626075 18.335616623604043 183.40079954944304 143.0 151.0 66.0
37.73613238185369 18.79258514543733 183.40478792873796 120.0 127.0 52.0
37.73613047908132 19.249553667270614 183.40877630803288 81.0 92.0 30.0
38.19312761430543 16.507740633498532 183.3852820607235 97.0 87.0 55.0
38.19312571153306 16.964709155331814 183.38927044001844 151.0 142.0 84.0
38.193123808760674 17.4216776771651 183.3932588193134 165.0 164.0 93.0
38.1931219059883 17.878646198998382 183.39724719860834 173.0 174.0 88.0
38.193120003215924 18.335614720831668 183.40123557790326 162.0 166.0 80.0
38.19311810044354 18.79258324266495 183.40522395719822 134.0 139.0 61.0
38.6501114301229 16.96470725255944 183.38970646847866 128.0 122.0 76.0
38.650109527350516 17.42167577439272 183.39369484777362 158.0 157.0 97.0
38.65010762457814 17.878644296226007 183.39768322706857 171.0 168.0 91.0
38.650105721805765 18.33561281805929 183.40167160636352 163.0 157.0 73.0
38.65010381903338 18.792581339892575 183.40565998565845 139.0 142.0 66.0
39.10709714871275 16.96470534978706 183.39014249693892 88.0 86.0 56.0
39.107095245940364 17.421673871620342 183.39413087623387 167.0 165.0 110.0
39.10709334316799 17.878642393453628 183.3981192555288 162.0 161.0 88.0
39.107091440395614 18.335610915286914 183.40210763482375 157.0 147.0 72.0
39.10708953762323 18.792579437120196 183.40609601411867 137.0 128.0 59.0
39.56407906175784 17.87864049068125 183.39855528398905 87.0 87.0 53.0
39.56407715898546 18.335609012514535 183.402543663284 108.0 109.0 56.0
35.9077591873512 17.41769881173205 183.8480469908254 80.0 82.0 53.0
35.90775728457883 17.87466733356533 183.85203537012035 121.0 124.0 78.0
35.90775538180645 18.331635855398616 183.8560237494153 104.0 107.0 66.0
36.364746808713434 16.960728387126387 183.8444946399907 107.0 110.0 67.0
36.36474490594105 17.41769690895967 183.84848301928565 138.0 143.0 78.0
36.36474300316868 17.874665430792955 183.8524713985806 142.0 148.0 74.0
36.3647411003963 18.331633952626238 183.85645977787553 129.0 133.0 63.0
36.36473919762392 18.788602474459523 183.86044815717048 102.0 107.0 56.0
36.82173443007566 16.503757962520726 183.84094228915603 84.0 87.0 56.0
36.82173252730328 16.96072648435401 183.84493066845093 144.0 149.0 84.0
36.8217306245309 17.417695006187294 183.84891904774588 150.0 155.0 81.0
36.821728721758525 17.874663528020577 183.85290742704083 141.0 147.0 63.0
36.82172681898615 18.331632049853862 183.85689580633579 125.0 128.0 48.0
36.82172491621377 18.788600571687144 183.8608841856307 109.0 116.0 51.0
37.2787201486655 16.503756059748348 183.84137831761626 110.0 112.0 71.0
37.278718245893124 16.960724581581633 183.84536669691119 152.0 156.0 93.0
37.27871634312074 17.417693103414916 183.84935507620614 153.0 158.0 82.0
37.27871444034837 17.8746616252482 183.85334345550106 150.0 155.0 68.0
37.27871253757599 18.331630147081484 183.857331834796 114.0 118.0 46.0
37.27871063480361 18.78859866891477 183.86132021409094 97.0 104.0 44.0
37.278708732031234 19.24556719074805 183.8653085933859 76.0 89.0 36.0
37.73570586725535 16.50375415697597 183.8418143460765 120.0 114.0 68.0
37.73570396448297 16.960722678809255 183.8458027253714 164.0 164.0 98.0
37.73570206171059 17.417691200642537 183.84979110466637 163.0 164.0 93.0
37.735700158938215 17.874659722475823 183.85377948396132 154.0 162.0 76.0
37.73569825616584 18.331628244309105 183.85776786325627 126.0 134.0 53.0
37.73569635339346 18.78859676614239 183.86175624255117 101.0 113.0 40.0
37.73569445062108 19.245565287975676 183.86574462184612 68.0 82.0 25.0
38.192691585845196 16.503752254203594 183.84225037453675 124.0 113.0 68.0
38.19268968307282 16.960720776036876 183.84623875383167 160.0 157.0 95.0
38.19268778030044 17.41768929787016 183.8502271331266 167.0 166.0 94.0
38.19268587752806 17.874657819703444 183.85421551242155 160.0 164.0 82.0
38.19268397475569 18.33162634153673 183.8582038917165 142.0 149.0 62.0
38.192682071983306 18.78859486337001 183.86219227101142 119.0 123.0 44.0
38.64967540166266 16.9607188732645 183.8466747822919 158.0 157.0 102.0
38.64967349889028 17.417687395097783 183.85066316158685 181.0 178.0 115.0
38.649671596117905 17.87465591693107 183.8546515408818 171.0 171.0 96.0
38.64966969334553 18.33162443876435 183.85863992017673 144.0 147.0 67.0
38.64966779057315 18.788592960597637 183.86262829947165 112.0 114.0 48.0
39.10666112025251 16.960716970492122 183.84711081075213 110.0 109.0 76.0
39.10665921748013 17.417685492325404 183.85109919004708 181.0 179.0 126.0
39.10665731470775 17.87465401415869 183.85508756934203 177.0 176.0 105.0
39.10665541193538 18.331622535991976 183.85907594863698 141.0 138.0 66.0
39.106653509162996 18.788591057825258 183.8630643279319 131.0 122.0 55.0
39.5636430332976 17.87465211138631 183.85552359780226 86.0 85.0 51.0
39.56364113052523 18.331620633219597 183.8595119770972 93.0 91.0 43.0
35.90732315889096 17.413710432437107 184.30501530463863 102.0 105.0 71.0
35.907321256118585 17.870678954270392 184.30900368393358 130.0 134.0 84.0
35.90731935334621 18.327647476103675 184.3129920632285 96.0 99.0 61.0
36.36431078025319 16.956740007831446 184.30146295380393 97.0 100.0 59.0
36.36430887748081 17.413708529664728 184.30545133309886 135.0 140.0 74.0
36.364306974708434 17.870677051498014 184.3094397123938 138.0 144.0 72.0
36.36430507193606 18.327645573331296 184.31342809168876 118.0 122.0 59.0
36.364303169163676 18.78461409516458 184.3174164709837 93.0 99.0 50.0
36.821298401615415 16.499769583225785 184.29791060296924 103.0 106.0 68.0
36.82129649884304 16.956738105059067 184.30189898226416 143.0 147.0 85.0
36.82129459607066 17.413706626892353 184.30588736155912 143.0 147.0 74.0
36.82129269329828 17.870675148725635 184.30987574085407 140.0 146.0 60.0
36.821288887753525 18.784612192392203 184.31785249944392 106.0 115.0 52.0
37.27828412020526 16.49976768045341 184.2983466314295 99.0 101.0 62.0
37.27828221743288 16.95673620228669 184.3023350107244 148.0 151.0 85.0
37.2782803146605 17.413704724119974 184.30632339001934 153.0 158.0 80.0
37.278278411888124 17.87067324595326 184.3103117693143 141.0 148.0 64.0
37.27827650911575 18.32764176778654 184.31430014860925 114.0 120.0 42.0
37.735269838795105 16.49976577768103 184.29878265988972 130.0 126.0 73.0
37.73526793602273 16.956734299514316 184.30277103918465 160.0 159.0 94.0
37.73526603325035 17.4137028213476 184.3067594184796 162.0 164.0 93.0
37.73526413047797 17.870671343180884 184.31074779777452 143.0 151.0 68.0
37.7352622277056 18.327639865014167 184.31473617706948 128.0 137.0 45.0
38.192255557384954 16.499763874908655 184.29921868834995 149.0 137.0 77.0
38.19225365461258 16.956732396741938 184.30320706764488 161.0 159.0 97.0
38.192251751840196 17.413700918575223 184.30719544693983 172.0 171.0 104.0
38.19224984906782 17.870669440408506 184.31118382623478 153.0 159.0 78.0
38.192247946295446 18.32763796224179 184.31517220552973 116.0 121.0 42.0
38.19224604352306 18.784606484075073 184.31916058482463 80.0 90.0 22.0
38.64923937320242 16.956730493969562 184.30364309610513 178.0 179.0 121.0
38.64923747043004 17.413699015802845 184.30763147540006 189.0 189.0 127.0
38.64923556765766 17.87066753763613 184.311619854695 173.0 175.0 103.0
38.64923366488529 18.327636059469413 184.31560823398996 122.0 124.0 55.0
38.64923176211291 18.7846045813027 184.3195966132849 102.0 104.0 40.0
39.10622509179227 16.956728591197184 184.30407912456536 141.0 139.0 102.0
39.106223189019886 17.413697113030466 184.30806750386031 195.0 193.0 145.0
39.10622128624751 17.87066563486375 184.31205588315527 175.0 172.0 111.0
39.106219383475135 18.327634156697037 184.3160442624502 129.0 125.0 65.0
39.10621748070275 18.78460267853032 184.32003264174512 102.0 94.0 40.0
35.90688713043072 17.40972205314217 184.76198361845184 105.0 107.0 76.0
36.36387475179295 16.952751628536507 184.75843126761714 108.0 111.0 71.0
36.36387284902057 17.40972015036979 184.7624196469121 136.0 139.0 82.0
36.36387094624819 17.866688672203075 184.76640802620705 132.0 137.0 74.0
36.82086237315517 16.495781203930846 184.75487891678245 81.0 83.0 55.0
36.8208604703828 16.95274972576413 184.7588672960774 142.0 147.0 82.0
36.820858567610415 17.409718247597414 184.76285567537232 145.0 151.0 74.0
36.82085666483804 17.866686769430697 184.76684405466727 146.0 151.0 71.0
37.27784618897264 16.952747822991753 184.75930332453763 137.0 140.0 77.0
37.277844286200256 17.409716344825036 184.76329170383258 159.0 164.0 85.0
37.27784238342788 17.86668486665832 184.76728008312753 145.0 152.0 71.0
37.277840480655506 18.323653388491604 184.77126846242246 116.0 123.0 42.0
37.73483190756249 16.952745920219375 184.75973935299785 157.0 157.0 86.0
37.734830004790105 17.409714442052657 184.7637277322928 163.0 165.0 87.0
37.73482810201773 17.866682963885943 184.76771611158776 148.0 155.0 67.0
37.734826199245354 18.323651485719225 184.7717044908827 126.0 135.0 46.0
38.19181952892471 16.495775495613714 184.75618700216316 109.0 99.0 54.0
38.191817626152336 16.952744017446996 184.7601753814581 166.0 167.0 99.0
38.19181572337995 17.40971253928028 184.76416376075306 174.0 174.0 104.0
38.19181382060758 17.866681061113564 184.768152140048 166.0 170.0 87.0
38.1918119178352 18.32364958294685 184.77214051934294 130.0 135.0 55.0
38.19181001506282 18.78061810478013 184.77612889863786 107.0 117.0 39.0
38.64880524751455 16.495773592841335 184.75662303062342 86.0 84.0 54.0
38.64880334474218 16.95274211467462 184.76061140991834 187.0 188.0 127.0
38.6488014419698 17.409710636507903 184.7645997892133 193.0 193.0 133.0
38.64879953919743 17.86667915834119 184.76858816850824 173.0 174.0 102.0
38.64879763642505 18.32364768017447 184.7725765478032 147.0 150.0 72.0
38.64879573365267 18.780616202007756 184.7765649270981 102.0 104.0 44.0
39.105789063332026 16.952740211902245 184.7610474383786 133.0 132.0 103.0
39.10578716055964 17.409708733735528 184.76503581767352 191.0 190.0 148.0
39.10578525778727 17.86667725556881 184.76902419696847 175.0 173.0 113.0
39.10578335501489 18.323645777402096 184.77301257626343 109.0 102.0 50.0
35.90645110197048 17.40573367384723 185.21895193226507 111.0 112.0 80.0
36.36343872333271 16.94876324924157 185.21539958143038 109.0 112.0 69.0
36.36343682056033 17.40573177107485 185.2193879607253 138.0 141.0 87.0
36.82042444192256 16.94876134646919 185.2158356098906 147.0 150.0 89.0
36.82042253915018 17.405729868302476 185.21982398918556 154.0 154.0 96.0
36.820420636377804 17.86269839013576 185.2238123684805 158.0 159.0 93.0
37.2774101605124 16.948759443696815 185.21627163835086 131.0 134.0 76.0
37.27740825774002 17.405727965530097 185.22026001764578 153.0 156.0 89.0
37.277406354967646 17.862696487363383 185.22424839694074 157.0 160.0 87.0
37.73439778187463 16.49178901909115 185.21271928751614 85.0 83.0 41.0
37.73439587910225 16.948757540924436 185.2167076668111 146.0 150.0 86.0
37.73439397632987 17.40572606275772 185.22069604610604 156.0 158.0 89.0
37.734392073557494 17.862694584591004 185.224684425401 154.0 161.0 84.0
37.73439017078512 18.319663106424287 185.22867280469592 103.0 110.0 36.0
38.1913815976921 16.948755638152058 185.21714369527132 156.0 159.0 100.0
38.19137969491972 17.405724159985343 185.22113207456627 177.0 178.0 107.0
38.19137779214734 17.862692681818626 185.22512045386122 181.0 183.0 96.0
38.19137588937497 18.31966120365191 185.22910883315618 127.0 130.0 51.0
38.64836731628194 16.948753735379682 185.21757972373157 176.0 178.0 123.0
38.64836541350956 17.405722257212965 185.22156810302653 204.0 206.0 147.0
38.648363510737184 17.86269077904625 185.22555648232145 196.0 197.0 117.0
38.64836160796481 18.319659300879533 185.2295448616164 117.0 108.0 50.0
39.10535113209941 17.405720354440586 185.22200413148676 129.0 128.0 101.0
39.10534922932703 17.86268887627387 185.2259925107817 127.0 121.0 71.0
39.10534732655466 18.319657398107157 185.22998089007663 95.0 82.0 37.0
36.36300269487247 16.94477486994663 185.67236789524358 91.0 93.0 61.0
36.36300079210009 17.401743391779913 185.67635627453853 130.0 132.0 85.0
36.81998841346232 16.944772967174252 185.67280392370384 133.0 136.0 80.0
36.81998651068994 17.401741489007538 185.67679230299876 142.0 144.0 89.0
37.27697413205216 16.944771064401877 185.67323995216407 128.0 130.0 79.0
37.27697222927978 17.40173958623516 185.67722833145902 153.0 155.0 93.0
37.2769703265074 17.858708108068445 185.68121671075397 147.0 152.0 85.0
37.73395985064201 16.944769161629498 185.67367598062432 137.0 140.0 86.0
37.73395794786963 17.40173768346278 185.67766435991925 158.0 161.0 97.0
37.73395604509725 17.858706205296066 185.6816527392142 157.0 160.0 76.0
38.19094556923186 16.94476725885712 185.67411200908455 116.0 118.0 78.0
38.190943666459475 17.401735780690405 185.6781003883795 143.0 145.0 92.0
38.1909417636871 17.858704302523687 185.68208876767446 141.0 142.0 61.0
38.190939860914725 18.315672824356973 185.68607714696938 128.0 131.0 47.0
38.64792748227695 17.858702399751312 185.6825247961347 122.0 104.0 41.0
36.362564763639845 17.39775501248497 186.13332458835177 116.0 120.0 75.0
36.819552385002076 16.94078458787931 186.12977223751705 142.0 142.0 100.0
36.819550482229694 17.397753109712596 186.133760616812 136.0 140.0 86.0
37.27653810359192 16.940782685106935 186.1302082659773 147.0 147.0 100.0
37.27653620081954 17.397751206940217 186.13419664527225 150.0 153.0 94.0
37.27653429804717 17.854719728773503 186.13818502456718 133.0 140.0 70.0
37.733521919409384 17.39774930416784 186.13463267373248 124.0 128.0 71.0
37.73352001663701 17.854717826001124 186.13862105302744 134.0 137.0 62.0
38.19050573522686 17.854715923228746 186.13905708148766 146.0 146.0 69.0
36.81911635654184 16.936796208584372 186.58674055133028 98.0 101.0 71.0
36.81911445376946 17.393764730417654 186.59072893062523 115.0 120.0 72.0
37.27610017235931 17.39376282764528 186.59116495908546 96.0 98.0 61.0
37.278274606343366 18.784610289619827 184.31828852790414 93.0 101.0 41.0
37.7348223937006 19.237588529385796 184.77968124947256 71.0 85.0 26.0
36.82129079052591 18.32764367055892 184.313864120149 127.0 132.0 53.0
37.735260324933215 18.784608386847452 184.3187245563644 84.0 98.0 27.0
35.90688522765834 17.866690574975454 184.7659719977468 125.0 126.0 89.0
36.363869043475816 18.323657194036358 184.77039640550197 116.0 121.0 66.0
36.820854762065665 18.323655291263982 184.77083243396223 129.0 136.0 62.0
36.82085285929328 18.780623813097264 184.77482081325715 92.0 103.0 45.0
37.27783857788313 18.78062191032489 184.77525684171738 69.0 84.0 23.0
37.73482429647297 18.78062000755251 184.7756928701776 94.0 108.0 36.0
35.90644919919811 17.862702195680516 185.22294031156002 77.0 80.0 54.0
36.363434917787956 17.862700292908137 185.22337634002025 120.0 123.0 71.0
36.36343301501558 18.31966881474142 185.2273647193152 107.0 115.0 65.0
36.82041873360543 18.319666911969044 185.22780074777543 128.0 135.0 69.0
36.82041683083305 18.776635433802326 185.23178912707036 94.0 104.0 54.0
37.27740445219527 18.319665009196665 185.2282367762357 131.0 139.0 62.0
37.277402549422895 18.77663353102995 185.2322251555306 73.0 86.0 28.0
37.73438826801274 18.776631628257572 185.23266118399084 74.0 86.0 21.0
38.191373986602585 18.776629725485193 185.23309721245107 89.0 96.0 26.0
35.906013170737864 17.858713816385578 185.67990862537323 84.0 88.0 60.0
36.36299888932771 17.8587119136132 185.6803446538335 123.0 126.0 79.0
36.36299698655534 18.31568043544648 185.6843330331284 90.0 99.0 54.0
36.81998460791756 17.85871001084082 185.68078068229372 135.0 139.0 83.0
36.819982705145186 18.315678532674106 185.68476906158867 93.0 101.0 50.0
37.27696842373503 18.315676629901727 185.6852050900489 113.0 119.0 54.0
37.733954142324876 18.31567472712935 185.68564111850912 121.0 127.0 48.0
36.36256286086747 17.854723534318257 186.1373129676467 99.0 103.0 59.0
36.81954857945732 17.85472163154588 186.13774899610695 122.0 126.0 68.0
