-3.116 -16.266 168.522 234.000 236.000 182.000
-3.116 -16.271 168.955 239.000 240.000 194.000
-3.117 -16.275 169.388 236.000 238.000 198.000
-3.550 -16.713 169.815 207.000 213.000 159.000
-3.117 -16.280 169.820 228.000 231.000 187.000
-3.117 -16.285 170.253 215.000 218.000 166.000
-5.706 -16.207 162.895 69.000 82.000 37.000
-5.706 -15.774 162.900 137.000 150.000 88.000
-5.274 -15.774 162.900 77.000 85.000 47.000
-6.139 -16.644 163.323 120.000 139.000 67.000
-5.707 -16.211 163.328 102.000 120.000 52.000
-5.707 -15.779 163.333 116.000 131.000 66.000
-5.274 -16.211 163.328 71.000 85.000 34.000
-5.274 -15.779 163.333 84.000 97.000 47.000
-5.274 -15.346 163.338 135.000 142.000 100.000
-5.274 -14.913 163.342 182.000 184.000 149.000
-6.140 -16.648 163.756 127.000 146.000 71.000
-6.140 -16.216 163.760 122.000 142.000 63.000
-5.707 -16.216 163.761 128.000 147.000 68.000
-5.707 -15.783 163.765 123.000 143.000 66.000
-5.707 -15.351 163.770 119.000 132.000 71.000
-5.275 -16.216 163.761 120.000 138.000 64.000
-5.275 -15.783 163.766 108.000 124.000 61.000
-5.275 -15.351 163.770 76.000 84.000 52.000
-6.140 -16.653 164.188 139.000 156.000 81.000
-6.140 -16.220 164.193 136.000 156.000 76.000
-6.140 -15.788 164.197 135.000 156.000 72.000
-5.708 -16.653 164.189 148.000 169.000 80.000
-5.708 -16.220 164.193 139.000 160.000 75.000
-5.708 -15.788 164.198 132.000 155.000 72.000
-5.708 -15.355 164.203 135.000 154.000 79.000
-5.708 -14.922 164.207 130.000 144.000 86.000
-5.275 -16.220 164.194 117.000 136.000 59.000
-5.275 -15.788 164.198 110.000 127.000 61.000
-4.842 -16.220 164.194 78.000 95.000 40.000
-6.573 -17.090 164.616 102.000 116.000 73.000
-6.141 -16.658 164.621 143.000 160.000 85.000
-6.141 -16.225 164.626 140.000 159.000 78.000
-6.141 -15.792 164.630 136.000 156.000 72.000
-5.708 -16.658 164.621 160.000 179.000 88.000
-5.708 -16.225 164.626 147.000 167.000 80.000
-5.708 -15.792 164.631 136.000 156.000 74.000
-5.708 -15.360 164.635 129.000 147.000 73.000
-5.708 -14.927 164.640 120.000 135.000 75.000
-5.708 -14.494 164.644 110.000 124.000 74.000
-5.275 -16.225 164.626 141.000 162.000 72.000
-5.275 -15.792 164.631 109.000 125.000 60.000
-5.275 -15.360 164.636 71.000 83.000 44.000
-4.843 -16.225 164.627 106.000 122.000 57.000
-6.574 -17.095 165.049 96.000 113.000 64.000
-6.141 -16.662 165.054 150.000 166.000 88.000
-6.141 -16.230 165.058 143.000 161.000 80.000
-6.141 -15.797 165.063 138.000 157.000 72.000
-5.708 -16.662 165.054 159.000 179.000 87.000
-5.708 -16.230 165.059 154.000 173.000 84.000
-5.708 -15.797 165.063 141.000 159.000 77.000
-5.708 -15.364 165.068 120.000 139.000 65.000
-5.708 -14.932 165.072 110.000 128.000 64.000
-5.708 -14.499 165.077 116.000 131.000 74.000
-5.276 -16.230 165.059 158.000 178.000 84.000
-5.276 -15.797 165.064 132.000 148.000 76.000
-5.276 -15.364 165.068 110.000 124.000 67.000
-4.843 -16.230 165.059 134.000 152.000 73.000
-4.843 -15.797 165.064 93.000 104.000 54.000
-4.410 -16.230 165.060 96.000 108.000 60.000
-6.574 -17.099 165.481 115.000 129.000 77.000
-6.142 -16.667 165.486 139.000 157.000 80.000
-6.142 -16.234 165.491 140.000 160.000 75.000
-6.142 -15.802 165.495 145.000 164.000 78.000
-5.709 -16.667 165.487 160.000 178.000 87.000
-5.709 -16.234 165.491 158.000 177.000 86.000
-5.709 -15.802 165.496 151.000 170.000 84.000
-5.709 -15.369 165.500 135.000 152.000 73.000
-5.709 -14.936 165.505 125.000 142.000 72.000
-5.709 -14.504 165.510 115.000 130.000 71.000
-5.276 -16.667 165.487 163.000 183.000 83.000
-5.276 -16.234 165.492 156.000 174.000 80.000
-5.276 -15.802 165.496 144.000 160.000 80.000
-5.276 -15.369 165.501 126.000 142.000 73.000
-4.844 -16.234 165.492 146.000 163.000 76.000
-4.844 -15.802 165.497 116.000 130.000 64.000
-4.844 -15.369 165.501 85.000 95.000 51.000
-4.411 -16.234 165.492 110.000 124.000 64.000
-6.575 -17.104 165.914 124.000 136.000 86.000
-6.142 -17.104 165.914 142.000 155.000 91.000
-6.142 -16.671 165.919 138.000 154.000 80.000
-6.142 -16.239 165.923 144.000 160.000 81.000
-6.142 -15.806 165.928 145.000 162.000 80.000
-5.709 -16.671 165.919 155.000 174.000 82.000
-5.709 -16.239 165.924 151.000 170.000 78.000
-5.709 -15.806 165.928 145.000 164.000 75.000
-5.709 -15.373 165.933 138.000 155.000 72.000
-5.709 -14.941 165.938 134.000 151.000 75.000
-5.709 -14.508 165.942 124.000 140.000 76.000
-5.277 -16.671 165.920 156.000 178.000 75.000
-5.277 -16.239 165.924 153.000 173.000 76.000
-5.277 -15.806 165.929 148.000 167.000 77.000
-5.277 -15.373 165.933 144.000 161.000 78.000
-5.277 -14.941 165.938 126.000 142.000 75.000
-5.277 -14.508 165.943 83.000 96.000 54.000
-4.844 -16.239 165.925 140.000 158.000 69.000
-4.844 -15.806 165.929 130.000 146.000 67.000
-4.844 -15.373 165.934 120.000 133.000 69.000
-4.844 -14.941 165.938 96.000 107.000 61.000
-4.411 -16.239 165.925 95.000 107.000 50.000
-4.411 -15.806 165.930 81.000 91.000 47.000
-3.979 -16.239 165.926 76.000 85.000 44.000
-6.575 -17.109 166.347 103.000 116.000 69.000
-6.142 -17.109 166.347 131.000 143.000 83.000
-6.142 -16.676 166.352 119.000 134.000 71.000
-6.142 -16.243 166.356 136.000 152.000 79.000
-6.142 -15.811 166.361 143.000 158.000 82.000
-5.710 -16.676 166.352 159.000 175.000 88.000
-5.710 -16.243 166.357 155.000 172.000 83.000
-5.710 -15.811 166.361 144.000 163.000 75.000
-5.710 -15.378 166.366 139.000 156.000 71.000
-5.710 -14.945 166.370 129.000 147.000 67.000
-5.710 -14.513 166.375 121.000 139.000 69.000
-5.277 -16.676 166.352 169.000 186.000 87.000
-5.277 -16.243 166.357 159.000 179.000 78.000
-5.277 -15.811 166.362 150.000 172.000 73.000
-5.277 -15.378 166.366 150.000 169.000 76.000
-5.277 -14.945 166.371 128.000 147.000 69.000
-5.277 -14.513 166.375 79.000 93.000 45.000
-4.844 -16.676 166.353 171.000 190.000 84.000
-4.844 -16.243 166.357 155.000 175.000 74.000
-4.844 -15.811 166.362 140.000 160.000 67.000
-4.844 -15.378 166.367 139.000 156.000 72.000
-4.844 -14.945 166.371 111.000 125.000 62.000
-4.844 -14.513 166.376 91.000 102.000 57.000
-4.412 -16.243 166.358 143.000 161.000 71.000
-4.412 -15.811 166.362 117.000 132.000 60.000
-4.412 -15.378 166.367 93.000 104.000 51.000
-3.979 -16.243 166.358 138.000 154.000 74.000
-3.979 -15.811 166.363 122.000 135.000 72.000
-3.979 -15.378 166.367 79.000 86.000 50.000
-3.546 -15.811 166.363 117.000 124.000 81.000
-3.546 -15.378 166.368 88.000 92.000 64.000
-6.143 -17.113 166.780 91.000 104.000 55.000
-6.143 -16.681 166.784 104.000 118.000 61.000
-6.143 -16.248 166.789 130.000 145.000 79.000
-6.143 -15.815 166.793 146.000 160.000 88.000
-5.710 -17.113 166.780 117.000 129.000 66.000
-5.710 -16.681 166.785 126.000 139.000 69.000
-5.710 -16.248 166.789 155.000 172.000 85.000
-5.710 -15.815 166.794 156.000 174.000 84.000
-5.710 -15.383 166.798 142.000 161.000 72.000
-5.710 -14.950 166.803 121.000 142.000 60.000
-5.710 -14.517 166.808 112.000 131.000 60.000
-5.277 -16.681 166.785 178.000 194.000 94.000
-5.277 -16.248 166.790 168.000 186.000 83.000
-5.277 -15.815 166.794 163.000 183.000 79.000
-5.277 -15.383 166.799 159.000 180.000 78.000
-5.277 -14.950 166.803 134.000 156.000 66.000
-5.277 -14.517 166.808 87.000 106.000 43.000
-4.845 -16.681 166.785 178.000 197.000 88.000
-4.845 -16.248 166.790 167.000 187.000 76.000
-4.845 -15.815 166.795 152.000 173.000 68.000
-4.845 -15.383 166.799 139.000 160.000 63.000
-4.845 -14.950 166.804 122.000 140.000 60.000
-4.845 -14.517 166.808 113.000 128.000 64.000
-4.412 -16.248 166.790 163.000 184.000 77.000
-4.412 -15.815 166.795 145.000 165.000 69.000
-4.412 -15.383 166.800 136.000 155.000 68.000
-4.412 -14.950 166.804 122.000 137.000 69.000
-4.412 -14.517 166.809 122.000 135.000 78.000
-4.412 -14.085 166.813 95.000 103.000 66.000
-3.979 -16.248 166.791 171.000 190.000 87.000
-3.979 -15.815 166.795 151.000 168.000 80.000
-3.979 -15.383 166.800 143.000 158.000 81.000
-3.979 -14.950 166.805 100.000 110.000 62.000
-3.979 -14.517 166.809 93.000 99.000 65.000
-3.547 -15.815 166.796 143.000 158.000 88.000
-3.547 -15.383 166.800 146.000 157.000 100.000
-6.143 -16.685 167.217 97.000 117.000 52.000
-6.143 -16.253 167.221 112.000 130.000 65.000
-5.711 -17.118 167.213 83.000 91.000 48.000
-5.711 -16.685 167.217 125.000 142.000 65.000
-5.711 -16.253 167.222 147.000 163.000 79.000
-5.711 -15.820 167.226 168.000 185.000 95.000
-5.711 -15.387 167.231 144.000 162.000 76.000
-5.711 -14.955 167.236 101.000 122.000 48.000
-5.711 -14.522 167.240 88.000 110.000 42.000
-5.278 -16.685 167.218 176.000 195.000 94.000
-5.278 -16.253 167.222 173.000 191.000 88.000
-5.278 -15.820 167.227 167.000 187.000 83.000
-5.278 -15.387 167.231 165.000 185.000 81.000
-5.278 -14.955 167.236 132.000 157.000 63.000
-5.278 -14.522 167.241 103.000 129.000 50.000
-4.845 -16.685 167.218 183.000 202.000 92.000
-4.845 -16.253 167.223 176.000 195.000 84.000
-4.845 -15.820 167.227 154.000 175.000 68.000
-4.845 -15.387 167.232 127.000 150.000 51.000
-4.845 -14.955 167.236 118.000 140.000 54.000
-4.845 -14.522 167.241 141.000 159.000 79.000
-4.845 -14.089 167.246 117.000 130.000 74.000
-4.413 -16.253 167.223 178.000 198.000 88.000
-4.413 -15.820 167.228 158.000 178.000 76.000
-4.413 -15.387 167.232 124.000 145.000 55.000
-4.413 -14.955 167.237 122.000 139.000 63.000
-4.413 -14.522 167.241 154.000 168.000 97.000
-4.413 -14.089 167.246 158.000 166.000 110.000
-4.413 -13.657 167.251 102.000 105.000 76.000
-3.980 -16.253 167.223 181.000 201.000 95.000
-3.980 -15.820 167.228 168.000 187.000 88.000
-3.980 -15.387 167.233 155.000 172.000 84.000
-3.980 -14.955 167.237 143.000 158.000 84.000
-3.980 -14.522 167.242 158.000 171.000 103.000
-3.980 -14.089 167.246 139.000 144.000 97.000
-3.547 -16.253 167.224 205.000 217.000 135.000
-3.547 -15.820 167.228 168.000 185.000 101.000
-3.547 -15.387 167.233 162.000 175.000 104.000
-3.547 -14.955 167.238 100.000 109.000 68.000
-3.115 -15.820 167.229 122.000 134.000 82.000
-6.144 -17.122 167.645 129.000 141.000 87.000
-6.144 -16.690 167.649 87.000 103.000 51.000
-5.711 -17.122 167.645 161.000 174.000 105.000
-5.711 -16.690 167.650 148.000 164.000 86.000
-5.711 -16.257 167.654 148.000 165.000 83.000
-5.711 -15.824 167.659 143.000 159.000 78.000
-5.711 -15.392 167.664 138.000 156.000 73.000
-5.711 -14.959 167.668 90.000 110.000 43.000
-5.278 -16.690 167.650 168.000 186.000 89.000
-5.278 -16.257 167.655 169.000 188.000 89.000
-5.278 -15.824 167.659 166.000 185.000 86.000
-5.278 -15.392 167.664 163.000 182.000 83.000
-5.278 -14.959 167.669 136.000 157.000 70.000
-5.278 -14.527 167.673 101.000 125.000 52.000
-4.846 -16.690 167.651 182.000 200.000 96.000
-4.846 -16.257 167.655 179.000 198.000 92.000
-4.846 -15.824 167.660 164.000 184.000 81.000
-4.846 -15.392 167.664 153.000 173.000 74.000
-4.846 -14.959 167.669 148.000 168.000 76.000
-4.846 -14.527 167.674 148.000 166.000 84.000
-4.846 -14.094 167.678 144.000 159.000 92.000
-4.846 -13.661 167.683 90.000 99.000 63.000
-4.413 -16.690 167.651 186.000 203.000 101.000
-4.413 -16.257 167.656 179.000 197.000 95.000
-4.413 -15.824 167.660 168.000 186.000 87.000
-4.413 -15.392 167.665 151.000 169.000 76.000
-4.413 -14.959 167.669 145.000 162.000 81.000
-4.413 -14.527 167.674 159.000 173.000 101.000
-4.413 -14.094 167.679 167.000 180.000 113.000
-4.413 -13.661 167.683 112.000 119.000 84.000
-3.980 -16.257 167.656 181.000 198.000 98.000
-3.980 -15.824 167.661 177.000 194.000 98.000
-3.980 -15.392 167.665 164.000 180.000 93.000
-3.980 -14.959 167.670 148.000 161.000 91.000
-3.980 -14.527 167.674 161.000 170.000 111.000
-3.980 -14.094 167.679 171.000 178.000 121.000
-3.980 -13.661 167.684 94.000 96.000 70.000
-3.548 -16.257 167.657 207.000 219.000 137.000
-3.548 -15.824 167.661 194.000 208.000 128.000
-3.548 -15.392 167.666 186.000 199.000 123.000
-3.548 -14.959 167.670 98.000 106.000 64.000
-3.115 -15.824 167.662 206.000 212.000 150.000
-3.115 -15.392 167.666 171.000 176.000 125.000
-6.144 -17.127 168.077 102.000 118.000 60.000
-5.711 -17.127 168.078 129.000 143.000 80.000
-5.711 -16.694 168.083 125.000 141.000 73.000
-5.711 -16.262 168.087 112.000 129.000 61.000
-5.711 -15.829 168.092 105.000 124.000 54.000
-5.279 -16.694 168.083 152.000 169.000 84.000
-5.279 -16.262 168.088 156.000 176.000 82.000
-5.279 -15.829 168.092 150.000 169.000 76.000
-5.279 -15.396 168.097 149.000 168.000 74.000
-5.279 -14.964 168.101 132.000 152.000 67.000
-5.279 -14.531 168.106 79.000 101.000 38.000
-4.846 -16.694 168.083 176.000 193.000 96.000
-4.846 -16.262 168.088 171.000 189.000 90.000
-4.846 -15.829 168.093 161.000 180.000 83.000
-4.846 -15.396 168.097 151.000 171.000 76.000
-4.846 -14.964 168.102 145.000 165.000 77.000
-4.846 -14.531 168.106 143.000 163.000 82.000
-4.846 -14.099 168.111 146.000 162.000 92.000
-4.413 -16.694 168.084 188.000 203.000 109.000
-4.413 -16.262 168.088 178.000 195.000 99.000
-4.413 -15.829 168.093 167.000 184.000 91.000
-4.413 -15.396 168.098 155.000 172.000 83.000
-4.413 -14.964 168.102 161.000 178.000 96.000
-4.413 -14.531 168.107 180.000 194.000 119.000
-4.413 -14.099 168.111 192.000 201.000 136.000
-4.413 -13.666 168.116 123.000 126.000 92.000
-3.981 -16.262 168.089 185.000 201.000 107.000
-3.981 -15.829 168.093 176.000 191.000 103.000
-3.981 -15.396 168.098 163.000 178.000 95.000
-3.981 -14.964 168.103 159.000 172.000 103.000
-3.981 -14.531 168.107 176.000 182.000 127.000
-3.981 -14.099 168.112 177.000 179.000 135.000
-3.548 -16.262 168.089 216.000 225.000 149.000
-3.548 -15.829 168.094 209.000 219.000 145.000
-3.548 -15.396 168.098 188.000 201.000 127.000
-3.548 -14.964 168.103 114.000 124.000 75.000
-3.115 -16.262 168.090 234.000 237.000 180.000
-3.115 -15.829 168.094 233.000 235.000 176.000
-3.115 -15.396 168.099 178.000 181.000 130.000
-5.712 -16.699 168.515 95.000 113.000 53.000
-5.712 -16.266 168.520 88.000 107.000 46.000
-5.279 -16.699 168.516 70.000 84.000 33.000
-5.279 -16.266 168.520 107.000 126.000 54.000
-5.279 -15.834 168.525 101.000 122.000 47.000
-5.279 -15.401 168.529 106.000 129.000 48.000
-4.846 -16.699 168.516 155.000 172.000 86.000
-4.846 -16.266 168.521 154.000 172.000 83.000
-4.846 -15.834 168.525 142.000 160.000 73.000
-4.846 -15.401 168.530 136.000 155.000 68.000
-4.846 -14.968 168.534 136.000 155.000 72.000
-4.846 -14.536 168.539 134.000 153.000 77.000
-4.846 -14.103 168.543 102.000 118.000 65.000
-4.414 -16.699 168.516 176.000 191.000 105.000
-4.414 -16.266 168.521 172.000 187.000 99.000
-4.414 -15.834 168.526 166.000 182.000 95.000
-4.414 -15.401 168.530 161.000 177.000 91.000
-4.414 -14.968 168.535 174.000 188.000 109.000
-4.414 -14.536 168.539 184.000 196.000 126.000
-4.414 -14.103 168.544 186.000 193.000 136.000
-3.981 -16.699 168.517 195.000 209.000 126.000
-3.981 -16.266 168.521 191.000 205.000 121.000
-3.981 -15.834 168.526 186.000 199.000 118.000
-3.981 -15.401 168.531 174.000 188.000 108.000
-3.981 -14.968 168.535 186.000 197.000 127.000
-3.981 -14.536 168.540 191.000 195.000 142.000
-3.981 -14.103 168.544 186.000 186.000 157.000
-3.548 -16.266 168.522 220.000 228.000 156.000
-3.548 -15.834 168.526 218.000 225.000 156.000
-3.548 -15.401 168.531 201.000 210.000 140.000
-3.548 -14.968 168.536 167.000 174.000 117.000
-3.548 -14.536 168.540 126.000 127.000 97.000
-3.116 -15.834 168.527 242.000 243.000 196.000
-3.116 -15.401 168.531 208.000 208.000 166.000
-5.712 -17.136 168.943 86.000 108.000 48.000
-4.847 -16.704 168.949 94.000 110.000 52.000
-4.847 -16.271 168.953 77.000 93.000 39.000
-4.847 -15.406 168.962 105.000 123.000 50.000
-4.847 -14.973 168.967 112.000 128.000 58.000
-4.847 -14.540 168.972 77.000 90.000 42.000
-4.414 -16.704 168.949 164.000 178.000 106.000
-4.414 -16.271 168.954 161.000 175.000 100.000
-4.414 -15.838 168.958 150.000 163.000 87.000
-4.414 -15.406 168.963 167.000 182.000 97.000
-4.414 -14.973 168.967 178.000 193.000 112.000
-4.414 -14.540 168.972 202.000 211.000 143.000
-4.414 -14.108 168.977 170.000 173.000 128.000
-3.982 -16.704 168.949 206.000 216.000 146.000
-3.982 -16.271 168.954 209.000 218.000 146.000
-3.982 -15.838 168.959 209.000 218.000 143.000
-3.982 -15.406 168.963 207.000 216.000 140.000
-3.982 -14.973 168.968 214.000 222.000 149.000
-3.982 -14.540 168.972 235.000 238.000 179.000
-3.982 -14.108 168.977 220.000 221.000 189.000
-3.549 -16.271 168.954 228.000 233.000 171.000
-3.549 -15.838 168.959 235.000 238.000 183.000
-3.549 -15.406 168.964 233.000 236.000 176.000
-3.549 -14.973 168.968 226.000 228.000 169.000
-3.549 -14.540 168.973 200.000 201.000 162.000
-3.116 -15.838 168.959 245.000 246.000 209.000
-3.116 -15.406 168.964 222.000 222.000 193.000
-4.847 -16.708 169.381 67.000 80.000 40.000
-4.847 -15.410 169.395 97.000 114.000 45.000
-4.847 -14.978 169.400 84.000 96.000 44.000
-4.415 -16.708 169.382 164.000 173.000 120.000
-4.415 -16.275 169.386 166.000 176.000 116.000
-4.415 -15.843 169.391 164.000 177.000 104.000
-4.415 -15.410 169.395 195.000 208.000 128.000
-4.415 -14.978 169.400 217.000 224.000 152.000
-4.415 -14.545 169.405 192.000 195.000 142.000
-3.982 -16.708 169.382 219.000 224.000 168.000
-3.982 -16.275 169.387 222.000 228.000 166.000
-3.982 -15.843 169.391 232.000 236.000 173.000
-3.982 -15.410 169.396 242.000 243.000 184.000
-3.982 -14.978 169.400 245.000 246.000 192.000
-3.982 -14.545 169.405 235.000 235.000 194.000
-3.549 -16.275 169.387 224.000 230.000 169.000
-3.549 -15.843 169.392 227.000 232.000 170.000
-3.549 -15.410 169.396 241.000 242.000 189.000
-3.549 -14.978 169.401 242.000 242.000 196.000
-3.549 -14.545 169.405 194.000 195.000 168.000
-3.117 -15.843 169.392 236.000 238.000 197.000
-3.117 -15.410 169.397 226.000 227.000 193.000
-3.117 -14.978 169.401 146.000 148.000 121.000
-4.415 -16.280 169.819 151.000 162.000 104.000
-4.415 -15.847 169.823 163.000 175.000 108.000
-4.415 -15.415 169.828 194.000 204.000 131.000
-4.415 -14.982 169.833 154.000 162.000 107.000
-3.982 -16.713 169.815 178.000 187.000 131.000
-3.982 -16.280 169.819 214.000 220.000 159.000
-3.982 -15.847 169.824 233.000 237.000 177.000
-3.982 -15.415 169.828 243.000 245.000 191.000
-3.982 -14.982 169.833 239.000 240.000 185.000
-3.982 -14.550 169.838 136.000 138.000 106.000
-3.550 -16.280 169.820 227.000 231.000 175.000
-3.550 -15.847 169.824 241.000 242.000 192.000
-3.550 -15.415 169.829 246.000 247.000 204.000
-3.550 -14.982 169.833 227.000 228.000 187.000
-3.117 -15.847 169.825 239.000 240.000 203.000
-3.117 -15.415 169.829 234.000 234.000 206.000
-4.415 -15.419 170.261 124.000 135.000 79.000
-3.983 -15.852 170.257 225.000 231.000 165.000
-3.983 -15.419 170.261 230.000 234.000 171.000
-3.983 -14.987 170.266 158.000 165.000 114.000
-3.550 -16.285 170.252 203.000 213.000 147.000
-3.550 -15.852 170.257 245.000 246.000 201.000
-3.550 -15.419 170.262 247.000 248.000 210.000
-3.550 -14.987 170.266 177.000 179.000 143.000
-3.117 -15.852 170.257 240.000 242.000 204.000
-3.983 -14.991 170.698 99.000 109.000 69.000
-3.551 -15.424 170.694 233.000 236.000 186.000
-3.118 -15.857 170.690 219.000 221.000 184.000
-6.573 -16.658 164.621 125.000 139.000 79.000
-6.574 -16.662 165.053 122.000 139.000 77.000
-6.574 -16.667 165.486 122.000 138.000 72.000
-6.575 -16.671 165.918 87.000 104.000 51.000
-6.575 -16.239 165.923 117.000 136.000 64.000
-3.549 -16.704 168.950 227.000 233.000 171.000
-3.116 -16.704 168.950 236.000 238.000 191.000
-3.982 -17.141 169.377 206.000 212.000 159.000
-3.549 -16.708 169.382 232.000 235.000 183.000
-3.117 -16.708 169.383 233.000 236.000 194.000
-3.982 -17.145 169.810 154.000 164.000 106.000
-3.550 -17.145 169.811 184.000 192.000 141.000
-3.117 -17.145 169.811 207.000 209.000 173.000
-3.117 -16.713 169.816 216.000 218.000 178.000
-3.117 -17.150 170.244 116.000 121.000 85.000
-3.117 -16.717 170.248 143.000 152.000 102.000
-4.415 -17.141 169.377 139.000 149.000 96.000
-5.275 -18.812 163.734 174.000 180.000 130.000
-4.842 -18.812 163.734 199.000 202.000 162.000
-4.842 -18.379 163.739 161.000 166.000 116.000
-4.409 -18.379 163.739 136.000 140.000 106.000
-4.409 -17.946 163.744 84.000 89.000 57.000
-5.275 -18.816 164.166 193.000 204.000 131.000
-4.842 -18.816 164.167 190.000 201.000 132.000
-4.842 -18.384 164.171 194.000 205.000 126.000
-4.410 -19.249 164.162 100.000 106.000 77.000
-4.410 -18.816 164.167 160.000 165.000 124.000
-4.410 -18.384 164.172 193.000 201.000 136.000
-4.410 -17.951 164.176 191.000 201.000 125.000
-3.977 -17.951 164.177 99.000 103.000 72.000
-5.275 -18.821 164.599 187.000 203.000 109.000
-4.843 -18.821 164.599 195.000 208.000 120.000
-4.843 -18.388 164.604 204.000 217.000 120.000
-4.410 -18.821 164.600 177.000 188.000 122.000
-4.410 -18.388 164.604 206.000 216.000 140.000
-4.410 -17.956 164.609 200.000 213.000 120.000
-3.977 -18.388 164.605 158.000 164.000 118.000
-3.977 -17.956 164.609 209.000 217.000 147.000
-3.977 -17.523 164.614 186.000 198.000 127.000
-5.276 -18.825 165.031 187.000 202.000 112.000
-4.843 -18.825 165.032 190.000 205.000 118.000
-4.843 -18.393 165.037 197.000 210.000 115.000
-4.410 -19.258 165.028 85.000 95.000 54.000
-4.410 -18.825 165.032 195.000 205.000 138.000
-4.410 -18.393 165.037 196.000 208.000 127.000
-4.410 -17.960 165.042 199.000 212.000 122.000
-3.978 -18.825 165.033 173.000 177.000 140.000
-3.978 -18.393 165.037 192.000 201.000 140.000
-3.978 -17.960 165.042 209.000 219.000 142.000
-3.978 -17.528 165.047 201.000 213.000 134.000
-3.545 -17.528 165.047 83.000 88.000 58.000
-5.276 -18.830 165.464 194.000 209.000 124.000
-4.844 -18.830 165.465 184.000 200.000 115.000
-4.844 -18.397 165.469 186.000 201.000 107.000
-4.411 -19.263 165.460 144.000 158.000 99.000
-4.411 -18.830 165.465 186.000 199.000 128.000
-4.411 -18.397 165.470 186.000 200.000 114.000
-4.411 -17.965 165.474 196.000 209.000 119.000
-3.978 -18.830 165.465 195.000 201.000 150.000
-3.978 -18.397 165.470 207.000 216.000 145.000
-3.978 -17.965 165.475 210.000 220.000 143.000
-3.978 -17.532 165.479 195.000 209.000 126.000
-3.546 -18.397 165.470 124.000 126.000 90.000
-3.546 -17.965 165.475 202.000 206.000 144.000
-3.546 -17.532 165.480 188.000 194.000 131.000
-3.546 -17.099 165.484 135.000 141.000 95.000
-4.844 -18.835 165.897 173.000 190.000 105.000
-4.844 -18.402 165.902 176.000 192.000 97.000
-4.411 -18.835 165.898 181.000 195.000 119.000
-4.411 -18.402 165.902 185.000 200.000 114.000
-4.411 -17.969 165.907 188.000 203.000 110.000
-3.979 -18.835 165.898 190.000 198.000 140.000
-3.979 -18.402 165.903 207.000 216.000 142.000
-3.979 -17.969 165.907 192.000 206.000 122.000
-3.979 -17.537 165.912 188.000 203.000 114.000
-3.546 -18.402 165.903 159.000 164.000 110.000
-3.546 -17.969 165.908 206.000 214.000 140.000
-3.546 -17.537 165.912 224.000 229.000 155.000
-3.546 -17.104 165.917 220.000 225.000 154.000
-3.113 -17.537 165.913 110.000 111.000 78.000
-4.844 -18.839 166.330 166.000 183.000 97.000
-4.844 -18.407 166.334 169.000 186.000 92.000
-4.412 -18.839 166.330 188.000 200.000 125.000
-4.412 -18.407 166.335 190.000 204.000 117.000
-4.412 -17.974 166.339 186.000 202.000 110.000
-3.979 -18.839 166.331 190.000 199.000 137.000
-3.979 -18.407 166.335 210.000 219.000 144.000
-3.979 -17.974 166.340 203.000 215.000 135.000
-3.979 -17.541 166.344 195.000 208.000 121.000
-3.546 -18.407 166.336 196.000 201.000 138.000
-3.546 -17.974 166.340 218.000 225.000 151.000
-3.546 -17.541 166.345 224.000 230.000 155.000
-3.546 -17.109 166.349 237.000 240.000 173.000
-3.114 -17.974 166.341 99.000 99.000 70.000
-3.114 -17.541 166.345 189.000 189.000 139.000
-3.114 -17.109 166.350 210.000 211.000 168.000
-3.114 -16.676 166.354 114.000 115.000 84.000
-4.845 -18.844 166.762 157.000 174.000 89.000
-4.845 -18.411 166.767 168.000 186.000 92.000
-4.412 -18.844 166.763 163.000 179.000 101.000
-4.412 -18.411 166.767 191.000 206.000 119.000
-4.412 -17.979 166.772 196.000 210.000 123.000
-3.979 -18.844 166.763 174.000 186.000 120.000
-3.979 -18.411 166.768 210.000 219.000 145.000
-3.979 -17.979 166.772 216.000 225.000 148.000
-3.979 -17.546 166.777 210.000 220.000 138.000
-3.547 -18.844 166.764 77.000 82.000 54.000
-3.547 -18.411 166.768 195.000 199.000 140.000
-3.547 -17.979 166.773 219.000 226.000 154.000
-3.547 -17.546 166.777 229.000 234.000 163.000
-3.547 -17.113 166.782 239.000 242.000 176.000
-3.114 -17.546 166.778 215.000 217.000 161.000
-3.114 -17.113 166.782 233.000 234.000 186.000
-3.114 -16.681 166.787 191.000 194.000 141.000
-4.845 -18.848 167.195 152.000 170.000 86.000
-4.845 -18.416 167.200 168.000 186.000 97.000
-4.413 -18.848 167.196 156.000 171.000 97.000
-4.413 -18.416 167.200 205.000 216.000 138.000
-4.413 -17.983 167.205 208.000 219.000 142.000
-3.980 -18.848 167.196 147.000 161.000 97.000
-3.980 -18.416 167.201 213.000 222.000 151.000
-3.980 -17.983 167.205 224.000 231.000 159.000
-3.980 -17.550 167.210 213.000 223.000 144.000
-3.547 -18.848 167.196 78.000 85.000 53.000
-3.547 -18.416 167.201 215.000 219.000 162.000
-3.547 -17.983 167.206 225.000 230.000 167.000
-3.547 -17.550 167.210 222.000 229.000 160.000
-3.547 -17.118 167.215 231.000 235.000 165.000
-3.115 -17.550 167.211 183.000 184.000 141.000
-3.115 -17.118 167.215 240.000 241.000 192.000
-3.115 -16.685 167.220 237.000 238.000 181.000
-4.846 -18.420 167.632 121.000 133.000 71.000
-4.413 -18.420 167.633 188.000 199.000 129.000
-4.413 -17.988 167.637 206.000 216.000 145.000
-3.980 -18.853 167.629 98.000 110.000 61.000
-3.980 -18.420 167.633 204.000 213.000 150.000
-3.980 -17.988 167.638 208.000 218.000 147.000
-3.980 -17.555 167.642 198.000 210.000 130.000
-3.548 -18.420 167.634 194.000 200.000 144.000
-3.548 -17.988 167.638 224.000 229.000 169.000
-3.548 -17.555 167.643 212.000 220.000 150.000
-3.548 -17.122 167.647 209.000 219.000 145.000
-3.115 -17.555 167.643 185.000 188.000 140.000
-3.115 -17.122 167.648 226.000 229.000 171.000
-3.115 -16.690 167.652 236.000 238.000 179.000
-4.413 -18.425 168.065 98.000 106.000 64.000
-4.413 -17.992 168.070 185.000 194.000 135.000
-3.981 -18.425 168.066 159.000 170.000 111.000
-3.981 -17.992 168.070 208.000 216.000 153.000
-3.981 -17.560 168.075 211.000 220.000 151.000
-3.548 -18.425 168.066 176.000 184.000 130.000
-3.548 -17.992 168.071 216.000 221.000 163.000
-3.548 -17.560 168.075 211.000 219.000 153.000
-3.548 -17.127 168.080 213.000 222.000 150.000
-3.115 -17.992 168.071 134.000 137.000 102.000
-3.115 -17.560 168.076 199.000 202.000 153.000
-3.115 -17.127 168.080 223.000 227.000 170.000
-3.115 -16.694 168.085 233.000 236.000 176.000
-4.414 -17.997 168.503 117.000 125.000 81.000
-4.414 -17.564 168.507 177.000 189.000 125.000
-3.981 -18.430 168.498 101.000 109.000 67.000
-3.981 -17.997 168.503 199.000 206.000 151.000
-3.981 -17.564 168.508 216.000 224.000 159.000
-3.981 -17.132 168.512 209.000 219.000 145.000
-3.548 -18.430 168.499 101.000 111.000 69.000
-3.548 -17.997 168.503 210.000 215.000 163.000
-3.548 -17.564 168.508 225.000 229.000 172.000
-3.548 -17.132 168.513 226.000 231.000 169.000
-3.548 -16.699 168.517 218.000 226.000 153.000
-3.116 -17.997 168.504 141.000 143.000 110.000
-3.116 -17.564 168.508 214.000 215.000 173.000
-3.116 -17.132 168.513 221.000 224.000 172.000
-3.116 -16.699 168.518 226.000 230.000 173.000
-4.414 -18.001 168.935 92.000 103.000 58.000
-4.414 -17.569 168.940 141.000 152.000 95.000
-3.982 -18.001 168.936 144.000 154.000 100.000
-3.982 -17.569 168.940 194.000 204.000 143.000
-3.982 -17.136 168.945 222.000 228.000 166.000
-3.549 -18.001 168.936 174.000 178.000 136.000
-3.549 -17.569 168.941 235.000 237.000 192.000
-3.549 -17.136 168.945 239.000 242.000 193.000
-3.116 -17.136 168.946 229.000 229.000 201.000
-4.415 -17.573 169.372 121.000 134.000 77.000
-3.982 -18.006 169.368 96.000 105.000 63.000
-3.982 -17.573 169.373 150.000 160.000 107.000
-3.549 -18.006 169.369 97.000 102.000 74.000
-3.549 -17.573 169.373 206.000 210.000 161.000
-3.549 -17.141 169.378 232.000 234.000 186.000
-3.117 -17.141 169.378 235.000 237.000 203.000
-3.550 -17.578 169.806 164.000 173.000 123.000
-6.139 -17.505 162.881 102.000 117.000 65.000
-6.139 -17.072 162.886 102.000 119.000 64.000
-5.706 -17.937 162.877 87.000 100.000 59.000
-5.706 -17.505 162.882 74.000 89.000 43.000
-5.706 -17.072 162.886 104.000 118.000 66.000
-5.706 -16.639 162.891 68.000 85.000 35.000
-5.274 -17.072 162.887 82.000 94.000 51.000
-5.274 -16.639 162.891 72.000 88.000 38.000
-6.139 -18.374 163.305 107.000 121.000 75.000
-6.139 -17.942 163.309 109.000 125.000 67.000
-6.139 -17.509 163.314 114.000 132.000 68.000
-6.139 -17.077 163.318 128.000 143.000 77.000
-5.707 -18.374 163.305 117.000 126.000 84.000
-5.707 -17.942 163.310 105.000 121.000 63.000
-5.707 -17.509 163.314 112.000 130.000 64.000
-5.707 -17.077 163.319 132.000 147.000 77.000
-5.707 -16.644 163.323 120.000 138.000 63.000
-5.274 -18.374 163.306 134.000 138.000 107.000
-5.274 -17.942 163.310 115.000 127.000 74.000
-5.274 -17.509 163.315 95.000 111.000 51.000
-5.274 -17.077 163.319 112.000 132.000 59.000
-5.274 -16.644 163.324 86.000 103.000 41.000
-4.841 -17.942 163.311 114.000 119.000 86.000
-4.841 -16.644 163.324 75.000 89.000 38.000
-6.573 -17.946 163.742 110.000 122.000 78.000
-6.573 -17.514 163.746 109.000 125.000 73.000
-6.140 -18.379 163.737 127.000 133.000 93.000
-6.140 -17.946 163.742 130.000 140.000 88.000
-6.140 -17.514 163.747 129.000 143.000 82.000
-6.140 -17.081 163.751 123.000 140.000 71.000
-5.707 -18.379 163.738 144.000 149.000 103.000
-5.707 -17.946 163.742 144.000 154.000 91.000
-5.707 -17.514 163.747 139.000 154.000 81.000
-5.707 -17.081 163.752 133.000 151.000 73.000
-5.707 -16.648 163.756 133.000 153.000 72.000
-5.275 -18.379 163.738 146.000 155.000 89.000
-5.275 -17.946 163.743 153.000 166.000 88.000
-5.275 -17.514 163.747 143.000 160.000 76.000
-5.275 -17.081 163.752 135.000 156.000 68.000
-5.275 -16.648 163.757 130.000 152.000 64.000
-4.842 -17.946 163.743 155.000 166.000 96.000
-4.842 -17.514 163.748 133.000 148.000 74.000
-4.842 -17.081 163.752 140.000 158.000 78.000
-4.842 -16.648 163.757 99.000 115.000 52.000
-4.409 -17.514 163.748 92.000 101.000 59.000
-6.573 -17.951 164.174 103.000 114.000 84.000
-6.573 -17.518 164.179 117.000 126.000 93.000
-6.573 -17.086 164.183 111.000 125.000 76.000
-6.140 -18.384 164.170 144.000 150.000 109.000
-6.140 -17.951 164.175 144.000 151.000 106.000
-6.140 -17.518 164.179 143.000 153.000 98.000
-6.140 -17.086 164.184 142.000 156.000 89.000
-5.708 -18.384 164.170 168.000 177.000 114.000
-5.708 -17.951 164.175 163.000 175.000 100.000
-5.708 -17.518 164.180 155.000 170.000 90.000
-5.708 -17.086 164.184 153.000 170.000 85.000
-5.275 -18.384 164.171 189.000 201.000 117.000
-5.275 -17.951 164.175 176.000 193.000 92.000
-5.275 -17.518 164.180 159.000 181.000 76.000
-5.275 -17.086 164.185 153.000 174.000 73.000
-5.275 -16.653 164.189 129.000 151.000 59.000
-4.842 -17.951 164.176 187.000 200.000 106.000
-4.842 -17.518 164.180 169.000 186.000 87.000
-4.842 -17.086 164.185 151.000 171.000 78.000
-4.842 -16.653 164.190 117.000 136.000 60.000
-4.410 -17.518 164.181 153.000 166.000 92.000
-4.410 -17.086 164.185 94.000 108.000 52.000
-6.141 -18.388 164.603 169.000 176.000 129.000
-6.141 -17.956 164.607 155.000 162.000 117.000
-6.141 -17.523 164.612 144.000 156.000 98.000
-6.141 -17.090 164.616 146.000 160.000 92.000
-5.708 -18.388 164.603 179.000 192.000 113.000
-5.708 -17.956 164.608 173.000 187.000 101.000
-5.708 -17.523 164.612 160.000 177.000 88.000
-5.708 -17.090 164.617 163.000 180.000 90.000
-5.275 -18.388 164.603 199.000 213.000 113.000
-5.275 -17.956 164.608 195.000 211.000 98.000
-5.275 -17.523 164.613 182.000 202.000 83.000
-5.275 -17.090 164.617 166.000 188.000 77.000
-5.275 -16.658 164.622 152.000 176.000 72.000
-4.843 -17.956 164.608 203.000 216.000 110.000
-4.843 -17.523 164.613 183.000 201.000 89.000
-4.843 -17.090 164.618 164.000 184.000 80.000
-4.843 -16.658 164.622 145.000 165.000 73.000
-4.410 -17.523 164.613 180.000 195.000 102.000
-4.410 -17.090 164.618 132.000 149.000 72.000
-4.410 -16.658 164.623 100.000 114.000 58.000
-6.141 -18.393 165.035 163.000 173.000 118.000
-6.141 -17.960 165.040 158.000 167.000 118.000
-6.141 -17.528 165.044 150.000 161.000 104.000
-6.141 -17.095 165.049 145.000 159.000 91.000
-5.708 -18.393 165.036 168.000 183.000 103.000
-5.708 -17.960 165.040 170.000 185.000 99.000
-5.708 -17.528 165.045 164.000 180.000 92.000
-5.708 -17.095 165.049 164.000 181.000 93.000
-5.276 -18.393 165.036 190.000 205.000 108.000
-5.276 -17.960 165.041 191.000 207.000 101.000
-5.276 -17.528 165.045 188.000 206.000 96.000
-5.276 -17.095 165.050 174.000 194.000 88.000
-5.276 -16.662 165.054 168.000 189.000 84.000
-4.843 -17.960 165.041 200.000 214.000 112.000
-4.843 -17.528 165.046 183.000 200.000 94.000
-4.843 -17.095 165.050 164.000 183.000 80.000
-4.843 -16.662 165.055 153.000 173.000 77.000
-4.410 -17.528 165.046 183.000 199.000 106.000
-4.410 -17.095 165.051 152.000 170.000 82.000
-4.410 -16.662 165.055 127.000 142.000 72.000
-3.978 -17.095 165.051 139.000 153.000 87.000
-3.978 -16.662 165.056 107.000 116.000 71.000
-6.574 -17.532 165.477 118.000 126.000 97.000
-6.142 -18.397 165.468 149.000 159.000 100.000
-6.142 -17.965 165.472 155.000 163.000 118.000
-6.142 -17.532 165.477 149.000 160.000 109.000
-6.142 -17.099 165.482 139.000 152.000 89.000
-5.709 -18.397 165.468 165.000 179.000 100.000
-5.709 -17.965 165.473 177.000 191.000 114.000
-5.709 -17.532 165.477 182.000 197.000 115.000
-5.709 -17.099 165.482 163.000 180.000 94.000
-5.276 -18.397 165.469 186.000 201.000 109.000
-5.276 -17.965 165.473 206.000 218.000 126.000
-5.276 -17.532 165.478 206.000 219.000 125.000
-5.276 -17.099 165.482 179.000 197.000 96.000
-4.844 -17.965 165.474 198.000 212.000 116.000
-4.844 -17.532 165.478 187.000 203.000 103.000
-4.844 -17.099 165.483 172.000 190.000 89.000
-4.844 -16.667 165.487 160.000 178.000 82.000
-4.411 -17.532 165.479 180.000 196.000 103.000
-4.411 -17.099 165.483 165.000 182.000 90.000
-4.411 -16.667 165.488 144.000 161.000 79.000
-3.978 -17.099 165.484 163.000 179.000 97.000
-3.978 -16.667 165.488 148.000 164.000 91.000
-6.575 -17.969 165.905 133.000 138.000 110.000
-6.575 -17.537 165.909 137.000 144.000 112.000
-6.142 -17.969 165.905 150.000 158.000 114.000
-6.142 -17.537 165.910 161.000 169.000 120.000
-5.709 -18.402 165.901 145.000 161.000 81.000
-5.709 -17.969 165.906 166.000 178.000 105.000
-5.709 -17.537 165.910 169.000 182.000 104.000
-5.709 -17.104 165.915 160.000 176.000 89.000
-5.277 -18.402 165.901 155.000 171.000 83.000
-5.277 -17.969 165.906 175.000 189.000 96.000
-5.277 -17.537 165.911 169.000 186.000 89.000
-5.277 -17.104 165.915 163.000 182.000 81.000
-4.844 -17.969 165.906 183.000 199.000 100.000
-4.844 -17.537 165.911 181.000 199.000 96.000
-4.844 -17.104 165.916 167.000 185.000 85.000
-4.844 -16.671 165.920 153.000 171.000 75.000
-4.411 -17.537 165.911 182.000 199.000 103.000
-4.411 -17.104 165.916 168.000 184.000 93.000
-4.411 -16.671 165.921 134.000 150.000 70.000
-3.979 -17.104 165.916 186.000 201.000 113.000
-3.979 -16.671 165.921 123.000 136.000 68.000
-6.575 -17.541 166.342 127.000 135.000 100.000
-6.142 -17.974 166.338 141.000 148.000 103.000
-6.142 -17.541 166.342 138.000 148.000 97.000
-5.710 -18.407 166.334 148.000 161.000 91.000
-5.710 -17.974 166.338 153.000 164.000 95.000
-5.710 -17.541 166.343 153.000 166.000 91.000
-5.710 -17.109 166.347 153.000 168.000 87.000
-5.277 -18.407 166.334 153.000 169.000 82.000
-5.277 -17.974 166.339 165.000 180.000 91.000
-5.277 -17.541 166.343 164.000 180.000 85.000
-5.277 -17.109 166.348 175.000 190.000 93.000
-4.844 -17.974 166.339 179.000 195.000 97.000
-4.844 -17.541 166.344 179.000 197.000 94.000
-4.844 -17.109 166.348 182.000 199.000 96.000
-4.412 -17.541 166.344 183.000 200.000 103.000
-4.412 -17.109 166.349 182.000 200.000 102.000
-4.412 -16.676 166.353 164.000 183.000 83.000
-3.979 -17.109 166.349 198.000 211.000 124.000
-3.979 -16.676 166.354 165.000 183.000 88.000
-3.546 -16.676 166.354 189.000 198.000 125.000
-3.546 -16.243 166.359 131.000 141.000 86.000
-6.575 -17.546 166.775 75.000 86.000 52.000
-6.143 -17.979 166.770 115.000 125.000 79.000
-6.143 -17.546 166.775 96.000 109.000 60.000
-5.710 -18.411 166.766 147.000 159.000 92.000
-5.710 -17.979 166.771 144.000 155.000 90.000
-5.710 -17.546 166.775 142.000 157.000 83.000
-5.277 -18.411 166.767 149.000 166.000 80.000
-5.277 -17.979 166.771 163.000 177.000 93.000
-5.277 -17.546 166.776 171.000 186.000 94.000
-5.277 -17.113 166.780 167.000 176.000 102.000
-4.845 -17.979 166.772 181.000 197.000 101.000
-4.845 -17.546 166.776 180.000 197.000 97.000
-4.845 -17.113 166.781 186.000 204.000 99.000
-4.412 -17.546 166.777 186.000 203.000 109.000
-4.412 -17.113 166.781 187.000 205.000 105.000
-4.412 -16.681 166.786 179.000 198.000 89.000
-3.979 -17.113 166.782 204.000 216.000 128.000
-3.979 -16.681 166.786 186.000 204.000 101.000
-3.547 -16.681 166.787 224.000 230.000 150.000
-3.547 -16.248 166.791 180.000 195.000 113.000
-3.114 -16.248 166.792 155.000 162.000 111.000
-6.143 -17.550 167.208 74.000 87.000 43.000
-5.711 -17.983 167.203 138.000 149.000 87.000
-5.711 -17.550 167.208 134.000 146.000 81.000
-5.278 -18.416 167.199 124.000 144.000 60.000
-5.278 -17.983 167.204 142.000 157.000 78.000
-5.278 -17.550 167.208 164.000 179.000 95.000
-5.278 -17.118 167.213 174.000 190.000 96.000
-4.845 -17.983 167.204 183.000 198.000 111.000
-4.845 -17.550 167.209 183.000 199.000 105.000
-4.845 -17.118 167.213 173.000 189.000 88.000
-4.413 -17.550 167.209 198.000 211.000 127.000
-4.413 -17.118 167.214 182.000 198.000 101.000
-4.413 -16.685 167.218 181.000 201.000 91.000
-3.980 -17.118 167.214 211.000 222.000 136.000
-3.980 -16.685 167.219 191.000 208.000 106.000
-3.547 -16.685 167.219 223.000 231.000 152.000
-3.115 -16.253 167.224 200.000 206.000 144.000
-5.711 -17.555 167.641 74.000 84.000 43.000
-5.278 -17.555 167.641 80.000 91.000 45.000
-5.278 -17.122 167.646 146.000 161.000 84.000
-4.846 -17.988 167.637 168.000 181.000 108.000
-4.846 -17.555 167.642 176.000 191.000 107.000
-4.846 -17.122 167.646 174.000 191.000 96.000
-4.413 -17.555 167.642 191.000 205.000 121.000
-4.413 -17.122 167.647 192.000 206.000 117.000
-3.980 -17.122 167.647 202.000 214.000 132.000
-3.980 -16.690 167.652 190.000 207.000 108.000
-3.548 -16.690 167.652 214.000 224.000 146.000
-3.115 -16.257 167.657 229.000 232.000 171.000
-4.846 -17.992 168.070 77.000 84.000 51.000
-4.846 -17.560 168.074 144.000 155.000 93.000
-4.846 -17.127 168.079 180.000 195.000 113.000
-4.413 -17.560 168.075 199.000 210.000 139.000
-4.413 -17.127 168.079 190.000 205.000 119.000
-3.981 -17.127 168.080 204.000 216.000 138.000
-3.981 -16.694 168.084 196.000 210.000 120.000
-3.548 -16.694 168.085 214.000 224.000 147.000
-4.846 -17.132 168.511 109.000 121.000 66.000
-4.414 -17.132 168.512 179.000 194.000 116.000
-4.414 -17.136 168.944 162.000 174.000 108.000
-6.573 -17.081 163.751 111.000 130.000 67.000
-5.707 -19.244 163.729 149.000 153.000 122.000
-6.139 -18.807 163.300 102.000 114.000 80.000
-6.573 -18.812 163.732 79.000 100.000 56.000
-6.573 -18.379 163.737 104.000 117.000 75.000
-6.140 -18.812 163.733 104.000 116.000 74.000
-5.707 -18.812 163.733 131.000 138.000 93.000
-6.140 -18.816 164.165 148.000 155.000 118.000
