-4.302 -5.514 52.242 89.000 119.000 43.000
-3.869 -5.514 52.242 93.000 123.000 43.000
-3.869 -5.082 52.247 91.000 123.000 36.000
-3.437 -5.082 52.247 65.000 95.000 24.000
-5.168 -5.086 52.678 116.000 132.000 66.000
-4.735 -5.519 52.674 91.000 113.000 46.000
-4.735 -5.086 52.678 113.000 138.000 54.000
-4.303 -5.951 52.670 95.000 113.000 56.000
-4.303 -5.519 52.674 103.000 129.000 49.000
-4.303 -5.086 52.679 107.000 136.000 46.000
-3.870 -5.951 52.670 98.000 120.000 55.000
-3.870 -5.519 52.675 111.000 136.000 53.000
-3.870 -5.086 52.679 111.000 140.000 47.000
-3.437 -5.951 52.671 65.000 82.000 36.000
-3.437 -5.519 52.675 81.000 107.000 38.000
-3.437 -5.086 52.680 76.000 106.000 31.000
-5.601 -4.225 53.119 117.000 122.000 87.000
-5.168 -5.091 53.111 102.000 120.000 56.000
-5.168 -4.658 53.115 147.000 161.000 92.000
-5.168 -4.225 53.120 153.000 166.000 100.000
-4.736 -5.956 53.102 99.000 117.000 57.000
-4.736 -5.523 53.107 115.000 137.000 59.000
-4.736 -5.091 53.111 124.000 145.000 63.000
-4.736 -4.658 53.116 126.000 147.000 64.000
-4.303 -6.389 53.098 87.000 101.000 52.000
-4.303 -5.956 53.102 126.000 146.000 70.000
-4.303 -5.523 53.107 122.000 145.000 60.000
-4.303 -5.091 53.112 123.000 146.000 60.000
-4.303 -4.658 53.116 112.000 138.000 51.000
-3.870 -6.389 53.098 116.000 133.000 71.000
-3.870 -5.956 53.103 131.000 149.000 73.000
-3.870 -5.523 53.107 128.000 149.000 64.000
-3.870 -5.091 53.112 120.000 146.000 54.000
-3.870 -4.658 53.117 100.000 131.000 40.000
-3.438 -6.389 53.099 94.000 105.000 63.000
-3.438 -5.956 53.103 142.000 160.000 90.000
-3.438 -5.523 53.108 130.000 154.000 71.000
-3.438 -5.091 53.112 98.000 128.000 47.000
-3.438 -4.658 53.117 76.000 107.000 30.000
-3.005 -5.523 53.108 66.000 90.000 33.000
-5.601 -5.095 53.543 116.000 128.000 74.000
-5.601 -4.663 53.548 134.000 149.000 87.000
-5.601 -4.230 53.552 123.000 135.000 85.000
-5.601 -3.797 53.557 115.000 118.000 90.000
-5.169 -5.961 53.534 111.000 122.000 69.000
-5.169 -5.528 53.539 155.000 171.000 90.000
-5.169 -5.095 53.543 135.000 152.000 77.000
-5.169 -4.663 53.548 128.000 149.000 73.000
-5.169 -4.230 53.553 133.000 150.000 84.000
-4.736 -5.961 53.535 150.000 167.000 90.000
-4.736 -5.528 53.539 138.000 158.000 74.000
-4.736 -5.095 53.544 128.000 149.000 66.000
-4.736 -4.663 53.548 126.000 147.000 67.000
-4.736 -4.230 53.553 122.000 141.000 70.000
-4.303 -6.393 53.530 138.000 152.000 84.000
-4.303 -5.961 53.535 147.000 164.000 84.000
-4.303 -5.528 53.540 142.000 163.000 73.000
-4.303 -5.095 53.544 130.000 152.000 65.000
-4.303 -4.663 53.549 119.000 143.000 60.000
-4.303 -4.230 53.553 85.000 104.000 43.000
-3.871 -6.826 53.526 112.000 122.000 70.000
-3.871 -6.393 53.531 143.000 160.000 82.000
-3.871 -5.961 53.535 145.000 166.000 78.000
-3.871 -5.528 53.540 145.000 167.000 74.000
-3.871 -5.095 53.545 132.000 157.000 65.000
-3.871 -4.663 53.549 101.000 128.000 45.000
-3.438 -6.826 53.527 115.000 126.000 77.000
-3.438 -6.393 53.531 147.000 164.000 91.000
-3.438 -5.961 53.536 150.000 170.000 88.000
-3.438 -5.528 53.540 135.000 159.000 73.000
-3.438 -5.095 53.545 110.000 135.000 56.000
-3.438 -4.663 53.550 57.000 87.000 21.000
-3.005 -6.393 53.532 74.000 88.000 46.000
-3.005 -5.961 53.536 106.000 122.000 71.000
-3.005 -5.528 53.541 69.000 93.000 35.000
-6.034 -4.667 53.980 84.000 92.000 56.000
-5.602 -5.533 53.971 89.000 104.000 51.000
-5.602 -5.100 53.976 124.000 140.000 74.000
-5.602 -4.667 53.980 136.000 154.000 83.000
-5.602 -4.235 53.985 144.000 160.000 94.000
-5.602 -3.802 53.989 154.000 165.000 115.000
-5.169 -5.965 53.967 132.000 147.000 81.000
-5.169 -5.533 53.971 124.000 148.000 63.000
-5.169 -5.100 53.976 130.000 152.000 69.000
-5.169 -4.667 53.981 135.000 155.000 74.000
-5.169 -4.235 53.985 139.000 157.000 83.000
-5.169 -3.802 53.990 146.000 159.000 100.000
-4.736 -6.398 53.963 101.000 112.000 63.000
-4.736 -5.965 53.967 152.000 168.000 90.000
-4.736 -5.533 53.972 141.000 161.000 73.000
-4.736 -5.100 53.976 139.000 159.000 72.000
-4.736 -4.667 53.981 131.000 151.000 68.000
-4.736 -4.235 53.986 126.000 146.000 69.000
-4.304 -6.830 53.958 77.000 84.000 48.000
-4.304 -6.398 53.963 138.000 154.000 81.000
-4.304 -5.965 53.968 141.000 160.000 77.000
-4.304 -5.533 53.972 143.000 164.000 73.000
-4.304 -5.100 53.977 129.000 150.000 65.000
-4.304 -4.667 53.981 111.000 136.000 55.000
-4.304 -4.235 53.986 91.000 115.000 45.000
-3.871 -6.830 53.959 122.000 134.000 75.000
-3.871 -6.398 53.963 137.000 156.000 74.000
-3.871 -5.965 53.968 141.000 162.000 70.000
-3.871 -5.533 53.973 133.000 158.000 64.000
-3.871 -5.100 53.977 117.000 142.000 56.000
-3.871 -4.667 53.982 67.000 97.000 27.000
-3.438 -6.830 53.959 152.000 166.000 99.000
-3.438 -6.398 53.964 152.000 170.000 91.000
-3.438 -5.965 53.968 145.000 165.000 82.000
-3.438 -5.533 53.973 128.000 151.000 68.000
-3.438 -5.100 53.978 92.000 119.000 45.000
-3.006 -6.398 53.964 135.000 148.000 94.000
-3.006 -5.965 53.969 131.000 147.000 88.000
-3.006 -5.533 53.973 72.000 97.000 37.000
-3.006 -5.100 53.978 55.000 80.000 24.000
-6.035 -5.104 54.408 101.000 115.000 64.000
-6.035 -4.672 54.412 110.000 124.000 71.000
-6.035 -4.239 54.417 111.000 125.000 75.000
-6.035 -3.807 54.422 86.000 93.000 63.000
-5.602 -5.537 54.404 112.000 131.000 62.000
-5.602 -5.104 54.408 134.000 152.000 78.000
-5.602 -4.672 54.413 134.000 154.000 77.000
-5.602 -4.239 54.417 136.000 153.000 83.000
-5.602 -3.807 54.422 141.000 153.000 99.000
-5.170 -5.970 54.399 129.000 143.000 76.000
-5.170 -5.537 54.404 129.000 153.000 66.000
-5.170 -5.104 54.409 134.000 156.000 68.000
-5.170 -4.672 54.413 137.000 157.000 70.000
-5.170 -4.239 54.418 138.000 154.000 77.000
-5.170 -3.807 54.422 151.000 164.000 99.000
-4.737 -6.402 54.395 132.000 145.000 80.000
-4.737 -5.970 54.400 142.000 160.000 79.000
-4.737 -5.537 54.404 143.000 164.000 73.000
-4.737 -5.104 54.409 134.000 156.000 67.000
-4.737 -4.672 54.414 132.000 154.000 67.000
-4.737 -4.239 54.418 129.000 148.000 69.000
-4.737 -3.807 54.423 89.000 108.000 48.000
-4.304 -6.835 54.391 86.000 96.000 52.000
-4.304 -6.402 54.396 138.000 154.000 78.000
-4.304 -5.970 54.400 144.000 162.000 77.000
-4.304 -5.537 54.405 142.000 164.000 74.000
-4.304 -5.104 54.409 126.000 149.000 64.000
-4.304 -4.672 54.414 107.000 131.000 54.000
-4.304 -4.239 54.419 95.000 120.000 47.000
-3.872 -6.835 54.392 135.000 150.000 78.000
-3.872 -6.402 54.396 141.000 159.000 74.000
-3.872 -5.970 54.401 141.000 161.000 70.000
-3.872 -5.537 54.405 131.000 155.000 65.000
-3.872 -5.104 54.410 105.000 129.000 52.000
-3.872 -4.672 54.414 64.000 93.000 27.000
-3.439 -6.835 54.392 156.000 172.000 97.000
-3.439 -6.402 54.397 149.000 167.000 86.000
-3.439 -5.970 54.401 142.000 162.000 78.000
-3.439 -5.537 54.406 132.000 154.000 72.000
-3.439 -5.104 54.410 82.000 109.000 43.000
-3.006 -6.835 54.392 127.000 141.000 85.000
-3.006 -6.402 54.397 151.000 164.000 101.000
-3.006 -5.970 54.402 134.000 151.000 86.000
-3.006 -5.537 54.406 77.000 101.000 42.000
-3.006 -5.104 54.411 53.000 80.000 23.000
-6.035 -5.109 54.840 126.000 141.000 81.000
-6.035 -4.676 54.845 127.000 143.000 80.000
-6.035 -4.244 54.850 120.000 134.000 79.000
-6.035 -3.811 54.854 124.000 134.000 93.000
-5.603 -5.542 54.836 126.000 145.000 71.000
-5.603 -5.109 54.841 137.000 157.000 78.000
-5.603 -4.676 54.845 135.000 155.000 74.000
-5.603 -4.244 54.850 131.000 149.000 76.000
-5.603 -3.811 54.855 123.000 139.000 80.000
-5.170 -6.407 54.828 84.000 94.000 50.000
-5.170 -5.974 54.832 138.000 153.000 79.000
-5.170 -5.542 54.837 143.000 162.000 77.000
-5.170 -5.109 54.841 138.000 158.000 71.000
-5.170 -4.676 54.846 136.000 156.000 68.000
-5.170 -4.244 54.850 131.000 151.000 69.000
-5.170 -3.811 54.855 115.000 134.000 65.000
-4.737 -6.407 54.828 130.000 148.000 72.000
-4.737 -5.974 54.833 143.000 161.000 78.000
-4.737 -5.542 54.837 145.000 166.000 74.000
-4.737 -5.109 54.842 135.000 157.000 66.000
-4.737 -4.676 54.846 128.000 151.000 63.000
-4.737 -4.244 54.851 126.000 147.000 65.000
-4.737 -3.811 54.855 74.000 97.000 34.000
-4.305 -6.840 54.824 90.000 102.000 51.000
-4.305 -6.407 54.828 133.000 150.000 71.000
-4.305 -5.974 54.833 143.000 162.000 76.000
-4.305 -5.542 54.838 138.000 161.000 71.000
-4.305 -5.109 54.842 126.000 148.000 63.000
-4.305 -4.676 54.847 102.000 127.000 51.000
-4.305 -4.244 54.851 99.000 123.000 51.000
-3.872 -6.840 54.824 130.000 147.000 69.000
-3.872 -6.407 54.829 140.000 161.000 72.000
-3.872 -5.974 54.833 144.000 165.000 73.000
-3.872 -5.542 54.838 134.000 157.000 69.000
-3.872 -5.109 54.843 94.000 119.000 48.000
-3.872 -4.676 54.847 64.000 91.000 29.000
-3.439 -7.272 54.820 111.000 121.000 70.000
-3.439 -6.840 54.825 150.000 170.000 87.000
-3.439 -6.407 54.829 144.000 164.000 78.000
-3.439 -5.974 54.834 142.000 163.000 76.000
-3.439 -5.542 54.838 118.000 141.000 64.000
-3.439 -5.109 54.843 65.000 91.000 31.000
-3.007 -6.840 54.825 147.000 162.000 98.000
-3.007 -6.407 54.830 157.000 173.000 101.000
-3.007 -5.974 54.834 151.000 168.000 97.000
-3.007 -5.542 54.839 70.000 93.000 36.000
-3.007 -5.109 54.843 59.000 86.000 28.000
-6.036 -5.114 55.273 129.000 148.000 80.000
-6.036 -4.681 55.278 123.000 143.000 72.000
-6.036 -4.248 55.282 114.000 133.000 69.000
-6.036 -3.816 55.287 107.000 122.000 76.000
-5.603 -5.979 55.264 108.000 123.000 66.000
-5.603 -5.546 55.269 121.000 141.000 65.000
-5.603 -5.114 55.273 134.000 155.000 73.000
-5.603 -4.681 55.278 130.000 152.000 69.000
-5.603 -4.248 55.283 125.000 144.000 70.000
-5.603 -3.816 55.287 93.000 110.000 56.000
-5.170 -6.412 55.260 105.000 117.000 66.000
-5.170 -5.979 55.265 141.000 160.000 81.000
-5.170 -5.546 55.269 139.000 158.000 71.000
-5.170 -5.114 55.274 144.000 163.000 74.000
-5.170 -4.681 55.278 138.000 158.000 69.000
-5.170 -4.248 55.283 135.000 153.000 72.000
-5.170 -3.816 55.288 86.000 102.000 47.000
-4.738 -6.412 55.261 139.000 158.000 78.000
-4.738 -5.979 55.265 152.000 172.000 83.000
-4.738 -5.546 55.270 152.000 173.000 76.000
-4.738 -5.114 55.274 147.000 167.000 73.000
-4.738 -4.681 55.279 133.000 154.000 66.000
-4.738 -4.248 55.283 121.000 143.000 61.000
-4.738 -3.816 55.288 91.000 112.000 47.000
-4.305 -6.844 55.256 73.000 83.000 38.000
-4.305 -6.412 55.261 139.000 159.000 73.000
-4.305 -5.979 55.266 151.000 173.000 76.000
-4.305 -5.546 55.270 150.000 172.000 75.000
-4.305 -5.114 55.275 134.000 154.000 67.000
-4.305 -4.681 55.279 99.000 124.000 49.000
-4.305 -4.248 55.284 72.000 97.000 33.000
-3.872 -6.844 55.257 113.000 127.000 58.000
-3.872 -6.412 55.261 141.000 164.000 68.000
-3.872 -5.979 55.266 141.000 168.000 65.000
-3.872 -5.546 55.271 131.000 157.000 61.000
-3.872 -5.114 55.275 91.000 119.000 44.000
-3.440 -7.277 55.253 121.000 134.000 75.000
-3.440 -6.844 55.257 144.000 164.000 80.000
-3.440 -6.412 55.262 143.000 166.000 74.000
-3.440 -5.979 55.266 147.000 172.000 74.000
-3.440 -5.546 55.271 128.000 153.000 67.000
-3.007 -6.844 55.258 162.000 176.000 108.000
-3.007 -6.412 55.262 155.000 174.000 96.000
-3.007 -5.979 55.267 133.000 154.000 76.000
-6.469 -4.253 55.714 71.000 81.000 51.000
-6.036 -5.551 55.701 77.000 88.000 48.000
-6.036 -5.118 55.706 135.000 153.000 83.000
-6.036 -4.686 55.710 125.000 145.000 73.000
-6.036 -4.253 55.715 117.000 136.000 73.000
-6.036 -3.820 55.719 99.000 112.000 71.000
-5.603 -5.983 55.697 130.000 147.000 80.000
-5.603 -5.551 55.702 128.000 150.000 69.000
-5.603 -5.118 55.706 136.000 157.000 73.000
-5.603 -4.686 55.711 130.000 152.000 68.000
-5.603 -4.253 55.715 121.000 143.000 66.000
-5.603 -3.820 55.720 104.000 122.000 63.000
-5.171 -6.416 55.693 123.000 136.000 76.000
-5.171 -5.983 55.697 138.000 156.000 77.000
-5.171 -5.551 55.702 134.000 156.000 66.000
-5.171 -5.118 55.707 139.000 159.000 68.000
-5.171 -4.686 55.711 142.000 162.000 69.000
-5.171 -4.253 55.716 138.000 156.000 75.000
-5.171 -3.820 55.720 86.000 103.000 48.000
-4.738 -6.849 55.689 96.000 107.000 57.000
-4.738 -6.416 55.693 142.000 160.000 79.000
-4.738 -5.984 55.698 148.000 167.000 76.000
-4.738 -5.551 55.702 140.000 162.000 65.000
-4.738 -5.118 55.707 130.000 154.000 58.000
-4.738 -4.686 55.712 124.000 147.000 56.000
-4.738 -4.253 55.716 108.000 132.000 49.000
-4.305 -6.849 55.689 101.000 113.000 56.000
-4.305 -6.416 55.694 142.000 161.000 72.000
-4.305 -5.984 55.698 138.000 162.000 63.000
-4.305 -5.551 55.703 131.000 157.000 58.000
-4.305 -5.118 55.707 113.000 140.000 50.000
-4.305 -4.686 55.712 83.000 108.000 38.000
-3.873 -7.281 55.685 96.000 104.000 58.000
-3.873 -6.849 55.689 143.000 161.000 75.000
-3.873 -6.416 55.694 138.000 162.000 62.000
-3.873 -5.984 55.699 131.000 160.000 53.000
-3.873 -5.551 55.703 123.000 152.000 52.000
-3.873 -5.118 55.708 96.000 122.000 46.000
-3.440 -7.281 55.685 136.000 146.000 87.000
-3.440 -6.849 55.690 142.000 160.000 78.000
-3.440 -6.416 55.694 152.000 173.000 78.000
-3.440 -5.984 55.699 150.000 174.000 72.000
-3.440 -5.551 55.704 124.000 149.000 61.000
-3.007 -7.281 55.686 98.000 101.000 71.000
-3.007 -6.849 55.690 163.000 177.000 105.000
-3.007 -6.416 55.695 156.000 174.000 94.000
-3.007 -5.984 55.699 112.000 134.000 56.000
-6.469 -4.690 56.143 91.000 102.000 63.000
-6.469 -4.258 56.147 73.000 84.000 51.000
-6.036 -5.555 56.134 108.000 122.000 68.000
-6.037 -5.123 56.138 136.000 154.000 84.000
-6.037 -4.690 56.143 129.000 149.000 77.000
-6.037 -4.258 56.148 116.000 136.000 73.000
-6.037 -3.825 56.152 96.000 109.000 68.000
-5.604 -5.988 56.130 129.000 147.000 77.000
-5.604 -5.555 56.134 131.000 151.000 71.000
-5.604 -5.123 56.139 134.000 156.000 72.000
-5.604 -4.690 56.143 130.000 154.000 69.000
-5.604 -4.258 56.148 126.000 147.000 72.000
-5.604 -3.825 56.153 108.000 123.000 69.000
-5.171 -6.421 56.125 139.000 153.000 85.000
-5.171 -5.988 56.130 139.000 158.000 76.000
-5.171 -5.555 56.135 133.000 156.000 65.000
-5.171 -5.123 56.139 134.000 159.000 63.000
-5.171 -4.690 56.144 146.000 165.000 75.000
-5.171 -4.258 56.148 142.000 161.000 77.000
-4.738 -6.853 56.121 116.000 129.000 69.000
-4.738 -6.421 56.126 139.000 158.000 74.000
-4.739 -5.988 56.130 140.000 161.000 67.000
-4.739 -5.555 56.135 132.000 156.000 56.000
-4.739 -5.123 56.140 128.000 152.000 57.000
-4.739 -4.690 56.144 120.000 144.000 54.000
-4.739 -4.258 56.149 100.000 124.000 46.000
-4.306 -6.853 56.122 118.000 132.000 64.000
-4.306 -6.421 56.126 138.000 158.000 67.000
-4.306 -5.988 56.131 134.000 160.000 58.000
-4.306 -5.555 56.135 127.000 153.000 53.000
-4.306 -5.123 56.140 117.000 141.000 52.000
-4.306 -4.690 56.145 68.000 95.000 29.000
-3.873 -7.286 56.117 96.000 105.000 57.000
-3.873 -6.853 56.122 142.000 160.000 73.000
-3.873 -6.421 56.127 139.000 163.000 61.000
-3.873 -5.988 56.131 135.000 164.000 53.000
-3.873 -5.555 56.136 122.000 151.000 50.000
-3.873 -5.123 56.140 94.000 120.000 45.000
-3.441 -7.286 56.118 119.000 128.000 76.000
-3.441 -6.853 56.123 158.000 175.000 88.000
-3.441 -6.421 56.127 150.000 172.000 75.000
-3.441 -5.988 56.132 142.000 169.000 64.000
-3.441 -5.555 56.136 94.000 122.000 38.000
-3.008 -7.286 56.118 127.000 133.000 93.000
-3.008 -6.853 56.123 162.000 177.000 103.000
-3.008 -6.421 56.128 150.000 168.000 88.000
-3.008 -5.988 56.132 113.000 135.000 56.000
-6.470 -5.127 56.571 77.000 85.000 54.000
-6.470 -4.695 56.575 100.000 114.000 67.000
-6.470 -4.262 56.580 83.000 95.000 58.000
-6.037 -5.560 56.566 126.000 141.000 81.000
-6.037 -5.127 56.571 128.000 149.000 77.000
-6.037 -4.695 56.576 124.000 145.000 74.000
-6.037 -4.262 56.580 121.000 139.000 77.000
-6.037 -3.829 56.585 79.000 90.000 53.000
-5.604 -6.425 56.558 95.000 106.000 62.000
-5.604 -5.993 56.562 122.000 138.000 72.000
-5.604 -5.560 56.567 131.000 150.000 71.000
-5.604 -5.127 56.571 136.000 156.000 75.000
-5.604 -4.695 56.576 128.000 150.000 71.000
-5.604 -4.262 56.581 128.000 148.000 76.000
-5.604 -3.829 56.585 97.000 110.000 64.000
-5.172 -6.858 56.553 144.000 156.000 95.000
-5.172 -6.425 56.558 144.000 161.000 84.000
-5.172 -5.993 56.563 139.000 157.000 73.000
-5.172 -5.560 56.567 136.000 157.000 65.000
-5.172 -5.127 56.572 141.000 163.000 72.000
-5.172 -4.695 56.576 141.000 162.000 75.000
-5.172 -4.262 56.581 129.000 148.000 71.000
-4.739 -6.858 56.554 125.000 139.000 71.000
-4.739 -6.425 56.558 140.000 158.000 72.000
-4.739 -5.993 56.563 139.000 160.000 64.000
-4.739 -5.560 56.568 132.000 157.000 56.000
-4.739 -5.127 56.572 133.000 156.000 61.000
-4.739 -4.695 56.577 113.000 136.000 54.000
-4.739 -4.262 56.581 82.000 108.000 38.000
-4.306 -6.858 56.554 121.000 135.000 65.000
-4.306 -6.425 56.559 143.000 162.000 70.000
-4.306 -5.993 56.563 138.000 162.000 60.000
-4.306 -5.560 56.568 127.000 153.000 53.000
-4.306 -5.127 56.573 118.000 143.000 54.000
-4.306 -4.695 56.577 68.000 94.000 31.000
-3.874 -7.291 56.550 118.000 129.000 68.000
-3.874 -6.858 56.555 130.000 148.000 65.000
-3.874 -6.425 56.559 143.000 166.000 64.000
-3.874 -5.993 56.564 139.000 166.000 56.000
-3.874 -5.560 56.568 120.000 147.000 49.000
-3.874 -5.127 56.573 90.000 117.000 42.000
-3.441 -7.291 56.551 140.000 149.000 90.000
-3.441 -6.858 56.555 163.000 180.000 93.000
-3.441 -6.425 56.560 150.000 171.000 77.000
-3.441 -5.993 56.564 131.000 157.000 58.000
-3.441 -5.560 56.569 62.000 87.000 20.000
-3.008 -7.291 56.551 124.000 128.000 94.000
-3.008 -6.858 56.556 174.000 185.000 117.000
-3.008 -6.425 56.560 161.000 174.000 100.000
-3.008 -5.993 56.565 92.000 108.000 46.000
-2.576 -6.858 56.556 84.000 87.000 61.000
-6.470 -5.132 57.003 105.000 116.000 75.000
-6.470 -4.699 57.008 109.000 124.000 73.000
-6.470 -4.267 57.012 91.000 105.000 62.000
-6.037 -5.565 56.999 130.000 144.000 86.000
-6.037 -5.132 57.004 137.000 155.000 84.000
-6.037 -4.699 57.008 124.000 142.000 73.000
-6.037 -4.267 57.013 126.000 142.000 81.000
-5.605 -6.430 56.990 76.000 84.000 48.000
-5.605 -5.997 56.995 124.000 140.000 73.000
-5.605 -5.565 56.999 136.000 156.000 76.000
-5.605 -5.132 57.004 138.000 157.000 78.000
-5.605 -4.699 57.009 128.000 148.000 71.000
-5.605 -4.267 57.013 121.000 137.000 71.000
-5.172 -6.863 56.986 151.000 163.000 99.000
-5.172 -6.430 56.991 135.000 152.000 76.000
-5.172 -5.997 56.995 137.000 156.000 70.000
-5.172 -5.565 57.000 132.000 153.000 62.000
-5.172 -5.132 57.004 151.000 170.000 79.000
-5.172 -4.699 57.009 141.000 159.000 77.000
-5.172 -4.267 57.014 95.000 113.000 50.000
-4.739 -6.863 56.987 130.000 145.000 71.000
-4.739 -6.430 56.991 139.000 158.000 69.000
-4.739 -5.997 56.996 139.000 161.000 63.000
-4.739 -5.565 57.000 138.000 160.000 62.000
-4.739 -5.132 57.005 132.000 154.000 63.000
-4.739 -4.699 57.009 107.000 130.000 52.000
-4.739 -4.267 57.014 61.000 86.000 26.000
-4.307 -7.295 56.982 100.000 108.000 59.000
-4.307 -6.863 56.987 133.000 149.000 69.000
-4.307 -6.430 56.992 138.000 158.000 65.000
-4.307 -5.997 56.996 137.000 161.000 58.000
-4.307 -5.565 57.001 132.000 156.000 58.000
-4.307 -5.132 57.005 110.000 135.000 50.000
-4.307 -4.699 57.010 73.000 97.000 36.000
-3.874 -7.295 56.983 161.000 175.000 91.000
-3.874 -6.863 56.987 151.000 169.000 74.000
-3.874 -6.430 56.992 135.000 155.000 60.000
-3.874 -5.997 56.997 119.000 144.000 46.000
-3.874 -5.565 57.001 95.000 120.000 36.000
-3.874 -5.132 57.006 88.000 110.000 43.000
-3.441 -7.295 56.983 171.000 183.000 110.000
-3.441 -6.863 56.988 160.000 178.000 90.000
-3.441 -6.430 56.992 123.000 142.000 60.000
-3.441 -5.997 56.997 83.000 102.000 32.000
-3.009 -7.295 56.984 208.000 209.000 166.000
-3.009 -6.863 56.988 188.000 191.000 136.000
-3.009 -6.430 56.993 140.000 149.000 91.000
-6.470 -5.137 57.436 90.000 103.000 60.000
-6.470 -4.704 57.440 101.000 119.000 63.000
-6.470 -4.271 57.445 90.000 104.000 60.000
-6.038 -5.569 57.432 133.000 150.000 85.000
-6.038 -5.137 57.436 127.000 146.000 75.000
-6.038 -4.704 57.441 121.000 141.000 71.000
-6.038 -4.271 57.445 110.000 130.000 66.000
-5.605 -6.434 57.423 74.000 83.000 46.000
-5.605 -6.002 57.428 130.000 147.000 76.000
-5.605 -5.569 57.432 138.000 158.000 75.000
-5.605 -5.137 57.437 135.000 154.000 75.000
-5.605 -4.704 57.441 124.000 143.000 68.000
-5.605 -4.271 57.446 117.000 136.000 67.000
-5.172 -6.867 57.419 150.000 163.000 95.000
-5.172 -6.434 57.423 145.000 162.000 81.000
-5.172 -6.002 57.428 139.000 159.000 70.000
-5.172 -5.569 57.433 143.000 163.000 71.000
-5.172 -5.137 57.437 132.000 155.000 65.000
-5.172 -4.704 57.442 118.000 140.000 59.000
-5.172 -4.271 57.446 96.000 121.000 47.000
-4.740 -7.300 57.415 127.000 138.000 77.000
-4.740 -6.867 57.419 147.000 162.000 80.000
-4.740 -6.434 57.424 142.000 159.000 70.000
-4.740 -6.002 57.428 137.000 160.000 59.000
-4.740 -5.569 57.433 132.000 157.000 55.000
-4.740 -5.137 57.438 120.000 144.000 55.000
-4.740 -4.704 57.442 80.000 109.000 36.000
-4.307 -7.300 57.415 145.000 157.000 85.000
-4.307 -6.867 57.420 143.000 160.000 75.000
-4.307 -6.434 57.424 138.000 157.000 64.000
-4.307 -6.002 57.429 137.000 160.000 59.000
-4.307 -5.569 57.433 130.000 153.000 57.000
-4.307 -5.137 57.438 85.000 112.000 37.000
-3.874 -7.300 57.415 167.000 182.000 96.000
-3.874 -6.867 57.420 149.000 168.000 76.000
-3.874 -6.434 57.425 116.000 136.000 50.000
-3.874 -6.002 57.429 94.000 114.000 36.000
-3.874 -5.569 57.434 79.000 96.000 33.000
-3.442 -7.300 57.416 175.000 187.000 115.000
-3.442 -6.867 57.420 171.000 186.000 102.000
-3.442 -6.434 57.425 151.000 171.000 79.000
-3.442 -6.002 57.430 93.000 111.000 41.000
-3.009 -7.300 57.416 195.000 195.000 147.000
-3.009 -6.867 57.421 186.000 190.000 132.000
-3.009 -6.435 57.425 123.000 133.000 78.000
-6.471 -5.141 57.869 88.000 101.000 54.000
-6.471 -4.709 57.873 101.000 119.000 61.000
-6.471 -4.276 57.878 78.000 90.000 50.000
-6.038 -6.006 57.860 95.000 104.000 65.000
-6.038 -5.574 57.864 143.000 161.000 89.000
-6.038 -5.141 57.869 126.000 146.000 73.000
-6.038 -4.709 57.874 118.000 139.000 66.000
-6.038 -4.276 57.878 113.000 131.000 67.000
-5.605 -6.439 57.856 110.000 123.000 67.000
-5.605 -6.006 57.860 137.000 155.000 77.000
-5.605 -5.574 57.865 145.000 165.000 79.000
-5.605 -5.141 57.869 130.000 152.000 69.000
-5.605 -4.709 57.874 114.000 137.000 60.000
-5.606 -4.276 57.879 104.000 127.000 56.000
-5.173 -6.872 57.851 148.000 162.000 91.000
-5.173 -6.439 57.856 135.000 153.000 70.000
-5.173 -6.006 57.861 142.000 161.000 70.000
-5.173 -5.574 57.865 150.000 169.000 74.000
-5.173 -5.141 57.870 130.000 154.000 61.000
-5.173 -4.709 57.874 106.000 131.000 52.000
-4.740 -7.304 57.847 150.000 161.000 93.000
-4.740 -6.872 57.852 147.000 162.000 80.000
-4.740 -6.439 57.856 139.000 158.000 67.000
-4.740 -6.006 57.861 138.000 159.000 60.000
-4.740 -5.574 57.866 134.000 157.000 57.000
-4.740 -5.141 57.870 123.000 145.000 57.000
-4.740 -4.709 57.875 84.000 110.000 40.000
-4.307 -7.304 57.848 159.000 171.000 95.000
-4.307 -6.872 57.852 149.000 164.000 79.000
-4.307 -6.439 57.857 141.000 160.000 69.000
-4.307 -6.006 57.861 138.000 161.000 63.000
-4.308 -5.574 57.866 133.000 156.000 61.000
-4.308 -5.141 57.871 88.000 112.000 42.000
-3.875 -7.737 57.843 98.000 101.000 68.000
-3.875 -7.304 57.848 163.000 178.000 95.000
-3.875 -6.872 57.853 154.000 170.000 82.000
-3.875 -6.439 57.857 133.000 152.000 66.000
-3.875 -6.006 57.862 126.000 145.000 60.000
-3.875 -5.574 57.866 113.000 130.000 59.000
-3.442 -7.737 57.844 140.000 140.000 111.000
-3.442 -7.304 57.848 191.000 199.000 131.000
-3.442 -6.872 57.853 169.000 184.000 103.000
-3.442 -6.439 57.858 144.000 162.000 80.000
-3.442 -6.006 57.862 80.000 95.000 39.000
-3.009 -7.304 57.849 179.000 177.000 137.000
-3.010 -6.872 57.853 166.000 171.000 117.000
-6.471 -5.578 58.297 85.000 93.000 58.000
-6.471 -5.146 58.301 102.000 119.000 62.000
-6.471 -4.713 58.306 98.000 115.000 58.000
-6.471 -4.280 58.310 68.000 81.000 40.000
-6.039 -6.011 58.292 140.000 152.000 96.000
-6.039 -5.578 58.297 146.000 163.000 89.000
-6.039 -5.146 58.302 126.000 147.000 69.000
-6.039 -4.713 58.306 110.000 134.000 59.000
-6.039 -4.280 58.311 108.000 128.000 62.000
-5.606 -6.444 58.288 126.000 141.000 74.000
-5.606 -6.011 58.293 143.000 161.000 80.000
-5.606 -5.578 58.297 146.000 167.000 78.000
-5.606 -5.146 58.302 125.000 149.000 62.000
-5.606 -4.713 58.307 102.000 129.000 50.000
-5.173 -6.876 58.284 144.000 160.000 85.000
-5.173 -6.444 58.289 134.000 153.000 66.000
-5.173 -6.011 58.293 138.000 159.000 65.000
-5.173 -5.578 58.298 151.000 171.000 72.000
-5.173 -5.146 58.302 125.000 149.000 57.000
-5.173 -4.713 58.307 102.000 125.000 49.000
-4.741 -7.309 58.280 166.000 176.000 107.000
-4.741 -6.876 58.284 148.000 163.000 80.000
-4.741 -6.444 58.289 138.000 157.000 66.000
-4.741 -6.011 58.294 136.000 158.000 58.000
-4.741 -5.578 58.298 132.000 155.000 56.000
-4.741 -5.146 58.303 118.000 141.000 56.000
-4.308 -7.309 58.280 163.000 176.000 99.000
-4.308 -6.876 58.285 156.000 171.000 87.000
-4.308 -6.444 58.289 147.000 165.000 75.000
-4.308 -6.011 58.294 142.000 163.000 68.000
-4.308 -5.578 58.299 132.000 154.000 64.000
-4.308 -5.146 58.303 99.000 122.000 53.000
-3.875 -7.742 58.276 121.000 128.000 82.000
-3.875 -7.309 58.281 167.000 182.000 97.000
-3.875 -6.876 58.285 156.000 172.000 86.000
-3.875 -6.444 58.290 154.000 173.000 85.000
-3.875 -6.011 58.294 161.000 180.000 91.000
-3.875 -5.578 58.299 143.000 163.000 84.000
-3.443 -7.742 58.277 128.000 128.000 99.000
-3.443 -7.309 58.281 192.000 199.000 135.000
-3.443 -6.876 58.286 156.000 171.000 94.000
-3.443 -6.444 58.290 102.000 118.000 56.000
-3.010 -7.309 58.282 156.000 154.000 121.000
-3.010 -6.876 58.286 111.000 119.000 76.000
-6.472 -5.150 58.734 90.000 104.000 53.000
-6.472 -4.718 58.738 94.000 113.000 53.000
-6.472 -4.285 58.743 74.000 92.000 40.000
-6.039 -6.448 58.720 88.000 97.000 60.000
-6.039 -6.016 58.725 143.000 158.000 92.000
-6.039 -5.583 58.730 138.000 158.000 80.000
-6.039 -5.150 58.734 119.000 143.000 63.000
-6.039 -4.718 58.739 107.000 130.000 57.000
-5.606 -6.448 58.721 131.000 146.000 76.000
-5.606 -6.016 58.725 141.000 158.000 78.000
-5.606 -5.583 58.730 140.000 160.000 72.000
-5.606 -5.150 58.735 120.000 143.000 58.000
-5.174 -7.314 58.712 121.000 126.000 87.000
-5.174 -6.881 58.717 145.000 159.000 85.000
-5.174 -6.448 58.721 139.000 156.000 71.000
-5.174 -6.016 58.726 140.000 160.000 64.000
-5.174 -5.583 58.730 142.000 165.000 65.000
-5.174 -5.150 58.735 113.000 139.000 50.000
-4.741 -7.314 58.713 172.000 182.000 113.000
-4.741 -6.881 58.717 149.000 163.000 83.000
-4.741 -6.448 58.722 141.000 158.000 70.000
-4.741 -6.016 58.726 139.000 158.000 63.000
-4.741 -5.583 58.731 130.000 153.000 55.000
-4.741 -5.150 58.735 106.000 130.000 48.000
-4.308 -7.746 58.708 118.000 123.000 84.000
-4.308 -7.314 58.713 168.000 180.000 106.000
-4.308 -6.881 58.718 152.000 167.000 88.000
-4.308 -6.448 58.722 139.000 157.000 73.000
-4.308 -6.016 58.727 134.000 154.000 65.000
-4.308 -5.583 58.731 110.000 133.000 53.000
-3.876 -7.746 58.709 156.000 163.000 111.000
-3.876 -7.314 58.713 173.000 185.000 108.000
-3.876 -6.881 58.718 158.000 172.000 91.000
-3.876 -6.448 58.723 136.000 155.000 73.000
-3.876 -6.016 58.727 120.000 141.000 62.000
-3.443 -7.314 58.714 170.000 179.000 121.000
-3.443 -6.881 58.718 132.000 148.000 80.000
-3.443 -6.448 58.723 98.000 114.000 57.000
-6.472 -5.588 59.162 76.000 86.000 50.000
-6.472 -5.155 59.166 111.000 129.000 67.000
-6.472 -4.722 59.171 100.000 115.000 61.000
-6.472 -4.290 59.176 81.000 91.000 52.000
-6.039 -6.453 59.153 86.000 94.000 61.000
-6.039 -6.020 59.158 149.000 163.000 98.000
-6.039 -5.588 59.162 132.000 151.000 76.000
-6.039 -5.155 59.167 126.000 147.000 67.000
-5.607 -6.885 59.149 118.000 127.000 80.000
-5.607 -6.453 59.153 155.000 170.000 97.000
-5.607 -6.020 59.158 150.000 167.000 86.000
-5.607 -5.588 59.163 133.000 155.000 66.000
-5.174 -7.318 59.145 117.000 122.000 81.000
-5.174 -6.885 59.149 159.000 170.000 97.000
-5.174 -6.453 59.154 158.000 173.000 90.000
-5.174 -6.020 59.158 148.000 167.000 74.000
-5.174 -5.588 59.163 132.000 157.000 56.000
-4.741 -7.751 59.141 99.000 100.000 74.000
-4.741 -7.318 59.145 178.000 188.000 120.000
-4.741 -6.885 59.150 158.000 172.000 94.000
-4.741 -6.453 59.154 163.000 179.000 91.000
-4.741 -6.020 59.159 144.000 164.000 69.000
-4.741 -5.588 59.163 117.000 142.000 49.000
-4.309 -7.751 59.141 139.000 140.000 107.000
-4.309 -7.318 59.146 180.000 189.000 126.000
-4.309 -6.885 59.150 154.000 168.000 94.000
-4.309 -6.453 59.155 156.000 172.000 91.000
-4.309 -6.020 59.159 130.000 150.000 67.000
-4.309 -5.588 59.164 74.000 102.000 31.000
-3.876 -7.318 59.146 174.000 182.000 126.000
-3.876 -6.885 59.151 149.000 161.000 97.000
-3.876 -6.453 59.155 120.000 135.000 71.000
-3.876 -6.020 59.160 64.000 85.000 30.000
-6.472 -5.159 59.599 90.000 104.000 56.000
-6.040 -6.025 59.590 127.000 143.000 81.000
-6.040 -5.592 59.595 121.000 143.000 66.000
-5.607 -6.890 59.582 122.000 130.000 86.000
-5.607 -6.457 59.586 158.000 173.000 100.000
-5.607 -6.025 59.591 138.000 157.000 77.000
-5.174 -7.323 59.577 130.000 136.000 92.000
-5.174 -6.890 59.582 169.000 180.000 109.000
-5.174 -6.457 59.587 167.000 182.000 99.000
-5.174 -6.025 59.591 142.000 162.000 70.000
-4.742 -7.323 59.578 176.000 185.000 124.000
-4.742 -6.890 59.582 179.000 191.000 116.000
-4.742 -6.457 59.587 167.000 183.000 97.000
-4.742 -6.025 59.592 139.000 158.000 66.000
-4.309 -7.323 59.578 180.000 185.000 140.000
-4.309 -6.890 59.583 164.000 175.000 113.000
-4.309 -6.457 59.587 152.000 165.000 97.000
-4.309 -6.025 59.592 102.000 123.000 54.000
-4.309 -5.592 59.597 66.000 93.000 27.000
-3.876 -6.890 59.583 89.000 97.000 65.000
-5.608 -6.895 60.014 133.000 141.000 94.000
-5.608 -6.462 60.019 144.000 159.000 88.000
-5.175 -7.327 60.010 166.000 170.000 125.000
-5.175 -6.895 60.015 177.000 188.000 120.000
-5.175 -6.462 60.019 145.000 162.000 80.000
-4.742 -7.327 60.010 204.000 207.000 159.000
-4.742 -6.895 60.015 198.000 205.000 145.000
-4.742 -6.462 60.020 144.000 160.000 82.000
-4.742 -6.029 60.024 113.000 136.000 52.000
-4.310 -7.327 60.011 187.000 187.000 157.000
-4.310 -6.895 60.015 173.000 180.000 133.000
-4.310 -6.462 60.020 96.000 112.000 59.000
-4.310 -6.029 60.025 65.000 89.000 29.000
-5.175 -7.332 60.443 199.000 201.000 161.000
-5.175 -6.899 60.447 154.000 165.000 106.000
-5.175 -6.467 60.452 118.000 138.000 60.000
-4.743 -7.332 60.443 210.000 209.000 176.000
-4.743 -6.899 60.448 156.000 164.000 117.000
-4.743 -6.467 60.452 72.000 92.000 32.000
-5.176 -6.904 60.880 81.000 92.000 50.000
