-7.066 8.751 144.327 88.000 97.000 38.000
-7.196 9.604 146.574 89.000 104.000 25.000
-8.115 9.597 146.968 85.000 92.000 32.000
-8.115 10.044 146.976 86.000 97.000 33.000
-7.668 9.150 146.986 79.000 92.000 35.000
-7.669 9.597 146.994 108.000 118.000 34.000
-7.669 10.043 147.002 97.000 108.000 32.000
-7.222 9.149 147.012 101.000 116.000 39.000
-7.222 9.596 147.020 111.000 126.000 31.000
-7.223 10.043 147.028 104.000 119.000 31.000
-6.776 9.596 147.046 74.000 92.000 21.000
-6.776 10.043 147.054 110.000 125.000 37.000
-8.587 9.589 147.388 83.000 87.000 34.000
-8.587 10.036 147.396 82.000 86.000 37.000
-8.141 9.589 147.414 96.000 107.000 36.000
-8.141 10.036 147.422 95.000 104.000 37.000
-7.694 9.142 147.432 109.000 121.000 47.000
-7.695 9.588 147.440 112.000 126.000 36.000
-7.695 10.035 147.448 102.000 113.000 32.000
-7.248 9.141 147.458 104.000 118.000 38.000
-7.248 9.588 147.466 110.000 126.000 29.000
-7.249 10.035 147.474 114.000 128.000 35.000
-6.802 9.588 147.492 76.000 95.000 21.000
-6.802 10.035 147.500 107.000 121.000 37.000
-6.356 10.035 147.526 94.000 106.000 35.000
-6.356 10.481 147.534 136.000 143.000 72.000
-8.613 9.581 147.834 87.000 89.000 31.000
-8.167 9.134 147.852 87.000 101.000 35.000
-8.167 9.581 147.860 98.000 108.000 34.000
-8.167 10.027 147.868 100.000 108.000 40.000
-8.167 10.474 147.877 84.000 97.000 38.000
-7.720 9.133 147.878 103.000 118.000 38.000
-7.721 9.580 147.886 102.000 116.000 29.000
-7.721 10.027 147.894 108.000 120.000 37.000
-7.721 10.474 147.903 100.000 115.000 38.000
-7.274 9.133 147.904 107.000 124.000 38.000
-7.274 9.580 147.912 107.000 122.000 29.000
-7.275 10.027 147.920 105.000 120.000 32.000
-7.275 10.474 147.929 114.000 125.000 43.000
-6.828 10.027 147.946 90.000 106.000 30.000
-6.829 10.474 147.955 120.000 130.000 53.000
-6.382 10.027 147.972 89.000 101.000 36.000
-6.382 10.473 147.980 152.000 158.000 90.000
-9.085 9.573 148.255 81.000 82.000 34.000
-8.639 9.126 148.272 90.000 103.000 39.000
-8.639 9.573 148.281 100.000 109.000 40.000
-8.639 10.020 148.289 104.000 111.000 51.000
-8.193 9.126 148.298 93.000 104.000 33.000
-8.193 9.572 148.307 99.000 109.000 31.000
-8.193 10.019 148.315 105.000 115.000 42.000
-8.193 10.466 148.323 104.000 112.000 49.000
-7.746 9.125 148.324 104.000 121.000 39.000
-7.747 9.572 148.332 114.000 128.000 36.000
-7.747 10.019 148.341 115.000 126.000 43.000
-7.747 10.466 148.349 114.000 124.000 50.000
-7.300 9.125 148.350 91.000 108.000 31.000
-7.300 9.572 148.358 109.000 126.000 29.000
-7.301 10.019 148.367 113.000 127.000 36.000
-7.301 10.466 148.375 108.000 119.000 41.000
-6.854 9.572 148.384 65.000 84.000 18.000
-6.854 10.019 148.393 85.000 101.000 28.000
-6.855 10.466 148.401 102.000 113.000 39.000
-6.855 10.912 148.409 140.000 146.000 85.000
-6.408 10.018 148.419 105.000 116.000 43.000
-6.408 10.465 148.427 110.000 119.000 51.000
-6.409 10.912 148.435 111.000 119.000 55.000
-9.111 9.565 148.701 95.000 100.000 40.000
-9.111 10.012 148.709 102.000 106.000 53.000
-8.665 9.118 148.719 90.000 99.000 36.000
-8.665 9.565 148.727 105.000 114.000 42.000
-8.665 10.011 148.735 107.000 115.000 50.000
-8.219 9.117 148.745 84.000 99.000 32.000
-8.219 9.564 148.753 106.000 118.000 37.000
-8.219 10.011 148.761 107.000 117.000 43.000
-8.219 10.458 148.769 103.000 114.000 49.000
-7.772 9.117 148.771 89.000 109.000 32.000
-7.773 9.564 148.779 108.000 121.000 32.000
-7.773 10.011 148.787 113.000 126.000 42.000
-7.773 10.458 148.795 115.000 124.000 52.000
-7.326 9.117 148.796 77.000 95.000 25.000
-7.326 9.564 148.805 109.000 129.000 32.000
-7.327 10.011 148.813 105.000 123.000 35.000
-7.327 10.458 148.821 109.000 121.000 44.000
-7.327 10.905 148.829 99.000 110.000 48.000
-6.880 9.564 148.831 75.000 95.000 23.000
-6.880 10.011 148.839 89.000 107.000 31.000
-6.881 10.457 148.847 107.000 119.000 43.000
-6.881 10.904 148.855 108.000 120.000 54.000
-6.434 10.010 148.865 96.000 112.000 38.000
-6.434 10.457 148.873 101.000 114.000 42.000
-6.435 10.904 148.881 102.000 110.000 51.000
-9.583 9.557 149.121 82.000 88.000 42.000
-9.137 9.110 149.139 85.000 94.000 35.000
-9.137 9.557 149.147 93.000 103.000 39.000
-9.137 10.004 149.155 108.000 117.000 55.000
-8.691 9.110 149.165 88.000 98.000 34.000
-8.691 9.557 149.173 99.000 111.000 39.000
-8.691 10.003 149.181 107.000 118.000 48.000
-8.691 10.450 149.189 105.000 117.000 54.000
-8.245 9.109 149.191 90.000 105.000 34.000
-8.245 9.556 149.199 110.000 123.000 39.000
-8.245 10.003 149.207 107.000 119.000 43.000
-8.245 10.450 149.215 112.000 124.000 53.000
-7.798 9.109 149.217 97.000 115.000 36.000
-7.799 9.556 149.225 107.000 122.000 33.000
-7.799 10.003 149.233 103.000 119.000 37.000
-7.799 10.450 149.241 112.000 123.000 48.000
-7.799 10.897 149.249 105.000 112.000 58.000
-7.352 9.556 149.251 96.000 111.000 25.000
-7.353 10.003 149.259 93.000 110.000 29.000
-7.353 10.450 149.267 105.000 120.000 40.000
-7.353 10.896 149.275 97.000 110.000 45.000
-6.906 10.002 149.285 69.000 90.000 22.000
-6.907 10.449 149.293 99.000 115.000 38.000
-6.907 10.896 149.301 102.000 115.000 49.000
-6.460 10.449 149.319 101.000 116.000 41.000
-6.461 10.896 149.327 115.000 124.000 58.000
-9.609 9.549 149.567 97.000 106.000 47.000
-9.610 9.996 149.575 89.000 94.000 49.000
-9.163 9.102 149.585 83.000 97.000 35.000
-9.163 9.549 149.593 95.000 110.000 40.000
-9.163 9.996 149.601 109.000 119.000 52.000
-8.717 9.102 149.611 82.000 99.000 33.000
-8.717 9.548 149.619 103.000 118.000 41.000
-8.717 9.995 149.627 115.000 126.000 53.000
-8.717 10.442 149.635 117.000 127.000 57.000
-8.270 9.101 149.637 98.000 112.000 39.000
-8.271 9.548 149.645 102.000 114.000 35.000
-8.271 9.995 149.653 98.000 114.000 37.000
-8.271 10.442 149.661 117.000 127.000 53.000
-8.271 10.889 149.669 106.000 112.000 65.000
-7.825 9.548 149.671 99.000 109.000 29.000
-7.825 9.995 149.679 96.000 111.000 31.000
-7.825 10.442 149.687 105.000 120.000 40.000
-7.825 10.889 149.695 105.000 115.000 53.000
-7.379 9.995 149.705 91.000 106.000 27.000
-7.379 10.441 149.713 107.000 122.000 38.000
-7.379 10.888 149.721 99.000 112.000 44.000
-6.932 9.994 149.731 66.000 83.000 20.000
-6.933 10.441 149.739 103.000 119.000 39.000
-6.933 10.888 149.747 109.000 120.000 50.000
-6.486 10.441 149.765 99.000 114.000 40.000
-6.487 10.888 149.773 105.000 118.000 49.000
-9.635 9.541 150.013 101.000 113.000 48.000
-9.636 9.988 150.021 111.000 120.000 61.000
-9.189 9.094 150.031 74.000 87.000 32.000
-9.189 9.541 150.039 101.000 115.000 44.000
-9.189 9.987 150.047 113.000 123.000 53.000
-9.190 10.434 150.055 108.000 116.000 55.000
-8.743 9.093 150.057 82.000 96.000 32.000
-8.743 9.540 150.065 109.000 123.000 44.000
-8.743 9.987 150.073 121.000 132.000 56.000
-8.743 10.434 150.081 124.000 133.000 61.000
-8.744 10.881 150.089 96.000 101.000 59.000
-8.297 9.540 150.091 105.000 114.000 36.000
-8.297 9.987 150.099 115.000 128.000 46.000
-8.297 10.434 150.107 119.000 130.000 51.000
-8.297 10.881 150.115 110.000 119.000 60.000
-7.851 9.987 150.125 99.000 111.000 33.000
-7.851 10.434 150.133 111.000 124.000 41.000
-7.851 10.880 150.141 98.000 111.000 45.000
-7.405 9.986 150.151 94.000 107.000 28.000
-7.405 10.433 150.159 111.000 125.000 39.000
-7.405 10.880 150.167 108.000 121.000 46.000
-6.958 9.986 150.177 74.000 91.000 22.000
-6.959 10.433 150.185 106.000 119.000 39.000
-6.959 10.880 150.193 113.000 123.000 51.000
-6.959 11.327 150.201 100.000 105.000 61.000
-6.512 10.433 150.211 81.000 99.000 28.000
-6.513 10.880 150.219 101.000 115.000 45.000
-6.513 11.327 150.227 80.000 86.000 46.000
-9.661 9.533 150.459 96.000 111.000 50.000
-9.662 9.980 150.467 110.000 119.000 62.000
-9.215 9.532 150.485 104.000 121.000 45.000
-9.215 9.979 150.493 119.000 129.000 57.000
-9.216 10.426 150.501 126.000 134.000 69.000
-8.769 9.532 150.511 112.000 124.000 40.000
-8.769 9.979 150.519 122.000 133.000 53.000
-8.769 10.426 150.527 126.000 135.000 64.000
-8.770 10.873 150.535 103.000 109.000 61.000
-8.323 9.532 150.537 94.000 99.000 29.000
-8.323 9.979 150.545 123.000 134.000 52.000
-8.323 10.426 150.553 122.000 133.000 54.000
-8.323 10.873 150.561 113.000 122.000 59.000
-7.877 9.979 150.571 114.000 127.000 40.000
-7.877 10.426 150.579 113.000 127.000 41.000
-7.877 10.872 150.587 106.000 119.000 47.000
-7.430 9.978 150.597 100.000 110.000 28.000
-7.431 10.425 150.605 112.000 126.000 38.000
-7.431 10.872 150.613 116.000 127.000 49.000
-7.431 11.319 150.622 96.000 100.000 61.000
-6.984 9.978 150.623 94.000 106.000 26.000
-6.985 10.425 150.631 107.000 120.000 38.000
-6.985 10.872 150.639 113.000 124.000 49.000
-6.985 11.319 150.647 91.000 96.000 55.000
-6.538 10.425 150.657 86.000 100.000 26.000
-6.539 10.872 150.665 99.000 114.000 41.000
-6.539 11.319 150.673 80.000 86.000 47.000
-9.687 9.525 150.905 90.000 105.000 51.000
-9.687 9.971 150.913 111.000 120.000 66.000
-9.241 9.524 150.931 109.000 126.000 46.000
-9.241 9.971 150.939 123.000 134.000 59.000
-9.242 10.418 150.948 128.000 136.000 72.000
-8.795 9.524 150.957 112.000 124.000 37.000
-8.795 9.971 150.965 126.000 137.000 56.000
-8.795 10.418 150.974 125.000 134.000 62.000
-8.796 10.865 150.982 118.000 125.000 70.000
-8.349 9.971 150.991 121.000 134.000 47.000
-8.349 10.418 151.000 118.000 129.000 50.000
-8.349 10.865 151.008 110.000 121.000 54.000
-7.903 9.971 151.017 114.000 128.000 37.000
-7.903 10.417 151.025 114.000 127.000 41.000
-7.903 10.864 151.034 116.000 127.000 52.000
-7.456 9.970 151.043 111.000 125.000 33.000
-7.457 10.417 151.051 115.000 128.000 40.000
-7.457 10.864 151.060 118.000 129.000 49.000
-7.457 11.311 151.068 90.000 93.000 58.000
-7.010 9.970 151.069 108.000 119.000 31.000
-7.010 10.417 151.077 109.000 121.000 36.000
-7.011 10.864 151.086 110.000 121.000 46.000
-6.564 10.417 151.103 101.000 113.000 31.000
-6.565 10.864 151.111 107.000 118.000 44.000
-6.565 11.310 151.120 76.000 82.000 45.000
-9.713 9.516 151.352 98.000 113.000 55.000
-9.713 9.963 151.360 121.000 129.000 71.000
-9.714 10.410 151.368 106.000 111.000 67.000
-9.267 8.622 151.361 75.000 81.000 27.000
-9.267 9.516 151.377 101.000 117.000 44.000
-9.267 9.963 151.386 128.000 138.000 62.000
-9.267 10.410 151.394 134.000 143.000 72.000
-9.268 10.857 151.402 81.000 81.000 52.000
-8.821 9.516 151.403 94.000 110.000 32.000
-8.821 9.963 151.412 122.000 135.000 50.000
-8.821 10.410 151.420 128.000 137.000 63.000
-8.822 10.857 151.428 116.000 124.000 61.000
-8.374 8.622 151.413 72.000 83.000 24.000
-8.375 9.963 151.438 119.000 134.000 45.000
-8.375 10.410 151.446 121.000 133.000 49.000
-8.375 10.856 151.454 121.000 131.000 61.000
-8.376 11.303 151.462 76.000 80.000 45.000
-7.929 9.962 151.464 102.000 111.000 33.000
-7.929 10.409 151.472 118.000 130.000 46.000
-7.929 10.856 151.480 125.000 134.000 61.000
-7.929 11.303 151.488 100.000 104.000 61.000
-7.482 9.962 151.489 110.000 107.000 31.000
-7.483 10.409 151.498 107.000 120.000 36.000
-7.483 10.856 151.506 125.000 134.000 59.000
-7.483 11.303 151.514 91.000 93.000 57.000
-7.036 10.409 151.524 104.000 117.000 30.000
-7.037 10.856 151.532 109.000 121.000 42.000
-6.591 11.302 151.566 93.000 103.000 50.000
-9.739 9.955 151.806 118.000 127.000 71.000
-9.740 10.402 151.814 100.000 104.000 65.000
-9.293 9.508 151.824 79.000 96.000 37.000
-9.293 9.955 151.832 129.000 139.000 68.000
-9.293 10.402 151.840 131.000 140.000 69.000
-9.294 10.849 151.848 75.000 80.000 44.000
-8.847 9.955 151.858 129.000 140.000 62.000
-8.847 10.402 151.866 142.000 151.000 76.000
-8.847 10.849 151.874 139.000 145.000 83.000
-8.401 9.955 151.884 117.000 128.000 49.000
-8.401 10.401 151.892 145.000 154.000 79.000
-8.401 10.848 151.900 128.000 137.000 70.000
-7.955 9.954 151.910 74.000 84.000 28.000
-7.955 10.401 151.918 120.000 131.000 58.000
-7.955 10.848 151.926 127.000 135.000 71.000
-7.955 11.295 151.934 79.000 81.000 54.000
-7.509 10.401 151.944 103.000 118.000 45.000
-7.509 10.848 151.952 116.000 126.000 61.000
-7.063 10.848 151.978 101.000 114.000 44.000
-9.765 9.947 152.252 119.000 126.000 75.000
-9.766 10.394 152.260 117.000 118.000 81.000
-9.319 9.947 152.278 148.000 156.000 89.000
-9.319 10.394 152.286 158.000 163.000 101.000
-8.872 8.606 152.280 77.000 83.000 42.000
-8.873 9.947 152.304 139.000 148.000 79.000
-8.873 10.394 152.312 150.000 158.000 88.000
-8.873 10.840 152.320 163.000 161.000 111.000
-8.427 9.946 152.330 104.000 116.000 56.000
-8.427 10.393 152.338 142.000 150.000 83.000
-8.427 10.840 152.346 143.000 150.000 89.000
-7.981 10.393 152.364 106.000 114.000 61.000
-7.981 10.840 152.372 106.000 111.000 65.000
-7.535 10.840 152.398 83.000 91.000 51.000
-9.791 9.939 152.698 151.000 158.000 114.000
-9.345 9.939 152.724 173.000 178.000 125.000
-9.345 10.386 152.732 189.000 188.000 142.000
-8.899 10.385 152.758 90.000 96.000 50.000
-6.304 10.051 146.634 91.000 106.000 28.000
-5.858 10.051 146.660 73.000 87.000 26.000
-5.412 9.603 146.678 83.000 85.000 49.000
-6.330 10.043 147.080 102.000 115.000 36.000
-5.884 10.042 147.106 94.000 105.000 38.000
-5.438 10.042 147.132 186.000 185.000 138.000
-4.992 10.042 147.158 145.000 140.000 117.000
-6.356 9.588 147.518 65.000 81.000 21.000
-5.910 10.034 147.552 125.000 131.000 63.000
-5.910 10.481 147.560 163.000 167.000 102.000
-5.464 10.034 147.578 121.000 124.000 82.000
-5.464 10.481 147.586 198.000 194.000 146.000
-5.018 10.481 147.612 156.000 148.000 121.000
-5.936 10.026 147.998 108.000 113.000 55.000
-5.936 10.473 148.006 189.000 185.000 134.000
-5.490 10.026 148.024 87.000 92.000 53.000
-5.490 10.473 148.032 166.000 168.000 118.000
-6.408 9.572 148.410 71.000 85.000 24.000
-5.962 9.571 148.436 77.000 87.000 36.000
-5.962 10.018 148.444 96.000 102.000 47.000
-5.962 10.465 148.453 112.000 119.000 58.000
-5.962 10.912 148.461 93.000 100.000 47.000
-5.516 10.018 148.470 101.000 107.000 62.000
-5.516 10.465 148.479 80.000 83.000 45.000
-5.988 10.010 148.891 90.000 104.000 41.000
-5.988 10.457 148.899 99.000 111.000 46.000
-5.988 10.904 148.907 73.000 81.000 37.000
-5.542 10.010 148.917 96.000 104.000 57.000
-5.542 10.457 148.925 89.000 98.000 49.000
-6.014 10.002 149.337 71.000 85.000 31.000
-6.014 10.449 149.345 94.000 107.000 43.000
-6.014 10.896 149.353 99.000 111.000 50.000
-5.568 10.449 149.371 74.000 84.000 38.000
-5.568 10.896 149.379 77.000 83.000 45.000
-6.040 10.441 149.791 80.000 96.000 33.000
-6.040 10.888 149.799 94.000 107.000 45.000
-6.066 10.433 150.237 70.000 89.000 24.000
-6.066 10.880 150.245 85.000 98.000 37.000
-6.092 10.871 150.691 91.000 107.000 38.000
