-3.620 10.870 77.619 73.000 82.000 40.000
-4.978 11.325 78.083 71.000 80.000 34.000
-4.978 11.778 78.083 71.000 81.000 33.000
-4.524 11.325 78.080 74.000 85.000 34.000
-4.524 11.778 78.079 85.000 97.000 38.000
-4.070 11.778 78.076 88.000 100.000 41.000
-4.070 12.232 78.075 91.000 101.000 45.000
-4.070 12.686 78.075 73.000 81.000 39.000
-3.616 12.232 78.072 89.000 97.000 46.000
-3.616 12.686 78.071 81.000 88.000 45.000
-3.162 11.325 78.069 91.000 104.000 44.000
-4.974 11.325 78.537 79.000 90.000 37.000
-4.974 11.779 78.536 69.000 80.000 31.000
-4.520 11.325 78.533 76.000 88.000 33.000
-4.520 11.779 78.533 81.000 93.000 32.000
-4.520 12.233 78.532 84.000 95.000 38.000
-4.067 11.779 78.530 78.000 91.000 31.000
-4.067 12.233 78.529 82.000 94.000 34.000
-4.067 12.687 78.529 83.000 93.000 44.000
-3.613 12.233 78.526 88.000 99.000 37.000
-3.613 12.687 78.525 108.000 117.000 54.000
-3.613 13.140 78.525 93.000 100.000 55.000
-3.159 11.325 78.523 78.000 89.000 37.000
-3.159 11.779 78.523 80.000 93.000 33.000
-3.159 12.687 78.522 81.000 90.000 41.000
-3.159 13.140 78.521 77.000 83.000 44.000
-5.424 11.779 78.994 86.000 96.000 44.000
-4.971 11.326 78.991 102.000 114.000 50.000
-4.971 11.779 78.990 99.000 111.000 44.000
-4.971 12.233 78.990 89.000 100.000 42.000
-4.971 12.687 78.989 86.000 93.000 48.000
-4.517 11.326 78.987 90.000 102.000 41.000
-4.517 11.779 78.987 108.000 119.000 45.000
-4.517 12.233 78.986 107.000 118.000 45.000
-4.517 12.687 78.986 104.000 114.000 51.000
-4.517 13.141 78.985 98.000 105.000 60.000
-4.063 11.779 78.983 83.000 96.000 34.000
-4.063 12.233 78.983 104.000 115.000 44.000
-4.063 12.687 78.982 114.000 124.000 56.000
-4.063 13.141 78.982 111.000 119.000 62.000
-3.609 12.233 78.979 103.000 113.000 44.000
-3.609 12.687 78.979 112.000 123.000 52.000
-3.609 13.141 78.978 125.000 134.000 64.000
-3.609 13.595 78.978 81.000 86.000 47.000
-3.155 11.779 78.976 78.000 91.000 33.000
-3.155 12.233 78.976 68.000 82.000 26.000
-3.155 12.687 78.975 106.000 117.000 49.000
-3.155 13.141 78.975 136.000 145.000 72.000
-3.155 13.595 78.974 118.000 122.000 69.000
-2.702 12.687 78.972 88.000 100.000 45.000
-2.702 13.141 78.971 116.000 124.000 67.000
-2.702 13.595 78.971 95.000 98.000 63.000
-5.421 11.326 79.448 124.000 129.000 82.000
-5.421 11.780 79.448 139.000 145.000 89.000
-5.421 12.234 79.447 86.000 91.000 57.000
-4.967 11.326 79.445 116.000 127.000 61.000
-4.967 11.780 79.444 128.000 138.000 62.000
-4.967 12.234 79.444 122.000 132.000 56.000
-4.967 12.688 79.443 122.000 131.000 63.000
-4.967 13.141 79.443 104.000 110.000 61.000
-4.513 11.326 79.441 105.000 116.000 49.000
-4.513 11.780 79.441 124.000 135.000 52.000
-4.513 12.234 79.440 131.000 141.000 56.000
-4.513 12.688 79.440 128.000 139.000 59.000
-4.513 13.141 79.439 123.000 132.000 61.000
-4.060 11.326 79.438 71.000 81.000 34.000
-4.060 11.780 79.437 109.000 120.000 46.000
-4.060 12.234 79.437 130.000 140.000 59.000
-4.060 12.688 79.436 131.000 141.000 62.000
-4.060 13.141 79.436 124.000 133.000 57.000
-4.060 13.595 79.435 119.000 127.000 63.000
-3.606 11.780 79.434 86.000 98.000 38.000
-3.606 12.234 79.433 110.000 121.000 47.000
-3.606 12.688 79.433 122.000 131.000 54.000
-3.606 13.141 79.432 127.000 135.000 56.000
-3.606 13.595 79.432 114.000 122.000 57.000
-3.152 11.780 79.430 74.000 88.000 33.000
-3.152 12.234 79.430 77.000 89.000 33.000
-3.152 12.688 79.429 114.000 124.000 50.000
-3.152 13.141 79.429 142.000 150.000 69.000
-3.152 13.595 79.428 137.000 145.000 69.000
-3.152 14.049 79.428 105.000 111.000 64.000
-2.698 11.780 79.427 76.000 89.000 38.000
-2.698 12.688 79.426 85.000 96.000 42.000
-2.698 13.141 79.425 128.000 138.000 69.000
-2.698 13.595 79.425 153.000 159.000 88.000
-5.418 11.327 79.902 133.000 141.000 84.000
-5.418 11.780 79.901 140.000 148.000 82.000
-5.418 12.234 79.901 127.000 135.000 73.000
-5.418 12.688 79.900 90.000 99.000 51.000
-4.964 11.327 79.898 108.000 120.000 53.000
-4.964 11.780 79.898 141.000 149.000 71.000
-4.964 12.234 79.897 135.000 145.000 63.000
-4.964 12.688 79.897 123.000 134.000 59.000
-4.964 13.142 79.896 117.000 125.000 58.000
-4.964 13.596 79.896 94.000 100.000 56.000
-4.510 11.327 79.895 91.000 102.000 39.000
-4.510 11.780 79.894 132.000 142.000 55.000
-4.510 12.234 79.894 136.000 146.000 56.000
-4.510 12.688 79.893 132.000 143.000 56.000
-4.510 13.142 79.893 132.000 143.000 59.000
-4.510 13.596 79.892 123.000 133.000 62.000
-4.510 14.049 79.892 75.000 80.000 49.000
-4.056 11.780 79.891 119.000 129.000 51.000
-4.056 12.234 79.890 133.000 143.000 59.000
-4.056 12.688 79.890 141.000 151.000 64.000
-4.056 13.142 79.889 144.000 154.000 65.000
-4.056 13.596 79.889 125.000 135.000 56.000
-4.056 14.049 79.888 120.000 127.000 75.000
-3.602 12.234 79.887 134.000 142.000 65.000
-3.602 12.688 79.886 146.000 153.000 70.000
-3.602 13.142 79.886 149.000 157.000 67.000
-3.602 13.596 79.885 130.000 141.000 57.000
-3.602 14.049 79.885 128.000 135.000 74.000
-3.149 11.780 79.884 84.000 96.000 40.000
-3.149 12.234 79.883 89.000 101.000 41.000
-3.149 12.688 79.883 135.000 143.000 65.000
-3.149 13.142 79.882 156.000 163.000 75.000
-3.149 13.596 79.882 138.000 147.000 62.000
-3.149 14.049 79.881 127.000 135.000 69.000
-2.695 12.234 79.880 77.000 89.000 40.000
-2.695 12.688 79.880 103.000 113.000 52.000
-2.695 13.142 79.879 151.000 157.000 82.000
-2.695 13.596 79.878 157.000 164.000 84.000
-2.695 14.049 79.878 142.000 149.000 86.000
-5.868 11.781 80.359 91.000 96.000 69.000
-5.414 11.327 80.356 121.000 131.000 67.000
-5.414 11.781 80.355 136.000 143.000 76.000
-5.414 12.235 80.355 129.000 137.000 74.000
-5.414 12.689 80.354 116.000 125.000 66.000
-5.414 13.142 80.354 103.000 111.000 61.000
-4.960 11.327 80.352 106.000 117.000 47.000
-4.960 11.781 80.352 134.000 145.000 59.000
-4.960 12.235 80.351 136.000 146.000 58.000
-4.960 12.689 80.351 130.000 141.000 58.000
-4.960 13.142 80.350 131.000 141.000 63.000
-4.960 13.596 80.350 125.000 135.000 68.000
-4.960 14.050 80.349 81.000 85.000 55.000
-4.507 11.327 80.349 96.000 107.000 39.000
-4.507 11.781 80.348 130.000 141.000 49.000
-4.507 12.235 80.348 137.000 146.000 50.000
-4.507 12.689 80.347 138.000 149.000 53.000
-4.507 13.142 80.347 141.000 152.000 58.000
-4.507 13.596 80.346 132.000 142.000 61.000
-4.507 14.050 80.346 108.000 116.000 65.000
-4.053 11.781 80.345 113.000 124.000 45.000
-4.053 12.235 80.344 136.000 145.000 57.000
-4.053 12.689 80.344 144.000 153.000 59.000
-4.053 13.142 80.343 146.000 156.000 58.000
-4.053 13.596 80.343 139.000 149.000 59.000
-4.053 14.050 80.342 118.000 126.000 65.000
-3.599 11.781 80.341 111.000 122.000 51.000
-3.599 12.235 80.341 131.000 141.000 61.000
-3.599 12.689 80.340 149.000 157.000 66.000
-3.599 13.142 80.340 156.000 165.000 63.000
-3.599 13.596 80.339 151.000 161.000 62.000
-3.599 14.050 80.339 139.000 146.000 71.000
-3.599 14.504 80.338 102.000 107.000 65.000
-3.145 11.781 80.338 92.000 104.000 45.000
-3.145 12.235 80.337 89.000 101.000 41.000
-3.145 12.689 80.337 134.000 144.000 57.000
-3.145 13.142 80.336 160.000 168.000 66.000
-3.145 13.596 80.336 158.000 168.000 67.000
-3.145 14.050 80.335 139.000 149.000 68.000
-3.145 14.504 80.335 118.000 125.000 70.000
-2.691 12.235 80.334 71.000 84.000 35.000
-2.691 12.689 80.333 110.000 121.000 51.000
-2.691 13.142 80.333 162.000 170.000 81.000
-2.691 13.596 80.332 174.000 181.000 89.000
-2.691 14.050 80.332 153.000 161.000 86.000
-2.691 14.504 80.331 112.000 117.000 70.000
-2.238 14.050 80.328 85.000 88.000 56.000
-5.864 11.781 80.812 103.000 108.000 77.000
-5.411 11.328 80.809 105.000 116.000 52.000
-5.411 11.781 80.809 127.000 137.000 65.000
-5.411 12.235 80.808 124.000 132.000 65.000
-5.411 12.689 80.808 123.000 131.000 68.000
-5.411 13.143 80.807 116.000 124.000 63.000
-5.411 13.597 80.807 80.000 83.000 54.000
-4.957 11.328 80.806 113.000 123.000 51.000
-4.957 11.781 80.805 140.000 149.000 63.000
-4.957 12.235 80.805 143.000 151.000 63.000
-4.957 12.689 80.804 137.000 146.000 59.000
-4.957 13.143 80.804 133.000 143.000 58.000
-4.957 13.597 80.803 134.000 142.000 69.000
-4.957 14.051 80.803 115.000 120.000 75.000
-4.503 11.328 80.802 115.000 124.000 45.000
-4.503 11.781 80.802 131.000 140.000 46.000
-4.503 12.235 80.801 141.000 150.000 50.000
-4.503 12.689 80.801 143.000 153.000 52.000
-4.503 13.143 80.800 147.000 157.000 56.000
-4.503 13.597 80.800 144.000 154.000 63.000
-4.503 14.051 80.799 128.000 136.000 70.000
-4.503 14.504 80.799 78.000 83.000 53.000
-4.049 11.328 80.799 81.000 90.000 34.000
-4.049 11.781 80.799 107.000 118.000 40.000
-4.049 12.235 80.798 135.000 144.000 51.000
-4.049 12.689 80.797 148.000 158.000 56.000
-4.049 13.143 80.797 155.000 165.000 59.000
-4.049 13.597 80.796 156.000 165.000 64.000
-4.049 14.051 80.796 134.000 143.000 65.000
-4.049 14.504 80.795 117.000 124.000 72.000
-3.595 11.781 80.795 133.000 141.000 63.000
-3.595 12.235 80.795 126.000 135.000 59.000
-3.595 12.689 80.794 156.000 164.000 66.000
-3.595 13.143 80.794 171.000 181.000 64.000
-3.595 13.597 80.793 169.000 180.000 64.000
-3.595 14.051 80.792 151.000 159.000 67.000
-3.595 14.504 80.792 138.000 144.000 80.000
-3.142 11.781 80.792 82.000 95.000 41.000
-3.142 12.235 80.791 92.000 106.000 44.000
-3.142 12.689 80.791 149.000 159.000 64.000
-3.142 13.143 80.790 180.000 189.000 74.000
-3.142 13.597 80.790 175.000 184.000 71.000
-3.142 14.051 80.789 159.000 167.000 74.000
-3.142 14.504 80.789 138.000 145.000 74.000
-2.688 12.235 80.788 70.000 82.000 34.000
-2.688 12.689 80.787 121.000 132.000 56.000
-2.688 13.143 80.787 173.000 182.000 84.000
-2.688 13.597 80.786 176.000 185.000 86.000
-2.688 14.051 80.786 162.000 169.000 83.000
-2.688 14.504 80.785 142.000 149.000 80.000
-2.234 13.143 80.783 106.000 114.000 59.000
-2.234 13.597 80.783 106.000 109.000 64.000
-2.234 14.051 80.782 154.000 161.000 98.000
-2.234 14.504 80.782 99.000 103.000 66.000
-5.407 11.328 81.263 92.000 101.000 46.000
-5.407 11.782 81.263 126.000 135.000 63.000
-5.407 12.236 81.262 131.000 136.000 72.000
-5.407 12.690 81.262 138.000 144.000 77.000
-5.407 13.143 81.261 127.000 135.000 68.000
-5.407 13.597 81.261 127.000 133.000 80.000
-4.953 11.328 81.260 110.000 119.000 50.000
-4.953 11.782 81.259 112.000 120.000 49.000
-4.953 12.236 81.259 149.000 155.000 71.000
-4.953 12.690 81.258 143.000 150.000 63.000
-4.953 13.143 81.258 137.000 146.000 60.000
-4.953 13.597 81.257 138.000 146.000 69.000
-4.953 14.051 81.257 115.000 121.000 67.000
-4.500 11.328 81.256 110.000 119.000 42.000
-4.500 11.782 81.256 134.000 142.000 48.000
-4.500 12.236 81.255 145.000 153.000 53.000
-4.500 12.690 81.255 148.000 157.000 56.000
-4.500 13.143 81.254 150.000 159.000 56.000
-4.500 13.597 81.254 149.000 158.000 63.000
-4.500 14.051 81.253 131.000 140.000 67.000
-4.500 14.505 81.253 99.000 104.000 61.000
-4.046 11.782 81.252 122.000 132.000 50.000
-4.046 12.236 81.252 137.000 147.000 55.000
-4.046 12.690 81.251 153.000 162.000 59.000
-4.046 13.143 81.251 160.000 170.000 61.000
-4.046 13.597 81.250 164.000 174.000 66.000
-4.046 14.051 81.250 140.000 149.000 63.000
-4.046 14.505 81.249 127.000 134.000 72.000
-3.592 11.782 81.249 127.000 134.000 66.000
-3.592 12.236 81.248 140.000 148.000 68.000
-3.592 12.690 81.248 153.000 162.000 63.000
-3.592 13.143 81.247 167.000 178.000 62.000
-3.592 13.597 81.247 183.000 193.000 70.000
-3.592 14.051 81.246 152.000 162.000 62.000
-3.592 14.505 81.246 145.000 152.000 76.000
-3.592 14.959 81.245 128.000 133.000 86.000
-3.138 11.782 81.245 83.000 94.000 42.000
-3.138 12.236 81.245 100.000 110.000 47.000
-3.138 12.690 81.244 145.000 156.000 60.000
-3.138 13.143 81.244 180.000 188.000 74.000
-3.138 13.597 81.243 200.000 205.000 86.000
-3.138 14.051 81.243 167.000 174.000 75.000
-3.138 14.505 81.242 152.000 159.000 80.000
-3.138 14.959 81.242 135.000 140.000 82.000
-2.684 12.236 81.241 69.000 81.000 33.000
-2.684 12.690 81.241 111.000 123.000 50.000
-2.684 13.143 81.240 174.000 184.000 83.000
-2.684 13.597 81.240 185.000 194.000 91.000
-2.684 14.051 81.239 170.000 177.000 86.000
-2.684 14.505 81.239 155.000 162.000 85.000
-2.684 14.959 81.238 110.000 118.000 65.000
-2.231 13.143 81.237 99.000 110.000 51.000
-2.231 13.597 81.236 134.000 140.000 79.000
-2.231 14.051 81.236 174.000 180.000 108.000
-2.231 14.505 81.235 135.000 141.000 87.000
-5.404 11.782 81.716 132.000 141.000 67.000
-5.404 12.236 81.716 139.000 146.000 74.000
-5.404 12.690 81.715 138.000 145.000 75.000
-5.404 13.144 81.715 126.000 134.000 66.000
-5.404 13.598 81.714 124.000 132.000 72.000
-4.950 11.329 81.714 92.000 101.000 40.000
-4.950 11.782 81.713 126.000 134.000 55.000
-4.950 12.236 81.713 146.000 154.000 65.000
-4.950 12.690 81.712 148.000 155.000 67.000
-4.950 13.144 81.711 141.000 150.000 62.000
-4.950 13.598 81.711 137.000 146.000 65.000
-4.950 14.052 81.710 120.000 126.000 70.000
-4.496 11.329 81.710 98.000 107.000 38.000
-4.496 11.782 81.710 138.000 146.000 55.000
-4.496 12.236 81.709 151.000 159.000 60.000
-4.496 12.690 81.709 152.000 161.000 60.000
-4.496 13.144 81.708 153.000 163.000 58.000
-4.496 13.598 81.708 152.000 161.000 63.000
-4.496 14.052 81.707 142.000 150.000 72.000
-4.496 14.505 81.707 105.000 110.000 62.000
-4.042 11.782 81.706 130.000 139.000 58.000
-4.042 12.236 81.706 142.000 152.000 62.000
-4.042 12.690 81.705 154.000 163.000 62.000
-4.042 13.144 81.705 166.000 176.000 62.000
-4.042 13.598 81.704 165.000 175.000 63.000
-4.042 14.052 81.704 153.000 162.000 69.000
-4.042 14.505 81.703 134.000 142.000 72.000
-4.042 14.959 81.703 96.000 102.000 66.000
-3.589 11.782 81.703 124.000 132.000 67.000
-3.589 12.236 81.702 137.000 146.000 69.000
-3.589 12.690 81.702 153.000 163.000 62.000
-3.589 13.144 81.701 161.000 171.000 57.000
-3.589 13.598 81.701 188.000 194.000 69.000
-3.589 14.052 81.700 163.000 171.000 68.000
-3.589 14.505 81.700 149.000 157.000 74.000
-3.589 14.959 81.699 136.000 143.000 84.000
-3.135 11.782 81.699 83.000 93.000 46.000
-3.135 12.236 81.699 112.000 122.000 57.000
-3.135 12.690 81.698 139.000 151.000 58.000
-3.135 13.144 81.698 181.000 187.000 71.000
-3.135 13.598 81.697 202.000 206.000 86.000
-3.135 14.052 81.697 171.000 179.000 75.000
-3.135 14.505 81.696 156.000 164.000 76.000
-3.135 14.959 81.696 140.000 148.000 79.000
-2.681 12.236 81.695 75.000 86.000 37.000
-2.681 12.690 81.695 97.000 109.000 41.000
-2.681 13.144 81.694 143.000 157.000 60.000
-2.681 13.598 81.694 198.000 205.000 100.000
-2.681 14.052 81.693 184.000 191.000 93.000
-2.681 14.505 81.693 163.000 170.000 85.000
-2.681 14.959 81.692 147.000 155.000 85.000
-2.227 13.598 81.690 139.000 147.000 81.000
-2.227 14.052 81.690 179.000 186.000 111.000
-2.227 14.505 81.689 164.000 171.000 100.000
-2.227 14.959 81.689 88.000 94.000 53.000
-5.854 12.237 82.173 94.000 102.000 56.000
-5.854 12.691 82.173 82.000 86.000 56.000
-5.400 11.783 82.170 124.000 134.000 62.000
-5.400 12.237 82.170 129.000 138.000 64.000
-5.400 12.691 82.169 131.000 138.000 69.000
-5.400 13.144 82.169 120.000 127.000 64.000
-5.400 13.598 82.168 101.000 110.000 55.000
-4.946 11.329 82.167 87.000 97.000 38.000
-4.946 11.783 82.167 132.000 140.000 60.000
-4.946 12.237 82.166 146.000 155.000 66.000
-4.946 12.691 82.166 149.000 156.000 68.000
-4.946 13.144 82.165 148.000 156.000 67.000
-4.946 13.598 82.165 136.000 144.000 63.000
-4.946 14.052 82.164 124.000 131.000 69.000
-4.493 11.329 82.164 93.000 101.000 39.000
-4.493 11.783 82.163 138.000 146.000 57.000
-4.493 12.237 82.163 151.000 159.000 64.000
-4.493 12.691 82.162 153.000 161.000 64.000
-4.493 13.144 82.162 155.000 164.000 61.000
-4.493 13.598 82.161 152.000 161.000 63.000
-4.493 14.052 82.161 147.000 154.000 71.000
-4.493 14.506 82.160 122.000 128.000 67.000
-4.039 11.783 82.160 121.000 131.000 55.000
-4.039 12.237 82.159 149.000 157.000 70.000
-4.039 12.691 82.159 156.000 165.000 68.000
-4.039 13.144 82.158 164.000 174.000 62.000
-4.039 13.598 82.158 164.000 173.000 62.000
-4.039 14.052 82.157 159.000 166.000 73.000
-4.039 14.506 82.157 146.000 152.000 75.000
-4.039 14.960 82.156 113.000 118.000 73.000
-3.585 11.783 82.156 139.000 146.000 77.000
-3.585 12.237 82.156 154.000 161.000 79.000
-3.585 12.691 82.155 159.000 168.000 68.000
-3.585 13.144 82.155 166.000 176.000 58.000
-3.585 13.598 82.154 177.000 184.000 65.000
-3.585 14.052 82.154 168.000 176.000 71.000
-3.585 14.506 82.153 156.000 163.000 76.000
-3.585 14.960 82.153 142.000 148.000 85.000
-3.131 11.783 82.153 80.000 87.000 50.000
-3.131 12.237 82.152 128.000 136.000 68.000
-3.131 12.691 82.152 149.000 159.000 67.000
-3.131 13.144 82.151 183.000 187.000 70.000
-3.131 13.598 82.151 194.000 198.000 76.000
-3.131 14.052 82.150 182.000 190.000 80.000
-3.131 14.506 82.150 160.000 169.000 75.000
-3.131 14.960 82.149 146.000 154.000 77.000
-2.677 12.237 82.149 95.000 103.000 53.000
-2.677 12.691 82.149 99.000 111.000 43.000
-2.677 13.144 82.148 110.000 126.000 40.000
-2.677 13.598 82.147 182.000 191.000 84.000
-2.677 14.052 82.147 188.000 195.000 94.000
-2.677 14.506 82.146 170.000 178.000 83.000
-2.677 14.960 82.146 157.000 165.000 84.000
-2.677 15.413 82.145 88.000 95.000 54.000
-2.224 12.237 82.146 74.000 84.000 41.000
-2.224 12.691 82.145 82.000 93.000 42.000
-2.224 13.144 82.145 70.000 83.000 31.000
-2.224 13.598 82.144 117.000 129.000 59.000
-2.224 14.052 82.144 190.000 197.000 116.000
-2.224 14.506 82.143 179.000 185.000 102.000
-2.224 14.960 82.142 153.000 161.000 93.000
-1.770 12.691 82.142 75.000 87.000 42.000
-5.397 12.237 82.624 124.000 133.000 67.000
-5.397 12.691 82.623 136.000 144.000 74.000
-5.397 13.145 82.623 133.000 140.000 71.000
-5.397 13.599 82.622 116.000 124.000 63.000
-5.397 14.053 82.622 84.000 91.000 51.000
-4.943 11.784 82.621 120.000 130.000 59.000
-4.943 12.237 82.620 145.000 153.000 72.000
-4.943 12.691 82.620 150.000 157.000 72.000
-4.943 13.145 82.619 150.000 158.000 69.000
-4.943 13.599 82.619 134.000 143.000 59.000
-4.943 14.053 82.618 120.000 128.000 62.000
-4.943 14.506 82.618 78.000 82.000 46.000
-4.489 11.784 82.617 136.000 145.000 65.000
-4.489 12.237 82.617 150.000 157.000 71.000
-4.489 12.691 82.616 152.000 160.000 67.000
-4.489 13.145 82.616 154.000 163.000 62.000
-4.489 13.599 82.615 154.000 162.000 62.000
-4.489 14.053 82.615 150.000 157.000 70.000
-4.489 14.506 82.614 140.000 147.000 75.000
-4.035 11.784 82.614 123.000 132.000 65.000
-4.035 12.237 82.613 148.000 155.000 76.000
-4.035 12.691 82.613 152.000 161.000 68.000
-4.035 13.145 82.612 158.000 167.000 61.000
-4.035 13.599 82.612 166.000 175.000 66.000
-4.035 14.053 82.611 162.000 170.000 73.000
-4.035 14.506 82.611 154.000 161.000 77.000
-4.035 14.960 82.610 134.000 141.000 81.000
-3.582 11.784 82.610 81.000 87.000 48.000
-3.582 12.237 82.610 147.000 154.000 84.000
-3.582 12.691 82.609 157.000 165.000 72.000
-3.582 13.145 82.609 163.000 172.000 59.000
-3.582 13.599 82.608 179.000 188.000 71.000
-3.582 14.053 82.608 168.000 176.000 70.000
-3.582 14.506 82.607 159.000 166.000 72.000
-3.582 14.960 82.607 150.000 156.000 82.000
-3.128 12.237 82.606 97.000 104.000 53.000
-3.128 12.691 82.606 121.000 134.000 51.000
-3.128 13.145 82.605 132.000 148.000 43.000
-3.128 13.599 82.605 178.000 186.000 68.000
-3.128 14.053 82.604 183.000 193.000 80.000
-3.128 14.506 82.604 168.000 176.000 74.000
-3.128 14.960 82.603 151.000 160.000 75.000
-3.128 15.414 82.603 127.000 138.000 79.000
-2.674 12.237 82.603 82.000 88.000 48.000
-2.674 12.691 82.602 86.000 99.000 38.000
-2.674 13.145 82.602 77.000 94.000 22.000
-2.674 13.599 82.601 136.000 151.000 51.000
-2.674 14.053 82.601 188.000 197.000 97.000
-2.674 14.506 82.600 178.000 186.000 86.000
-2.674 14.960 82.600 159.000 169.000 79.000
-2.674 15.414 82.599 127.000 137.000 72.000
-2.220 12.237 82.599 93.000 100.000 59.000
-2.220 12.691 82.599 96.000 106.000 53.000
-2.220 13.145 82.598 68.000 83.000 29.000
-2.220 13.599 82.598 99.000 112.000 47.000
-2.220 14.053 82.597 181.000 188.000 114.000
-2.220 14.506 82.597 184.000 191.000 110.000
-2.220 14.960 82.596 166.000 175.000 99.000
-1.766 12.691 82.595 96.000 104.000 57.000
-1.766 13.145 82.595 92.000 103.000 52.000
-1.766 14.506 82.593 90.000 91.000 64.000
-1.766 14.960 82.593 99.000 100.000 63.000
-5.393 12.238 83.077 124.000 131.000 72.000
-5.393 12.692 83.077 134.000 141.000 75.000
-5.393 13.145 83.076 135.000 143.000 72.000
-5.393 13.599 83.076 119.000 126.000 65.000
-5.393 14.053 83.075 77.000 85.000 45.000
-4.940 12.238 83.074 148.000 155.000 80.000
-4.940 12.692 83.073 148.000 156.000 73.000
-4.940 13.145 83.073 149.000 157.000 69.000
-4.940 13.599 83.072 139.000 147.000 63.000
-4.940 14.053 83.072 130.000 138.000 67.000
-4.940 14.507 83.071 80.000 85.000 47.000
-4.486 11.784 83.071 92.000 98.000 51.000
-4.486 12.238 83.070 153.000 160.000 77.000
-4.486 12.692 83.070 152.000 160.000 70.000
-4.486 13.145 83.069 153.000 161.000 63.000
-4.486 13.599 83.069 153.000 160.000 64.000
-4.486 14.053 83.068 150.000 157.000 70.000
-4.486 14.507 83.068 137.000 144.000 70.000
-4.032 12.238 83.067 155.000 162.000 82.000
-4.032 12.692 83.066 157.000 165.000 73.000
-4.032 13.145 83.066 154.000 163.000 63.000
-4.032 13.599 83.065 157.000 165.000 63.000
-4.032 14.053 83.065 157.000 164.000 70.000
-4.032 14.507 83.064 148.000 155.000 70.000
-4.032 14.961 83.064 123.000 130.000 69.000
-3.578 12.238 83.064 171.000 177.000 100.000
-3.578 12.692 83.063 160.000 167.000 79.000
-3.578 13.145 83.063 163.000 172.000 69.000
-3.578 13.599 83.062 173.000 182.000 72.000
-3.578 14.053 83.061 167.000 174.000 72.000
-3.578 14.507 83.061 157.000 166.000 68.000
-3.578 14.961 83.060 145.000 153.000 74.000
-3.124 12.238 83.060 97.000 103.000 57.000
-3.124 12.692 83.060 146.000 155.000 74.000
-3.124 13.145 83.059 144.000 157.000 57.000
-3.124 13.599 83.059 154.000 166.000 58.000
-3.124 14.053 83.058 176.000 185.000 79.000
-3.124 14.507 83.058 173.000 181.000 80.000
-3.124 14.961 83.057 161.000 168.000 84.000
-3.124 15.415 83.056 139.000 147.000 88.000
-2.671 13.145 83.056 75.000 91.000 26.000
-2.671 13.599 83.055 100.000 116.000 37.000
-2.671 14.053 83.055 178.000 187.000 90.000
-2.671 14.507 83.054 183.000 191.000 93.000
-2.671 14.961 83.054 172.000 180.000 93.000
-2.671 15.415 83.053 138.000 145.000 82.000
-2.217 14.053 83.051 153.000 160.000 94.000
-2.217 14.507 83.051 197.000 204.000 124.000
-2.217 14.961 83.050 179.000 187.000 113.000
-2.217 15.415 83.050 82.000 83.000 52.000
-1.763 12.692 83.049 76.000 84.000 45.000
-1.763 13.145 83.049 73.000 82.000 41.000
-5.390 12.692 83.531 123.000 130.000 74.000
-5.390 13.146 83.530 133.000 141.000 76.000
-5.390 13.600 83.530 121.000 127.000 74.000
-4.936 12.238 83.528 136.000 142.000 80.000
-4.936 12.692 83.527 146.000 153.000 78.000
-4.936 13.146 83.527 148.000 155.000 73.000
-4.936 13.600 83.526 142.000 150.000 68.000
-4.936 14.054 83.526 133.000 141.000 70.000
-4.936 14.507 83.525 106.000 111.000 64.000
-4.482 12.238 83.524 145.000 152.000 80.000
-4.482 12.692 83.524 149.000 157.000 74.000
-4.482 13.146 83.523 151.000 159.000 67.000
-4.482 13.600 83.523 152.000 160.000 66.000
-4.482 14.054 83.522 143.000 152.000 64.000
-4.482 14.507 83.522 142.000 149.000 73.000
-4.028 12.238 83.521 145.000 152.000 82.000
-4.028 12.692 83.520 151.000 159.000 76.000
-4.028 13.146 83.520 152.000 160.000 67.000
-4.028 13.600 83.519 154.000 163.000 65.000
-4.028 14.054 83.519 152.000 160.000 69.000
-4.028 14.507 83.518 145.000 153.000 69.000
-4.028 14.961 83.518 125.000 133.000 71.000
-3.575 12.238 83.517 150.000 157.000 97.000
-3.575 12.692 83.517 158.000 166.000 83.000
-3.575 13.146 83.516 157.000 166.000 70.000
-3.575 13.600 83.516 161.000 169.000 70.000
-3.575 14.054 83.515 155.000 164.000 68.000
-3.575 14.507 83.515 151.000 161.000 67.000
-3.575 14.961 83.514 145.000 153.000 78.000
-3.575 15.415 83.514 87.000 92.000 62.000
-3.121 12.692 83.513 89.000 97.000 44.000
-3.121 13.146 83.513 121.000 133.000 49.000
-3.121 13.600 83.512 121.000 135.000 43.000
-3.121 14.054 83.512 160.000 169.000 72.000
-3.121 14.507 83.511 168.000 176.000 81.000
-3.121 14.961 83.511 163.000 170.000 90.000
-3.121 15.415 83.510 150.000 156.000 100.000
-2.667 13.146 83.509 79.000 92.000 33.000
-2.667 13.600 83.509 81.000 94.000 31.000
-2.667 14.054 83.508 152.000 162.000 74.000
-2.667 14.507 83.508 177.000 185.000 94.000
-2.667 14.961 83.507 175.000 181.000 98.000
-2.667 15.415 83.507 151.000 158.000 96.000
-2.213 14.054 83.505 83.000 91.000 47.000
-2.213 14.507 83.504 139.000 143.000 93.000
-2.213 14.961 83.504 155.000 160.000 104.000
-2.213 15.415 83.503 100.000 101.000 66.000
-1.759 13.146 83.502 79.000 89.000 43.000
-5.386 12.693 83.984 82.000 87.000 55.000
-5.386 13.146 83.984 122.000 127.000 82.000
-5.386 13.600 83.983 122.000 125.000 90.000
-4.933 12.693 83.981 133.000 139.000 79.000
-4.933 13.146 83.980 143.000 150.000 79.000
-4.933 13.600 83.980 141.000 148.000 77.000
-4.933 14.054 83.979 133.000 141.000 76.000
-4.933 14.508 83.979 97.000 102.000 60.000
-4.479 12.239 83.978 95.000 104.000 54.000
-4.479 12.693 83.978 136.000 145.000 71.000
-4.479 13.146 83.977 146.000 154.000 71.000
-4.479 13.600 83.977 148.000 156.000 69.000
-4.479 14.054 83.976 143.000 152.000 70.000
-4.479 14.508 83.975 139.000 146.000 72.000
-4.025 12.239 83.975 94.000 103.000 57.000
-4.025 12.693 83.974 136.000 145.000 74.000
-4.025 13.146 83.974 143.000 152.000 67.000
-4.025 13.600 83.973 150.000 159.000 69.000
-4.025 14.054 83.973 149.000 158.000 74.000
-4.025 14.508 83.972 143.000 152.000 72.000
-4.025 14.962 83.972 123.000 130.000 72.000
-3.571 12.693 83.971 124.000 132.000 72.000
-3.571 13.146 83.970 135.000 146.000 63.000
-3.571 13.600 83.970 152.000 160.000 71.000
-3.571 14.054 83.969 150.000 159.000 73.000
-3.571 14.508 83.969 150.000 159.000 75.000
-3.571 14.962 83.968 143.000 150.000 81.000
-3.571 15.416 83.968 97.000 102.000 70.000
-3.117 13.146 83.967 69.000 81.000 30.000
-3.117 13.600 83.966 94.000 108.000 37.000
-3.117 14.054 83.966 138.000 149.000 63.000
-3.117 14.508 83.965 155.000 163.000 78.000
-3.117 14.962 83.965 153.000 160.000 88.000
-3.117 15.416 83.964 140.000 145.000 98.000
-2.664 14.054 83.962 108.000 120.000 49.000
-2.664 14.508 83.962 152.000 161.000 83.000
-2.664 14.962 83.961 157.000 164.000 93.000
-2.664 15.416 83.961 142.000 147.000 97.000
-2.210 14.962 83.958 85.000 89.000 58.000
-4.929 13.147 84.434 121.000 127.000 74.000
-4.929 13.601 84.434 136.000 142.000 83.000
-4.929 14.055 84.433 125.000 132.000 77.000
-4.475 12.693 84.431 107.000 116.000 61.000
-4.475 13.147 84.431 138.000 146.000 74.000
-4.475 13.601 84.430 144.000 152.000 74.000
-4.475 14.055 84.430 143.000 151.000 74.000
-4.475 14.508 84.429 133.000 141.000 71.000
-4.022 12.693 84.428 92.000 101.000 54.000
-4.022 13.147 84.427 138.000 146.000 74.000
-4.022 13.601 84.427 146.000 154.000 77.000
-4.022 14.055 84.426 145.000 153.000 77.000
-4.022 14.508 84.426 141.000 149.000 76.000
-4.022 14.962 84.425 114.000 120.000 72.000
-3.568 13.147 84.424 114.000 125.000 60.000
-3.568 13.601 84.423 135.000 146.000 67.000
-3.568 14.055 84.423 148.000 156.000 81.000
-3.568 14.508 84.422 146.000 154.000 80.000
-3.568 14.962 84.422 131.000 139.000 79.000
-3.114 14.055 84.419 103.000 115.000 50.000
-3.114 14.508 84.419 139.000 147.000 76.000
-3.114 14.962 84.418 136.000 142.000 84.000
-3.114 15.416 84.418 111.000 114.000 82.000
-2.660 14.055 84.416 70.000 80.000 34.000
-2.660 14.508 84.415 111.000 121.000 58.000
-2.660 14.962 84.415 105.000 112.000 65.000
-2.206 14.055 84.413 83.000 93.000 45.000
-4.926 13.601 84.888 93.000 99.000 59.000
-4.926 14.055 84.887 85.000 89.000 57.000
-4.472 13.148 84.885 94.000 100.000 56.000
-4.472 13.601 84.884 127.000 135.000 72.000
-4.472 14.055 84.884 137.000 145.000 80.000
-4.472 14.509 84.883 121.000 126.000 75.000
-4.018 13.148 84.881 86.000 93.000 51.000
-4.018 13.601 84.881 131.000 140.000 73.000
-4.018 14.055 84.880 143.000 152.000 85.000
-4.018 14.509 84.880 146.000 153.000 91.000
-3.564 13.601 84.877 86.000 98.000 41.000
-3.564 14.055 84.877 140.000 148.000 82.000
-3.564 14.509 84.876 142.000 149.000 88.000
-3.564 14.963 84.876 104.000 109.000 70.000
-3.111 14.509 84.873 77.000 84.000 44.000
-2.657 14.055 84.870 78.000 89.000 39.000
-2.657 14.509 84.869 84.000 92.000 45.000
-4.468 14.056 85.337 103.000 108.000 76.000
-4.015 14.056 85.334 165.000 170.000 113.000
-4.015 14.509 85.333 174.000 176.000 127.000
-3.561 14.056 85.330 84.000 92.000 50.000
-3.561 14.509 85.330 134.000 140.000 94.000
-3.107 14.509 85.327 86.000 90.000 58.000
