-6.623 11.906 91.165 78.000 86.000 56.000
-6.623 11.902 91.622 95.000 100.000 74.000
-6.623 12.359 91.626 72.000 83.000 46.000
-6.623 13.273 91.634 84.000 94.000 52.000
-6.166 11.902 91.622 101.000 110.000 67.000
-6.166 12.359 91.626 79.000 95.000 42.000
-6.623 12.812 92.087 67.000 82.000 35.000
-6.623 13.269 92.091 92.000 105.000 55.000
-6.623 13.726 92.095 92.000 96.000 48.000
-6.166 11.898 92.079 88.000 98.000 50.000
-6.166 12.355 92.083 81.000 97.000 39.000
-6.166 12.812 92.087 64.000 84.000 23.000
-5.709 11.441 92.075 73.000 84.000 38.000
-5.709 11.898 92.079 90.000 103.000 38.000
-7.081 13.265 92.547 79.000 86.000 57.000
-6.624 12.808 92.544 79.000 96.000 41.000
-6.624 13.265 92.547 89.000 105.000 45.000
-6.624 13.722 92.551 98.000 107.000 54.000
-6.167 12.351 92.540 69.000 81.000 30.000
-6.167 13.265 92.548 62.000 83.000 19.000
-5.710 11.894 92.536 87.000 100.000 30.000
-5.710 12.351 92.540 79.000 94.000 26.000
-5.710 12.808 92.544 65.000 83.000 20.000
-5.253 11.437 92.533 76.000 91.000 29.000
-5.253 11.894 92.537 104.000 119.000 37.000
-7.081 13.261 93.004 76.000 85.000 50.000
-6.624 12.347 92.996 92.000 102.000 52.000
-6.624 12.804 93.000 83.000 98.000 39.000
-6.624 13.261 93.004 78.000 94.000 33.000
-6.624 13.718 93.008 91.000 101.000 49.000
-6.167 12.347 92.997 105.000 115.000 48.000
-6.167 12.804 93.001 93.000 107.000 39.000
-6.167 13.261 93.005 63.000 82.000 18.000
-5.710 11.890 92.993 115.000 125.000 45.000
-5.710 12.347 92.997 121.000 130.000 51.000
-5.710 12.804 93.001 70.000 82.000 23.000
-5.253 11.433 92.990 121.000 133.000 51.000
-5.253 11.890 92.994 131.000 143.000 50.000
-5.253 12.347 92.998 89.000 102.000 27.000
-4.796 11.433 92.990 132.000 142.000 62.000
-4.796 11.890 92.994 144.000 155.000 60.000
-7.082 12.800 93.457 70.000 82.000 36.000
-7.082 13.257 93.461 77.000 90.000 42.000
-6.625 12.343 93.453 116.000 126.000 66.000
-6.625 12.800 93.457 99.000 111.000 46.000
-6.625 13.257 93.461 69.000 84.000 23.000
-6.625 13.714 93.465 84.000 96.000 43.000
-6.168 11.886 93.450 135.000 144.000 74.000
-6.168 12.343 93.454 138.000 149.000 68.000
-6.168 12.800 93.458 131.000 141.000 59.000
-6.168 13.257 93.462 76.000 92.000 23.000
-5.711 11.429 93.446 103.000 113.000 48.000
-5.711 11.886 93.450 139.000 150.000 63.000
-5.711 12.343 93.454 135.000 146.000 61.000
-5.711 12.800 93.458 131.000 140.000 54.000
-5.711 13.257 93.462 74.000 87.000 20.000
-5.711 13.714 93.466 76.000 93.000 21.000
-5.254 11.429 93.447 135.000 146.000 61.000
-5.254 11.886 93.451 137.000 150.000 56.000
-5.254 12.343 93.455 130.000 140.000 54.000
-5.254 12.800 93.459 117.000 127.000 51.000
-4.797 11.429 93.447 143.000 154.000 71.000
-4.797 11.886 93.451 149.000 160.000 68.000
-4.797 12.343 93.455 150.000 160.000 72.000
-4.340 11.429 93.448 145.000 152.000 80.000
-7.082 12.796 93.914 96.000 105.000 51.000
-7.082 13.253 93.918 77.000 92.000 38.000
-7.082 13.710 93.922 74.000 80.000 53.000
-6.625 12.339 93.910 122.000 132.000 62.000
-6.625 12.796 93.914 117.000 128.000 51.000
-6.625 13.253 93.918 80.000 96.000 28.000
-6.625 13.710 93.922 68.000 82.000 31.000
-6.168 11.882 93.907 152.000 160.000 85.000
-6.168 12.339 93.911 142.000 152.000 70.000
-6.168 12.796 93.915 134.000 145.000 56.000
-6.168 13.253 93.919 125.000 136.000 46.000
-5.711 11.425 93.903 143.000 152.000 79.000
-5.711 11.882 93.907 148.000 157.000 75.000
-5.711 12.339 93.911 144.000 154.000 66.000
-5.711 12.796 93.915 153.000 163.000 66.000
-5.711 13.253 93.919 148.000 157.000 60.000
-5.711 13.710 93.923 96.000 115.000 31.000
-5.254 11.425 93.904 152.000 163.000 79.000
-5.254 11.882 93.908 141.000 154.000 61.000
-5.254 12.339 93.912 150.000 160.000 68.000
-5.254 12.796 93.916 164.000 172.000 82.000
-5.254 13.253 93.920 168.000 178.000 84.000
-4.797 11.425 93.904 159.000 170.000 86.000
-4.797 11.882 93.908 165.000 174.000 79.000
-4.797 12.339 93.912 168.000 175.000 82.000
-4.797 12.796 93.916 167.000 175.000 83.000
-4.340 11.425 93.905 169.000 175.000 93.000
-4.340 11.882 93.909 177.000 182.000 87.000
-4.340 12.339 93.913 173.000 178.000 87.000
-3.883 11.425 93.905 114.000 116.000 68.000
-7.083 12.792 94.371 94.000 102.000 48.000
-7.083 13.249 94.375 83.000 96.000 39.000
-7.083 13.706 94.379 78.000 91.000 43.000
-6.626 12.335 94.367 123.000 133.000 60.000
-6.626 12.792 94.371 120.000 130.000 52.000
-6.626 13.249 94.375 116.000 127.000 47.000
-6.626 13.706 94.379 68.000 84.000 26.000
-6.169 11.878 94.364 118.000 126.000 61.000
-6.169 12.335 94.368 136.000 146.000 64.000
-6.169 12.792 94.372 135.000 146.000 58.000
-6.169 13.249 94.376 146.000 157.000 60.000
-6.169 13.706 94.380 101.000 119.000 35.000
-5.712 11.421 94.360 148.000 159.000 82.000
-5.712 11.878 94.364 154.000 162.000 77.000
-5.712 12.335 94.368 161.000 169.000 76.000
-5.712 12.792 94.372 172.000 180.000 80.000
-5.712 13.249 94.376 150.000 160.000 63.000
-5.712 13.706 94.380 131.000 142.000 51.000
-5.712 14.163 94.384 68.000 83.000 22.000
-5.255 10.964 94.357 107.000 118.000 52.000
-5.255 11.421 94.361 160.000 172.000 81.000
-5.255 11.878 94.365 161.000 172.000 76.000
-5.255 12.335 94.369 169.000 179.000 80.000
-5.255 12.792 94.373 180.000 187.000 87.000
-5.255 13.249 94.377 177.000 184.000 86.000
-5.255 13.706 94.381 155.000 166.000 72.000
-4.798 11.421 94.361 168.000 177.000 88.000
-4.798 11.878 94.365 171.000 180.000 80.000
-4.798 12.335 94.369 175.000 183.000 83.000
-4.798 12.792 94.373 181.000 187.000 89.000
-4.798 13.249 94.377 173.000 179.000 87.000
-4.341 11.421 94.362 172.000 178.000 92.000
-4.341 11.878 94.366 185.000 190.000 92.000
-4.341 12.335 94.370 182.000 187.000 94.000
-4.341 12.792 94.374 173.000 179.000 87.000
-3.884 11.421 94.362 112.000 114.000 65.000
-3.884 11.878 94.366 162.000 165.000 87.000
-7.083 12.788 94.828 116.000 126.000 64.000
-7.083 13.245 94.832 104.000 114.000 55.000
-7.083 13.702 94.836 76.000 90.000 35.000
-7.083 14.159 94.840 89.000 95.000 59.000
-6.626 12.331 94.824 95.000 107.000 41.000
-6.626 12.788 94.828 131.000 142.000 61.000
-6.626 13.245 94.832 124.000 135.000 55.000
-6.626 13.702 94.836 80.000 95.000 29.000
-6.626 14.159 94.840 86.000 97.000 41.000
-6.169 11.874 94.821 114.000 124.000 56.000
-6.169 12.331 94.825 144.000 154.000 66.000
-6.169 12.788 94.829 154.000 165.000 67.000
-6.169 13.245 94.833 145.000 156.000 61.000
-6.169 13.702 94.837 112.000 125.000 43.000
-6.169 14.159 94.841 85.000 102.000 29.000
-6.169 14.616 94.845 73.000 89.000 23.000
-5.712 11.417 94.817 138.000 148.000 71.000
-5.712 11.874 94.821 134.000 146.000 65.000
-5.712 12.331 94.825 135.000 143.000 58.000
-5.712 12.788 94.829 165.000 175.000 74.000
-5.712 13.245 94.833 152.000 161.000 63.000
-5.712 13.702 94.837 121.000 129.000 47.000
-5.712 14.159 94.841 102.000 113.000 40.000
-5.712 14.616 94.845 85.000 99.000 29.000
-5.255 11.417 94.818 143.000 154.000 68.000
-5.255 11.874 94.822 148.000 157.000 69.000
-5.255 12.331 94.826 161.000 168.000 76.000
-5.255 12.788 94.830 170.000 176.000 82.000
-5.255 13.245 94.834 178.000 184.000 86.000
-5.255 13.702 94.838 168.000 175.000 77.000
-5.255 14.159 94.842 131.000 140.000 60.000
-4.798 11.417 94.818 169.000 179.000 90.000
-4.798 11.874 94.822 177.000 185.000 89.000
-4.798 12.331 94.826 172.000 178.000 87.000
-4.798 12.788 94.830 178.000 182.000 90.000
-4.798 13.245 94.834 167.000 171.000 85.000
-4.798 13.702 94.838 163.000 169.000 82.000
-4.341 11.417 94.819 175.000 181.000 95.000
-4.341 11.874 94.823 186.000 192.000 94.000
-4.341 12.331 94.827 184.000 188.000 97.000
-4.341 12.788 94.831 148.000 151.000 82.000
-3.884 11.417 94.819 119.000 123.000 67.000
-3.884 11.874 94.823 137.000 140.000 72.000
-7.083 12.784 95.285 97.000 106.000 51.000
-7.083 13.241 95.289 107.000 118.000 55.000
-7.083 13.698 95.293 74.000 90.000 29.000
-7.083 14.155 95.297 83.000 95.000 41.000
-6.626 12.327 95.281 116.000 129.000 47.000
-6.626 12.784 95.285 145.000 155.000 72.000
-6.626 13.241 95.289 141.000 151.000 68.000
-6.626 13.698 95.293 111.000 124.000 41.000
-6.626 14.155 95.297 96.000 109.000 35.000
-6.626 14.612 95.301 100.000 106.000 56.000
-6.169 11.870 95.278 86.000 91.000 41.000
-6.170 12.327 95.282 151.000 162.000 71.000
-6.170 12.784 95.286 148.000 159.000 66.000
-6.170 13.241 95.290 140.000 150.000 59.000
-6.170 13.698 95.294 132.000 142.000 53.000
-6.170 14.155 95.298 106.000 117.000 36.000
-6.170 14.612 95.302 88.000 100.000 29.000
-5.713 11.413 95.274 100.000 113.000 39.000
-5.713 11.870 95.278 130.000 138.000 61.000
-5.713 12.327 95.282 151.000 161.000 69.000
-5.713 12.784 95.286 171.000 180.000 78.000
-5.713 13.241 95.290 169.000 178.000 74.000
-5.713 13.698 95.294 156.000 168.000 69.000
-5.713 14.155 95.298 118.000 127.000 43.000
-5.713 14.612 95.302 82.000 96.000 28.000
-5.256 11.413 95.275 156.000 168.000 81.000
-5.256 11.870 95.279 166.000 176.000 85.000
-5.256 12.327 95.283 172.000 179.000 88.000
-5.256 12.784 95.287 178.000 183.000 87.000
-5.256 13.241 95.291 178.000 185.000 86.000
-5.256 13.698 95.295 174.000 182.000 84.000
-5.256 14.155 95.299 129.000 135.000 58.000
-4.799 11.413 95.275 173.000 183.000 96.000
-4.799 11.870 95.279 175.000 183.000 88.000
-4.799 12.327 95.283 178.000 183.000 94.000
-4.799 12.784 95.287 189.000 192.000 100.000
-4.799 13.241 95.291 181.000 187.000 92.000
-4.799 13.698 95.295 177.000 182.000 92.000
-4.342 11.413 95.276 174.000 181.000 98.000
-4.342 11.870 95.280 190.000 195.000 99.000
-4.342 12.327 95.284 192.000 196.000 106.000
-4.342 12.784 95.287 177.000 181.000 96.000
-4.342 13.241 95.291 130.000 135.000 68.000
-3.885 11.413 95.276 85.000 87.000 49.000
-7.084 12.780 95.742 79.000 87.000 39.000
-7.084 13.237 95.746 101.000 108.000 54.000
-7.084 13.694 95.750 89.000 103.000 38.000
-6.627 12.323 95.738 109.000 121.000 44.000
-6.627 12.780 95.742 143.000 154.000 68.000
-6.627 13.237 95.746 141.000 149.000 63.000
-6.627 13.694 95.750 119.000 129.000 48.000
-6.627 14.151 95.754 105.000 116.000 39.000
-6.627 14.608 95.758 90.000 97.000 46.000
-6.170 11.866 95.735 103.000 108.000 55.000
-6.170 12.323 95.739 158.000 168.000 71.000
-6.170 12.780 95.743 155.000 166.000 59.000
-6.170 13.237 95.747 163.000 173.000 67.000
-6.170 13.694 95.751 155.000 165.000 65.000
-6.170 14.151 95.755 118.000 127.000 45.000
-6.170 14.608 95.759 109.000 120.000 49.000
-5.713 11.409 95.731 127.000 139.000 56.000
-5.713 11.866 95.735 133.000 143.000 65.000
-5.713 12.323 95.739 147.000 156.000 67.000
-5.713 12.780 95.743 173.000 183.000 76.000
-5.713 13.237 95.747 167.000 177.000 72.000
-5.713 13.694 95.751 149.000 159.000 66.000
-5.713 14.151 95.755 122.000 131.000 54.000
-5.713 14.608 95.759 98.000 110.000 43.000
-5.256 11.409 95.732 161.000 172.000 89.000
-5.256 11.866 95.736 157.000 167.000 82.000
-5.256 12.323 95.740 171.000 178.000 88.000
-5.256 12.780 95.744 185.000 191.000 89.000
-5.256 13.237 95.748 176.000 182.000 84.000
-5.256 13.694 95.752 173.000 180.000 88.000
-5.256 14.151 95.756 151.000 159.000 83.000
-4.799 11.409 95.732 165.000 175.000 96.000
-4.799 11.866 95.736 172.000 181.000 89.000
-4.799 12.323 95.740 181.000 188.000 92.000
-4.799 12.780 95.744 186.000 193.000 93.000
-4.799 13.237 95.748 181.000 189.000 89.000
-4.799 13.694 95.752 184.000 191.000 97.000
-4.799 14.151 95.756 107.000 112.000 58.000
-4.342 11.409 95.732 168.000 175.000 101.000
-4.342 11.866 95.736 185.000 191.000 97.000
-4.342 12.323 95.740 190.000 195.000 102.000
-4.342 12.780 95.744 188.000 194.000 99.000
-4.342 13.237 95.748 181.000 187.000 97.000
-3.885 11.409 95.733 120.000 123.000 76.000
-3.885 11.866 95.737 147.000 150.000 83.000
-3.885 12.323 95.741 158.000 161.000 92.000
-7.084 12.776 96.199 103.000 111.000 54.000
-7.084 13.690 96.207 117.000 129.000 53.000
-6.627 12.319 96.195 96.000 106.000 38.000
-6.627 12.776 96.199 130.000 142.000 51.000
-6.627 13.233 96.203 140.000 148.000 57.000
-6.627 13.690 96.207 144.000 155.000 65.000
-6.627 14.147 96.211 101.000 114.000 39.000
-6.627 14.604 96.215 84.000 95.000 37.000
-6.170 12.319 96.196 139.000 150.000 64.000
-6.170 12.776 96.200 140.000 152.000 52.000
-6.170 13.233 96.204 139.000 150.000 50.000
-6.170 13.690 96.208 151.000 161.000 64.000
-6.170 14.147 96.212 117.000 121.000 40.000
-6.170 14.604 96.216 91.000 98.000 37.000
-5.713 11.405 96.188 115.000 124.000 51.000
-5.713 11.862 96.192 141.000 150.000 74.000
-5.713 12.319 96.196 142.000 151.000 65.000
-5.713 12.776 96.200 163.000 172.000 70.000
-5.713 13.233 96.204 163.000 173.000 69.000
-5.713 13.690 96.208 149.000 160.000 67.000
-5.713 14.147 96.212 101.000 114.000 37.000
-5.713 14.604 96.216 78.000 94.000 26.000
-5.256 11.405 96.189 147.000 156.000 84.000
-5.256 11.862 96.193 149.000 158.000 76.000
-5.256 12.319 96.197 157.000 165.000 77.000
-5.256 12.776 96.201 176.000 182.000 87.000
-5.256 13.233 96.205 173.000 182.000 82.000
-5.256 13.690 96.209 163.000 172.000 87.000
-5.256 14.147 96.213 132.000 138.000 74.000
-4.799 11.405 96.189 166.000 176.000 101.000
-4.799 11.862 96.193 176.000 185.000 96.000
-4.799 12.319 96.197 179.000 186.000 92.000
-4.799 12.776 96.201 188.000 194.000 96.000
-4.799 13.233 96.205 183.000 190.000 94.000
-4.799 13.690 96.209 176.000 182.000 96.000
-4.342 11.405 96.189 166.000 173.000 103.000
-4.342 11.862 96.193 183.000 189.000 98.000
-4.342 12.319 96.197 194.000 200.000 106.000
-4.342 12.776 96.201 195.000 200.000 109.000
-4.342 13.233 96.205 190.000 193.000 108.000
-3.885 11.405 96.190 97.000 99.000 63.000
-3.885 11.862 96.194 148.000 151.000 87.000
-3.885 12.319 96.198 120.000 122.000 70.000
-3.885 12.776 96.202 83.000 84.000 52.000
-7.085 12.772 96.656 106.000 114.000 58.000
-7.085 13.229 96.660 110.000 116.000 60.000
-6.628 12.315 96.652 106.000 115.000 46.000
-6.628 12.772 96.656 129.000 139.000 49.000
-6.628 13.229 96.660 143.000 152.000 61.000
-6.628 13.686 96.664 138.000 148.000 66.000
-6.171 12.315 96.653 143.000 154.000 63.000
-6.171 12.772 96.657 149.000 160.000 62.000
-6.171 13.229 96.661 143.000 154.000 56.000
-6.171 13.686 96.665 147.000 156.000 67.000
-6.171 14.143 96.669 99.000 109.000 33.000
-6.171 14.600 96.673 81.000 85.000 37.000
-5.714 11.401 96.645 122.000 133.000 54.000
-5.714 11.858 96.649 130.000 137.000 68.000
-5.714 12.315 96.653 143.000 151.000 67.000
-5.714 12.772 96.657 162.000 170.000 73.000
-5.714 13.229 96.661 155.000 166.000 68.000
-5.714 13.686 96.665 143.000 153.000 62.000
-5.714 14.143 96.669 115.000 126.000 40.000
-5.714 14.600 96.673 94.000 109.000 35.000
-5.714 15.057 96.677 77.000 92.000 29.000
-5.257 11.401 96.646 152.000 161.000 89.000
-5.257 11.858 96.650 165.000 173.000 94.000
-5.257 12.315 96.654 173.000 180.000 96.000
-5.257 12.772 96.658 176.000 183.000 89.000
-5.257 13.229 96.662 166.000 176.000 79.000
-5.257 13.686 96.666 156.000 166.000 80.000
-5.257 14.143 96.669 90.000 97.000 33.000
-5.257 14.600 96.673 96.000 106.000 36.000
-5.257 15.057 96.677 84.000 94.000 34.000
-4.800 11.401 96.646 159.000 167.000 97.000
-4.800 11.858 96.650 175.000 183.000 97.000
-4.800 12.315 96.654 188.000 194.000 103.000
-4.800 12.772 96.658 190.000 195.000 102.000
-4.800 13.229 96.662 184.000 190.000 96.000
-4.800 13.686 96.666 143.000 149.000 74.000
-4.343 11.401 96.646 159.000 165.000 93.000
-4.343 11.858 96.650 181.000 187.000 97.000
-4.343 12.315 96.654 193.000 198.000 109.000
-4.343 12.772 96.658 195.000 200.000 109.000
-4.343 13.229 96.662 192.000 195.000 109.000
-3.886 11.858 96.651 128.000 131.000 72.000
-3.886 12.315 96.655 151.000 153.000 90.000
-3.886 12.772 96.659 134.000 135.000 82.000
-7.085 12.768 97.113 100.000 107.000 59.000
-7.085 13.225 97.117 99.000 103.000 59.000
-6.628 12.311 97.109 120.000 131.000 57.000
-6.628 12.768 97.113 138.000 147.000 63.000
-6.628 13.225 97.117 142.000 151.000 64.000
-6.628 13.682 97.121 135.000 146.000 65.000
-6.171 10.940 97.098 123.000 131.000 50.000
-6.171 11.397 97.102 76.000 80.000 32.000
-6.171 12.311 97.110 145.000 156.000 67.000
-6.171 12.768 97.114 148.000 160.000 61.000
-6.171 13.225 97.118 143.000 154.000 57.000
-6.171 13.682 97.122 141.000 152.000 62.000
-6.171 14.139 97.126 122.000 133.000 49.000
-6.171 14.596 97.130 93.000 104.000 38.000
-6.171 15.053 97.134 72.000 81.000 34.000
-5.714 11.397 97.102 100.000 111.000 45.000
-5.714 11.854 97.106 138.000 145.000 75.000
-5.714 12.311 97.110 154.000 163.000 77.000
-5.714 12.768 97.114 159.000 170.000 71.000
-5.714 13.225 97.118 152.000 163.000 63.000
-5.714 13.682 97.122 127.000 138.000 46.000
-5.714 14.139 97.126 100.000 113.000 31.000
-5.714 14.596 97.130 88.000 103.000 28.000
-5.714 15.053 97.134 77.000 94.000 25.000
-5.714 15.510 97.138 69.000 82.000 27.000
-5.257 11.397 97.103 116.000 125.000 66.000
-5.257 11.854 97.107 155.000 159.000 98.000
-5.257 12.311 97.111 166.000 172.000 95.000
-5.257 12.768 97.114 175.000 182.000 88.000
-5.257 13.225 97.118 171.000 181.000 80.000
-5.257 13.682 97.122 141.000 152.000 56.000
-5.257 14.139 97.126 83.000 96.000 23.000
-5.257 14.596 97.130 97.000 109.000 33.000
-5.257 15.053 97.134 110.000 124.000 44.000
-4.800 11.397 97.103 150.000 159.000 88.000
-4.800 11.854 97.107 169.000 176.000 97.000
-4.800 12.311 97.111 186.000 191.000 104.000
-4.800 12.768 97.115 197.000 201.000 109.000
-4.800 13.225 97.119 191.000 197.000 100.000
-4.800 13.682 97.123 148.000 158.000 68.000
-4.343 11.397 97.103 140.000 147.000 76.000
-4.343 11.854 97.107 178.000 183.000 95.000
-4.343 12.311 97.111 193.000 198.000 106.000
-4.343 12.768 97.115 201.000 205.000 113.000
-4.343 13.225 97.119 201.000 205.000 115.000
-3.886 12.311 97.112 85.000 87.000 49.000
-3.886 12.768 97.116 122.000 124.000 74.000
-6.629 12.307 97.566 111.000 120.000 52.000
-6.629 12.764 97.570 137.000 147.000 65.000
-6.629 13.221 97.574 131.000 140.000 63.000
-6.629 13.678 97.578 125.000 135.000 58.000
-6.172 11.393 97.559 93.000 99.000 43.000
-6.172 11.850 97.563 123.000 130.000 63.000
-6.172 12.307 97.567 140.000 150.000 63.000
-6.172 12.764 97.571 141.000 152.000 59.000
-6.172 13.221 97.575 141.000 151.000 58.000
-6.172 13.678 97.579 137.000 149.000 62.000
-6.172 14.135 97.583 99.000 113.000 35.000
-6.172 14.592 97.587 81.000 95.000 32.000
-6.172 15.049 97.591 77.000 89.000 35.000
-5.715 11.393 97.559 129.000 137.000 66.000
-5.715 11.850 97.563 134.000 141.000 73.000
-5.715 12.307 97.567 147.000 156.000 74.000
-5.715 12.764 97.571 158.000 168.000 74.000
-5.715 13.221 97.575 148.000 160.000 59.000
-5.715 13.678 97.579 128.000 138.000 46.000
-5.715 14.135 97.583 98.000 112.000 33.000
-5.715 14.592 97.587 86.000 102.000 29.000
-5.715 15.049 97.591 71.000 84.000 21.000
-5.258 11.393 97.559 117.000 124.000 68.000
-5.258 11.850 97.563 143.000 148.000 89.000
-5.258 12.307 97.567 165.000 171.000 96.000
-5.258 12.764 97.571 175.000 183.000 90.000
-5.258 13.221 97.575 172.000 182.000 81.000
-5.258 13.678 97.579 140.000 151.000 53.000
-5.258 14.135 97.583 90.000 106.000 23.000
-5.258 14.592 97.587 98.000 113.000 29.000
-4.801 11.393 97.560 138.000 146.000 76.000
-4.801 11.850 97.564 170.000 175.000 102.000
-4.801 12.307 97.568 184.000 190.000 103.000
-4.801 12.764 97.572 198.000 204.000 111.000
-4.801 13.221 97.576 197.000 204.000 103.000
-4.801 13.678 97.580 161.000 173.000 72.000
-4.344 11.393 97.560 109.000 115.000 57.000
-4.344 11.850 97.564 176.000 180.000 98.000
-4.344 12.307 97.568 195.000 200.000 112.000
-4.344 12.764 97.572 206.000 210.000 120.000
-4.344 13.221 97.576 207.000 211.000 122.000
-3.887 12.307 97.569 105.000 106.000 65.000
-3.887 12.764 97.573 102.000 104.000 63.000
-6.629 11.846 98.019 76.000 82.000 43.000
-6.629 12.303 98.023 103.000 112.000 47.000
-6.629 12.760 98.027 132.000 141.000 63.000
-6.629 13.217 98.031 122.000 131.000 63.000
-6.629 13.674 98.035 105.000 113.000 58.000
-6.172 11.389 98.016 123.000 130.000 65.000
-6.172 11.846 98.020 149.000 157.000 78.000
-6.172 12.303 98.024 139.000 148.000 66.000
-6.172 12.760 98.028 137.000 147.000 63.000
-6.172 13.217 98.032 139.000 147.000 65.000
-6.172 13.674 98.036 136.000 146.000 69.000
-6.172 14.131 98.040 95.000 109.000 42.000
-6.172 14.588 98.044 72.000 88.000 29.000
-5.715 11.389 98.016 134.000 144.000 70.000
-5.715 11.846 98.020 134.000 141.000 71.000
-5.715 12.303 98.024 145.000 155.000 74.000
-5.715 12.760 98.028 151.000 162.000 71.000
-5.715 13.217 98.032 139.000 150.000 63.000
-5.715 13.674 98.036 121.000 131.000 50.000
-5.715 14.131 98.040 109.000 121.000 45.000
-5.715 14.588 98.044 93.000 109.000 35.000
-5.715 15.045 98.048 67.000 80.000 22.000
-5.258 11.389 98.016 135.000 143.000 77.000
-5.258 11.846 98.020 144.000 148.000 83.000
-5.258 12.303 98.024 168.000 175.000 93.000
-5.258 12.760 98.028 174.000 181.000 89.000
-5.258 13.217 98.032 164.000 174.000 79.000
-5.258 13.674 98.036 136.000 148.000 51.000
-5.258 14.131 98.040 117.000 129.000 39.000
-5.258 14.588 98.044 122.000 134.000 44.000
-4.801 11.389 98.017 143.000 152.000 79.000
-4.801 11.846 98.021 166.000 171.000 100.000
-4.801 12.303 98.025 184.000 190.000 104.000
-4.801 12.760 98.029 198.000 205.000 111.000
-4.801 13.217 98.033 196.000 203.000 104.000
-4.801 13.674 98.037 112.000 122.000 39.000
-4.801 14.131 98.041 78.000 83.000 23.000
-4.344 11.389 98.017 100.000 105.000 53.000
-4.344 11.846 98.021 167.000 170.000 103.000
-4.344 12.303 98.025 196.000 199.000 120.000
-4.344 12.760 98.029 208.000 211.000 128.000
-4.344 13.217 98.033 201.000 205.000 119.000
-6.630 12.299 98.480 102.000 110.000 52.000
-6.630 12.756 98.484 128.000 138.000 67.000
-6.630 13.213 98.488 109.000 115.000 64.000
-6.173 11.385 98.473 129.000 137.000 68.000
-6.173 11.842 98.477 140.000 147.000 76.000
-6.173 12.299 98.481 137.000 146.000 70.000
-6.173 12.756 98.485 140.000 149.000 70.000
-6.173 13.213 98.489 133.000 142.000 67.000
-6.173 13.670 98.493 125.000 134.000 68.000
-6.173 14.127 98.496 98.000 110.000 54.000
-6.173 14.584 98.500 69.000 83.000 29.000
-5.716 11.385 98.473 125.000 134.000 59.000
-5.716 11.842 98.477 141.000 149.000 74.000
-5.716 12.299 98.481 151.000 161.000 79.000
-5.716 12.756 98.485 152.000 162.000 75.000
-5.716 13.213 98.489 135.000 145.000 66.000
-5.716 13.670 98.493 108.000 118.000 46.000
-5.716 14.127 98.497 110.000 121.000 50.000
-5.716 14.584 98.501 106.000 120.000 45.000
-5.259 11.385 98.473 141.000 150.000 75.000
-5.259 11.842 98.477 154.000 161.000 85.000
-5.259 12.299 98.481 177.000 183.000 95.000
-5.259 12.756 98.485 178.000 185.000 93.000
-5.259 13.213 98.489 160.000 169.000 81.000
-5.259 13.670 98.493 89.000 104.000 26.000
-5.259 14.127 98.497 139.000 150.000 59.000
-4.802 11.385 98.474 150.000 157.000 83.000
-4.802 11.842 98.478 167.000 172.000 99.000
-4.802 12.299 98.482 194.000 198.000 113.000
-4.802 12.756 98.486 204.000 209.000 120.000
-4.802 13.213 98.490 194.000 200.000 106.000
-4.345 11.385 98.474 136.000 141.000 75.000
-4.345 11.842 98.478 161.000 164.000 103.000
-4.345 12.299 98.482 192.000 194.000 122.000
-4.345 12.756 98.486 181.000 183.000 118.000
-4.345 13.213 98.490 154.000 157.000 93.000
-6.630 12.295 98.937 85.000 92.000 50.000
-6.630 12.752 98.941 107.000 114.000 63.000
-6.630 13.209 98.945 81.000 86.000 47.000
-6.630 13.666 98.949 86.000 93.000 54.000
-6.173 11.381 98.930 98.000 105.000 45.000
-6.173 11.838 98.934 99.000 105.000 50.000
-6.173 12.295 98.938 137.000 146.000 73.000
-6.173 12.752 98.941 140.000 149.000 74.000
-6.173 13.209 98.945 122.000 132.000 61.000
-6.173 13.666 98.949 115.000 124.000 59.000
-6.173 14.123 98.953 103.000 113.000 54.000
-6.173 14.580 98.957 83.000 98.000 35.000
-5.716 11.381 98.930 145.000 154.000 69.000
-5.716 11.838 98.934 145.000 152.000 76.000
-5.716 12.295 98.938 151.000 160.000 78.000
-5.716 12.752 98.942 150.000 162.000 75.000
-5.716 13.209 98.946 132.000 143.000 61.000
-5.716 13.666 98.950 81.000 94.000 25.000
-5.716 14.123 98.954 108.000 120.000 49.000
-5.716 14.580 98.958 115.000 129.000 50.000
-5.259 11.381 98.930 151.000 160.000 73.000
-5.259 11.838 98.934 150.000 158.000 80.000
-5.259 12.295 98.938 177.000 183.000 94.000
-5.259 12.752 98.942 187.000 195.000 101.000
-5.259 13.209 98.946 149.000 161.000 71.000
-5.259 13.666 98.950 70.000 85.000 18.000
-5.259 14.123 98.954 138.000 149.000 58.000
-4.802 11.381 98.931 152.000 160.000 74.000
-4.802 11.838 98.935 159.000 165.000 90.000
-4.802 12.295 98.939 191.000 195.000 114.000
-4.802 12.752 98.943 202.000 207.000 123.000
-4.802 13.209 98.947 150.000 156.000 78.000
-4.802 13.666 98.951 76.000 85.000 23.000
-4.345 11.381 98.931 129.000 134.000 64.000
-4.345 11.838 98.935 114.000 117.000 68.000
-4.345 12.295 98.939 171.000 174.000 107.000
-4.345 12.752 98.943 165.000 166.000 109.000
-4.345 13.209 98.947 83.000 84.000 52.000
-3.888 11.381 98.932 78.000 80.000 43.000
-6.630 13.662 99.406 81.000 86.000 45.000
-6.173 11.834 99.390 104.000 110.000 51.000
-6.173 12.291 99.394 125.000 133.000 65.000
-6.173 12.748 99.398 118.000 127.000 59.000
-6.173 13.205 99.402 84.000 95.000 32.000
-6.173 13.662 99.406 97.000 105.000 40.000
-6.173 14.119 99.410 105.000 118.000 47.000
-6.173 14.576 99.414 88.000 100.000 39.000
-5.716 11.834 99.391 134.000 142.000 67.000
-5.716 12.291 99.395 137.000 144.000 71.000
-5.716 12.748 99.399 150.000 159.000 74.000
-5.716 13.205 99.403 110.000 124.000 41.000
-5.716 13.662 99.407 89.000 102.000 30.000
-5.716 14.119 99.411 119.000 130.000 51.000
-5.259 11.834 99.391 144.000 151.000 73.000
-5.259 12.291 99.395 151.000 158.000 79.000
-5.259 12.748 99.399 171.000 178.000 93.000
-5.259 13.205 99.403 98.000 112.000 37.000
-5.259 13.662 99.407 72.000 86.000 19.000
-4.802 11.834 99.392 145.000 152.000 79.000
-4.802 12.291 99.396 153.000 158.000 86.000
-4.802 12.748 99.400 149.000 153.000 89.000
-4.345 11.834 99.392 87.000 89.000 50.000
-4.345 12.291 99.396 114.000 116.000 69.000
-4.345 12.748 99.400 96.000 98.000 61.000
-6.174 12.287 99.851 121.000 129.000 66.000
-6.174 12.744 99.855 119.000 127.000 66.000
-6.174 13.201 99.859 100.000 110.000 45.000
-6.174 13.658 99.863 120.000 131.000 58.000
-6.174 14.115 99.867 116.000 128.000 52.000
-5.717 12.287 99.852 131.000 139.000 69.000
-5.717 12.744 99.856 126.000 136.000 63.000
-5.717 13.201 99.860 116.000 130.000 48.000
-5.717 13.658 99.864 122.000 133.000 51.000
-5.260 12.287 99.852 127.000 136.000 60.000
-5.260 12.744 99.856 118.000 128.000 60.000
-5.260 13.201 99.860 97.000 110.000 39.000
-4.803 12.287 99.853 77.000 82.000 35.000
-4.803 13.201 99.861 78.000 84.000 33.000
-6.174 12.740 100.312 93.000 104.000 43.000
-6.174 13.197 100.316 118.000 129.000 53.000
-6.174 13.654 100.320 147.000 155.000 78.000
-5.717 13.197 100.317 103.000 114.000 42.000
-5.260 13.197 100.317 100.000 112.000 43.000
-6.175 12.736 100.769 71.000 80.000 28.000
-6.175 13.193 100.773 135.000 147.000 70.000
-5.718 12.736 100.770 78.000 88.000 31.000
