34.157800713113964 33.66855605894738 102.18457960044574 125.0 131.0 68.0
33.24339705301878 32.75063444153063 102.63269909874859 75.0 82.0 41.0
33.700380868836255 33.207601060591536 102.6371235065038 81.0 88.0 37.0
34.157366587426104 33.20759915781916 102.63755953496403 140.0 150.0 66.0
34.15736468465372 33.66456767965244 102.64154791425898 143.0 152.0 74.0
34.61435040324357 33.66456577688007 102.64198394271921 152.0 158.0 76.0
34.614348500471195 34.12153429871335 102.64597232201416 151.0 155.0 90.0
35.07133421906104 34.121532395940974 102.64640835047439 119.0 123.0 73.0
33.699946743148395 32.746644159463315 103.09010344102205 123.0 131.0 57.0
33.69994484037602 33.2036126812966 103.094091820317 102.0 110.0 48.0
34.15693055896587 33.20361077852422 103.09452784877726 138.0 148.0 64.0
34.156928656193486 33.660579300357504 103.09851622807219 136.0 145.0 65.0
34.15692675342111 34.11754782219079 103.10250460736714 117.0 123.0 70.0
34.61391627755572 33.20360887575185 103.09496387723749 152.0 159.0 76.0
34.613914374783334 33.66057739758513 103.09895225653244 153.0 160.0 79.0
34.61391247201096 34.11754591941841 103.10294063582737 154.0 158.0 88.0
34.613910569238584 34.574514441251694 103.10692901512229 111.0 112.0 78.0
35.07090009337318 33.66057549481275 103.09938828499267 141.0 146.0 68.0
35.07089819060081 34.117544016646036 103.10337666428762 154.0 157.0 90.0
35.52788581196303 33.66057359204037 103.09982431345293 83.0 86.0 41.0
35.527883909190656 34.117542113873654 103.10381269274785 82.0 84.0 52.0
33.24252689887068 32.28568916110746 103.5426473470801 99.0 105.0 54.0
33.242524996098304 32.742657682940745 103.54663572637506 85.0 90.0 45.0
33.69951071468815 32.74265578016837 103.54707175483529 132.0 140.0 58.0
33.69950881191578 33.19962430200165 103.55106013413024 130.0 139.0 58.0
33.699506909143395 33.656592823834934 103.55504851342519 103.0 113.0 47.0
34.156496433278 32.742653877395995 103.54750778329554 163.0 171.0 76.0
34.156494530505626 33.19962239922928 103.55149616259047 145.0 154.0 65.0
34.15649262773324 33.65659092106256 103.55548454188542 137.0 146.0 60.0
34.15649072496087 34.11355944289584 103.55947292118034 130.0 140.0 71.0
34.15648882218849 34.57052796472913 103.5634613004753 102.0 109.0 67.0
34.613480249095474 33.1996204964569 103.55193219105072 158.0 164.0 73.0
34.61347834632309 33.656589018290184 103.55592057034565 155.0 161.0 73.0
34.61347644355072 34.113557540123466 103.55990894964057 153.0 158.0 83.0
34.61347454077834 34.57052606195675 103.56389732893552 154.0 156.0 99.0
35.07046596768532 33.19961859368453 103.55236821951095 156.0 162.0 74.0
35.07046406491294 33.65658711551781 103.5563565988059 160.0 166.0 78.0
35.070462162140565 34.11355563735109 103.56034497810083 164.0 168.0 91.0
35.07046025936819 34.57052415918437 103.56433335739575 124.0 126.0 81.0
35.52744788073041 34.113553734578716 103.56078100656106 86.0 87.0 53.0
33.24209277318281 31.824732259979246 103.99562728159842 90.0 102.0 36.0
33.242090870410436 32.281700781812525 103.99961566089331 97.0 104.0 52.0
33.24208896763806 32.73866930364581 104.00360404018826 107.0 116.0 59.0
33.699076589000285 32.28169887904015 104.00005168935357 132.0 141.0 60.0
33.69907468622791 32.73866740087343 104.00404006864852 139.0 148.0 64.0
33.699072783455534 33.195635922706714 104.00802844794345 124.0 132.0 54.0
34.15606230759013 32.28169697626777 104.0004877178138 166.0 173.0 76.0
34.15606040481776 32.73866549810106 104.00447609710875 168.0 176.0 76.0
34.15605850204538 33.19563401993434 104.0084644764037 152.0 161.0 66.0
34.156056599273 33.65260254176762 104.01245285569865 140.0 152.0 55.0
34.156054696500625 34.1095710636009 104.01644123499355 137.0 148.0 65.0
34.15605279372825 34.56653958543419 104.0204296142885 103.0 112.0 51.0
34.61304612340761 32.738663595328674 104.004912125569 186.0 190.0 90.0
34.61304422063523 33.19563211716196 104.00890050486393 165.0 170.0 73.0
34.613042317862856 33.652600638995246 104.01288888415888 159.0 165.0 69.0
34.61304041509048 34.10956916082853 104.01687726345381 158.0 162.0 79.0
34.613038512318106 34.56653768266181 104.02086564274876 156.0 158.0 94.0
34.61303660954572 35.0235062044951 104.02485402204368 96.0 98.0 67.0
35.07002993922508 33.19563021438958 104.00933653332419 161.0 166.0 81.0
35.0700280364527 33.65259873622286 104.01332491261911 159.0 165.0 77.0
35.07002613368032 34.10956725805615 104.01731329191404 170.0 174.0 93.0
35.07002423090795 34.566535779889435 104.02130167120899 157.0 158.0 97.0
35.52701185227017 34.10956535528377 104.01774932037429 102.0 104.0 61.0
32.784671026132735 31.820745783456676 104.4521595669514 67.0 80.0 28.0
32.78466912336036 32.277714305289955 104.45614794624632 88.0 95.0 57.0
33.241656744722576 31.8207438806843 104.45259559541162 84.0 101.0 26.0
33.2416548419502 32.27771240251758 104.45658397470655 105.0 114.0 50.0
33.241652939177825 32.73468092435086 104.4605723540015 104.0 112.0 56.0
33.24165103640545 33.19164944618415 104.46456073329645 106.0 114.0 55.0
33.698642463312424 31.82074197791192 104.45303162387185 140.0 150.0 53.0
33.69864056054005 32.277710499745204 104.45702000316678 145.0 156.0 62.0
33.698638657767674 32.734679021578486 104.46100838246173 139.0 148.0 65.0
33.6986367549953 33.19164754341177 104.46499676175668 146.0 155.0 64.0
33.698634852222916 33.64861606524505 104.46898514105163 111.0 119.0 43.0
34.1556262791299 32.27770859697282 104.45745603162703 149.0 159.0 67.0
34.15562437635752 32.73467711880611 104.46144441092198 161.0 169.0 75.0
34.15562247358515 33.19164564063939 104.46543279021691 158.0 166.0 71.0
34.155620570812765 33.648614162472676 104.46942116951186 151.0 161.0 63.0
34.15561866804039 34.10558268430596 104.47340954880679 138.0 148.0 62.0
34.155616765268014 34.56255120613925 104.47739792810174 128.0 136.0 73.0
34.612611997719746 32.27770669420045 104.45789206008726 175.0 180.0 84.0
34.61261009494737 32.73467521603373 104.46188043938221 177.0 182.0 84.0
34.612608192174996 33.19164373786702 104.46586881867717 170.0 174.0 77.0
34.61260628940262 33.6486122597003 104.46985719797212 170.0 175.0 77.0
34.612604386630245 34.10558078153358 104.47384557726701 166.0 171.0 81.0
34.61260248385787 34.562549303366865 104.47783395656197 152.0 156.0 84.0
34.61260058108549 35.019517825200154 104.48182233585692 134.0 135.0 90.0
35.06959581353722 32.734673313261354 104.46231646784247 187.0 190.0 102.0
35.069593910764844 33.191641835094636 104.4663048471374 167.0 172.0 85.0
35.06959200799246 33.64861035692792 104.47029322643235 158.0 162.0 80.0
35.06959010522009 34.10557887876121 104.47428160572727 173.0 176.0 97.0
35.06958820244771 34.56254740059449 104.47826998502222 158.0 160.0 97.0
35.06958629967533 35.01951592242777 104.48225836431715 116.0 117.0 79.0
35.52657392103756 34.562545497822114 104.47870601348245 88.0 88.0 59.0
32.78423499767249 31.816757404161734 104.9091278807646 65.0 81.0 24.0
32.78423309490012 32.273725925995016 104.91311626005952 95.0 104.0 53.0
33.241222619034716 31.35978697955607 104.9055755299299 119.0 126.0 59.0
33.24122071626234 31.81675550138936 104.90956390922483 119.0 128.0 49.0
33.241218813489965 32.27372402322264 104.91355228851978 90.0 102.0 35.0
33.24121691071759 32.73069254505592 104.9175406678147 110.0 119.0 54.0
33.241215007945215 33.18766106688921 104.92152904710966 97.0 104.0 46.0
33.24121310517283 33.644629588722495 104.92551742640461 77.0 84.0 36.0
33.69820643485218 31.81675359861698 104.90999993768506 145.0 153.0 67.0
33.69820453207981 32.273722120450266 104.91398831698001 141.0 152.0 58.0
33.69820262930743 32.73069064228355 104.91797669627496 149.0 158.0 63.0
33.698200726535056 33.18765916411683 104.92196507556991 146.0 154.0 61.0
33.698198823762674 33.64462768595011 104.92595345486484 132.0 141.0 55.0
33.6981969209903 34.1015962077834 104.92994183415976 129.0 140.0 62.0
34.15519215344203 31.816751695844605 104.91043596614531 166.0 173.0 76.0
34.155190250669655 32.273720217677884 104.91442434544024 160.0 168.0 71.0
34.15518834789728 32.73068873951117 104.91841272473519 153.0 161.0 65.0
34.155186445124905 33.187657261344455 104.92240110403014 153.0 160.0 62.0
34.15518454235252 33.64462578317774 104.9263894833251 154.0 163.0 64.0
34.15518263958015 34.10159430501102 104.93037786262002 142.0 151.0 65.0
34.15518073680777 34.55856282684431 104.93436624191494 131.0 139.0 69.0
34.15517883403539 35.01553134867759 104.9383546212099 96.0 100.0 61.0
34.61217596925951 32.27371831490551 104.9148603739005 177.0 184.0 79.0
34.612174066487135 32.73068683673879 104.91884875319545 181.0 185.0 83.0
34.61217216371476 33.18765535857208 104.92283713249037 172.0 178.0 78.0
34.61217026094238 33.64462388040536 104.92682551178532 175.0 181.0 82.0
34.61216835817 34.101592402238644 104.93081389108025 173.0 177.0 87.0
34.61216645539763 34.55856092407193 104.9348022703752 158.0 161.0 84.0
34.612164552625245 35.015529445905216 104.93879064967015 149.0 151.0 91.0
35.06916168784935 32.27371641213313 104.91529640236072 189.0 194.0 102.0
35.06915978507698 32.730684933966415 104.91928478165568 192.0 195.0 104.0
35.0691578823046 33.1876534557997 104.92327316095063 176.0 180.0 91.0
35.06915597953222 33.64462197763298 104.92726154024555 170.0 175.0 88.0
35.069154076759844 34.10159049946627 104.93124991954048 177.0 181.0 99.0
35.06915217398747 34.55855902129955 104.93523829883543 163.0 166.0 100.0
35.069150271215086 35.01552754313283 104.93922667813038 111.0 112.0 75.0
35.526145503666825 32.73068303119404 104.91972081011593 182.0 185.0 112.0
35.52614360089445 33.18765155302732 104.92370918941086 135.0 138.0 80.0
35.52614169812207 33.644620074860605 104.92769756870581 88.0 91.0 49.0
35.52613979534969 34.10158859669389 104.93168594800073 81.0 83.0 50.0
32.78379896921225 31.812769024866796 105.3660961945778 75.0 90.0 29.0
32.783797066439874 32.26973754670008 105.37008457387276 84.0 98.0 38.0
32.7837951636675 32.72670606853337 105.37407295316771 83.0 89.0 46.0
33.24078659057448 31.35579860026113 105.36254384374314 108.0 113.0 55.0
33.2407846878021 31.81276712209442 105.36653222303804 137.0 147.0 65.0
33.24078278502972 32.2697356439277 105.37052060233299 100.0 113.0 38.0
33.24078088225735 32.726704165760985 105.37450898162794 106.0 116.0 44.0
33.24077897948497 33.183672687594274 105.37849736092289 111.0 118.0 51.0
33.24077707671259 33.64064120942756 105.38248574021782 101.0 109.0 46.0
33.69777230916432 31.355796697488756 105.36297987220337 156.0 163.0 74.0
33.69777040639194 31.81276521932204 105.36696825149829 170.0 176.0 77.0
33.697768503619564 32.26973374115533 105.37095663079324 163.0 174.0 68.0
33.69776660084719 32.72670226298861 105.37494501008817 144.0 154.0 63.0
33.69776469807481 33.18367078482189 105.37893338938312 146.0 157.0 61.0
33.69776279530243 33.640639306655174 105.38292176867805 144.0 155.0 56.0
33.697760892530056 34.097607828488464 105.386910147973 130.0 139.0 61.0
34.15475612498179 31.812763316549663 105.36740427995852 178.0 186.0 81.0
34.15475422220941 32.269731838382945 105.37139265925347 180.0 188.0 76.0
34.15475231943704 32.726700360216235 105.37538103854843 176.0 183.0 78.0
34.15475041666466 33.18366888204952 105.37936941784338 163.0 171.0 73.0
34.15474851389228 33.6406374038828 105.3833577971383 154.0 163.0 65.0
34.154746611119904 34.09760592571608 105.38734617643323 147.0 155.0 69.0
34.15474470834753 34.55457444754937 105.39133455572818 146.0 151.0 80.0
34.15474280557515 35.01154296938265 105.39532293502313 117.0 122.0 73.0
34.61174184357164 31.812761413777288 105.36784030841878 174.0 179.0 90.0
34.61173994079927 32.26972993561057 105.3718286877137 176.0 182.0 77.0
34.61173803802689 32.72669845744385 105.37581706700865 193.0 197.0 90.0
34.61173613525452 33.18366697927714 105.3798054463036 186.0 191.0 88.0
34.611734232482135 33.640635501110424 105.38379382559853 181.0 187.0 86.0
34.61173232970976 34.097604022943706 105.38778220489348 176.0 180.0 87.0
34.611730426937385 34.55457254477699 105.39177058418841 163.0 166.0 85.0
34.611728524165 35.01154106661028 105.39575896348336 151.0 153.0 90.0
35.06872565938911 32.269728032838195 105.37226471617396 180.0 184.0 95.0
35.068723756616734 32.72669655467148 105.37625309546891 197.0 201.0 106.0
35.06872185384436 33.18366507650476 105.38024147476384 186.0 190.0 99.0
35.06871995107198 33.64063359833804 105.38422985405876 180.0 184.0 96.0
35.0687180482996 34.09760212017133 105.38821823335371 182.0 185.0 103.0
35.068716145527226 34.55457064200461 105.39220661264866 169.0 172.0 103.0
35.068714242754844 35.011539163837895 105.39619499194362 152.0 153.0 101.0
35.52571137797896 32.26972613006581 105.37270074463419 147.0 149.0 94.0
35.52570947520658 32.7266946518991 105.37668912392914 184.0 186.0 115.0
35.52570757243421 33.183663173732384 105.38067750322409 130.0 132.0 78.0
35.525705669661825 33.640631695565666 105.38466588251902 85.0 88.0 47.0
35.52570376688945 34.09760021739895 105.38865426181394 89.0 91.0 55.0
32.78336294075201 31.808780645571858 105.82306450839104 83.0 95.0 34.0
32.78336103797964 32.26574916740514 105.82705288768597 90.0 104.0 38.0
32.78335913520726 32.72271768923843 105.83104126698092 91.0 98.0 47.0
33.240350562114244 31.351810220966193 105.81951215755635 128.0 135.0 64.0
33.24034865934186 31.808778742799483 105.82350053685127 137.0 146.0 65.0
33.24034675656949 32.265747264632765 105.82748891614622 101.0 115.0 34.0
33.24034485379711 32.72271578646605 105.83147729544118 113.0 124.0 44.0
33.240342951024736 33.179684308299336 105.8354656747361 126.0 135.0 56.0
33.240341048252354 33.63665283013262 105.83945405403102 101.0 109.0 45.0
33.697336280704086 31.351808318193818 105.8199481860166 153.0 162.0 72.0
33.6973343779317 31.8087768400271 105.8239365653115 169.0 175.0 76.0
33.69733247515933 32.26574536186039 105.82792494460645 159.0 168.0 68.0
33.69733057238695 32.72271388369367 105.8319133239014 134.0 145.0 52.0
33.69732866961458 33.179682405526954 105.83590170319636 139.0 151.0 53.0
33.697326766842195 33.636650927360236 105.83989008249128 136.0 149.0 43.0
33.69732486406982 34.093619449193525 105.8438784617862 117.0 127.0 44.0
33.697322961297445 34.55058797102681 105.84786684108116 86.0 92.0 41.0
34.154321999293934 31.351806415421443 105.82038421447683 168.0 175.0 85.0
34.15432009652155 31.808774937254725 105.82437259377176 180.0 187.0 85.0
34.15431819374918 32.26574345908801 105.82836097306671 179.0 185.0 82.0
34.1543162909768 32.7227119809213 105.83234935236163 168.0 174.0 76.0
34.154314388204426 33.17968050275458 105.83633773165658 165.0 172.0 73.0
34.154312485432044 33.63664902458786 105.84032611095151 159.0 167.0 67.0
34.15431058265967 34.09361754642114 105.84431449024646 147.0 156.0 64.0
34.15430867988729 34.55058606825443 105.84830286954141 139.0 145.0 71.0
34.15430677711491 35.007554590087715 105.85229124883634 118.0 124.0 68.0
34.61130581511141 31.80877303448235 105.82480862223198 182.0 186.0 98.0
34.61130391233903 32.26574155631563 105.82879700152694 186.0 190.0 90.0
34.61130200956666 32.722710078148914 105.83278538082189 192.0 196.0 92.0
34.61130010679428 33.1796785999822 105.83677376011684 189.0 193.0 91.0
34.6112982040219 33.636647121815486 105.84076213941174 185.0 191.0 89.0
34.611296301249524 34.09361564364877 105.84475051870669 179.0 184.0 89.0
34.61129439847715 34.55058416548205 105.84873889800164 165.0 168.0 87.0
34.61129249570477 35.00755268731534 105.8527272772966 153.0 155.0 89.0
35.06829153370125 31.808771131709968 105.82524465069224 179.0 181.0 105.0
35.068289630928874 32.26573965354326 105.82923302998717 183.0 187.0 100.0
35.0682877281565 32.72270817537654 105.83322140928212 198.0 202.0 108.0
35.06828582538412 33.17967669720982 105.83720978857707 190.0 195.0 102.0
35.06828392261174 33.6366452190431 105.841198167872 183.0 188.0 99.0
35.068282019839366 34.09361374087639 105.84518654716695 184.0 188.0 105.0
35.06828011706699 34.550582262709675 105.84917492646187 187.0 189.0 113.0
35.06827821429461 35.00755078454296 105.85316330575682 159.0 160.0 102.0
35.52527534951872 32.265737750770874 105.82966905844742 106.0 107.0 65.0
35.52527344674635 32.722706272604164 105.83365743774237 176.0 178.0 110.0
35.52527154397397 33.179674794437446 105.8376458170373 146.0 149.0 87.0
35.52526964120159 33.63664331627073 105.84163419633222 100.0 104.0 56.0
35.525267738429214 34.09361183810401 105.84562257562717 80.0 81.0 49.0
32.32593738815717 32.718731212715866 106.2875735523339 77.0 83.0 51.0
32.78292691229177 31.80479226627692 106.28003282220425 114.0 122.0 55.0
32.782925009519396 32.2617607881102 106.2840212014992 96.0 111.0 38.0
32.78292310674702 32.71872930994349 106.28800958079415 91.0 102.0 42.0
32.782921203974645 33.17569783177677 106.2919979600891 78.0 82.0 45.0
33.239914533654 31.347821841671255 106.27648047136958 117.0 122.0 56.0
33.23991263088162 31.804790363504544 106.2804688506645 142.0 150.0 63.0
33.239910728109244 32.26175888533783 106.28445722995943 112.0 126.0 36.0
33.23990882533687 32.71872740717111 106.28844560925438 107.0 120.0 35.0
33.239906922564494 33.1756959290044 106.29243398854933 131.0 141.0 56.0
33.23990501979211 33.63266445083768 106.29642236784426 104.0 112.0 44.0
33.69690215501622 30.890851417065598 106.27292812053489 136.0 143.0 60.0
33.69690025224384 31.34781993889888 106.27691649982981 159.0 168.0 74.0
33.69689834947146 31.804788460732162 106.28090487912473 163.0 171.0 68.0
33.696896446699085 32.26175698256545 106.28489325841969 163.0 171.0 66.0
33.69689454392671 32.71872550439873 106.28888163771464 139.0 149.0 51.0
33.696892641154335 33.175694026232016 106.29287001700956 133.0 144.0 42.0
33.69689073838195 33.6326625480653 106.29685839630449 133.0 144.0 43.0
33.69688883560958 34.08963106989859 106.30084677559944 121.0 131.0 46.0
33.6968869328372 34.54659959173187 106.30483515489439 107.0 115.0 48.0
34.15388597083369 31.347818036126505 106.27735252829004 174.0 180.0 90.0
34.15388406806131 31.804786557959787 106.28134090758496 184.0 191.0 87.0
34.153882165288934 32.26175507979307 106.28532928687991 170.0 177.0 72.0
34.15388026251656 32.71872360162636 106.28931766617487 172.0 179.0 75.0
34.15387835974418 33.17569212345964 106.29330604546982 168.0 176.0 72.0
34.1538764569718 33.63266064529292 106.29729442476474 160.0 169.0 67.0
34.153874554199426 34.089629167126205 106.30128280405967 149.0 157.0 67.0
34.15387265142705 34.546597688959494 106.30527118335462 135.0 140.0 64.0
34.15387074865467 35.003566210792776 106.30925956264957 132.0 138.0 72.0
34.61087168942355 31.347816133354122 106.2777885567503 186.0 188.0 117.0
34.610869786651165 31.80478465518741 106.28177693604522 190.0 193.0 105.0
34.61086788387879 32.261753177020694 106.28576531534017 191.0 194.0 100.0
34.610865981106414 32.718721698853976 106.2897536946351 194.0 197.0 98.0
34.61086407833404 33.175690220687265 106.29374207393005 189.0 194.0 94.0
34.61086217556166 33.63265874252055 106.29773045322497 184.0 190.0 92.0
34.61086027278928 34.08962726435383 106.30171883251992 181.0 186.0 92.0
34.610858370016906 34.54659578618711 106.30570721181488 168.0 170.0 87.0
34.610856467244524 35.0035643080204 106.3096955911098 157.0 159.0 89.0
34.61085456447215 35.46053282985368 106.31368397040472 81.0 83.0 54.0
35.067855505241006 31.80478275241503 106.28221296450545 188.0 191.0 112.0
35.06785360246863 32.26175127424832 106.2862013438004 189.0 193.0 105.0
35.067851699696256 32.7187197960816 106.29018972309535 200.0 203.0 111.0
35.06784979692388 33.17568831791488 106.2941781023903 191.0 195.0 104.0
35.0678478941515 33.632656839748165 106.2981664816852 186.0 191.0 101.0
35.06784599137912 34.089625361581454 106.30215486098015 187.0 191.0 107.0
35.06784408860675 34.54659388341474 106.3061432402751 190.0 192.0 113.0
35.06784218583437 35.00356240524802 106.31013161957006 164.0 165.0 102.0
35.52483932105848 32.261749371475936 106.28663737226063 88.0 90.0 51.0
35.524837418286104 32.718717893309226 106.29062575155558 163.0 165.0 102.0
35.52483551551373 33.17568641514251 106.29461413085053 153.0 156.0 91.0
35.52483361274135 33.63265493697579 106.29860251014546 126.0 130.0 71.0
35.52483170996897 34.08962345880907 106.30259088944041 107.0 109.0 65.0
35.524829807196596 34.54659198064236 106.30657926873533 90.0 91.0 59.0
32.78249088383153 31.80080388698198 106.73700113601748 116.0 123.0 56.0
32.78248898105915 32.25777240881526 106.74098951531244 96.0 110.0 33.0
32.78248707828678 32.71474093064855 106.74497789460736 92.0 105.0 36.0
32.7824851755144 33.171709452481835 106.74896627390231 101.0 107.0 58.0
33.23947850519376 31.343833462376317 106.73344878518279 116.0 121.0 52.0
33.23947660242138 31.800801984209606 106.73743716447771 149.0 156.0 64.0
33.239474699649 32.25777050604289 106.74142554377266 139.0 149.0 48.0
33.239472796876626 32.71473902787617 106.74541392306762 116.0 129.0 38.0
33.23947089410425 33.17170754970946 106.74940230236257 130.0 142.0 53.0
33.23946899133187 33.62867607154274 106.75339068165746 121.0 130.0 52.0
33.23946708855949 34.085644593376024 106.75737906095242 78.0 84.0 35.0
33.696466126555976 30.88686303777066 106.72989643434809 125.0 131.0 56.0
33.6964642237836 31.34383155960394 106.73388481364302 162.0 168.0 74.0
33.69646232101122 31.800800081437224 106.73787319293797 162.0 170.0 62.0
33.69646041823884 32.25776860327051 106.74186157223289 184.0 191.0 72.0
33.69645851546647 32.714737125103795 106.74584995152784 173.0 182.0 71.0
33.69645661269409 33.17170564693708 106.7498383308228 142.0 153.0 49.0
33.69645470992172 33.62867416877036 106.75382671011772 139.0 149.0 49.0
33.69645280714934 34.08564269060365 106.75781508941265 132.0 143.0 52.0
33.69645090437697 34.54261121243693 106.7618034687076 107.0 114.0 48.0
34.153451845145824 30.886861134998284 106.73033246280835 134.0 139.0 69.0
34.15344994237345 31.343829656831566 106.73432084210324 175.0 181.0 90.0
34.15344803960107 31.80079817866485 106.7383092213982 190.0 196.0 87.0
34.15344613682869 32.25776670049813 106.74229760069315 190.0 195.0 86.0
34.153444234056316 32.71473522233142 106.7462859799881 191.0 197.0 88.0
34.15344233128394 33.1717037441647 106.75027435928303 174.0 182.0 74.0
34.15344042851156 33.628672265997984 106.75426273857795 158.0 168.0 65.0
34.15343852573918 34.08564078783127 106.7582511178729 152.0 160.0 70.0
34.15343662296681 34.542609309664556 106.76223949716785 141.0 146.0 71.0
34.153434720194426 34.99957783149784 106.76622787646278 134.0 138.0 80.0
34.61043756373568 30.886859232225902 106.73076849126858 104.0 105.0 64.0
34.610435660963304 31.343827754059184 106.7347568705635 180.0 183.0 108.0
34.61043375819092 31.800796275892473 106.73874524985843 195.0 198.0 108.0
34.61043185541855 32.257764797725756 106.74273362915338 192.0 195.0 100.0
34.61042995264617 32.71473331955904 106.74672200844833 198.0 202.0 101.0
34.610428049873796 33.17170184139233 106.75071038774328 193.0 197.0 97.0
34.610426147101414 33.62867036322561 106.7546987670382 187.0 193.0 89.0
34.61042424432904 34.08563888505889 106.75868714633313 182.0 188.0 90.0
34.610422341556664 34.542607406892174 106.76267552562808 174.0 177.0 92.0
34.61042043878428 34.99957592872546 106.76666390492304 160.0 161.0 92.0
34.610418536011906 35.456544450558745 106.77065228421796 89.0 90.0 59.0
35.067421379553146 31.34382585128681 106.73519289902373 111.0 112.0 73.0
35.06741947678076 31.80079437312009 106.73918127831868 194.0 197.0 115.0
35.06741757400839 32.25776289495338 106.74316965761363 192.0 195.0 106.0
35.06741567123601 32.71473141678666 106.74715803690856 204.0 207.0 115.0
35.06741376846364 33.171699938619945 106.75114641620351 196.0 200.0 108.0
35.067411865691255 33.62866846045323 106.75513479549844 190.0 194.0 102.0
35.06740996291888 34.085636982286516 106.75912317479339 194.0 198.0 110.0
35.067408060146505 34.5426055041198 106.76311155408834 196.0 199.0 118.0
35.06740615737413 34.99957402595308 106.76709993338326 172.0 173.0 107.0
35.52440329259824 32.257760992181 106.74360568607386 114.0 115.0 67.0
35.52440138982586 32.71472951401429 106.74759406536882 157.0 159.0 96.0
35.524399487053486 33.17169803584757 106.75158244466374 144.0 146.0 86.0
35.524397584281104 33.62866655768085 106.75557082395866 117.0 120.0 66.0
35.52439568150873 34.085635079514134 106.75955920325362 127.0 130.0 77.0
35.52439377873635 34.54260360134742 106.76354758254857 113.0 114.0 74.0
32.78205485537129 31.79681550768704 107.19396944983069 99.0 104.0 44.0
32.78205295259892 32.253784029520325 107.19795782912564 102.0 112.0 35.0
32.78205104982654 32.710752551353615 107.2019462084206 110.0 121.0 47.0
32.78204914705417 33.1677210731869 107.20593458771555 115.0 122.0 65.0
32.782047244281785 33.62468959502018 107.20992296701044 80.0 85.0 54.0
33.23904247673352 31.339845083081375 107.190417098996 129.0 135.0 67.0
33.23904057396114 31.796813604914664 107.19440547829095 149.0 156.0 67.0
33.239038671188766 32.25378212674795 107.1983938575859 145.0 155.0 55.0
33.23903676841639 32.71075064858123 107.20238223688082 123.0 133.0 40.0
33.239034865644015 33.16771917041452 107.20637061617578 131.0 141.0 53.0
33.23903296287163 33.624687692247804 107.2103589954707 128.0 136.0 58.0
33.69603009809574 30.882874658475718 107.18686474816133 104.0 108.0 50.0
33.696028195323365 31.339843180309 107.19085312745622 149.0 156.0 70.0
33.69602629255098 31.796811702142282 107.19484150675117 159.0 166.0 64.0
33.69602438977861 32.253780223975575 107.19882988604613 188.0 194.0 77.0
33.69602248700623 32.71074874580886 107.20281826534108 180.0 188.0 74.0
33.69602058423386 33.16771726764214 107.206806644636 149.0 159.0 55.0
33.69601868146148 33.62468578947542 107.21079502393093 142.0 151.0 51.0
33.696016778689106 34.08165431130871 107.21478340322588 139.0 149.0 58.0
33.69601487591673 34.53862283314199 107.21877178252083 130.0 139.0 62.0
34.15301581668559 30.882872755703342 107.18730077662156 113.0 116.0 61.0
34.15301391391321 31.339841277536625 107.19128915591648 166.0 171.0 87.0
34.15301201114083 31.796809799369907 107.19527753521143 189.0 194.0 90.0
34.153010108368456 32.25377832120319 107.19926591450636 198.0 202.0 96.0
34.15300820559608 32.71074684303648 107.20325429380131 190.0 195.0 88.0
34.153006302823705 33.167715364869764 107.20724267309626 176.0 184.0 74.0
34.15300440005132 33.624683886703046 107.21123105239118 166.0 175.0 67.0
34.15300249727895 34.08165240853633 107.21521943168611 158.0 166.0 73.0
34.15300059450657 34.53862093036962 107.21920781098106 150.0 156.0 78.0
34.15299869173419 34.9955894522029 107.22319619027601 136.0 141.0 79.0
34.60999963250307 31.339839374764246 107.19172518437671 173.0 175.0 103.0
34.609997729730686 31.79680789659753 107.19571356367166 199.0 201.0 113.0
34.60999582695831 32.25377641843082 107.19970194296661 201.0 203.0 110.0
34.609993924185936 32.7107449402641 107.20369032226156 200.0 203.0 107.0
34.60999202141356 33.16771346209739 107.20767870155649 197.0 202.0 99.0
34.60999011864118 33.62468198393067 107.21166708085141 192.0 198.0 89.0
34.6099882158688 34.08165050576395 107.21565546014637 191.0 196.0 97.0
34.60998631309643 34.538619027597235 107.21964383944132 182.0 186.0 97.0
34.609984410324046 34.995587549430525 107.22363221873624 168.0 170.0 97.0
34.60998250755167 35.45255607126381 107.22762059803117 101.0 102.0 66.0
35.06698535109291 31.33983747199187 107.19216121283696 103.0 104.0 67.0
35.06698344832053 31.796805993825153 107.19614959213189 193.0 195.0 115.0
35.06698154554815 32.25377451565844 107.20013797142684 192.0 193.0 109.0
35.06697964277578 32.710743037491724 107.2041263507218 202.0 204.0 114.0
35.0669777400034 33.16771155932501 107.20811473001672 200.0 203.0 111.0
35.06697583723102 33.62468008115829 107.21210310931167 196.0 201.0 106.0
35.066973934458645 34.08164860299158 107.2160914886066 198.0 202.0 112.0
35.06697203168627 34.53861712482486 107.22007986790155 201.0 204.0 122.0
35.066970128913894 34.99558564665814 107.2240682471965 178.0 180.0 111.0
35.06696822614152 35.452554168491424 107.22805662649142 81.0 82.0 53.0
35.523967264138 32.25377261288606 107.2005739998871 99.0 100.0 57.0
35.523965361365626 32.71074113471935 107.20456237918202 146.0 147.0 91.0
35.52396345859325 33.16770965655263 107.20855075847695 148.0 149.0 92.0
35.52396155582087 33.62467817838591 107.2125391377719 124.0 126.0 73.0
35.52395965304849 34.081646700219196 107.21652751706685 142.0 144.0 87.0
35.52395775027612 34.538615222052485 107.2205158963618 135.0 137.0 89.0
32.324627400004076 33.163734596664334 107.6624668730685 98.0 104.0 69.0
32.78161882691105 31.7928271283921 107.65093776364392 108.0 114.0 54.0
32.781616924138675 32.24979565022539 107.65492614293888 127.0 135.0 52.0
32.7816150213663 32.70676417205867 107.65891452223383 133.0 141.0 66.0
32.781613118593924 33.16373269389196 107.66290290152875 122.0 128.0 70.0
32.78161121582154 33.62070121572524 107.66689128082368 89.0 92.0 60.0
33.23860644827328 31.335856703786437 107.64738541280923 118.0 122.0 61.0
33.2386045455009 31.792825225619726 107.65137379210415 144.0 151.0 65.0
33.23860264272852 32.24979374745301 107.6553621713991 143.0 152.0 56.0
33.23860073995615 32.706762269286294 107.65935055069406 126.0 134.0 44.0
33.23859883718377 33.16373079111958 107.66333892998898 129.0 138.0 53.0
33.23859693441139 33.620699312952866 107.6673273092839 121.0 128.0 54.0
33.69559216686312 31.33585480101406 107.64782144126946 150.0 156.0 74.0
33.69559026409074 31.792823322847344 107.65180982056441 164.0 172.0 73.0
33.695588361318364 32.24979184468064 107.65579819985936 181.0 187.0 81.0
33.69558645854599 32.70676036651392 107.65978657915429 153.0 162.0 61.0
33.695584555773614 33.1637288883472 107.66377495844921 146.0 157.0 56.0
33.69558265300124 33.62069741018048 107.66776333774416 149.0 158.0 56.0
33.695580750228864 34.07766593201377 107.67175171703911 139.0 147.0 57.0
33.69557884745649 34.534634453847055 107.67574009633404 121.0 127.0 59.0
34.152579788225346 30.878884376408404 107.64426909043479 84.0 87.0 46.0
34.15257788545297 31.335852898241686 107.64825746972969 159.0 164.0 84.0
34.15257598268059 31.79282142007497 107.65224584902464 188.0 192.0 88.0
34.15257407990821 32.249789941908254 107.65623422831959 197.0 201.0 95.0
34.15257217713584 32.706758463741544 107.66022260761454 192.0 197.0 91.0
34.15257027436346 33.163726985574826 107.66421098690947 176.0 185.0 71.0
34.15256837159108 33.62069550740811 107.66819936620439 172.0 181.0 66.0
34.152566468818705 34.07766402924139 107.67218774549934 170.0 175.0 80.0
34.15256456604633 34.53463255107468 107.6761761247943 151.0 157.0 78.0
34.15256266327395 34.99160107290796 107.68016450408925 146.0 150.0 85.0
34.609563604042826 31.335850995469304 107.64869349818994 166.0 169.0 103.0
34.609561701270444 31.792819517302593 107.6526818774849 197.0 199.0 113.0
34.60955979849807 32.24978803913588 107.65667025677982 198.0 200.0 108.0
34.60955789572569 32.70675656096916 107.66065863607477 199.0 202.0 106.0
34.60955599295332 33.16372508280245 107.6646470153697 200.0 204.0 101.0
34.609554090180936 33.62069360463573 107.66863539466465 199.0 204.0 96.0
34.60955218740856 34.077662126469015 107.67262377395957 196.0 200.0 100.0
34.609550284636185 34.5346306483023 107.67661215325452 186.0 189.0 103.0
34.6095483818638 34.991599170135586 107.68060053254948 176.0 178.0 105.0
34.60954647909143 35.44856769196887 107.6845889118444 104.0 106.0 68.0
35.066547419860285 31.79281761453021 107.65311790594512 188.0 189.0 116.0
35.06654551708791 32.249786136363504 107.65710628524008 191.0 192.0 111.0
35.066543614315535 32.706754658196786 107.66109466453503 198.0 200.0 115.0
35.06654171154316 33.16372318003007 107.66508304382992 203.0 206.0 116.0
35.066539808770784 33.62069170186335 107.66907142312488 203.0 208.0 112.0
35.06653790599841 34.07766022369664 107.67305980241983 200.0 204.0 114.0
35.066536003226034 34.53462874552992 107.67704818171478 197.0 200.0 118.0
35.06653410045365 34.991597267363204 107.6810365610097 181.0 183.0 114.0
35.066532197681276 35.448565789196486 107.68502494030463 106.0 107.0 69.0
35.52352933290538 32.70675275542441 107.66153069299526 100.0 101.0 63.0
35.52352743013301 33.16372127725769 107.66551907229018 141.0 142.0 89.0
35.523525527360626 33.620689799090975 107.66950745158513 131.0 134.0 79.0
35.52352362458825 34.07765832092426 107.67349583088006 118.0 121.0 72.0
35.523521721815875 34.53462684275755 107.67748421017501 131.0 132.0 86.0
35.52351981904349 34.99159536459083 107.68147258946996 121.0 122.0 81.0
32.78118279845081 31.788838749097163 108.10790607745716 80.0 86.0 33.0
32.78118089567843 32.24580727093044 108.11189445675208 117.0 125.0 43.0
32.78117899290606 32.70277579276373 108.11588283604704 128.0 135.0 58.0
32.78117709013368 33.15974431459701 108.11987121534196 121.0 126.0 66.0
32.7811751873613 33.616712836430295 108.12385959463691 96.0 100.0 59.0
33.23817041981304 31.3318683244915 108.10435372662243 81.0 85.0 38.0
33.238168517040656 31.788836846324788 108.10834210591739 136.0 142.0 65.0
33.23816661426828 32.24580536815807 108.11233048521234 152.0 160.0 70.0
33.238164711495905 32.70277388999135 108.11631886450729 138.0 145.0 54.0
33.23816280872353 33.15974241182464 108.12030724380219 141.0 150.0 66.0
33.23816090595115 33.61671093365792 108.12429562309714 132.0 137.0 67.0
33.69515613840288 31.331866421719123 108.10478975508269 150.0 157.0 75.0
33.695154235630504 31.788834943552406 108.10877813437762 171.0 176.0 83.0
33.69515233285813 32.24580346538569 108.11276651367257 179.0 184.0 85.0
33.695150430085754 32.70277198721897 108.11675489296752 173.0 181.0 80.0
33.69514852731338 33.159740509052256 108.12074327226244 154.0 162.0 64.0
33.695146624540996 33.616709030885545 108.12473165155737 149.0 156.0 61.0
33.69514472176862 34.07367755271883 108.12872003085232 129.0 136.0 54.0
33.695142818996246 34.53064607455211 108.13270841014727 89.0 93.0 37.0
34.15214185699273 31.331864518946748 108.10522578354292 147.0 152.0 75.0
34.152139954220345 31.78883304078003 108.10921416283787 177.0 182.0 90.0
34.15213805144797 32.245801562613316 108.11320254213283 189.0 192.0 93.0
34.152136148675595 32.7027700844466 108.11719092142775 199.0 203.0 99.0
34.15213424590322 33.15973860627988 108.12117930072267 183.0 188.0 85.0
34.15213234313084 33.61670712811317 108.12516768001763 169.0 175.0 71.0
34.15213044035846 34.07367564994645 108.12915605931258 163.0 168.0 74.0
34.15212853758609 34.530644171779734 108.1331444386075 162.0 166.0 85.0
34.152126634813705 34.987612693613016 108.13713281790245 131.0 135.0 78.0
34.60912757558258 31.331862616174366 108.10566181200315 144.0 146.0 88.0
34.6091256728102 31.788831138007655 108.1096501912981 192.0 195.0 110.0
34.609123770037826 32.24579965984094 108.11363857059305 205.0 208.0 111.0
34.60912186726545 32.70276818167422 108.117626949888 205.0 208.0 106.0
34.609119964493075 33.159736703507505 108.12161532918293 204.0 208.0 101.0
34.60911806172069 33.616705225340795 108.12560370847785 202.0 207.0 96.0
34.60911615894832 34.07367374717408 108.1295920877728 197.0 201.0 99.0
34.60911425617594 34.53064226900736 108.13358046706776 189.0 193.0 102.0
34.60911235340356 34.98761079084064 108.13756884636268 179.0 182.0 108.0
35.06611139140005 31.788829235235273 108.11008621975836 173.0 174.0 108.0
35.066109488627674 32.245797757068566 108.11407459905328 200.0 202.0 120.0
35.0661075858553 32.70276627890185 108.11806297834823 199.0 201.0 117.0
35.066105683082924 33.15973480073513 108.12205135764316 203.0 207.0 114.0
35.06610378031054 33.61670332256841 108.12603973693811 202.0 206.0 109.0
35.066101877538166 34.0736718444017 108.13002811623304 203.0 207.0 117.0
35.06609997476579 34.530640366234984 108.13401649552799 202.0 205.0 123.0
35.06609807199341 34.987608888068266 108.13800487482291 183.0 185.0 113.0
35.52309330444514 32.70276437612947 108.11849900680849 91.0 91.0 59.0
35.523091401672765 33.159732897962755 108.12248738610339 119.0 120.0 76.0
35.52308949890038 33.61670141979604 108.12647576539834 95.0 96.0 58.0
35.52308379058325 34.98760698529589 108.13844090328317 81.0 82.0 52.0
32.78074486721819 32.2418188916355 108.56886277056532 108.0 113.0 44.0
32.780742964445814 32.69878741346879 108.57285114986024 140.0 148.0 74.0
32.78074106167344 33.155755935302075 108.57683952915517 119.0 126.0 61.0
32.780739158901056 33.61272445713536 108.58082790845012 108.0 116.0 61.0
33.23773248858041 31.78484846702985 108.56531041973062 152.0 158.0 79.0
33.23773058580804 32.24181698886313 108.56929879902555 163.0 166.0 90.0
33.23772868303566 32.69878551069641 108.57328717832047 152.0 159.0 83.0
33.23772678026329 33.1557540325297 108.57727555761542 153.0 158.0 77.0
33.237724877490905 33.61272255436298 108.58126393691037 133.0 137.0 69.0
33.694720109942644 31.327878042424185 108.5617580688959 140.0 147.0 67.0
33.69471820717026 31.784846564257467 108.56574644819085 155.0 161.0 75.0
33.694716304397886 32.24181508609075 108.5697348274858 167.0 172.0 84.0
33.69471440162551 32.698783607924035 108.57372320678073 180.0 184.0 96.0
33.694712498853136 33.15575212975732 108.57771158607565 169.0 173.0 81.0
33.69471059608075 33.6127206515906 108.5816999653706 158.0 160.0 65.0
33.69470869330838 34.06968917342389 108.58568834466556 133.0 136.0 57.0
33.694706790536 34.52665769525717 108.58967672396048 105.0 109.0 48.0
34.151705828532485 31.32787613965181 108.56219409735615 150.0 154.0 80.0
34.1517039257601 31.784844661485092 108.56618247665108 179.0 183.0 94.0
34.15170202298773 32.24181318331837 108.57017085594603 199.0 202.0 105.0
34.15170012021535 32.69878170515166 108.57415923524096 198.0 202.0 102.0
34.15169821744298 33.15575022698494 108.57814761453591 190.0 193.0 91.0
34.151696314670595 33.612718748818224 108.58213599383083 180.0 183.0 83.0
34.15169441189822 34.06968727065151 108.58612437312578 160.0 164.0 72.0
34.151692509125844 34.526655792484796 108.59011275242071 162.0 166.0 83.0
34.15169060635346 34.98362431431808 108.59410113171566 121.0 124.0 72.0
34.60869154712234 31.327874236879428 108.56263012581638 110.0 112.0 67.0
34.60868964434996 31.784842758712717 108.56661850511134 185.0 187.0 105.0
34.60868774157758 32.241811280545996 108.57060688440629 213.0 216.0 121.0
34.60868583880521 32.69877980237928 108.57459526370118 205.0 207.0 105.0
34.60868393603283 33.15574832421257 108.57858364299614 207.0 210.0 103.0
34.60868203326045 33.61271684604585 108.58257202229109 208.0 212.0 101.0
34.608680130488075 34.06968536787913 108.58656040158604 203.0 207.0 102.0
34.6086782277157 34.526653889712414 108.59054878088094 196.0 200.0 106.0
34.60867632494332 34.9836224115457 108.59453716017589 183.0 186.0 109.0
35.06567536293981 31.784840855940335 108.56705453357156 117.0 117.0 74.0
35.06567346016743 32.24180937777362 108.57104291286652 196.0 196.0 128.0
35.065671557395056 32.6987778996069 108.57503129216144 148.0 150.0 86.0
35.06566965462268 33.155746421440185 108.5790196714564 194.0 197.0 113.0
35.0656677518503 33.61271494327347 108.58300805075132 211.0 214.0 120.0
35.065665849077924 34.069683465106756 108.58699643004627 206.0 209.0 118.0
35.06566394630555 34.52665198694004 108.5909848093412 201.0 203.0 117.0
35.065662043533166 34.98362050877332 108.59497318863615 176.0 178.0 108.0
32.78030693598558 32.694799034173855 109.02981946367345 111.0 115.0 59.0
32.7803050332132 33.15176755600714 109.0338078429684 123.0 129.0 68.0
33.2372945573478 32.23782860956819 109.02626711283878 150.0 154.0 84.0
33.23729265457543 32.69479713140147 109.0302554921337 150.0 154.0 83.0
33.23729075180305 33.15176565323476 109.03424387142863 147.0 150.0 79.0
33.23728884903067 33.608734175068044 109.03823225072358 116.0 118.0 65.0
33.694282178710026 31.78085818496253 109.02271476200409 175.0 179.0 96.0
33.69428027593765 32.237826706795815 109.02670314129901 185.0 189.0 101.0
33.694278373165275 32.6947952286291 109.03069152059393 184.0 188.0 98.0
33.6942764703929 33.15176375046238 109.03467989988889 171.0 173.0 86.0
33.69427456762052 33.60873227229566 109.03866827918384 159.0 160.0 80.0
33.69427266484814 34.06570079412895 109.04265665847876 129.0 130.0 67.0
33.69427076207577 34.52266931596223 109.04664503777369 91.0 94.0 47.0
34.15126789729987 31.780856282190154 109.02315079046431 169.0 171.0 93.0
34.15126599452749 32.23782480402343 109.02713916975924 193.0 196.0 108.0
34.15126409175512 32.69479332585672 109.03112754905419 188.0 191.0 102.0
34.15126218898274 33.151761847690004 109.03511592834911 183.0 186.0 96.0
34.15126028621036 33.608730369523286 109.03910430764407 180.0 183.0 93.0
34.151258383437984 34.06569889135657 109.04309268693902 177.0 179.0 94.0
34.15125648066561 34.52266741318986 109.04708106623394 175.0 177.0 98.0
34.151254577893226 34.97963593502314 109.05106944552887 87.0 89.0 50.0
34.60825361588972 31.78085437941778 109.02358681892454 171.0 172.0 103.0
34.60825171311735 32.23782290125106 109.0275751982195 203.0 204.0 119.0
34.60824981034497 32.69479142308434 109.03156357751442 192.0 195.0 101.0
34.6082479075726 33.15175994491763 109.03555195680937 198.0 202.0 102.0
34.608246004800215 33.60872846675091 109.0395403361043 206.0 210.0 109.0
34.60824410202784 34.06569698858419 109.04352871539925 213.0 216.0 123.0
34.608242199255464 34.522665510417475 109.04751709469417 205.0 207.0 120.0
34.60824029648308 34.979634032250765 109.05150547398912 150.0 152.0 100.0
35.065237431707196 32.23782099847868 109.02801122667972 159.0 160.0 100.0
35.06523552893482 32.694789520311964 109.03199960597465 130.0 132.0 73.0
35.065233626162446 33.15175804214525 109.0359879852696 161.0 164.0 90.0
35.06523172339006 33.60872656397853 109.03997636456455 208.0 211.0 124.0
35.06522982061769 34.06569508581182 109.0439647438595 207.0 209.0 126.0
35.06522791784531 34.5226636076451 109.0479531231544 201.0 203.0 120.0
35.06522601507293 34.97963212947838 109.05194150244935 129.0 130.0 84.0
35.52221553920753 34.065693183039436 109.04440077231973 111.0 113.0 65.0
35.522213636435154 34.522661704872725 109.04838915161466 107.0 108.0 62.0
32.77986900475296 33.1477791767122 109.49077615678164 91.0 94.0 47.0
33.23685472334281 33.14777727393982 109.49121218524186 110.0 112.0 64.0
33.23685282057043 33.604745795773105 109.49520056453682 119.0 122.0 74.0
33.69384615024978 31.776869805667587 109.47968307581729 156.0 157.0 94.0
33.69384424747741 32.23383832750088 109.48367145511222 195.0 197.0 118.0
33.69384234470503 32.69080684933416 109.48765983440717 188.0 190.0 110.0
33.69384044193266 33.14777537116744 109.49164821370209 175.0 177.0 104.0
33.693838539160275 33.60474389300072 109.49563659299704 162.0 162.0 95.0
33.6938366363879 34.06171241483401 109.499624972292 114.0 113.0 63.0
34.150831868839624 31.776867902895212 109.48011910427755 152.0 152.0 90.0
34.15082996606725 32.233836424728494 109.48410748357244 193.0 194.0 116.0
34.150828063294874 32.690804946561784 109.4880958628674 196.0 199.0 115.0
34.1508261605225 33.147773468395066 109.49208424216235 203.0 206.0 121.0
34.150824257750116 33.60474199022835 109.4960726214573 196.0 199.0 115.0
34.15082235497774 34.06171051206163 109.50006100075223 182.0 184.0 106.0
34.150820452205366 34.51867903389492 109.50404938004715 162.0 164.0 89.0
34.60781758742948 31.776866000122837 109.48055513273778 113.0 112.0 74.0
34.607815684657105 32.23383452195612 109.4845435120327 178.0 179.0 108.0
34.60781378188473 32.6908030437894 109.48853189132765 197.0 199.0 115.0
34.607811879112354 33.14777156562269 109.49252027062258 208.0 211.0 122.0
34.60780997633997 33.60474008745597 109.49650864991753 215.0 218.0 127.0
34.6078080735676 34.061708609289255 109.50049702921248 210.0 212.0 125.0
34.60780617079522 34.51867713112254 109.5044854085074 188.0 190.0 115.0
35.06480140324695 32.233832619183744 109.48497954049293 87.0 87.0 51.0
35.06479950047458 32.690801141017026 109.48896791978788 161.0 162.0 93.0
35.0647975977022 33.14776966285031 109.49295629908283 202.0 204.0 121.0
35.06479569492982 33.60473818468359 109.49694467837776 215.0 216.0 130.0
35.064793792157445 34.06170670651688 109.50093305767271 211.0 212.0 129.0
35.06479188938507 34.51867522835016 109.50492143696763 157.0 158.0 93.0
35.52178141351966 33.604736281911215 109.49738070683802 113.0 114.0 69.0
35.52177951074729 34.0617048037445 109.50136908613294 95.0 96.0 54.0
33.693408219017165 32.22984994820594 109.94063976892542 115.0 116.0 73.0
33.69340251070003 33.600755513705785 109.95260490681028 102.0 102.0 63.0
34.15039393760701 32.229848045433556 109.94107579738568 145.0 145.0 92.0
34.15039203483463 32.686816567266845 109.94506417668063 170.0 171.0 110.0
34.150390132062256 33.14378508910013 109.94905255597556 194.0 195.0 125.0
34.15038822928988 33.60075361093341 109.95304093527051 191.0 194.0 117.0
34.150386326517506 34.05772213276669 109.95702931456546 169.0 171.0 102.0
34.15038442374513 34.51469065459998 109.96101769386038 98.0 101.0 53.0
34.60737965619686 32.22984614266118 109.94151182584591 144.0 145.0 95.0
34.60737775342449 32.68681466449446 109.94550020514086 182.0 184.0 117.0
34.60737585065211 33.14378318632775 109.94948858443581 203.0 205.0 131.0
34.60737394787973 33.600751708161035 109.95347696373076 213.0 215.0 134.0
34.607372045107354 34.05772022999432 109.95746534302569 207.0 209.0 128.0
34.60737014233498 34.5146887518276 109.96145372232061 125.0 128.0 76.0
35.06436156924196 33.14378128355537 109.94992461289604 95.0 95.0 59.0
35.06435966646958 33.60074980538865 109.953912992191 186.0 188.0 116.0
35.0643577636972 34.05771832722194 109.95790137148592 202.0 204.0 124.0
35.06435586092483 34.514686849055224 109.96188975078087 118.0 120.0 67.0
35.52134348228705 34.05771642444956 109.95833739994615 92.0 94.0 51.0
34.14995790914677 32.22585966613861 110.39804411119889 87.0 87.0 59.0
34.14995029805727 34.05373375347175 110.41399762837867 105.0 108.0 60.0
34.60693601664712 34.05373185069937 110.4144336568389 159.0 162.0 102.0
35.06392173523697 34.053729947926996 110.41486968529912 115.0 117.0 71.0
35.06391983246459 34.51069846976028 110.41885806459408 83.0 85.0 47.0
