5.946 -5.852 145.866 80.000 89.000 25.000
6.804 -6.283 145.925 70.000 80.000 25.000
6.344 -6.286 146.322 81.000 90.000 26.000
6.773 -6.286 146.353 90.000 97.000 31.000
6.773 -5.856 146.357 81.000 90.000 23.000
7.202 -5.856 146.388 84.000 95.000 27.000
7.201 -5.426 146.391 71.000 83.000 20.000
5.884 -6.289 146.720 73.000 86.000 19.000
6.313 -6.289 146.751 75.000 83.000 20.000
6.313 -5.859 146.754 82.000 88.000 18.000
6.742 -6.289 146.782 99.000 102.000 29.000
6.742 -5.859 146.785 94.000 101.000 25.000
6.742 -5.429 146.789 88.000 98.000 24.000
6.741 -5.000 146.792 83.000 92.000 25.000
6.741 -4.570 146.796 92.000 99.000 34.000
7.171 -6.719 146.810 81.000 92.000 23.000
7.171 -6.289 146.813 129.000 131.000 45.000
7.171 -5.859 146.817 90.000 99.000 24.000
7.170 -5.430 146.820 76.000 89.000 19.000
7.170 -5.000 146.823 83.000 95.000 22.000
7.170 -4.570 146.827 76.000 86.000 22.000
7.599 -6.290 146.844 129.000 133.000 47.000
7.599 -5.860 146.848 82.000 94.000 22.000
7.599 -5.430 146.851 72.000 85.000 19.000
7.599 -5.000 146.854 86.000 99.000 24.000
8.028 -6.290 146.875 85.000 93.000 30.000
5.425 -7.152 147.111 82.000 93.000 29.000
5.425 -6.722 147.114 104.000 112.000 38.000
5.424 -6.292 147.118 91.000 98.000 32.000
6.282 -6.293 147.180 70.000 81.000 19.000
6.282 -5.863 147.183 82.000 87.000 19.000
6.282 -5.433 147.187 73.000 84.000 19.000
6.711 -6.723 147.207 86.000 96.000 27.000
6.711 -6.293 147.211 99.000 103.000 28.000
6.711 -5.863 147.214 107.000 109.000 29.000
6.711 -5.433 147.218 103.000 111.000 30.000
6.710 -5.003 147.221 109.000 118.000 32.000
6.710 -4.573 147.224 117.000 125.000 39.000
6.710 -4.143 147.228 97.000 103.000 40.000
7.140 -6.723 147.239 111.000 118.000 35.000
7.140 -6.293 147.242 131.000 131.000 43.000
7.139 -5.863 147.245 119.000 123.000 36.000
7.139 -5.433 147.249 119.000 125.000 36.000
7.139 -5.003 147.252 124.000 131.000 38.000
7.139 -4.573 147.255 126.000 135.000 42.000
7.139 -4.143 147.259 112.000 118.000 43.000
7.569 -6.723 147.270 109.000 117.000 33.000
7.568 -6.293 147.273 134.000 136.000 44.000
7.568 -5.863 147.276 123.000 129.000 38.000
7.568 -5.433 147.280 113.000 121.000 33.000
7.568 -5.003 147.283 112.000 123.000 33.000
7.568 -4.573 147.286 125.000 133.000 42.000
7.568 -4.143 147.290 78.000 82.000 30.000
7.997 -7.153 147.297 70.000 80.000 20.000
7.997 -6.723 147.301 86.000 95.000 26.000
7.997 -6.293 147.304 143.000 148.000 57.000
7.997 -5.863 147.307 109.000 117.000 35.000
7.997 -5.433 147.311 84.000 90.000 26.000
7.997 -4.573 147.318 81.000 85.000 32.000
8.426 -7.153 147.328 75.000 86.000 23.000
8.426 -4.574 147.349 95.000 105.000 32.000
5.394 -7.155 147.540 102.000 111.000 39.000
5.393 -6.726 147.543 108.000 116.000 40.000
5.393 -5.866 147.550 74.000 81.000 24.000
6.251 -5.006 147.619 70.000 81.000 18.000
6.250 -4.576 147.622 93.000 103.000 27.000
6.680 -6.726 147.636 102.000 110.000 36.000
6.680 -6.296 147.640 94.000 102.000 29.000
6.680 -5.866 147.643 99.000 106.000 29.000
6.680 -5.436 147.646 102.000 109.000 30.000
6.679 -5.006 147.650 120.000 128.000 38.000
6.679 -4.576 147.653 137.000 144.000 48.000
6.679 -4.146 147.657 127.000 132.000 52.000
6.679 -3.717 147.660 82.000 86.000 39.000
7.109 -7.586 147.661 86.000 98.000 23.000
7.109 -7.156 147.664 81.000 92.000 24.000
7.109 -6.726 147.667 127.000 133.000 45.000
7.109 -6.296 147.671 126.000 132.000 41.000
7.108 -5.866 147.674 133.000 136.000 44.000
7.108 -5.436 147.677 131.000 136.000 43.000
7.108 -5.006 147.681 136.000 141.000 45.000
7.108 -4.577 147.684 143.000 149.000 50.000
7.108 -4.147 147.688 154.000 161.000 63.000
7.108 -3.717 147.691 113.000 117.000 54.000
7.538 -7.156 147.695 90.000 100.000 26.000
7.537 -6.726 147.698 130.000 136.000 44.000
7.537 -6.296 147.702 139.000 145.000 48.000
7.537 -5.866 147.705 132.000 138.000 40.000
7.537 -5.436 147.709 127.000 134.000 39.000
7.537 -5.007 147.712 126.000 133.000 41.000
7.537 -4.577 147.715 146.000 151.000 55.000
7.537 -4.147 147.719 146.000 152.000 57.000
7.537 -3.717 147.722 90.000 95.000 39.000
7.966 -7.156 147.726 80.000 91.000 23.000
7.966 -6.726 147.729 115.000 123.000 36.000
7.966 -6.296 147.733 153.000 158.000 61.000
7.966 -5.866 147.736 126.000 136.000 40.000
7.966 -5.437 147.740 118.000 126.000 36.000
7.966 -5.007 147.743 120.000 127.000 39.000
7.966 -4.577 147.746 139.000 145.000 52.000
7.966 -4.147 147.750 129.000 135.000 50.000
7.965 -3.717 147.753 85.000 89.000 36.000
8.395 -6.726 147.760 99.000 108.000 31.000
8.395 -6.297 147.764 105.000 107.000 47.000
8.395 -5.437 147.771 82.000 91.000 26.000
8.395 -5.007 147.774 100.000 109.000 33.000
8.394 -4.577 147.777 118.000 127.000 42.000
8.394 -4.147 147.781 78.000 84.000 27.000
8.824 -6.727 147.792 75.000 85.000 22.000
5.363 -7.159 147.969 82.000 91.000 28.000
5.362 -6.729 147.972 83.000 91.000 28.000
6.220 -6.729 148.034 71.000 81.000 25.000
6.220 -5.439 148.044 79.000 89.000 23.000
6.220 -5.010 148.048 89.000 98.000 26.000
6.219 -4.580 148.051 93.000 102.000 26.000
6.219 -4.150 148.054 74.000 81.000 24.000
6.649 -7.589 148.058 86.000 95.000 28.000
6.649 -7.159 148.062 98.000 106.000 37.000
6.649 -6.729 148.065 96.000 105.000 32.000
6.649 -6.299 148.068 108.000 115.000 36.000
6.649 -5.869 148.072 94.000 102.000 27.000
6.648 -5.440 148.075 107.000 114.000 32.000
6.648 -5.010 148.079 121.000 127.000 39.000
6.648 -4.580 148.082 133.000 139.000 44.000
6.648 -4.150 148.085 148.000 153.000 59.000
6.648 -3.720 148.089 133.000 138.000 62.000
7.078 -7.589 148.089 117.000 124.000 39.000
7.078 -7.159 148.093 106.000 112.000 37.000
7.078 -6.729 148.096 137.000 140.000 54.000
7.078 -6.300 148.099 142.000 145.000 53.000
7.077 -5.870 148.103 140.000 143.000 47.000
7.077 -5.440 148.106 127.000 134.000 39.000
7.077 -5.010 148.110 120.000 127.000 37.000
7.077 -4.580 148.113 135.000 142.000 44.000
7.077 -4.150 148.116 151.000 157.000 59.000
7.077 -3.720 148.120 164.000 169.000 78.000
7.507 -7.159 148.124 103.000 109.000 34.000
7.506 -6.730 148.127 131.000 136.000 44.000
7.506 -6.300 148.131 138.000 144.000 46.000
7.506 -5.870 148.134 131.000 138.000 39.000
7.506 -5.440 148.137 119.000 126.000 35.000
7.506 -5.010 148.141 118.000 126.000 35.000
7.506 -4.580 148.144 147.000 153.000 55.000
7.506 -4.150 148.147 152.000 159.000 61.000
7.506 -3.720 148.151 146.000 153.000 61.000
7.505 -3.290 148.154 96.000 98.000 46.000
7.935 -7.160 148.155 90.000 100.000 25.000
7.935 -6.730 148.158 128.000 134.000 40.000
7.935 -6.300 148.162 149.000 157.000 54.000
7.935 -5.870 148.165 141.000 151.000 45.000
7.935 -5.440 148.168 127.000 136.000 40.000
7.935 -5.010 148.172 122.000 130.000 38.000
7.935 -4.580 148.175 138.000 144.000 50.000
7.934 -4.150 148.178 149.000 155.000 60.000
7.934 -3.720 148.182 136.000 142.000 57.000
8.364 -6.730 148.189 126.000 132.000 42.000
8.364 -6.300 148.193 144.000 151.000 57.000
8.364 -5.870 148.196 100.000 107.000 35.000
8.364 -5.440 148.199 123.000 134.000 40.000
8.364 -5.010 148.203 137.000 147.000 50.000
8.363 -4.580 148.206 125.000 132.000 46.000
8.363 -4.150 148.210 117.000 124.000 39.000
8.363 -3.720 148.213 116.000 123.000 43.000
8.363 -3.291 148.216 83.000 86.000 33.000
8.793 -6.730 148.220 86.000 94.000 25.000
8.793 -6.300 148.224 134.000 139.000 56.000
8.792 -5.440 148.230 78.000 86.000 24.000
8.792 -5.010 148.234 106.000 117.000 35.000
8.792 -4.580 148.237 110.000 119.000 38.000
8.792 -4.150 148.241 84.000 92.000 26.000
9.650 -6.300 148.286 99.000 106.000 35.000
6.189 -7.592 148.456 76.000 83.000 29.000
6.189 -5.873 148.470 85.000 91.000 29.000
6.189 -5.443 148.473 107.000 110.000 38.000
6.188 -5.013 148.476 85.000 96.000 24.000
6.188 -4.583 148.480 90.000 98.000 27.000
6.618 -7.593 148.487 99.000 107.000 35.000
6.618 -6.733 148.494 87.000 96.000 28.000
6.618 -6.303 148.497 122.000 126.000 44.000
6.618 -5.873 148.501 125.000 127.000 44.000
6.617 -5.443 148.504 113.000 120.000 34.000
6.617 -5.013 148.507 114.000 123.000 34.000
6.617 -4.583 148.511 127.000 133.000 41.000
6.617 -4.153 148.514 143.000 149.000 58.000
6.617 -3.723 148.517 136.000 140.000 64.000
7.047 -7.593 148.518 112.000 121.000 35.000
7.047 -6.733 148.525 114.000 123.000 36.000
7.046 -6.303 148.528 148.000 147.000 57.000
7.046 -5.873 148.532 142.000 146.000 48.000
7.046 -5.443 148.535 125.000 132.000 36.000
7.046 -5.013 148.538 131.000 137.000 40.000
7.046 -4.583 148.542 151.000 156.000 55.000
7.046 -4.153 148.545 161.000 167.000 68.000
7.046 -3.723 148.549 176.000 182.000 87.000
7.046 -3.294 148.552 132.000 134.000 88.000
7.475 -7.163 148.553 108.000 115.000 34.000
7.475 -6.733 148.556 146.000 149.000 56.000
7.475 -6.303 148.559 152.000 153.000 56.000
7.475 -5.873 148.563 146.000 149.000 48.000
7.475 -5.443 148.566 139.000 144.000 45.000
7.475 -5.013 148.569 139.000 146.000 46.000
7.475 -4.583 148.573 157.000 163.000 61.000
7.475 -4.153 148.576 154.000 162.000 61.000
7.475 -3.724 148.580 140.000 144.000 66.000
7.904 -6.733 148.587 147.000 151.000 57.000
7.904 -6.303 148.590 163.000 165.000 67.000
7.904 -5.873 148.594 156.000 163.000 53.000
7.904 -5.443 148.597 132.000 140.000 38.000
7.904 -5.013 148.601 139.000 149.000 46.000
7.904 -4.584 148.604 146.000 152.000 52.000
7.903 -4.154 148.607 147.000 156.000 55.000
7.903 -3.724 148.611 131.000 138.000 53.000
8.333 -6.733 148.618 117.000 122.000 40.000
8.333 -6.303 148.621 166.000 173.000 67.000
8.333 -5.873 148.625 166.000 176.000 60.000
8.333 -5.443 148.628 149.000 158.000 49.000
8.332 -5.014 148.632 142.000 150.000 48.000
8.332 -4.584 148.635 139.000 147.000 49.000
8.332 -4.154 148.638 136.000 145.000 47.000
8.332 -3.724 148.642 136.000 144.000 51.000
8.332 -3.294 148.645 89.000 91.000 42.000
8.762 -6.733 148.649 115.000 120.000 41.000
8.762 -6.303 148.652 116.000 122.000 44.000
8.762 -5.873 148.656 74.000 80.000 23.000
8.761 -5.444 148.659 140.000 150.000 45.000
8.761 -5.014 148.663 146.000 152.000 53.000
8.761 -4.584 148.666 133.000 142.000 45.000
8.761 -4.154 148.669 129.000 138.000 44.000
8.761 -3.724 148.673 112.000 120.000 40.000
9.191 -6.733 148.680 79.000 84.000 27.000
9.190 -6.304 148.684 121.000 128.000 40.000
9.190 -5.874 148.687 68.000 82.000 14.000
9.190 -5.444 148.690 82.000 94.000 21.000
9.190 -5.014 148.694 121.000 130.000 40.000
9.190 -4.584 148.697 134.000 143.000 45.000
9.619 -6.304 148.715 72.000 81.000 21.000
9.619 -5.874 148.718 85.000 96.000 22.000
6.158 -5.876 148.898 82.000 87.000 28.000
6.158 -5.446 148.902 99.000 103.000 36.000
6.157 -5.016 148.905 79.000 85.000 25.000
6.587 -6.306 148.926 101.000 108.000 31.000
6.586 -5.876 148.929 116.000 120.000 38.000
6.586 -5.446 148.933 124.000 129.000 41.000
6.586 -5.016 148.936 125.000 131.000 41.000
6.586 -4.587 148.940 129.000 134.000 46.000
6.586 -4.157 148.943 150.000 155.000 66.000
6.586 -3.727 148.946 135.000 137.000 69.000
6.586 -3.297 148.950 81.000 84.000 46.000
7.016 -6.736 148.954 75.000 84.000 19.000
7.015 -6.306 148.957 138.000 141.000 47.000
7.015 -5.876 148.960 148.000 149.000 51.000
7.015 -5.446 148.964 154.000 155.000 55.000
7.015 -5.017 148.967 152.000 156.000 54.000
7.015 -4.587 148.971 158.000 161.000 63.000
7.015 -4.157 148.974 169.000 174.000 76.000
7.015 -3.727 148.977 182.000 187.000 92.000
7.015 -3.297 148.981 148.000 150.000 106.000
7.444 -6.736 148.985 138.000 143.000 48.000
7.444 -6.306 148.988 148.000 151.000 52.000
7.444 -5.876 148.991 153.000 154.000 52.000
7.444 -5.447 148.995 163.000 164.000 62.000
7.444 -5.017 148.998 159.000 160.000 59.000
7.444 -4.587 149.002 164.000 167.000 64.000
7.444 -4.157 149.005 174.000 179.000 77.000
7.443 -3.727 149.008 181.000 187.000 87.000
7.443 -3.297 149.012 116.000 118.000 76.000
7.873 -6.736 149.016 128.000 134.000 42.000
7.873 -6.307 149.019 150.000 155.000 49.000
7.873 -5.877 149.023 153.000 160.000 48.000
7.873 -5.447 149.026 158.000 163.000 55.000
7.873 -5.017 149.029 159.000 165.000 58.000
7.873 -4.587 149.033 160.000 164.000 63.000
7.872 -4.157 149.036 167.000 173.000 72.000
7.872 -3.727 149.039 171.000 176.000 79.000
7.872 -3.297 149.043 123.000 124.000 78.000
8.302 -6.737 149.047 128.000 133.000 52.000
8.302 -6.307 149.050 153.000 160.000 54.000
8.302 -5.877 149.054 165.000 174.000 55.000
8.302 -5.447 149.057 160.000 168.000 55.000
8.301 -5.017 149.060 161.000 166.000 59.000
8.301 -4.587 149.064 161.000 164.000 64.000
8.301 -4.157 149.067 159.000 165.000 64.000
8.301 -3.727 149.070 148.000 153.000 66.000
8.301 -3.297 149.074 98.000 100.000 53.000
8.731 -6.307 149.081 118.000 124.000 41.000
8.730 -5.877 149.085 138.000 147.000 40.000
8.730 -5.447 149.088 156.000 163.000 53.000
8.730 -5.017 149.091 165.000 168.000 65.000
8.730 -4.587 149.095 166.000 168.000 69.000
8.730 -4.157 149.098 158.000 162.000 65.000
8.730 -3.727 149.102 127.000 134.000 50.000
8.730 -3.297 149.105 76.000 81.000 30.000
9.160 -6.737 149.109 93.000 96.000 38.000
9.159 -6.307 149.112 127.000 132.000 44.000
9.159 -5.877 149.116 117.000 128.000 30.000
9.159 -5.447 149.119 132.000 141.000 39.000
9.159 -5.017 149.122 153.000 156.000 55.000
9.159 -4.587 149.126 174.000 175.000 78.000
9.159 -4.157 149.129 148.000 152.000 62.000
9.588 -6.307 149.143 69.000 80.000 19.000
9.588 -5.877 149.147 79.000 92.000 19.000
9.588 -5.447 149.150 105.000 114.000 30.000
9.588 -5.017 149.153 133.000 137.000 48.000
10.017 -6.307 149.174 79.000 87.000 25.000
10.017 -5.877 149.178 104.000 109.000 31.000
5.269 -6.309 149.262 91.000 99.000 32.000
6.127 -5.880 149.327 82.000 90.000 26.000
6.127 -5.450 149.331 96.000 100.000 35.000
6.126 -5.020 149.334 91.000 98.000 31.000
6.126 -4.590 149.337 88.000 97.000 29.000
6.556 -6.310 149.355 104.000 111.000 31.000
6.555 -5.880 149.358 115.000 119.000 36.000
6.555 -5.450 149.362 123.000 126.000 40.000
6.555 -5.020 149.365 120.000 127.000 37.000
6.555 -4.590 149.368 126.000 132.000 42.000
6.555 -4.160 149.372 135.000 142.000 54.000
6.555 -3.730 149.375 138.000 143.000 68.000
6.984 -6.740 149.382 83.000 92.000 22.000
6.984 -6.310 149.386 134.000 137.000 43.000
6.984 -5.880 149.389 145.000 145.000 48.000
6.984 -5.450 149.393 140.000 144.000 43.000
6.984 -5.020 149.396 147.000 154.000 47.000
6.984 -4.590 149.399 158.000 164.000 58.000
6.984 -4.160 149.403 168.000 174.000 75.000
6.984 -3.730 149.406 178.000 183.000 92.000
6.984 -3.300 149.409 146.000 149.000 92.000
7.413 -6.740 149.414 123.000 129.000 39.000
7.413 -6.310 149.417 148.000 149.000 49.000
7.413 -5.880 149.420 157.000 157.000 53.000
7.413 -5.450 149.424 161.000 162.000 57.000
7.413 -5.020 149.427 168.000 168.000 65.000
7.413 -4.590 149.430 178.000 179.000 75.000
7.413 -4.160 149.434 182.000 185.000 85.000
7.412 -3.730 149.437 193.000 197.000 101.000
7.412 -3.300 149.441 195.000 199.000 111.000
7.842 -6.740 149.445 135.000 141.000 50.000
7.842 -6.310 149.448 149.000 155.000 50.000
7.842 -5.880 149.451 156.000 161.000 47.000
7.842 -5.450 149.455 162.000 166.000 55.000
7.842 -5.020 149.458 165.000 167.000 61.000
7.841 -4.590 149.461 176.000 178.000 76.000
7.841 -4.160 149.465 182.000 186.000 86.000
7.841 -3.730 149.468 198.000 201.000 106.000
7.841 -3.301 149.472 171.000 172.000 109.000
8.271 -6.740 149.476 98.000 101.000 41.000
8.271 -6.310 149.479 146.000 155.000 48.000
8.271 -5.880 149.482 157.000 166.000 46.000
8.271 -5.450 149.486 158.000 165.000 51.000
8.270 -5.020 149.489 161.000 165.000 59.000
8.270 -4.590 149.493 169.000 171.000 71.000
8.270 -4.160 149.496 171.000 174.000 77.000
8.270 -3.731 149.499 181.000 185.000 91.000
8.270 -3.301 149.503 97.000 98.000 64.000
8.700 -6.310 149.510 141.000 148.000 48.000
8.699 -5.880 149.513 150.000 158.000 44.000
8.699 -5.450 149.517 156.000 162.000 52.000
8.699 -5.020 149.520 156.000 160.000 56.000
8.699 -4.591 149.524 164.000 166.000 68.000
8.699 -4.161 149.527 160.000 166.000 65.000
8.699 -3.731 149.530 155.000 162.000 66.000
8.699 -3.301 149.534 81.000 84.000 37.000
9.128 -6.310 149.541 121.000 125.000 43.000
9.128 -5.880 149.544 130.000 136.000 36.000
9.128 -5.450 149.548 141.000 147.000 44.000
9.128 -5.021 149.551 149.000 152.000 53.000
9.128 -4.591 149.555 179.000 180.000 83.000
9.128 -4.161 149.558 180.000 180.000 87.000
9.128 -3.731 149.561 143.000 150.000 58.000
9.557 -6.310 149.572 86.000 93.000 27.000
9.557 -5.880 149.576 102.000 106.000 30.000
9.557 -5.451 149.579 130.000 132.000 45.000
9.557 -5.021 149.582 146.000 147.000 57.000
9.557 -4.591 149.586 149.000 153.000 61.000
9.557 -4.161 149.589 125.000 132.000 44.000
9.986 -6.311 149.603 74.000 83.000 22.000
9.986 -5.881 149.607 91.000 97.000 27.000
9.986 -5.451 149.610 114.000 119.000 36.000
5.238 -6.742 149.687 83.000 88.000 34.000
5.667 -7.172 149.715 105.000 110.000 46.000
5.667 -6.743 149.718 73.000 82.000 27.000
6.096 -7.173 149.746 93.000 100.000 36.000
6.096 -5.883 149.756 79.000 87.000 30.000
6.095 -5.453 149.759 92.000 98.000 35.000
6.095 -5.023 149.763 88.000 94.000 33.000
6.525 -7.603 149.773 83.000 92.000 34.000
6.525 -7.173 149.777 79.000 88.000 28.000
6.525 -6.743 149.780 69.000 80.000 22.000
6.525 -6.313 149.784 79.000 90.000 24.000
6.524 -5.883 149.787 99.000 107.000 32.000
6.524 -5.453 149.790 113.000 119.000 38.000
6.524 -5.023 149.794 125.000 131.000 42.000
6.524 -4.593 149.797 125.000 132.000 41.000
6.524 -4.163 149.800 136.000 143.000 56.000
6.524 -3.733 149.804 107.000 114.000 47.000
6.953 -6.743 149.811 82.000 91.000 26.000
6.953 -6.313 149.815 112.000 119.000 35.000
6.953 -5.883 149.818 123.000 128.000 37.000
6.953 -5.453 149.821 136.000 141.000 43.000
6.953 -5.023 149.825 145.000 150.000 46.000
6.953 -4.593 149.828 158.000 164.000 56.000
6.953 -4.163 149.832 165.000 171.000 69.000
6.953 -3.734 149.835 171.000 176.000 84.000
6.952 -3.304 149.838 150.000 156.000 82.000
7.382 -6.743 149.842 104.000 112.000 37.000
7.382 -6.313 149.846 149.000 149.000 55.000
7.382 -5.883 149.849 155.000 156.000 55.000
7.382 -5.453 149.852 156.000 157.000 53.000
7.382 -5.023 149.856 165.000 167.000 59.000
7.382 -4.594 149.859 171.000 175.000 65.000
7.381 -4.164 149.863 178.000 184.000 79.000
7.381 -3.734 149.866 187.000 191.000 95.000
7.381 -3.304 149.869 181.000 185.000 102.000
7.811 -6.743 149.873 143.000 146.000 60.000
7.811 -6.313 149.877 148.000 152.000 53.000
7.811 -5.883 149.880 150.000 157.000 47.000
7.811 -5.453 149.883 160.000 165.000 55.000
7.811 -5.024 149.887 166.000 169.000 62.000
7.810 -4.594 149.890 172.000 175.000 70.000
7.810 -4.164 149.894 191.000 194.000 92.000
7.810 -3.734 149.897 202.000 205.000 111.000
7.810 -3.304 149.900 200.000 202.000 119.000
8.240 -6.743 149.904 149.000 153.000 67.000
8.240 -6.313 149.908 150.000 155.000 56.000
8.240 -5.883 149.911 158.000 165.000 51.000
8.239 -5.454 149.915 159.000 166.000 54.000
8.239 -5.024 149.918 163.000 167.000 62.000
8.239 -4.594 149.921 168.000 171.000 69.000
8.239 -4.164 149.925 177.000 181.000 81.000
8.239 -3.734 149.928 193.000 197.000 102.000
8.239 -3.304 149.931 159.000 160.000 108.000
8.669 -6.743 149.935 82.000 86.000 35.000
8.668 -6.314 149.939 155.000 157.000 64.000
8.668 -5.884 149.942 151.000 157.000 48.000
8.668 -5.454 149.946 151.000 156.000 50.000
8.668 -5.024 149.949 159.000 163.000 61.000
8.668 -4.594 149.952 165.000 168.000 68.000
8.668 -4.164 149.956 168.000 172.000 75.000
8.668 -3.734 149.959 171.000 177.000 82.000
8.668 -3.304 149.962 119.000 121.000 71.000
9.097 -6.314 149.970 107.000 112.000 37.000
9.097 -5.884 149.973 139.000 143.000 43.000
9.097 -5.454 149.977 149.000 152.000 51.000
9.097 -5.024 149.980 156.000 157.000 61.000
9.097 -4.594 149.983 177.000 178.000 82.000
9.097 -4.164 149.987 176.000 179.000 84.000
9.097 -3.734 149.990 156.000 161.000 71.000
9.096 -3.304 149.994 98.000 104.000 41.000
9.526 -6.314 150.001 87.000 94.000 29.000
9.526 -5.884 150.004 110.000 115.000 34.000
9.526 -5.454 150.008 131.000 135.000 45.000
9.526 -5.024 150.011 150.000 151.000 61.000
9.526 -4.594 150.014 173.000 173.000 85.000
9.525 -4.164 150.018 141.000 146.000 58.000
9.525 -3.734 150.021 103.000 111.000 35.000
9.955 -5.884 150.035 84.000 93.000 24.000
9.955 -5.454 150.039 101.000 109.000 31.000
9.955 -5.024 150.042 129.000 134.000 46.000
10.384 -6.744 150.060 104.000 111.000 40.000
5.636 -6.746 150.147 101.000 107.000 50.000
5.636 -6.316 150.150 73.000 83.000 33.000
6.065 -7.176 150.175 103.000 109.000 49.000
6.065 -6.746 150.178 73.000 82.000 31.000
6.064 -5.456 150.188 80.000 87.000 32.000
6.064 -5.026 150.191 82.000 89.000 33.000
6.494 -7.606 150.202 83.000 90.000 41.000
6.494 -7.176 150.206 86.000 93.000 38.000
6.494 -6.746 150.209 75.000 84.000 29.000
6.493 -6.316 150.212 72.000 82.000 26.000
6.493 -5.886 150.216 87.000 96.000 32.000
6.493 -5.456 150.219 102.000 109.000 36.000
6.493 -5.027 150.223 129.000 134.000 47.000
6.493 -4.597 150.226 116.000 123.000 38.000
6.493 -4.167 150.229 108.000 115.000 40.000
6.493 -3.737 150.233 83.000 88.000 35.000
6.922 -7.176 150.237 82.000 89.000 36.000
6.922 -6.746 150.240 84.000 92.000 31.000
6.922 -6.316 150.243 91.000 101.000 30.000
6.922 -5.887 150.247 102.000 112.000 30.000
6.922 -5.457 150.250 119.000 127.000 35.000
6.922 -5.027 150.254 137.000 143.000 41.000
6.922 -4.597 150.257 154.000 159.000 50.000
6.922 -4.167 150.260 161.000 166.000 65.000
6.922 -3.737 150.264 163.000 169.000 75.000
6.921 -3.307 150.267 130.000 136.000 69.000
7.351 -6.746 150.271 86.000 94.000 31.000
7.351 -6.317 150.274 134.000 138.000 50.000
7.351 -5.887 150.278 142.000 148.000 47.000
7.351 -5.457 150.281 155.000 160.000 53.000
7.351 -5.027 150.285 161.000 164.000 54.000
7.351 -4.597 150.288 162.000 166.000 53.000
7.350 -4.167 150.291 174.000 179.000 72.000
7.350 -3.737 150.295 184.000 188.000 92.000
7.350 -3.307 150.298 170.000 175.000 94.000
7.780 -6.747 150.302 130.000 136.000 53.000
7.780 -6.317 150.306 144.000 149.000 55.000
7.780 -5.887 150.309 149.000 156.000 48.000
7.780 -5.457 150.312 156.000 163.000 52.000
7.779 -5.027 150.316 165.000 170.000 59.000
7.779 -4.597 150.319 173.000 177.000 68.000
7.779 -4.167 150.322 183.000 187.000 85.000
7.779 -3.737 150.326 197.000 200.000 106.000
7.779 -3.307 150.329 202.000 204.000 121.000
8.209 -6.747 150.333 142.000 147.000 60.000
8.209 -6.317 150.337 147.000 152.000 55.000
8.209 -5.887 150.340 159.000 166.000 55.000
8.208 -5.457 150.343 166.000 172.000 63.000
8.208 -5.027 150.347 166.000 171.000 65.000
8.208 -4.597 150.350 171.000 175.000 71.000
8.208 -4.167 150.353 182.000 184.000 86.000
8.208 -3.737 150.357 203.000 204.000 113.000
8.208 -3.307 150.360 192.000 193.000 126.000
8.638 -6.747 150.364 144.000 148.000 64.000
8.637 -6.317 150.368 150.000 155.000 60.000
8.637 -5.887 150.371 155.000 161.000 54.000
8.637 -5.457 150.374 160.000 164.000 60.000
8.637 -5.027 150.378 166.000 169.000 68.000
8.637 -4.597 150.381 169.000 174.000 71.000
8.637 -4.167 150.385 175.000 177.000 82.000
8.637 -3.737 150.388 182.000 186.000 93.000
8.637 -3.308 150.391 143.000 145.000 95.000
9.066 -6.747 150.395 91.000 93.000 44.000
9.066 -6.317 150.399 106.000 112.000 40.000
9.066 -5.887 150.402 148.000 151.000 54.000
9.066 -5.457 150.405 154.000 156.000 59.000
9.066 -5.027 150.409 167.000 168.000 72.000
9.066 -4.597 150.412 172.000 176.000 77.000
9.066 -4.167 150.416 170.000 173.000 81.000
9.066 -3.738 150.419 164.000 168.000 79.000
9.065 -3.308 150.422 101.000 104.000 53.000
9.495 -5.887 150.433 117.000 122.000 39.000
9.495 -5.457 150.436 140.000 142.000 52.000
9.495 -5.027 150.440 149.000 150.000 62.000
9.495 -4.598 150.443 176.000 175.000 89.000
9.494 -4.168 150.447 157.000 160.000 74.000
9.494 -3.738 150.450 124.000 131.000 52.000
9.924 -5.887 150.464 84.000 94.000 26.000
9.924 -5.457 150.468 110.000 117.000 37.000
9.923 -5.028 150.471 125.000 130.000 45.000
9.923 -4.598 150.474 140.000 142.000 59.000
10.353 -6.747 150.488 79.000 88.000 29.000
10.353 -6.317 150.492 86.000 96.000 29.000
6.034 -6.749 150.607 84.000 91.000 40.000
6.034 -6.320 150.610 89.000 96.000 41.000
6.033 -5.890 150.613 75.000 84.000 32.000
6.033 -5.460 150.617 74.000 84.000 28.000
6.033 -5.030 150.620 77.000 86.000 27.000
6.463 -7.179 150.634 88.000 95.000 44.000
6.463 -6.750 150.638 95.000 101.000 45.000
6.462 -6.320 150.641 87.000 95.000 37.000
6.462 -5.890 150.645 91.000 99.000 36.000
6.462 -5.460 150.648 91.000 101.000 30.000
6.462 -5.030 150.651 97.000 107.000 30.000
6.462 -4.600 150.655 103.000 112.000 30.000
6.462 -4.170 150.658 83.000 91.000 27.000
6.891 -7.180 150.665 108.000 112.000 60.000
6.891 -6.750 150.669 113.000 117.000 56.000
6.891 -6.320 150.672 93.000 102.000 37.000
6.891 -5.890 150.676 106.000 113.000 38.000
6.891 -5.460 150.679 123.000 130.000 41.000
6.891 -5.030 150.682 123.000 131.000 35.000
6.891 -4.600 150.686 135.000 143.000 38.000
6.891 -4.170 150.689 156.000 162.000 60.000
6.890 -3.740 150.692 155.000 161.000 71.000
6.890 -3.310 150.696 125.000 129.000 67.000
7.320 -7.180 150.697 101.000 106.000 52.000
7.320 -6.750 150.700 96.000 103.000 40.000
7.320 -6.320 150.703 123.000 129.000 50.000
7.320 -5.890 150.707 133.000 140.000 49.000
7.320 -5.460 150.710 136.000 143.000 44.000
7.320 -5.030 150.713 152.000 157.000 51.000
7.320 -4.600 150.717 168.000 171.000 60.000
7.319 -4.170 150.720 170.000 174.000 71.000
7.319 -3.740 150.724 170.000 176.000 80.000
7.319 -3.311 150.727 159.000 163.000 85.000
7.749 -7.180 150.728 73.000 80.000 33.000
7.749 -6.750 150.731 124.000 129.000 56.000
7.749 -6.320 150.734 144.000 149.000 62.000
7.749 -5.890 150.738 151.000 156.000 59.000
7.749 -5.460 150.741 157.000 162.000 59.000
7.748 -5.030 150.744 160.000 165.000 58.000
7.748 -4.600 150.748 171.000 174.000 67.000
7.748 -4.170 150.751 175.000 178.000 78.000
7.748 -3.741 150.755 192.000 194.000 102.000
7.748 -3.311 150.758 199.000 201.000 119.000
8.178 -6.750 150.762 134.000 140.000 58.000
8.178 -6.320 150.765 144.000 150.000 55.000
8.177 -5.890 150.769 155.000 160.000 58.000
8.177 -5.460 150.772 163.000 168.000 64.000
8.177 -5.030 150.775 167.000 171.000 67.000
8.177 -4.601 150.779 167.000 171.000 68.000
8.177 -4.171 150.782 183.000 185.000 88.000
8.177 -3.741 150.786 202.000 204.000 113.000
8.177 -3.311 150.789 211.000 212.000 130.000
8.607 -6.750 150.793 135.000 141.000 56.000
8.606 -6.320 150.796 141.000 148.000 53.000
8.606 -5.890 150.800 153.000 158.000 56.000
8.606 -5.460 150.803 158.000 161.000 62.000
8.606 -5.031 150.807 164.000 168.000 67.000
8.606 -4.601 150.810 169.000 173.000 73.000
8.606 -4.171 150.813 181.000 184.000 87.000
8.606 -3.741 150.817 197.000 200.000 107.000
8.606 -3.311 150.820 202.000 202.000 121.000
9.035 -6.750 150.824 109.000 110.000 54.000
9.035 -6.320 150.827 140.000 144.000 61.000
9.035 -5.890 150.831 153.000 155.000 59.000
9.035 -5.461 150.834 161.000 162.000 67.000
9.035 -5.031 150.838 172.000 174.000 78.000
9.035 -4.601 150.841 171.000 176.000 78.000
9.035 -4.171 150.844 170.000 175.000 81.000
9.034 -3.741 150.848 171.000 175.000 88.000
9.034 -3.311 150.851 106.000 107.000 68.000
9.464 -6.750 150.855 94.000 97.000 42.000
9.464 -6.321 150.859 91.000 96.000 35.000
9.464 -5.891 150.862 143.000 145.000 56.000
9.464 -5.461 150.865 147.000 148.000 58.000
9.464 -5.031 150.869 144.000 147.000 56.000
9.464 -4.601 150.872 159.000 162.000 72.000
9.463 -4.171 150.875 153.000 158.000 71.000
9.463 -3.741 150.879 117.000 123.000 47.000
9.893 -6.321 150.890 87.000 95.000 31.000
9.893 -5.891 150.893 104.000 111.000 35.000
9.893 -5.461 150.896 124.000 130.000 45.000
9.892 -5.031 150.900 131.000 137.000 49.000
9.892 -4.601 150.903 147.000 151.000 63.000
10.322 -6.321 150.921 74.000 86.000 24.000
10.321 -5.891 150.924 96.000 106.000 32.000
6.002 -5.033 151.049 96.000 105.000 32.000
6.431 -6.323 151.070 84.000 90.000 37.000
6.431 -5.893 151.073 101.000 108.000 42.000
6.431 -5.463 151.077 116.000 123.000 44.000
6.431 -5.033 151.080 108.000 117.000 33.000
6.431 -4.603 151.083 104.000 115.000 28.000
6.431 -4.174 151.087 80.000 89.000 25.000
6.860 -7.183 151.094 111.000 112.000 65.000
6.860 -6.753 151.098 126.000 123.000 76.000
6.860 -6.323 151.101 76.000 84.000 34.000
6.860 -5.893 151.104 111.000 117.000 50.000
6.860 -5.463 151.108 131.000 136.000 53.000
6.860 -5.033 151.111 134.000 141.000 45.000
6.860 -4.604 151.115 134.000 142.000 37.000
6.860 -4.174 151.118 137.000 144.000 47.000
6.859 -3.744 151.121 150.000 155.000 68.000
6.859 -3.314 151.125 112.000 114.000 59.000
7.289 -7.613 151.122 96.000 100.000 58.000
7.289 -7.183 151.125 128.000 125.000 81.000
7.289 -6.753 151.129 131.000 129.000 77.000
7.289 -6.323 151.132 134.000 134.000 71.000
7.289 -5.893 151.135 126.000 133.000 59.000
7.289 -5.463 151.139 135.000 142.000 55.000
7.289 -5.034 151.142 153.000 158.000 58.000
7.288 -4.604 151.146 159.000 164.000 53.000
7.288 -4.174 151.149 158.000 165.000 60.000
7.288 -3.744 151.152 167.000 173.000 78.000
7.288 -3.314 151.156 166.000 168.000 93.000
7.718 -7.183 151.156 94.000 99.000 48.000
7.718 -6.753 151.160 125.000 130.000 61.000
7.718 -6.323 151.163 142.000 148.000 68.000
7.718 -5.894 151.166 147.000 149.000 69.000
7.718 -5.464 151.170 159.000 162.000 71.000
7.717 -5.034 151.173 160.000 164.000 62.000
7.717 -4.604 151.177 167.000 170.000 63.000
7.717 -4.174 151.180 182.000 185.000 84.000
7.717 -3.744 151.183 190.000 193.000 100.000
7.717 -3.314 151.187 190.000 192.000 109.000
8.147 -6.753 151.191 125.000 131.000 53.000
8.147 -6.324 151.194 137.000 145.000 56.000
8.146 -5.894 151.198 152.000 155.000 65.000
8.146 -5.464 151.201 161.000 163.000 68.000
8.146 -5.034 151.204 165.000 167.000 70.000
8.146 -4.604 151.208 172.000 173.000 74.000
8.146 -4.174 151.211 191.000 193.000 97.000
8.146 -3.744 151.214 208.000 209.000 119.000
8.146 -3.314 151.218 210.000 211.000 126.000
8.146 -2.884 151.221 122.000 124.000 91.000
8.575 -6.754 151.222 134.000 140.000 60.000
8.575 -6.324 151.225 135.000 141.000 53.000
8.575 -5.894 151.229 147.000 149.000 58.000
8.575 -5.464 151.232 164.000 164.000 73.000
8.575 -5.034 151.235 169.000 170.000 78.000
8.575 -4.604 151.239 174.000 175.000 82.000
8.575 -4.174 151.242 192.000 194.000 98.000
8.575 -3.744 151.245 204.000 206.000 114.000
8.574 -3.314 151.249 213.000 214.000 129.000
9.004 -6.754 151.253 138.000 142.000 64.000
9.004 -6.324 151.256 145.000 148.000 63.000
9.004 -5.894 151.260 147.000 150.000 57.000
9.004 -5.464 151.263 150.000 152.000 61.000
9.004 -5.034 151.266 161.000 161.000 72.000
9.004 -4.604 151.270 162.000 166.000 73.000
9.004 -4.174 151.273 174.000 178.000 84.000
9.003 -3.744 151.277 185.000 188.000 97.000
9.003 -3.314 151.280 119.000 120.000 83.000
9.433 -6.754 151.284 103.000 106.000 49.000
9.433 -6.324 151.287 117.000 121.000 50.000
9.433 -5.894 151.291 148.000 146.000 61.000
9.433 -5.464 151.294 153.000 153.000 66.000
9.433 -5.034 151.297 151.000 154.000 65.000
9.432 -4.604 151.301 159.000 166.000 73.000
9.432 -4.174 151.304 161.000 167.000 76.000
9.432 -3.744 151.308 120.000 128.000 49.000
9.862 -6.324 151.318 111.000 116.000 45.000
9.862 -5.894 151.322 132.000 133.000 52.000
9.861 -5.464 151.325 133.000 137.000 51.000
9.861 -5.034 151.328 144.000 148.000 61.000
9.861 -4.604 151.332 149.000 155.000 66.000
9.861 -4.174 151.335 132.000 141.000 54.000
10.291 -6.324 151.349 96.000 105.000 37.000
10.290 -5.894 151.353 109.000 116.000 42.000
10.290 -5.464 151.356 108.000 115.000 40.000
6.400 -5.467 151.505 89.000 102.000 29.000
6.400 -5.037 151.509 82.000 95.000 22.000
6.400 -4.607 151.512 89.000 103.000 21.000
6.829 -6.327 151.530 92.000 93.000 51.000
6.829 -5.897 151.533 101.000 107.000 52.000
6.829 -5.467 151.537 108.000 117.000 44.000
6.829 -5.037 151.540 104.000 114.000 31.000
6.829 -4.607 151.543 109.000 121.000 27.000
6.828 -4.177 151.547 113.000 122.000 35.000
6.828 -3.747 151.550 125.000 131.000 53.000
7.258 -7.616 151.551 75.000 82.000 40.000
7.258 -7.186 151.554 92.000 96.000 50.000
7.258 -6.757 151.557 111.000 112.000 67.000
7.258 -6.327 151.561 114.000 118.000 64.000
7.258 -5.897 151.564 141.000 142.000 88.000
7.258 -5.467 151.568 141.000 144.000 71.000
7.258 -5.037 151.571 152.000 155.000 64.000
7.257 -4.607 151.574 115.000 120.000 38.000
7.257 -4.177 151.578 157.000 163.000 63.000
7.257 -3.747 151.581 178.000 180.000 90.000
7.257 -3.317 151.584 172.000 172.000 101.000
7.687 -7.187 151.585 124.000 124.000 73.000
7.687 -6.757 151.588 120.000 122.000 65.000
7.687 -6.327 151.592 136.000 137.000 74.000
7.687 -5.897 151.595 146.000 149.000 80.000
7.686 -5.467 151.599 151.000 155.000 71.000
7.686 -5.037 151.602 154.000 160.000 62.000
7.686 -4.607 151.605 161.000 167.000 61.000
7.686 -4.177 151.609 184.000 189.000 84.000
7.686 -3.747 151.612 188.000 193.000 93.000
7.686 -3.317 151.616 193.000 195.000 108.000
8.116 -6.757 151.620 110.000 113.000 54.000
8.116 -6.327 151.623 142.000 146.000 71.000
8.115 -5.897 151.626 147.000 153.000 68.000
8.115 -5.467 151.630 153.000 159.000 66.000
8.115 -5.037 151.633 169.000 171.000 76.000
8.115 -4.607 151.636 187.000 189.000 88.000
8.115 -4.177 151.640 200.000 203.000 100.000
8.115 -3.747 151.643 203.000 207.000 107.000
8.115 -3.318 151.647 203.000 207.000 111.000
8.115 -2.888 151.650 114.000 116.000 78.000
8.544 -6.757 151.651 91.000 93.000 45.000
8.544 -6.327 151.654 143.000 149.000 63.000
8.544 -5.897 151.657 145.000 149.000 63.000
8.544 -5.467 151.661 157.000 159.000 71.000
8.544 -5.037 151.664 170.000 172.000 79.000
8.544 -4.607 151.667 191.000 192.000 97.000
8.544 -4.177 151.671 209.000 210.000 115.000
8.544 -3.748 151.674 215.000 216.000 124.000
8.543 -3.318 151.678 218.000 218.000 130.000
8.973 -6.757 151.682 87.000 89.000 43.000
8.973 -6.327 151.685 121.000 129.000 50.000
8.973 -5.897 151.688 143.000 145.000 58.000
8.973 -5.467 151.692 151.000 153.000 66.000
8.973 -5.037 151.695 174.000 175.000 85.000
8.973 -4.608 151.699 199.000 198.000 110.000
8.972 -4.178 151.702 193.000 195.000 100.000
8.972 -3.748 151.705 198.000 200.000 107.000
8.972 -3.318 151.709 155.000 155.000 103.000
9.402 -6.757 151.713 104.000 107.000 49.000
9.402 -6.327 151.716 143.000 145.000 62.000
9.402 -5.897 151.719 147.000 145.000 63.000
9.402 -5.467 151.723 154.000 153.000 71.000
9.402 -5.038 151.726 155.000 158.000 72.000
9.401 -4.608 151.730 129.000 132.000 66.000
9.401 -4.178 151.733 159.000 164.000 77.000
9.401 -3.748 151.736 131.000 135.000 61.000
9.831 -6.757 151.744 90.000 94.000 40.000
9.831 -6.327 151.747 124.000 128.000 52.000
9.831 -5.897 151.751 142.000 142.000 63.000
9.830 -5.468 151.754 144.000 144.000 66.000
9.830 -5.038 151.757 134.000 139.000 57.000
9.830 -4.608 151.761 85.000 88.000 41.000
9.830 -4.178 151.764 110.000 116.000 47.000
9.830 -3.748 151.767 85.000 96.000 28.000
10.259 -6.328 151.778 81.000 87.000 34.000
10.259 -5.898 151.782 108.000 113.000 47.000
10.259 -5.468 151.785 113.000 117.000 51.000
10.259 -5.038 151.788 128.000 132.000 61.000
6.798 -5.470 151.965 117.000 124.000 46.000
6.798 -5.040 151.969 129.000 137.000 44.000
6.798 -4.610 151.972 114.000 127.000 29.000
6.797 -4.180 151.975 90.000 98.000 27.000
7.227 -6.330 151.990 101.000 109.000 50.000
7.227 -5.900 151.993 124.000 128.000 64.000
7.227 -5.470 151.996 139.000 143.000 65.000
7.226 -5.040 152.000 140.000 149.000 51.000
7.226 -4.610 152.003 140.000 148.000 45.000
7.226 -4.181 152.006 151.000 157.000 60.000
7.226 -3.751 152.010 158.000 161.000 75.000
7.226 -3.321 152.013 123.000 126.000 62.000
7.656 -7.190 152.014 86.000 94.000 40.000
7.656 -6.760 152.017 117.000 123.000 61.000
7.656 -6.330 152.021 118.000 123.000 56.000
7.656 -5.900 152.024 134.000 138.000 65.000
7.655 -5.470 152.027 144.000 149.000 64.000
7.655 -5.040 152.031 158.000 165.000 67.000
7.655 -4.611 152.034 164.000 171.000 64.000
7.655 -4.181 152.038 182.000 185.000 86.000
7.655 -3.751 152.041 190.000 193.000 96.000
7.655 -3.321 152.044 187.000 190.000 99.000
8.085 -6.760 152.048 124.000 127.000 66.000
8.084 -6.330 152.052 151.000 152.000 81.000
8.084 -5.900 152.055 159.000 161.000 84.000
8.084 -5.470 152.058 153.000 156.000 68.000
8.084 -5.041 152.062 168.000 171.000 75.000
8.084 -4.611 152.065 189.000 191.000 90.000
8.084 -4.181 152.069 203.000 204.000 106.000
8.084 -3.751 152.072 205.000 207.000 109.000
8.084 -3.321 152.075 204.000 206.000 112.000
8.513 -6.760 152.079 115.000 116.000 66.000
8.513 -6.330 152.083 154.000 156.000 80.000
8.513 -5.901 152.086 152.000 153.000 71.000
8.513 -5.471 152.090 157.000 158.000 72.000
8.513 -5.041 152.093 173.000 175.000 83.000
8.513 -4.611 152.096 201.000 202.000 108.000
8.513 -4.181 152.100 209.000 209.000 116.000
8.513 -3.751 152.103 215.000 215.000 122.000
8.512 -3.321 152.106 214.000 215.000 126.000
8.942 -6.760 152.110 136.000 141.000 67.000
8.942 -6.331 152.114 135.000 142.000 56.000
8.942 -5.901 152.117 139.000 147.000 55.000
8.942 -5.471 152.121 145.000 152.000 59.000
8.942 -5.041 152.124 135.000 141.000 61.000
8.942 -4.611 152.127 175.000 176.000 90.000
8.941 -4.181 152.131 205.000 204.000 121.000
8.941 -3.751 152.134 214.000 213.000 131.000
8.941 -3.321 152.137 164.000 164.000 114.000
9.371 -6.761 152.141 136.000 141.000 67.000
9.371 -6.331 152.145 138.000 144.000 57.000
9.371 -5.901 152.148 146.000 150.000 61.000
9.371 -5.471 152.152 152.000 156.000 69.000
9.370 -5.041 152.155 162.000 166.000 79.000
9.370 -4.611 152.158 188.000 188.000 107.000
9.370 -4.181 152.162 194.000 194.000 114.000
9.370 -3.751 152.165 174.000 175.000 99.000
9.370 -3.321 152.169 78.000 80.000 47.000
9.800 -6.761 152.173 104.000 110.000 44.000
9.800 -6.331 152.176 129.000 134.000 55.000
9.800 -5.901 152.179 146.000 147.000 65.000
9.799 -5.471 152.183 158.000 161.000 78.000
9.799 -5.041 152.186 166.000 169.000 88.000
9.799 -4.611 152.189 161.000 163.000 87.000
9.799 -4.181 152.193 125.000 129.000 62.000
9.799 -3.751 152.196 109.000 115.000 47.000
10.228 -6.331 152.207 99.000 103.000 48.000
10.228 -5.901 152.210 138.000 140.000 65.000
10.228 -5.471 152.214 137.000 141.000 63.000
10.228 -5.041 152.217 120.000 124.000 55.000
6.766 -4.184 152.404 121.000 128.000 42.000
7.196 -5.474 152.425 125.000 131.000 48.000
7.195 -5.044 152.429 138.000 144.000 50.000
7.195 -4.614 152.432 143.000 152.000 45.000
7.195 -4.184 152.435 117.000 125.000 39.000
7.625 -6.334 152.449 96.000 104.000 40.000
7.624 -5.904 152.453 136.000 141.000 61.000
7.624 -5.474 152.456 145.000 151.000 62.000
7.624 -5.044 152.460 153.000 160.000 60.000
7.624 -4.614 152.463 157.000 164.000 58.000
7.624 -4.184 152.466 173.000 176.000 77.000
7.624 -3.754 152.470 184.000 188.000 90.000
7.624 -3.324 152.473 119.000 121.000 57.000
8.054 -6.764 152.477 96.000 100.000 45.000
8.053 -6.334 152.480 109.000 111.000 48.000
8.053 -5.904 152.484 161.000 160.000 86.000
8.053 -5.474 152.487 168.000 168.000 83.000
8.053 -5.044 152.491 169.000 172.000 78.000
8.053 -4.614 152.494 187.000 189.000 90.000
8.053 -4.184 152.497 194.000 197.000 96.000
8.053 -3.754 152.501 200.000 203.000 102.000
8.053 -3.324 152.504 198.000 200.000 104.000
8.482 -6.334 152.512 142.000 141.000 82.000
8.482 -5.904 152.515 187.000 185.000 111.000
8.482 -5.474 152.518 186.000 186.000 102.000
8.482 -5.044 152.522 186.000 187.000 97.000
8.482 -4.614 152.525 198.000 199.000 108.000
8.482 -4.184 152.528 203.000 203.000 109.000
8.481 -3.754 152.532 207.000 208.000 111.000
8.481 -3.324 152.535 211.000 211.000 122.000
8.911 -6.334 152.543 142.000 145.000 74.000
8.911 -5.904 152.546 155.000 157.000 75.000
8.911 -5.474 152.549 169.000 170.000 87.000
8.911 -5.044 152.553 177.000 177.000 94.000
8.911 -4.614 152.556 182.000 184.000 97.000
8.910 -4.184 152.559 204.000 204.000 121.000
8.910 -3.754 152.563 216.000 215.000 135.000
8.910 -3.325 152.566 152.000 153.000 120.000
9.340 -6.334 152.574 126.000 132.000 55.000
9.340 -5.904 152.577 149.000 153.000 66.000
9.340 -5.474 152.580 156.000 160.000 75.000
9.339 -5.044 152.584 174.000 178.000 91.000
9.339 -4.614 152.587 189.000 191.000 110.000
9.339 -4.184 152.591 195.000 196.000 117.000
9.339 -3.755 152.594 178.000 178.000 106.000
9.769 -6.334 152.605 80.000 84.000 35.000
9.768 -5.904 152.608 149.000 153.000 67.000
9.768 -5.474 152.611 175.000 175.000 94.000
9.768 -5.044 152.615 178.000 181.000 99.000
9.768 -4.615 152.618 171.000 172.000 100.000
9.768 -4.185 152.622 107.000 110.000 56.000
9.768 -3.755 152.625 100.000 106.000 42.000
10.197 -5.904 152.639 139.000 143.000 67.000
10.197 -5.474 152.643 145.000 146.000 84.000
10.197 -5.045 152.646 107.000 107.000 64.000
10.197 -4.185 152.653 84.000 90.000 34.000
7.164 -4.617 152.861 148.000 157.000 48.000
7.164 -4.187 152.864 85.000 94.000 25.000
7.593 -5.477 152.885 156.000 162.000 68.000
7.593 -5.047 152.888 163.000 168.000 68.000
7.593 -4.617 152.892 118.000 124.000 41.000
7.593 -4.187 152.895 87.000 94.000 26.000
8.022 -6.337 152.909 84.000 89.000 34.000
8.022 -5.907 152.913 162.000 163.000 85.000
8.022 -5.477 152.916 168.000 170.000 84.000
8.022 -5.047 152.919 169.000 173.000 78.000
8.022 -4.617 152.923 163.000 165.000 74.000
8.022 -4.188 152.926 179.000 180.000 82.000
8.022 -3.758 152.930 183.000 185.000 87.000
8.021 -3.328 152.933 85.000 85.000 30.000
8.451 -6.767 152.937 72.000 80.000 29.000
8.451 -6.337 152.940 99.000 102.000 43.000
8.451 -5.907 152.944 186.000 183.000 113.000
8.451 -5.477 152.947 191.000 189.000 111.000
8.451 -5.047 152.950 188.000 188.000 102.000
8.451 -4.618 152.954 194.000 194.000 105.000
8.451 -4.188 152.957 199.000 199.000 107.000
8.450 -3.758 152.961 202.000 202.000 111.000
8.450 -3.328 152.964 142.000 143.000 104.000
8.880 -5.907 152.975 203.000 200.000 128.000
8.880 -5.477 152.978 203.000 201.000 125.000
8.880 -5.048 152.982 202.000 202.000 121.000
8.879 -4.618 152.985 198.000 199.000 114.000
8.879 -4.188 152.988 207.000 206.000 126.000
8.879 -3.758 152.992 215.000 215.000 151.000
9.309 -5.908 153.006 181.000 182.000 95.000
9.309 -5.478 153.009 183.000 185.000 101.000
9.308 -5.048 153.013 193.000 194.000 114.000
9.308 -4.618 153.016 199.000 199.000 126.000
9.308 -4.188 153.019 198.000 197.000 126.000
9.308 -3.758 153.023 123.000 124.000 78.000
9.737 -5.908 153.037 162.000 167.000 79.000
9.737 -5.478 153.040 178.000 180.000 96.000
9.737 -5.048 153.044 197.000 197.000 121.000
9.737 -4.618 153.047 193.000 192.000 122.000
9.737 -4.188 153.050 143.000 147.000 80.000
9.737 -3.758 153.054 88.000 92.000 39.000
10.166 -5.908 153.068 118.000 123.000 57.000
10.166 -5.478 153.071 127.000 127.000 73.000
10.166 -5.048 153.075 103.000 103.000 69.000
10.166 -3.758 153.085 89.000 98.000 33.000
7.562 -4.621 153.321 92.000 95.000 36.000
7.991 -5.481 153.345 152.000 157.000 70.000
7.991 -5.051 153.348 152.000 156.000 66.000
7.991 -4.621 153.352 85.000 88.000 35.000
8.420 -5.911 153.372 77.000 83.000 29.000
8.420 -5.481 153.376 85.000 89.000 35.000
8.420 -5.051 153.379 99.000 105.000 36.000
8.420 -4.621 153.383 152.000 156.000 71.000
8.419 -4.191 153.386 164.000 165.000 81.000
8.419 -3.761 153.389 81.000 82.000 40.000
8.849 -5.911 153.404 83.000 86.000 40.000
8.849 -5.481 153.407 131.000 132.000 75.000
8.849 -5.051 153.410 185.000 186.000 104.000
8.848 -4.621 153.414 190.000 191.000 108.000
8.848 -4.191 153.417 201.000 200.000 125.000
8.848 -3.761 153.420 159.000 159.000 123.000
9.277 -5.481 153.438 178.000 178.000 103.000
9.277 -5.051 153.441 200.000 199.000 126.000
9.277 -4.621 153.445 208.000 205.000 143.000
9.277 -4.191 153.448 183.000 184.000 141.000
9.706 -5.481 153.469 192.000 192.000 115.000
9.706 -5.051 153.472 206.000 204.000 137.000
9.706 -4.621 153.476 210.000 207.000 147.000
9.706 -4.191 153.479 89.000 92.000 50.000
10.135 -5.481 153.500 150.000 150.000 88.000
10.135 -5.051 153.503 167.000 167.000 111.000
10.135 -4.621 153.507 111.000 113.000 57.000
10.134 -3.332 153.517 87.000 95.000 32.000
7.960 -4.624 153.780 80.000 85.000 30.000
8.817 -4.624 153.842 106.000 116.000 43.000
8.817 -4.195 153.846 94.000 98.000 46.000
9.246 -5.054 153.870 149.000 152.000 83.000
9.246 -4.625 153.874 177.000 178.000 120.000
9.675 -5.484 153.898 177.000 177.000 108.000
9.675 -5.055 153.901 201.000 199.000 135.000
9.675 -4.625 153.905 192.000 192.000 141.000
10.104 -5.485 153.929 125.000 126.000 92.000
10.104 -5.055 153.932 163.000 162.000 96.000
10.104 -4.625 153.936 103.000 105.000 54.000
10.532 -4.195 153.970 101.000 111.000 38.000
10.501 -4.198 154.399 75.000 81.000 27.000
10.501 -3.768 154.402 99.000 104.000 38.000
10.470 -3.772 154.831 76.000 81.000 28.000
10.470 -3.342 154.834 94.000 98.000 38.000
