32.743716698000576 23.677373258566536 147.33937861738022 85.0 84.0 39.0
33.2007043193628 23.22040283396088 147.33582626654552 94.0 98.0 52.0
33.200702416590424 23.67737135579416 147.33981464584045 128.0 133.0 69.0
34.11467195099774 24.134336072082693 147.3446750820559 78.0 85.0 48.0
31.829309232360643 23.673388684816356 147.79547487427294 91.0 91.0 39.0
31.829307329588268 24.130357206649638 147.7994632535679 87.0 88.0 33.0
32.28629685372287 23.21641826021069 147.79192252343827 112.0 115.0 54.0
32.28629495095049 23.673386782043977 147.7959109027332 192.0 196.0 106.0
32.286293048178116 24.130355303877263 147.79989928202815 137.0 140.0 67.0
32.286291145405734 24.587323825710545 147.80388766132307 105.0 110.0 39.0
32.74328447508509 22.75944783560503 147.78837017260358 97.0 103.0 36.0
32.74328257231271 23.216416357438316 147.7923585518985 151.0 157.0 68.0
32.74328066954033 23.673384879271598 147.79634693119343 192.0 197.0 100.0
32.74327876676796 24.130353401104884 147.80033531048838 150.0 155.0 74.0
32.74327686399558 24.587321922938166 147.80432368978333 117.0 122.0 53.0
33.200272096447314 22.30247741099937 147.78481782176885 76.0 89.0 32.0
33.20027019367494 22.759445932832655 147.7888062010638 86.0 99.0 35.0
33.20026829090256 23.216414454665937 147.79279458035876 108.0 116.0 50.0
33.20026638813018 23.673382976499223 147.79678295965368 161.0 167.0 79.0
33.200264485357806 24.130351498332505 147.8007713389486 141.0 146.0 67.0
33.200262582585424 24.58732002016579 147.80475971824356 90.0 92.0 43.0
33.657254009492405 23.216412551893562 147.793230608819 81.0 94.0 31.0
33.65725210672003 23.673381073726844 147.7972189881139 113.0 121.0 54.0
33.657250203947655 24.13034959556013 147.80120736740886 96.0 102.0 49.0
33.65724830117527 24.587318117393412 147.80519574670382 94.0 97.0 51.0
31.828873203900407 23.669400305521417 148.25244318808618 126.0 132.0 58.0
31.828871301128032 24.1263688273547 148.25643156738113 133.0 138.0 59.0
31.82886939835565 24.583337349187985 148.26041994667608 109.0 115.0 44.0
31.828867495583275 25.040305871021268 148.264408325971 80.0 87.0 24.0
32.28586272803501 22.75546135908247 148.24490245795656 88.0 95.0 30.0
32.28586082526263 23.212429880915753 148.24889083725148 130.0 136.0 52.0
32.285858922490256 23.66939840274904 148.2528792165464 150.0 155.0 65.0
32.28585701971788 24.126366924582324 148.25686759584136 167.0 174.0 77.0
32.2858551169455 24.583335446415607 148.2608559751363 146.0 152.0 68.0
32.28585321417312 25.040303968248892 148.26484435443126 114.0 119.0 44.0
32.74285034939723 22.29849093447681 148.24135010712186 85.0 96.0 29.0
32.742848446624855 22.755459456310092 148.24533848641678 115.0 124.0 43.0
32.74284654385247 23.212427978143378 148.2493268657117 152.0 160.0 64.0
32.7428446410801 23.66939649997666 148.25331524500666 170.0 177.0 79.0
32.74284273830772 24.126365021809946 148.2573036243016 160.0 166.0 74.0
32.74284083553535 24.583333543643228 148.26129200359654 142.0 150.0 66.0
32.74283893276297 25.040302065476514 148.2652803828915 130.0 137.0 60.0
33.19983606798708 22.29848903170443 148.2417861355821 80.0 95.0 29.0
33.1998341652147 22.755457553537717 148.24577451487704 105.0 116.0 46.0
33.19983226244232 23.212426075371 148.24976289417197 163.0 172.0 80.0
33.199830359669946 23.669394597204285 148.2537512734669 184.0 190.0 93.0
33.19982845689757 24.126363119037567 148.25773965276184 152.0 159.0 69.0
33.19982655412519 24.583331640870853 148.2617280320568 133.0 139.0 58.0
33.19982465135281 25.040300162704135 148.26571641135175 137.0 143.0 68.0
33.65681988380455 22.755455650765338 148.24621054333727 88.0 101.0 36.0
33.65681798103217 23.212424172598624 148.2501989226322 125.0 138.0 54.0
33.656816078259794 23.669392694431906 148.25418730192715 169.0 177.0 85.0
33.65681417548742 24.12636121626519 148.25817568122207 147.0 154.0 70.0
33.65681227271504 24.583329738098474 148.26216406051702 115.0 118.0 57.0
31.37145145685032 23.665413828998854 148.70897547343915 102.0 105.0 47.0
31.371449554077945 24.12238235083214 148.7129638527341 114.0 117.0 47.0
31.371447651305562 24.579350872665422 148.71695223202906 119.0 125.0 49.0
31.371445748533187 25.036319394498708 148.72094061132398 90.0 94.0 30.0
31.828440980984922 22.75147488255991 148.70143474330953 98.0 100.0 43.0
31.82843907821254 23.208443404393194 148.70542312260446 134.0 140.0 63.0
31.828437175440165 23.66541192622648 148.7094115018994 151.0 158.0 65.0
31.82843527266779 24.12238044805976 148.71339988119433 145.0 151.0 63.0
31.828433369895407 24.579348969893047 148.7173882604893 142.0 148.0 63.0
31.828431467123032 25.03631749172633 148.72137663978424 97.0 102.0 36.0
32.285428602347146 22.294504457954247 148.69788239247484 83.0 89.0 32.0
32.28542669957477 22.751472979787533 148.70187077176976 135.0 140.0 57.0
32.28542479680239 23.208441501620815 148.7058591510647 159.0 165.0 70.0
32.28542289403001 23.6654100234541 148.70984753035964 160.0 166.0 65.0
32.28542099125764 24.122378545287386 148.7138359096546 159.0 166.0 73.0
32.285419088485256 24.57934706712067 148.71782428894954 142.0 147.0 70.0
32.28541718571288 25.036315588953954 148.72181266824447 96.0 101.0 39.0
32.74241432093699 22.29450255518187 148.69831842093507 102.0 108.0 46.0
32.74241241816461 22.751471077015154 148.70230680023002 127.0 133.0 55.0
32.74241051539224 23.20843959884844 148.70629517952494 155.0 163.0 72.0
32.74240861261986 23.66540812068172 148.71028355881987 174.0 181.0 85.0
32.74240670984749 24.122376642515007 148.71427193811482 154.0 159.0 73.0
32.742404807075104 24.57934516434829 148.71826031740977 127.0 133.0 62.0
32.74240290430273 25.036313686181575 148.72224869670472 100.0 104.0 48.0
33.199400039526836 22.294500652409493 148.69875444939532 84.0 96.0 33.0
33.19939813675446 22.75146917424278 148.70274282869025 93.0 99.0 41.0
33.19939623398208 23.20843769607606 148.70673120798517 172.0 179.0 90.0
33.1993943312097 23.665406217909347 148.71071958728012 183.0 188.0 101.0
33.19939242843733 24.12237473974263 148.71470796657508 160.0 167.0 81.0
33.199390525664946 24.579343261575914 148.71869634587 138.0 144.0 66.0
33.19938862289257 25.036311783409197 148.72268472516495 123.0 128.0 58.0
33.65638385534431 22.7514672714704 148.7031788571505 97.0 108.0 44.0
33.65638195257193 23.208435793303686 148.70716723644543 122.0 130.0 61.0
33.65638004979955 23.665404315136968 148.71115561574035 165.0 172.0 85.0
33.656378147027176 24.122372836970253 148.7151439950353 164.0 170.0 84.0
30.914027807027857 24.118395874309574 149.16949613808708 96.0 101.0 45.0
30.914025904255475 24.575364396142856 149.17348451738204 110.0 115.0 45.0
30.9140240014831 25.03233291797614 149.177472896677 101.0 106.0 41.0
31.371017331162452 23.20445692787063 149.16195540795744 113.0 119.0 54.0
31.371015428390077 23.661425449703913 149.1659437872524 150.0 157.0 73.0
31.371013525617702 24.1183939715372 149.16993216654734 148.0 155.0 67.0
31.37101162284532 24.57536249337048 149.17392054584226 154.0 160.0 72.0
31.371009720072944 25.032331015203763 149.17790892513722 125.0 130.0 55.0
31.82800495252468 22.74748650326497 149.15840305712277 112.0 115.0 52.0
31.828003049752297 23.20445502509825 149.16239143641766 157.0 162.0 76.0
31.828001146979922 23.661423546931537 149.16637981571262 165.0 172.0 74.0
31.827999244207547 24.11839206876482 149.17036819500757 168.0 174.0 82.0
31.827997341435168 24.575360590598105 149.17435657430252 158.0 164.0 80.0
31.827995438662793 25.032329112431388 149.17834495359745 111.0 116.0 52.0
32.2849925738869 22.290516078659305 149.15485070628804 104.0 106.0 47.0
32.28499067111453 22.74748460049259 149.158839085583 147.0 151.0 68.0
32.284988768342146 23.204453122325873 149.16282746487792 163.0 166.0 73.0
32.28498686556977 23.66142164415916 149.16681584417287 174.0 179.0 72.0
32.284984962797395 24.118390165992444 149.1708042234678 171.0 176.0 84.0
32.28498306002501 24.575358687825727 149.17479260276275 151.0 155.0 83.0
32.28498115725264 25.032327209659012 149.17878098205767 90.0 93.0 44.0
32.74197829247675 22.29051417588693 149.1552867347483 99.0 102.0 48.0
32.74197638970438 22.747482697720212 149.15927511404323 133.0 137.0 63.0
32.741974486931994 23.204451219553498 149.16326349333815 158.0 165.0 77.0
32.74197258415962 23.66141974138678 149.1672518726331 187.0 191.0 96.0
32.741970681387244 24.118388263220066 149.17124025192805 177.0 182.0 93.0
32.74196877861486 24.575356785053348 149.175228631223 85.0 87.0 45.0
33.19896401106659 22.29051227311455 149.15572276320853 97.0 103.0 37.0
33.19896210829422 22.747480794947837 149.15971114250348 109.0 115.0 49.0
33.198960205521836 23.20444931678112 149.1636995217984 142.0 146.0 72.0
33.19895830274946 23.661417838614405 149.16768790109333 188.0 192.0 113.0
33.198956399977085 24.118386360447687 149.17167628038828 176.0 180.0 100.0
33.655945924111684 23.204447414008744 149.16413555025864 98.0 106.0 49.0
33.65594402133931 23.661415935842026 149.1681239295536 141.0 145.0 76.0
33.655942118566934 24.11838445767531 149.17211230884854 140.0 145.0 77.0
30.91359558411237 23.200470451348064 149.6184876933104 80.0 83.0 38.0
30.913593681339997 23.65743897318135 149.62247607260537 122.0 129.0 66.0
30.91359177856762 24.114407495014632 149.62646445190032 131.0 139.0 63.0
30.91358987579524 24.571376016847918 149.63045283119524 145.0 152.0 65.0
30.913587973022864 25.028344538681203 149.6344412104902 136.0 141.0 62.0
31.370581302702217 23.20046854857569 149.61892372177067 138.0 145.0 70.0
31.37057939992984 23.65743707040897 149.6229121010656 156.0 163.0 77.0
31.370577497157466 24.114405592242257 149.62690048036055 158.0 167.0 78.0
31.370575594385084 24.57137411407554 149.6308888596555 172.0 179.0 85.0
31.37057369161271 25.028342635908825 149.63487723895042 147.0 153.0 72.0
31.827568924064444 22.743498123970028 149.61537137093597 112.0 116.0 52.0
31.82756702129206 23.20046664580331 149.6193597502309 159.0 164.0 75.0
31.827565118519686 23.657435167636596 149.62334812952585 168.0 174.0 73.0
31.82756321574731 24.114403689469878 149.6273365088208 168.0 174.0 80.0
31.827561312974932 24.571372211303164 149.63132488811573 164.0 169.0 85.0
31.827559410202557 25.028340733136446 149.63531326741065 113.0 117.0 58.0
32.28455654542667 22.286527699364367 149.61181902010128 113.0 115.0 57.0
32.28455464265429 22.74349622119765 149.61580739939623 148.0 151.0 68.0
32.28455273988191 23.20046474303093 149.61979577869113 164.0 166.0 70.0
32.284550837109535 23.657433264864217 149.62378415798608 174.0 178.0 68.0
32.28454893433716 24.114401786697503 149.62777253728103 175.0 179.0 81.0
32.28454703156478 24.571370308530785 149.63176091657598 173.0 176.0 99.0
32.2845451287924 25.02833883036407 149.63574929587088 112.0 114.0 62.0
32.74154226401651 22.28652579659199 149.6122550485615 97.0 102.0 48.0
32.741540361244134 22.743494318425274 149.61624342785646 132.0 138.0 60.0
32.74153845847176 23.200462840258556 149.62023180715138 158.0 165.0 73.0
32.74153655569938 23.65743136209184 149.62422018644634 184.0 188.0 87.0
32.74153465292701 24.114399883925124 149.62820856574126 184.0 189.0 95.0
32.741532750154626 24.57136840575841 149.6321969450362 124.0 126.0 71.0
33.19852798260636 22.286523893819613 149.61269107702176 81.0 93.0 24.0
33.19852607983398 22.7434924156529 149.6166794563167 115.0 122.0 44.0
33.1985241770616 23.20046093748618 149.6206678356116 134.0 140.0 67.0
33.198522274289225 23.657429459319467 149.62465621490657 203.0 206.0 124.0
33.19852037151685 24.11439798115275 149.62864459420152 118.0 120.0 72.0
33.65550989565145 23.200459034713806 149.62110386407187 99.0 108.0 47.0
33.65550799287907 23.657427556547088 149.6250922433668 126.0 132.0 64.0
33.6555060901067 24.114396078380373 149.62908062266175 103.0 106.0 53.0
30.456171934289905 23.65345249665879 150.07900835795834 98.0 101.0 53.0
30.45617003151753 24.110421018492072 150.0829967372533 115.0 120.0 57.0
30.45616812874515 24.567389540325358 150.08698511654825 117.0 122.0 54.0
30.456166225972776 25.02435806215864 150.09097349584314 105.0 110.0 49.0
30.91315955565213 23.196482072053126 150.07545600712365 126.0 130.0 69.0
30.913157652879754 23.65345059388641 150.0794443864186 150.0 157.0 79.0
30.91315575010738 24.110419115719694 150.08343276571352 148.0 156.0 71.0
30.913153847334996 24.56738763755298 150.08742114500848 159.0 166.0 73.0
30.91315194456262 25.024356159386265 150.0914095243034 135.0 140.0 66.0
31.370145274241974 23.19648016928075 150.07589203558388 144.0 152.0 74.0
31.3701433714696 23.653448691114033 150.07988041487883 162.0 170.0 78.0
31.370141468697224 24.11041721294732 150.08386879417378 169.0 179.0 81.0
31.37013956592484 24.5673857347806 150.0878571734687 181.0 190.0 85.0
31.370137663152466 25.024354256613886 150.09184555276363 168.0 174.0 89.0
31.8271328956042 22.73950974467509 150.0723396847492 120.0 122.0 57.0
31.827130992831822 23.19647826650837 150.07632806404413 158.0 164.0 71.0
31.827129090059447 23.653446788341657 150.08031644333906 170.0 176.0 68.0
31.827127187287072 24.11041531017494 150.084304822634 173.0 180.0 77.0
31.82712528451469 24.567383832008225 150.08829320192896 191.0 197.0 98.0
31.827123381742314 25.024352353841508 150.0922815812239 152.0 157.0 84.0
32.2841224197388 21.825570798236143 150.06479895461956 84.0 87.0 45.0
32.284120516966425 22.282539320069425 150.06878733391449 110.0 113.0 56.0
32.28411861419405 22.73950784190271 150.07277571320944 147.0 150.0 67.0
32.28411671142167 23.196476363735993 150.07676409250436 162.0 167.0 65.0
32.28411480864929 23.65344488556928 150.08075247179931 175.0 180.0 63.0
32.28411290587692 24.110413407402564 150.08474085109427 177.0 181.0 75.0
32.284111003104535 24.567381929235847 150.0887292303892 194.0 198.0 107.0
32.28410910033216 25.024350451069132 150.09271760968412 98.0 101.0 55.0
32.74110813832865 21.825568895463764 150.0652349830798 84.0 86.0 41.0
32.74110623555627 22.28253741729705 150.06922336237474 106.0 111.0 50.0
32.7411043327839 22.739505939130332 150.07321174166967 130.0 136.0 56.0
32.741102430011516 23.196474460963618 150.0772001209646 142.0 150.0 57.0
32.74110052723914 23.6534429827969 150.08118850025954 178.0 184.0 76.0
32.741098624466765 24.110411504630186 150.0851768795545 175.0 181.0 86.0
32.74109672169438 24.567380026463468 150.08916525884945 104.0 106.0 61.0
33.198091954146115 22.28253551452467 150.06965939083497 83.0 97.0 26.0
33.19809005137374 22.739504036357957 150.07364777012992 86.0 97.0 29.0
33.19808814860136 23.19647255819124 150.07763614942485 118.0 124.0 50.0
33.19808624582898 23.653441080024525 150.0816245287198 169.0 175.0 86.0
33.19808434305661 24.110409601857807 150.08561290801472 91.0 93.0 49.0
33.655073867191206 23.196470655418864 150.07807217788508 86.0 95.0 37.0
33.65507196441883 23.653439177252146 150.08206055718003 72.0 81.0 29.0
29.99874638169506 24.563403063802795 150.54351740190123 83.0 85.0 35.0
30.455735905829666 23.649464117363852 150.53597667177158 137.0 143.0 68.0
30.45573400305729 24.106432639197134 150.5399650510665 151.0 157.0 72.0
30.45573210028491 24.56340116103042 150.54395343036146 128.0 133.0 54.0
30.912723527191886 23.192493692758188 150.53242432093685 138.0 143.0 76.0
30.91272162441951 23.649462214591473 150.5364127002318 141.0 148.0 67.0
30.912719721647136 24.106430736424755 150.54040107952676 163.0 170.0 78.0
30.912717818874754 24.56339925825804 150.5443894588217 170.0 178.0 77.0
30.91271591610238 25.020367780091327 150.5483778381166 102.0 106.0 47.0
31.369711148554114 22.735523268152527 150.52887197010216 83.0 84.0 48.0
31.36970924578173 23.192491789985812 150.5328603493971 166.0 173.0 90.0
31.369707343009356 23.649460311819094 150.53684872869206 173.0 180.0 80.0
31.36970544023698 24.10642883365238 150.540837107987 177.0 184.0 83.0
31.3697035374646 24.563397355485662 150.54482548728194 186.0 194.0 90.0
31.369701634692223 25.020365877318948 150.54881386657686 190.0 196.0 101.0
31.826696867143962 22.73552136538015 150.52930799856242 131.0 132.0 62.0
31.82669496437158 23.192489887213434 150.53329637785734 167.0 171.0 73.0
31.826693061599205 23.64945840904672 150.5372847571523 177.0 183.0 68.0
31.82669115882683 24.10642693088 150.54127313644724 186.0 192.0 82.0
31.826689256054447 24.563395452713287 150.54526151574217 197.0 204.0 99.0
31.82668735328207 25.02036397454657 150.5492498950371 196.0 202.0 109.0
32.28368639127856 21.821582418941205 150.52176726843277 108.0 111.0 61.0
32.28368448850618 22.278550940774487 150.52575564772772 129.0 134.0 65.0
32.28368258573381 22.735519462607773 150.52974402702264 153.0 156.0 70.0
32.283680682961425 23.192487984441055 150.5337324063176 163.0 168.0 64.0
32.28367878018905 23.64945650627434 150.53772078561252 180.0 183.0 63.0
32.283676877416674 24.106425028107626 150.54170916490747 187.0 191.0 78.0
32.28367497464429 24.56339354994091 150.54569754420243 202.0 207.0 110.0
32.28367307187192 25.020362071774194 150.54968592349735 114.0 116.0 66.0
32.740672109868406 21.821580516168826 150.52220329689303 113.0 118.0 59.0
32.74067020709603 22.27854903800211 150.52619167618795 131.0 137.0 60.0
32.740668304323655 22.735517559835394 150.53018005548287 126.0 131.0 53.0
32.74066640155127 23.19248608166868 150.53416843477783 140.0 149.0 54.0
32.7406644987789 23.64945460350196 150.53815681407278 179.0 185.0 75.0
32.74066259600652 24.106423125335247 150.54214519336773 166.0 173.0 76.0
33.19765592568587 22.278547135229733 150.5266277046482 101.0 115.0 31.0
33.1976540229135 22.73551565706302 150.53061608394313 87.0 101.0 28.0
33.197652120141115 23.1924841788963 150.53460446323805 94.0 104.0 36.0
33.19765021736874 23.649452700729586 150.538592842533 155.0 162.0 73.0
33.65463783873096 23.192482276123926 150.5350404916983 79.0 91.0 31.0
29.998310353234825 24.559414684507857 151.00048571571443 110.0 112.0 48.0
29.99830845046245 25.01638320634114 151.00447409500936 100.0 102.0 41.0
30.455301780141806 23.188507216235628 150.98895660628983 96.0 99.0 46.0
30.45529987736943 23.645475738068914 150.99294498558478 147.0 154.0 73.0
30.455297974597055 24.102444259902196 150.99693336487974 155.0 161.0 70.0
30.455296071824673 24.55941278173548 151.0009217441747 145.0 150.0 59.0
30.455294169052298 25.016381303568764 151.0049101234696 130.0 134.0 56.0
30.912289401504033 22.731536791629967 150.98540425545514 91.0 93.0 46.0
30.91228749873165 23.18850531346325 150.9893926347501 156.0 163.0 79.0
30.912285595959275 23.645473835296535 150.99338101404504 143.0 152.0 65.0
30.9122836931869 24.102442357129817 150.99736939333997 149.0 158.0 64.0
30.912281790414518 24.559410878963103 151.00135777263492 174.0 180.0 76.0
30.912279887642143 25.01637940079639 151.00534615192984 114.0 117.0 52.0
31.369275120093878 22.73153488885759 150.9858402839154 131.0 137.0 74.0
31.369273217321496 23.188503410690874 150.98982866321032 163.0 169.0 85.0
31.36927131454912 23.645471932524156 150.99381704250527 167.0 174.0 77.0
31.369269411776745 24.102440454357442 150.99780542180022 180.0 186.0 83.0
31.369267509004363 24.559408976190724 151.00179380109518 195.0 202.0 92.0
31.369265606231988 25.01637749802401 151.00578218039007 203.0 209.0 106.0
31.826262741456098 22.274564464251927 150.9822879330807 100.0 103.0 56.0
31.826260838683723 22.731532986085213 150.98627631237562 140.0 145.0 70.0
31.826258935911344 23.188501507918495 150.99026469167057 151.0 159.0 67.0
31.82625703313897 23.64547002975178 150.99425307096553 174.0 180.0 75.0
31.826255130366594 24.102438551585063 150.99824145026045 190.0 196.0 89.0
31.82625322759421 24.55940707341835 151.0022298295554 201.0 207.0 103.0
31.826251324821836 25.01637559525163 151.00621820885033 194.0 199.0 106.0
32.283252265590704 21.36062551781298 150.97474720295105 86.0 88.0 55.0
32.28325036281832 21.817594039646266 150.978735582246 145.0 149.0 83.0
32.28324846004595 22.27456256147955 150.98272396154096 147.0 152.0 77.0
32.28324655727357 22.731531083312834 150.98671234083585 145.0 152.0 67.0
32.28324465450119 23.188499605146117 150.9907007201308 145.0 154.0 57.0
32.283242751728814 23.645468126979402 150.99468909942576 174.0 180.0 71.0
32.28324084895644 24.102436648812688 150.9986774787207 188.0 193.0 87.0
32.283238946184056 24.55940517064597 151.00266585801563 200.0 204.0 111.0
32.28323704341168 25.016373692479256 151.00665423731056 79.0 81.0 46.0
32.74023608140817 21.817592136873888 150.97917161070623 126.0 132.0 68.0
32.740234178635795 22.274560658707173 150.98315999000118 124.0 129.0 59.0
32.74023227586342 22.731529180540456 150.9871483692961 122.0 127.0 52.0
32.74023037309104 23.18849770237374 150.99113674859106 138.0 146.0 58.0
32.74022847031866 23.645466224207023 150.99512512788598 180.0 184.0 84.0
32.74022656754629 24.10243474604031 150.99911350718094 181.0 187.0 98.0
33.19721989722564 22.274558755934795 150.9835960184614 72.0 90.0 24.0
33.19721799445326 22.73152727776808 150.98758439775634 76.0 90.0 27.0
33.19721609168088 23.188495799601363 150.9915727770513 75.0 87.0 28.0
33.197214188908504 23.64546432143465 150.99556115634624 90.0 99.0 26.0
33.65420181027073 23.188493896828987 150.99200880551152 76.0 92.0 24.0
29.99787813031934 23.641489261546347 151.44947727093776 110.0 115.0 51.0
29.997876227546964 24.098457783379633 151.45346565023272 110.0 113.0 54.0
29.997874324774582 24.555426305212915 151.45745402952767 119.0 121.0 49.0
29.997872422002207 25.0123948270462 151.4614424088226 124.0 127.0 52.0
30.454865751681563 23.184518836940686 151.44592492010307 120.0 125.0 57.0
30.454863848909188 23.641487358773972 151.44991329939802 146.0 153.0 73.0
30.454861946136813 24.098455880607254 151.45390167869297 154.0 159.0 70.0
30.45486004336443 24.55542440244054 151.4578900579879 159.0 164.0 65.0
30.454858140592055 25.012392924273822 151.46187843728282 162.0 167.0 73.0
30.91185337304379 22.727548412335025 151.44237256926837 126.0 132.0 61.0
30.911851470271408 23.184516934168308 151.4463609485633 158.0 166.0 74.0
30.911849567499033 23.641485456001593 151.45034932785825 149.0 158.0 64.0
30.911847664726658 24.098453977834875 151.4543377071532 174.0 182.0 76.0
30.911845761954275 24.55542249966816 151.45832608644812 187.0 194.0 81.0
30.9118438591819 25.012391021501447 151.46231446574308 196.0 202.0 94.0
31.36884099440601 22.270577987729368 151.43882021843368 87.0 90.0 49.0
31.368839091633635 22.72754650956265 151.4428085977286 158.0 164.0 86.0
31.368837188861253 23.184515031395932 151.44679697702355 160.0 168.0 80.0
31.368835286088878 23.641483553229218 151.4507853563185 163.0 172.0 75.0
31.368833383316503 24.0984520750625 151.45477373561343 194.0 200.0 92.0
31.368831480544124 24.555420596895782 151.45876211490838 208.0 213.0 104.0
31.36882957777175 25.012389118729068 151.4627504942033 198.0 202.0 104.0
31.825828615768234 21.813607563123707 151.43526786759898 91.0 93.0 56.0
31.82582671299586 22.27057608495699 151.43925624689393 152.0 156.0 83.0
31.825824810223484 22.727544606790275 151.44324462618886 162.0 167.0 83.0
31.8258229074511 23.184513128623557 151.44723300548378 168.0 175.0 84.0
31.825821004678726 23.641481650456843 151.45122138477873 176.0 183.0 83.0
31.82581910190635 24.098450172290125 151.4552097640737 197.0 202.0 99.0
31.82581719913397 24.555418694123407 151.4591981433686 210.0 214.0 113.0
31.825815296361593 25.012387215956693 151.46318652266353 140.0 142.0 81.0
32.28281623713046 21.356637138518042 151.43171551676429 118.0 122.0 72.0
32.28281433435808 21.813605660351328 151.4357038960592 163.0 167.0 94.0
32.282812431585704 22.27057418218461 151.43969227535416 164.0 168.0 87.0
32.28281052881333 22.727542704017896 151.44368065464909 165.0 169.0 86.0
32.282808626040946 23.18451122585118 151.44766903394404 174.0 177.0 90.0
32.28280672326857 23.641479747684464 151.451657413239 186.0 189.0 94.0
32.282804820496196 24.09844826951775 151.45564579253391 197.0 201.0 106.0
32.282802917723814 24.555416791351032 151.45963417182884 197.0 201.0 114.0
32.73980005294793 21.81360375757895 151.43613992451947 119.0 123.0 64.0
32.73979815017555 22.270572279412235 151.44012830381442 128.0 131.0 62.0
32.73979624740318 22.727540801245517 151.4441166831093 138.0 143.0 67.0
32.739794344630795 23.184509323078803 151.44810506240427 138.0 144.0 66.0
32.73979244185842 23.641477844912085 151.45209344169922 152.0 159.0 73.0
32.739790539086044 24.09844636674537 151.45608182099417 136.0 141.0 76.0
33.19678196599302 22.727538898473142 151.44455271156957 71.0 83.0 18.0
33.196780063220636 23.184507420306424 151.44854109086452 67.0 80.0 24.0
29.997442101859097 23.637500882251405 151.906445584751 128.0 131.0 65.0
29.99744019908672 24.09446940408469 151.91043396404595 144.0 147.0 76.0
29.997438296314343 24.551437925917973 151.91442234334087 147.0 151.0 68.0
29.997436393541967 25.00840644775126 151.9184107226358 141.0 146.0 70.0
30.45442972322132 23.180530457645744 151.9028932339163 115.0 117.0 54.0
30.454427820448945 23.63749897947903 151.90688161321123 155.0 160.0 77.0
30.45442591767657 24.094467501312312 151.91086999250618 162.0 166.0 76.0
30.454424014904188 24.551436023145598 151.9148583718011 177.0 181.0 80.0
30.454422112131812 25.00840454497888 151.91884675109605 178.0 183.0 86.0
30.911417344583548 22.723560033040084 151.89934088308158 128.0 134.0 63.0
30.911415441811165 23.180528554873366 151.90332926237653 147.0 155.0 67.0
30.91141353903879 23.63749707670665 151.90731764167148 166.0 173.0 74.0
30.911411636266415 24.094465598539934 151.91130602096644 190.0 195.0 88.0
30.911409733494033 24.55143412037322 151.91529440026133 215.0 219.0 109.0
30.911407830721657 25.008402642206505 151.91928277955628 224.0 226.0 123.0
31.368404965945768 22.266589608434423 151.8957885322469 123.0 127.0 74.0
31.368403063173393 22.723558130267705 151.89977691154184 162.0 168.0 89.0
31.368401160401014 23.18052665210099 151.90376529083676 164.0 171.0 81.0
31.36839925762864 23.637495173934273 151.9077536701317 171.0 178.0 78.0
31.368397354856263 24.09446369576756 151.91174204942666 199.0 204.0 98.0
31.36839545208388 24.55143221760084 151.9157304287216 218.0 222.0 116.0
31.368393549311506 25.008400739434126 151.91971880801654 222.0 225.0 123.0
31.82539258730799 21.80961918382876 151.89223618141222 95.0 98.0 59.0
31.825390684535616 22.266587705662044 151.89622456070714 156.0 161.0 87.0
31.82538878176324 22.72355622749533 151.90021294000206 168.0 174.0 89.0
31.82538687899086 23.18052474932861 151.90420131929702 172.0 178.0 86.0
31.825384976218484 23.637493271161897 151.90818969859197 175.0 182.0 84.0
31.82538307344611 24.09446179299518 151.9121780778869 197.0 203.0 103.0
31.825381170673726 24.551430314828465 151.91616645718182 210.0 215.0 117.0
31.82537926790135 25.008398836661748 151.92015483647677 182.0 186.0 102.0
32.282378305897836 21.809617281056386 151.89267220987244 145.0 151.0 82.0
32.28237640312546 22.26658580288967 151.8966605891674 161.0 165.0 85.0
32.282374500353086 22.723554324722954 151.90064896846232 163.0 169.0 84.0
32.282372597580704 23.180522846556237 151.90463734775724 168.0 174.0 87.0
32.28237069480833 23.63749136838952 151.9086257270522 177.0 183.0 91.0
32.28236879203595 24.094459890222804 151.91261410634715 202.0 206.0 115.0
32.28236688926357 24.551428412056087 151.91660248564207 188.0 191.0 117.0
32.739364024487685 21.809615378284008 151.89310823833267 99.0 104.0 55.0
32.73936212171531 22.266583900117293 151.89709661762762 122.0 127.0 59.0
32.739360218942934 22.723552421950576 151.90108499692255 135.0 141.0 60.0
32.73935831617055 23.18052094378386 151.9050733762175 104.0 112.0 42.0
32.73935641339818 23.637489465617143 151.90906175551245 98.0 103.0 41.0
32.7393545106258 24.09445798745043 151.91305013480738 138.0 141.0 73.0
33.196345937532776 22.7235505191782 151.90152102538278 77.0 81.0 18.0
29.997006073398857 23.633512502956467 152.36341389856423 124.0 127.0 60.0
29.997004170626482 24.090481024789753 152.36740227785916 147.0 150.0 79.0
29.9970022678541 24.547449546623035 152.37139065715408 174.0 177.0 96.0
29.997000365081725 25.00441806845632 152.37537903644903 179.0 181.0 105.0
30.453993694761078 23.176542078350806 152.3598615477295 132.0 136.0 64.0
30.453991791988702 23.633510600184092 152.36384992702446 156.0 161.0 73.0
30.453989889216327 24.090479122017374 152.3678383063194 171.0 176.0 84.0
30.453987986443945 24.54744764385066 152.37182668561434 199.0 202.0 106.0
30.45398608367157 25.004416165683942 152.37581506490926 211.0 215.0 122.0
30.910981316123305 22.719571653745145 152.3563091968948 143.0 148.0 76.0
30.910979413350923 23.176540175578427 152.36029757618977 152.0 159.0 71.0
30.910977510578547 23.633508697411713 152.3642859554847 164.0 172.0 72.0
30.910975607806172 24.090477219244995 152.36827433477964 191.0 196.0 88.0
30.910973705033793 24.54744574107828 152.37226271407457 220.0 224.0 118.0
30.910971802261418 25.004414262911567 152.37625109336952 226.0 229.0 132.0
31.36796893748553 22.262601229139484 152.35275684606012 128.0 132.0 77.0
31.367967034713153 22.719569750972767 152.35674522535504 164.0 168.0 88.0
31.36796513194077 23.176538272806052 152.36073360465 166.0 172.0 80.0
31.367963229168396 23.633506794639334 152.36472198394495 174.0 181.0 78.0
31.36796132639602 24.09047531647262 152.3687103632399 204.0 209.0 102.0
31.36795942362364 24.547443838305902 152.3726987425348 222.0 225.0 124.0
31.367957520851263 25.004412360139188 152.37668712182975 220.0 223.0 124.0
31.82495655884775 21.805630804533823 152.34920449522542 104.0 107.0 67.0
31.824954656075374 22.262599326367106 152.35319287452037 149.0 155.0 81.0
31.824952753303 22.71956784820039 152.3571812538153 166.0 171.0 87.0
31.824950850530616 23.176536370033674 152.36116963311022 170.0 176.0 82.0
31.82494894775824 23.63350489186696 152.36515801240517 178.0 183.0 82.0
31.824947044985866 24.09047341370024 152.36914639170013 202.0 207.0 106.0
31.824945142213483 24.547441935533527 152.37313477099505 216.0 220.0 129.0
31.824943239441108 25.00441045736681 152.37712315029 114.0 115.0 68.0
32.281942277437594 21.805628901761445 152.34964052368568 134.0 139.0 81.0
32.28194037466522 22.262597423594727 152.3536289029806 149.0 156.0 79.0
32.28193847189284 22.719565945428013 152.35761728227553 156.0 162.0 77.0
32.28193656912046 23.176534467261295 152.36160566157048 167.0 172.0 81.0
32.281934666348086 23.63350298909458 152.36559404086543 176.0 180.0 82.0
32.28193276357571 24.090471510927866 152.36958242016036 193.0 199.0 107.0
32.73892609325507 22.26259552082235 152.35406493144083 118.0 124.0 51.0
32.73892419048269 22.719564042655634 152.35805331073578 117.0 124.0 46.0
32.73892228771031 23.17653256448892 152.3620416900307 107.0 116.0 39.0
32.738920384937934 23.6335010863222 152.36603006932566 90.0 98.0 33.0
29.539580520804016 24.543463070100476 152.82792294250706 83.0 83.0 47.0
29.996571947710997 23.172555601828247 152.8163938330825 89.0 83.0 31.0
29.996570044938622 23.62952412366153 152.82038221237744 136.0 137.0 68.0
29.996568142166247 24.086492645494815 152.8243705916724 164.0 167.0 91.0
29.996566239393864 24.543461167328097 152.82835897096732 186.0 188.0 112.0
29.99656433662149 25.000429689161383 152.83234735026224 180.0 182.0 113.0
30.453557666300842 23.172553699055868 152.81682986154274 130.0 130.0 61.0
30.453555763528467 23.629522220889154 152.8208182408377 152.0 157.0 67.0
30.45355386075609 24.086490742722436 152.82480662013262 190.0 194.0 100.0
30.45355195798371 24.54345926455572 152.82879499942754 219.0 222.0 132.0
30.453550055211334 25.000427786389004 152.8327833787225 220.0 222.0 143.0
30.91054528766307 22.715583274450207 152.81327751070802 147.0 149.0 75.0
30.910543384890687 23.17255179628349 152.81726589000297 158.0 164.0 75.0
30.91054148211831 23.629520318116775 152.82125426929792 163.0 169.0 71.0
30.910539579345937 24.086488839950057 152.82524264859288 207.0 211.0 104.0
30.910537676573554 24.543457361783343 152.8292310278878 228.0 230.0 134.0
30.91053577380118 25.00042588361663 152.83321940718272 231.0 232.0 144.0
31.367532909025293 22.258612849844546 152.80972515987332 119.0 121.0 71.0
31.367531006252918 22.71558137167783 152.81371353916828 169.0 172.0 90.0
31.367529103480535 23.172549893511114 152.81770191846323 168.0 173.0 80.0
31.36752720070816 23.629518415344396 152.82169029775815 172.0 177.0 75.0
31.367525297935785 24.086486937177682 152.8256786770531 213.0 217.0 113.0
31.367523395163403 24.543455459010964 152.82966705634803 225.0 228.0 132.0
31.367521492391027 25.00042398084425 152.83365543564298 211.0 212.0 128.0
31.824518627615138 22.258610947072167 152.81016118833358 144.0 149.0 80.0
31.824516724842763 22.715579468905453 152.8141495676285 159.0 164.0 81.0
31.82451482207038 23.172547990738735 152.81813794692346 167.0 173.0 81.0
31.824512919298005 23.62951651257202 152.8221263262184 173.0 180.0 80.0
31.82451101652563 24.086485034405303 152.82611470551336 205.0 210.0 113.0
31.824509113753248 24.54345355623859 152.83010308480826 210.0 213.0 128.0
31.824507210980872 25.00042207807187 152.8340914641032 102.0 104.0 59.0
32.28150624897736 21.801640522466506 152.80660883749889 95.0 98.0 58.0
32.28150434620498 22.25860904429979 152.8105972167938 138.0 144.0 71.0
32.28150244343261 22.715577566133074 152.81458559608876 137.0 144.0 65.0
32.281500540660225 23.172546087966357 152.8185739753837 146.0 154.0 67.0
32.28149863788785 23.629514609799642 152.82256235467864 171.0 178.0 79.0
32.281496735115475 24.086483131632928 152.8265507339736 173.0 179.0 96.0
32.73849006479483 22.258607141527413 152.81103324525404 112.0 120.0 47.0
32.738488162022456 22.715575663360696 152.815021624549 110.0 118.0 42.0
32.738486259250074 23.17254418519398 152.81901000384394 96.0 105.0 31.0
32.7384843564777 23.629512707027263 152.8229983831389 76.0 86.0 22.0
29.539146395116155 24.08250616897225 153.28090287702537 88.0 88.0 49.0
29.99613401647838 23.62553574436659 153.27735052619067 142.0 143.0 69.0
29.996132113706004 24.082504266199876 153.28133890548563 182.0 185.0 103.0
29.99613021093362 24.53947278803316 153.28532728478052 190.0 193.0 117.0
29.996128308161246 24.996441309866444 153.28931566407547 150.0 152.0 98.0
30.4531216378406 23.16856531976093 153.27379817535595 144.0 144.0 69.0
30.453119735068224 23.625533841594216 153.2777865546509 165.0 171.0 75.0
30.45311783229585 24.082502363427498 153.28177493394585 201.0 205.0 108.0
30.453115929523467 24.539470885260783 153.28576331324078 225.0 227.0 142.0
30.45311402675109 24.996439407094066 153.2897516925357 209.0 210.0 145.0
30.910109259202827 22.71159489515527 153.27024582452125 140.0 138.0 70.0
30.910107356430444 23.16856341698855 153.2742342038162 168.0 171.0 79.0
30.91010545365807 23.625531938821837 153.27822258311116 177.0 181.0 80.0
30.910103550885694 24.08250046065512 153.28221096240608 219.0 222.0 122.0
30.910101648113315 24.539468982488405 153.286199341701 231.0 232.0 142.0
30.91009974534094 24.99643750432169 153.29018772099596 211.0 212.0 138.0
31.36709688056505 22.254624470549608 153.26669347368656 113.0 115.0 65.0
31.367094977792675 22.71159299238289 153.27068185298148 170.0 173.0 91.0
31.367093075020293 23.168561514216176 153.27467023227643 177.0 181.0 87.0
31.367091172247918 23.625530036049458 153.2786586115714 184.0 189.0 86.0
31.367089269475542 24.082498557882744 153.2826469908663 219.0 221.0 125.0
31.36708736670316 24.539467079716026 153.28663537016126 224.0 226.0 135.0
31.367085463930785 24.99643560154931 153.2906237494562 96.0 96.0 66.0
31.824082599154895 22.25462256777723 153.2671295021468 129.0 132.0 71.0
31.82408069638252 22.711591089610515 153.27111788144174 156.0 161.0 80.0
31.824078793610138 23.168559611443797 153.2751062607367 170.0 176.0 87.0
31.824076890837762 23.625528133277083 153.27909464003162 179.0 185.0 90.0
31.824074988065387 24.082496655110365 153.28308301932657 207.0 211.0 121.0
31.824073085293005 24.53946517694365 153.2870713986215 185.0 187.0 119.0
32.28106831774474 22.25462066500485 153.26756553060704 128.0 128.0 64.0
32.281066414972365 22.711589186838136 153.27155390990197 137.0 140.0 67.0
32.28106451219998 23.16855770867142 153.27554228919692 140.0 146.0 68.0
32.28106260942761 23.625526230504704 153.27953066849187 165.0 171.0 85.0
32.28106070665523 24.08249475233799 153.2835190477868 117.0 119.0 69.0
29.995697988018136 23.62154736507165 153.73431884000388 138.0 138.0 63.0
29.99569608524576 24.078515886904935 153.73830721929883 179.0 181.0 97.0
29.99569418247338 24.535484408738217 153.74229559859376 181.0 184.0 115.0
29.995692279701004 24.992452930571503 153.7462839778887 98.0 99.0 70.0
30.452685609380357 23.164576940465988 153.73076648916918 160.0 159.0 76.0
30.45268370660798 23.621545462299274 153.73475486846414 182.0 186.0 86.0
30.452681803835606 24.078513984132556 153.73874324775906 210.0 213.0 116.0
30.452679901063224 24.53548250596584 153.74273162705398 229.0 230.0 150.0
30.45267799829085 24.992451027799124 153.74672000634894 176.0 176.0 125.0
30.909673230742584 22.70760651586033 153.7272141383345 131.0 127.0 67.0
30.909671327970205 23.164575037693613 153.7312025176294 176.0 178.0 85.0
30.90966942519783 23.621543559526895 153.73519089692437 195.0 199.0 93.0
30.909667522425455 24.07851208136018 153.7391792762193 227.0 229.0 135.0
30.909665619653072 24.535480603193463 153.74316765551424 231.0 233.0 146.0
30.909663716880697 24.99244912502675 153.74715603480917 120.0 121.0 81.0
31.366660852104808 22.25063609125467 153.72366178749976 93.0 92.0 52.0
31.366658949332432 22.707604613087952 153.72765016679472 165.0 167.0 90.0
31.36665704656005 23.164573134921238 153.73163854608967 187.0 190.0 97.0
31.366655143787675 23.62154165675452 153.73562692538462 197.0 200.0 101.0
31.3666532410153 24.078510178587806 153.73961530467952 220.0 222.0 132.0
31.366651338242917 24.535478700421088 153.74360368397447 165.0 166.0 104.0
31.823646570694653 22.25063418848229 153.72409781596002 113.0 112.0 61.0
31.823644667922277 22.707602710315577 153.72808619525495 146.0 147.0 75.0
31.823642765149895 23.16457123214886 153.7320745745499 172.0 177.0 93.0
31.82364086237752 23.621539753982145 153.73606295384485 180.0 185.0 100.0
31.823638959605145 24.078508275815427 153.74005133313977 176.0 179.0 107.0
32.2806322892845 22.250632285709912 153.72453384442025 113.0 111.0 53.0
32.28063038651212 22.707600807543198 153.7285222237152 123.0 122.0 61.0
32.28062848373974 23.16456932937648 153.73251060301016 134.0 138.0 70.0
32.280626580967365 23.621537851209766 153.73649898230508 140.0 144.0 75.0
29.9952619595579 23.61755898577671 154.19128715381711 122.0 116.0 47.0
29.995260056785526 24.074527507609996 154.19527553311204 135.0 135.0 71.0
30.45224958092012 23.16058856117105 154.18773480298242 167.0 166.0 80.0
30.452247678147746 23.617557083004336 154.19172318227734 206.0 208.0 105.0
30.45224577537537 24.074525604837618 154.19571156157227 221.0 223.0 134.0
30.45224387260299 24.531494126670903 154.19969994086722 198.0 199.0 130.0
30.90923720228235 22.70361813656539 154.1841824521477 105.0 103.0 51.0
30.90923529950997 23.16058665839867 154.18817083144265 189.0 190.0 94.0
30.909233396737594 23.617555180231957 154.1921592107376 211.0 214.0 110.0
30.90923149396522 24.07452370206524 154.19614759003252 225.0 227.0 136.0
30.909229591192837 24.531492223898525 154.20013596932745 179.0 180.0 113.0
31.366222920872197 22.70361623379301 154.18461848060795 143.0 145.0 74.0
31.366221018099814 23.160584755626296 154.18860685990288 181.0 186.0 95.0
31.36621911532744 23.617553277459578 154.19259523919783 189.0 193.0 95.0
31.366217212555064 24.074521799292864 154.19658361849275 201.0 204.0 114.0
31.82320863946204 22.703614331020635 154.18505450906818 122.0 122.0 58.0
31.82320673668966 23.160582852853917 154.18904288836313 138.0 142.0 66.0
31.823204833917284 23.617551374687203 154.19303126765809 153.0 159.0 75.0
31.82320293114491 24.074519896520485 154.19701964695298 94.0 96.0 50.0
30.45181355245988 23.156600181876108 154.64470311679563 148.0 145.0 75.0
30.451811649687503 23.613568703709394 154.64869149609058 225.0 227.0 134.0
30.451809746915128 24.070537225542676 154.6526798753855 217.0 218.0 140.0
30.45180784414275 24.52750574737596 154.65666825468043 111.0 112.0 72.0
30.90880117382211 22.699629757270447 154.64115076596093 95.0 88.0 38.0
30.908799271049727 23.15659827910373 154.64513914525588 194.0 197.0 106.0
30.90879736827735 23.613566800937015 154.6491275245508 213.0 217.0 121.0
30.908795465504976 24.070535322770297 154.65311590384573 200.0 203.0 118.0
31.365786892411954 22.69962785449807 154.64158679442116 113.0 113.0 57.0
31.36578498963957 23.156596376331354 154.6455751737161 153.0 159.0 75.0
31.365783086867197 23.613564898164636 154.64956355301106 147.0 152.0 65.0
31.36578118409482 24.070533419997922 154.653551932306 127.0 129.0 65.0
31.8227726110018 22.699625951725693 154.64202282288142 96.0 94.0 41.0
31.822770708229417 23.156594473558975 154.64601120217634 109.0 114.0 51.0
31.82276880545704 23.61356299539226 154.6499995814713 111.0 117.0 50.0
30.451377523999636 23.15261180258117 155.10167143060886 163.0 166.0 95.0
30.45137562122726 23.609580324414456 155.1056598099038 201.0 204.0 122.0
30.451373718454885 24.066548846247738 155.1096481891987 112.0 114.0 70.0
30.908365145361866 22.69564137797551 155.09811907977414 99.0 101.0 55.0
30.908363242589484 23.15260989980879 155.1021074590691 186.0 191.0 110.0
30.90836133981711 23.609578421642077 155.10609583836404 168.0 171.0 84.0
30.908359437044734 24.06654694347536 155.11008421765897 104.0 108.0 58.0
31.36535086395171 22.69563947520313 155.0985551082344 102.0 103.0 47.0
31.36534896117933 23.152607997036416 155.10254348752935 112.0 117.0 54.0
31.365347058406954 23.609576518869698 155.10653186682427 104.0 110.0 47.0
30.4509414955394 23.14862342328623 155.55863974442207 96.0 98.0 61.0
30.450939592767025 23.605591945119517 155.56262812371702 108.0 110.0 69.0
30.90792721412925 23.148621520513853 155.55907577288232 107.0 109.0 60.0
30.907925311356873 23.60559004234714 155.56306415217725 92.0 96.0 51.0
30.45485623781968 25.469361446107108 151.46586681657777 87.0 89.0 45.0
30.911841956409525 25.46935954333473 151.466302845038 79.0 80.0 45.0
30.454420209359437 25.465373066812166 151.922835130391 98.0 101.0 50.0
30.911405927949282 25.465371164039787 151.92327115885124 98.0 99.0 54.0
29.99699846230935 25.461386590289603 152.37936741574399 102.0 104.0 62.0
30.453984180899194 25.461384687517228 152.3798034442042 127.0 130.0 70.0
30.910969899489043 25.46138278474485 152.38023947266447 105.0 106.0 61.0
29.996562433849114 25.457398210994665 152.8363357295572 95.0 96.0 61.0
30.45354815243896 25.45739630822229 152.83677175801745 94.0 95.0 56.0
33.200694805500916 25.505245443127297 147.3557681630202 100.0 103.0 65.0
32.28628924263336 25.04429234754383 147.80787604061803 85.0 92.0 28.0
32.74327496122321 25.044290444771452 147.80831206907828 116.0 123.0 54.0
32.74327305845083 25.501258966604734 147.81230044837318 99.0 106.0 45.0
33.20026067981305 25.044288541999073 147.8087480975385 91.0 94.0 48.0
33.20025877704067 25.50125706383236 147.81273647683344 106.0 109.0 64.0
33.65724449563052 25.50125516105998 147.81317250529366 77.0 80.0 50.0
32.742837029990596 25.497270587309796 148.2692687621864 104.0 112.0 44.0
33.19982274858044 25.49726868453742 148.26970479064664 138.0 144.0 81.0
33.65681036994266 25.04029825993176 148.26615243981198 97.0 99.0 51.0
33.199386720120195 25.493280305242482 148.72667310445988 108.0 113.0 54.0
