33.64068112245853 23.97879118235243 165.16600329231127 66.0 84.0 18.0
33.640679219686156 24.435759704185713 165.16999167160623 62.0 81.0 14.0
33.64067731691378 24.892728226019 165.17398005090118 73.0 86.0 20.0
33.18325937540845 23.974804705829868 165.62253557766425 81.0 98.0 20.0
33.183257472636065 24.431773227663154 165.6265239569592 72.0 86.0 15.0
33.18325556986369 24.888741749496436 165.63051233625416 89.0 96.0 27.0
33.183253667091314 25.34571027132972 165.63450071554908 100.0 105.0 45.0
33.64024319122591 24.431771324890775 165.62695998541943 80.0 96.0 21.0
33.64024128845354 24.88873984672406 165.63094836471438 111.0 122.0 34.0
33.64023938568116 25.345708368557343 165.6349367440093 129.0 137.0 54.0
34.09723271536051 23.51783237845183 165.61941925528978 70.0 85.0 24.0
34.09723081258814 23.974800900285114 165.62340763458474 86.0 99.0 26.0
34.097228909815755 24.431769422118396 165.6273960138797 97.0 108.0 30.0
34.09722700704338 24.888737943951682 165.63138439317464 93.0 104.0 29.0
34.097225104271004 25.345706465784964 165.63537277246954 77.0 86.0 29.0
34.55421653117799 23.974798997512735 165.62384366304497 73.0 83.0 25.0
34.55421462840561 24.43176751934602 165.62783204233992 84.0 95.0 27.0
32.72583572558597 24.427786751140587 166.08305624231218 108.0 111.0 50.0
32.7258338228136 24.88475527297387 166.08704462160713 99.0 101.0 46.0
32.72583192004122 25.341723794807155 166.09103300090206 90.0 93.0 48.0
33.18282524972058 23.513847804701644 166.07551551218253 84.0 90.0 40.0
33.182823346948204 23.970816326534926 166.0795038914775 94.0 104.0 31.0
33.18282144417582 24.427784848368212 166.08349227077244 120.0 126.0 40.0
33.18281954140345 24.884753370201494 166.08748065006736 133.0 140.0 52.0
33.18281763863107 25.34172189203478 166.0914690293623 138.0 144.0 63.0
33.18281573585869 25.798690413868062 166.09545740865724 127.0 129.0 68.0
33.63980906553805 23.97081442376255 166.07993991993771 99.0 109.0 31.0
33.63980716276567 24.427782945595833 166.08392829923267 120.0 129.0 35.0
33.639805259993295 24.88475146742912 166.08791667852762 137.0 147.0 47.0
33.63980335722092 25.3417199892624 166.09190505782254 141.0 149.0 62.0
33.63980145444854 25.798688511095687 166.09589343711747 134.0 139.0 69.0
34.09679668690027 23.513843999156887 166.07638756910302 100.0 112.0 42.0
34.096794784127894 23.970812520990172 166.08037594839797 116.0 125.0 43.0
34.09679288135551 24.427781042823455 166.0843643276929 117.0 125.0 37.0
34.09679097858314 24.88474956465674 166.08835270698785 111.0 121.0 36.0
34.09678907581076 25.341718086490022 166.09234108628277 109.0 115.0 46.0
34.553782405490125 23.51384209638451 166.07682359756325 126.0 136.0 62.0
34.55378050271775 23.970810618217794 166.0808119768582 107.0 115.0 43.0
34.55377859994537 24.42777914005108 166.08480035615315 70.0 81.0 20.0
32.72540159989812 23.966829850012363 166.53603617683046 102.0 106.0 53.0
32.72539969712574 24.423798371845646 166.54002455612542 113.0 114.0 54.0
32.72539779435336 24.88076689367893 166.54401293542037 125.0 129.0 62.0
32.72539589158099 25.337735415512213 166.54800131471526 106.0 110.0 56.0
32.725393988808605 25.7947039373455 166.55198969401022 94.0 97.0 55.0
33.18239112403272 23.052890903573417 166.52849544670082 89.0 95.0 43.0
33.18238731848797 23.966827947239985 166.5364722052907 131.0 137.0 59.0
33.182385415715586 24.42379646907327 166.54046058458565 143.0 149.0 58.0
33.18238351294321 24.880764990906552 166.5444489638806 137.0 143.0 54.0
33.182381610170836 25.337733512739838 166.54843734317552 145.0 150.0 63.0
33.182379707398454 25.79470203457312 166.55242572247045 155.0 157.0 82.0
33.63937493985019 23.509857522634324 166.532919854456 74.0 82.0 30.0
33.63937303707782 23.96682604446761 166.53690823375095 136.0 143.0 51.0
33.639371134305435 24.42379456630089 166.5408966130459 148.0 158.0 50.0
33.63936923153306 24.880763088134177 166.54488499234083 144.0 153.0 50.0
33.639367328760684 25.33773160996746 166.54887337163575 146.0 152.0 62.0
33.6393654259883 25.794700131800745 166.5528617509307 152.0 155.0 81.0
34.09636256121241 23.052887098028663 166.5293675036213 113.0 117.0 62.0
34.096360658440034 23.50985561986195 166.53335588291623 150.0 159.0 68.0
34.09635875566766 23.96682414169523 166.53734426221118 152.0 163.0 62.0
34.096356852895276 24.423792663528516 166.54133264150613 137.0 147.0 46.0
34.0963549501229 24.8807611853618 166.54532102080108 137.0 147.0 50.0
34.096353047350526 25.33772970719508 166.549309400096 126.0 133.0 54.0
34.09635114457814 25.794698229028366 166.55329777939093 97.0 100.0 53.0
34.55334637702989 23.509853717089573 166.53379191137648 134.0 142.0 59.0
34.553344474257514 23.966822238922855 166.53778029067144 107.0 116.0 38.0
34.55334257148513 24.42379076075614 166.54176866996636 87.0 100.0 26.0
34.55334066871276 24.880759282589423 166.5457570492613 79.0 88.0 26.0
32.72496747421025 23.50587294888414 166.98901611134875 81.0 84.0 44.0
32.72496557143788 23.962841470717425 166.9930044906437 99.0 102.0 52.0
32.724963668665495 24.419809992550707 166.99699286993862 125.0 129.0 63.0
32.72496176589312 24.876778514383993 167.00098124923358 124.0 128.0 60.0
32.724959863120745 25.333747036217275 167.0049696285285 109.0 113.0 55.0
32.72495796034836 25.79071555805056 167.00895800782345 110.0 113.0 61.0
33.181951290027726 23.962839567945046 166.99344051910393 149.0 156.0 70.0
33.181949387255344 24.419808089778332 166.99742889839888 153.0 158.0 60.0
33.18194748448297 24.876776611611614 167.0014172776938 149.0 154.0 56.0
33.18194558171059 25.3337451334449 167.00540565698873 145.0 150.0 60.0
33.18194367893821 25.790713655278182 167.00939403628368 157.0 161.0 75.0
33.181941776165836 26.247682177111468 167.01338241557863 118.0 121.0 68.0
33.638940814162325 23.048900621506103 166.98589978897428 81.0 84.0 37.0
33.63893891138995 23.505869143339385 166.98988816826923 103.0 106.0 45.0
33.638937008617575 23.96283766517267 166.99387654756416 140.0 147.0 54.0
33.63893510584519 24.419806187005953 166.9978649268591 153.0 160.0 53.0
33.63893320307282 24.87677470883924 167.00185330615403 152.0 159.0 53.0
33.63893130030044 25.33374323067252 167.00584168544898 148.0 155.0 61.0
33.63892939752806 25.790711752505807 167.0098300647439 153.0 157.0 75.0
33.638927494755684 26.24768027433909 167.01381844403886 132.0 136.0 74.0
34.095926532752166 23.048898718733724 166.9863358174345 158.0 164.0 84.0
34.09592462997979 23.505867240567007 166.99032419672946 168.0 175.0 74.0
34.095922727207416 23.962835762400292 166.9943125760244 160.0 169.0 61.0
34.095920824435034 24.419804284233575 166.99830095531937 146.0 156.0 49.0
34.09591892166266 24.87677280606686 167.0022893346143 148.0 157.0 56.0
34.09591701889028 25.333741327900142 167.0062777139092 140.0 147.0 59.0
34.0959151161179 25.790709849733428 167.01026609320417 110.0 114.0 56.0
34.55291225134202 23.048896815961346 166.98677184589476 110.0 116.0 54.0
34.55291034856965 23.50586533779463 166.9907602251897 118.0 124.0 43.0
34.55290844579727 23.962833859627914 166.99474860448464 103.0 112.0 32.0
34.55290654302489 24.4198023814612 166.9987369837796 117.0 126.0 34.0
34.552904640252514 24.87677090329448 167.00272536307452 97.0 105.0 30.0
32.724529542977635 23.958853091422487 167.4499728044569 112.0 115.0 60.0
32.72452764020525 24.41582161325577 167.45396118375186 132.0 136.0 66.0
32.72452573743288 24.872790135089055 167.45794956304678 126.0 129.0 60.0
32.7245238346605 25.329758656922337 167.4619379423417 120.0 123.0 59.0
32.72452193188813 25.786727178755623 167.46592632163666 124.0 128.0 64.0
33.18151716433986 23.501882666816826 167.4464204536222 100.0 103.0 47.0
33.18151526156748 23.958851188650108 167.45040883291716 155.0 161.0 67.0
33.1815133587951 24.415819710483394 167.4543972122121 156.0 161.0 59.0
33.181511456022726 24.872788232316676 167.458385591507 153.0 156.0 56.0
33.18150955325035 25.32975675414996 167.46237397080196 149.0 154.0 59.0
33.18150765047797 25.786725275983244 167.46636235009692 150.0 156.0 67.0
33.18150574770559 26.24369379781653 167.47035072939184 146.0 149.0 79.0
33.63850478570208 23.044912242211165 167.4428681027875 104.0 108.0 51.0
33.63850288292971 23.501880764044447 167.44685648208244 111.0 113.0 43.0
33.63850098015733 23.958849285877733 167.4508448613774 147.0 152.0 53.0
33.63849907738495 24.415817807711015 167.45483324067234 159.0 165.0 54.0
33.638497174612574 24.8727863295443 167.45882161996727 161.0 165.0 55.0
33.6384952718402 25.329754851377583 167.4628099992622 163.0 167.0 64.0
33.63849336906782 25.78672337321087 167.46679837855714 160.0 164.0 74.0
33.63849146629544 26.24369189504415 167.4707867578521 145.0 148.0 78.0
34.095492407064306 22.5879418176055 167.43931575195282 114.0 119.0 63.0
34.095490504291924 23.044910339438786 167.44330413124774 167.0 175.0 82.0
34.09548860151955 23.50187886127207 167.4472925105427 179.0 187.0 76.0
34.09548669874717 23.958847383105354 167.45128088983762 148.0 158.0 54.0
34.09548479597479 24.415815904938636 167.45526926913257 145.0 155.0 49.0
34.095482893202416 24.872784426771922 167.4592576484275 152.0 161.0 55.0
34.09548099043004 25.329752948605204 167.46324602772245 138.0 145.0 52.0
34.095479087657665 25.78672147043849 167.46723440701737 103.0 107.0 44.0
34.55247622288178 23.044908436666407 167.44374015970797 114.0 120.0 49.0
34.552474320109404 23.501876958499693 167.44772853900292 110.0 115.0 35.0
34.55247241733703 23.958845480332975 167.45171691829788 107.0 114.0 31.0
34.55247051456465 24.41581400216626 167.45570529759283 119.0 128.0 36.0
34.55246861179227 24.872782523999543 167.45969367688772 93.0 98.0 25.0
32.26710589315517 24.41183513673321 167.91049346910484 100.0 103.0 60.0
32.26710399038279 24.868803658566495 167.91448184839976 109.0 112.0 65.0
32.26710208761042 25.325772180399778 167.9184702276947 100.0 102.0 61.0
32.267100184838036 25.782740702233063 167.92245860698964 98.0 101.0 62.0
32.72409541728977 23.497896190294263 167.9029527389752 103.0 106.0 57.0
32.72409351451739 23.95486471212755 167.90694111827014 133.0 137.0 67.0
32.72409161174501 24.41183323396083 167.91092949756506 140.0 143.0 65.0
32.724089708972635 24.868801755794117 167.91491787686 141.0 144.0 63.0
32.72408780620026 25.3257702776274 167.91890625615494 138.0 142.0 65.0
32.724085903427884 25.782738799460684 167.9228946354499 139.0 143.0 73.0
32.72408400065551 26.239707321293967 167.92688301474485 109.0 112.0 64.0
33.18108303865199 23.040925765688602 167.8994003881405 96.0 99.0 44.0
33.181081135879616 23.497894287521888 167.90338876743542 134.0 139.0 62.0
33.18107923310724 23.95486280935517 167.90737714673037 155.0 161.0 64.0
33.18107733033486 24.411831331188456 167.91136552602532 157.0 161.0 58.0
33.18107542756248 24.868799853021738 167.91535390532025 162.0 165.0 60.0
33.18107352479011 25.325768374855024 167.91934228461517 168.0 170.0 68.0
33.181071622017726 25.782736896688306 167.92333066391012 165.0 170.0 73.0
33.18106971924535 26.23970541852159 167.92731904320507 148.0 150.0 80.0
33.63807066001422 22.58395534108294 167.8958480373058 107.0 110.0 57.0
33.63806875724184 23.040923862916227 167.89983641660072 147.0 153.0 71.0
33.638066854469464 23.49789238474951 167.90382479589567 155.0 164.0 67.0
33.63806495169709 23.954860906582795 167.90781317519063 157.0 165.0 57.0
33.63806304892471 24.411829428416077 167.91180155448555 159.0 165.0 51.0
33.63806114615233 24.868797950249363 167.91578993378047 168.0 171.0 56.0
33.638059243379956 25.325766472082645 167.91977831307543 168.0 170.0 64.0
33.638057340607574 25.78273499391593 167.92376669237038 160.0 163.0 73.0
33.6380554378352 26.239703515749213 167.9277550716653 129.0 133.0 64.0
34.09505637860406 22.583953438310562 167.89628406576603 137.0 142.0 78.0
34.09505447583168 23.040921960143848 167.90027244506095 151.0 158.0 72.0
34.095052573059306 23.49789048197713 167.9042608243559 148.0 157.0 58.0
34.09505067028693 23.954859003810416 167.90824920365085 153.0 161.0 52.0
34.095048767514555 24.411827525643698 167.9122375829458 158.0 164.0 51.0
34.09504686474218 24.868796047476984 167.91622596224073 155.0 163.0 57.0
34.095044961969805 25.325764569310266 167.92021434153565 151.0 159.0 62.0
34.09504305919742 25.78273309114355 167.9242027208306 139.0 146.0 60.0
34.09504115642505 26.239701612976834 167.92819110012556 94.0 98.0 45.0
34.55204019442154 23.04092005737147 167.9007084735212 92.0 101.0 37.0
34.55203829164916 23.497888579204755 167.90469685281616 127.0 134.0 40.0
34.552036388876786 23.954857101038037 167.90868523211108 115.0 122.0 32.0
34.552034486104404 24.411825622871323 167.91267361140603 118.0 126.0 32.0
34.55203258333203 24.868794144704605 167.91666199070096 105.0 112.0 30.0
32.26667367023969 23.4939097137717 168.35948502432817 102.0 103.0 63.0
32.266671767467315 23.950878235604986 168.36347340362312 118.0 122.0 66.0
32.26666986469493 24.407846757438268 168.36746178291807 121.0 122.0 74.0
32.26666796192256 24.864815279271554 168.37145016221297 106.0 108.0 62.0
32.26666605915018 25.321783801104836 168.37543854150792 94.0 95.0 57.0
32.2666641563778 25.77875232293812 168.37942692080287 106.0 107.0 68.0
32.266662253605425 26.235720844771404 168.38341530009782 84.0 86.0 54.0
32.72365938882953 23.493907810999325 168.35992105278842 106.0 108.0 57.0
32.72365748605716 23.950876332832607 168.36390943208335 147.0 151.0 72.0
32.723655583284774 24.40784485466589 168.3678978113783 144.0 146.0 67.0
32.7236536805124 24.864813376499175 168.37188619067322 139.0 140.0 62.0
32.723651777740024 25.321781898332457 168.37587456996818 140.0 142.0 66.0
32.72364987496765 25.778750420165743 168.3798629492631 145.0 148.0 75.0
32.72364797219527 26.235718941999025 168.38385132855805 110.0 113.0 62.0
33.18064891296414 22.57996886456038 168.35238032265877 95.0 97.0 59.0
33.180647010191755 23.036937386393664 168.3563687019537 141.0 146.0 78.0
33.18064510741938 23.49390590822695 168.36035708124865 126.0 130.0 56.0
33.180643204647005 23.95087443006023 168.3643454605436 136.0 140.0 49.0
33.18064130187462 24.407842951893514 168.36833383983856 156.0 158.0 56.0
33.18063939910225 24.8648114737268 168.37232221913345 162.0 163.0 60.0
33.18063749632987 25.32177999556008 168.3763105984284 161.0 164.0 61.0
33.18063559355749 25.778748517393367 168.38029897772336 176.0 180.0 79.0
33.180633690785115 26.23571703922665 168.3842873570183 167.0 170.0 85.0
33.637634631553986 22.579966961788003 168.352816351119 153.0 156.0 80.0
33.637632728781604 23.03693548362129 168.35680473041396 168.0 175.0 80.0
33.63763082600923 23.49390400545457 168.36079310970888 158.0 161.0 67.0
33.63762892323685 23.950872527287856 168.36478148900383 157.0 163.0 54.0
33.63762702046447 24.40784104912114 168.36876986829878 158.0 164.0 48.0
33.637625117692096 24.864809570954424 168.3727582475937 166.0 170.0 50.0
33.63762321491972 25.321778092787707 168.37674662688863 178.0 180.0 62.0
33.63762131214734 25.778746614620992 168.38073500618358 183.0 185.0 82.0
33.63761940937496 26.235715136454274 168.38472338547854 155.0 159.0 73.0
34.09462035014383 22.579965059015624 168.35325237957923 118.0 123.0 63.0
34.094618447371445 23.03693358084891 168.35724075887418 148.0 157.0 70.0
34.09461654459907 23.493902102682192 168.36122913816914 158.0 164.0 63.0
34.094614641826695 23.950870624515478 168.3652175174641 158.0 163.0 51.0
34.09461273905432 24.40783914634876 168.369205896759 153.0 162.0 47.0
34.094610836281944 24.864807668182046 168.37319427605394 148.0 158.0 47.0
34.09460893350957 25.321776190015328 168.3771826553489 145.0 154.0 51.0
34.09460703073719 25.778744711848613 168.38117103464384 137.0 144.0 58.0
34.09460512796481 26.235713233681896 168.38515941393877 88.0 91.0 40.0
34.5516041659613 23.03693167807653 168.3576767873344 89.0 92.0 32.0
34.551602263188926 23.493900199909817 168.36166516662936 115.0 121.0 30.0
34.55160036041655 23.9508687217431 168.36565354592432 121.0 126.0 37.0
34.55159845764417 24.407837243576385 168.36964192521927 86.0 91.0 24.0
32.26623764177945 23.48992133447676 168.8164533381414 114.0 113.0 72.0
32.26623573900707 23.946889856310047 168.82044171743632 125.0 125.0 79.0
32.26623383623469 24.40385837814333 168.82443009673128 125.0 126.0 74.0
32.266231933462315 24.860826899976615 168.8284184760262 120.0 122.0 70.0
32.26623003068994 25.317795421809898 168.83240685532115 116.0 118.0 68.0
32.26622812791756 25.774763943643183 168.8363952346161 110.0 112.0 66.0
32.26622622514518 26.231732465476465 168.84038361391103 82.0 84.0 53.0
32.723225263141664 23.0329509098711 168.81290098730668 105.0 109.0 62.0
32.72322336036929 23.489919431704383 168.81688936660163 141.0 145.0 72.0
32.723221457596914 23.94688795353767 168.82087774589658 154.0 156.0 78.0
32.72321955482454 24.40385647537095 168.82486612519153 156.0 159.0 69.0
32.72321765205216 24.860824997204237 168.82885450448643 151.0 154.0 64.0
32.72321574927979 25.31779351903752 168.83284288378138 144.0 146.0 65.0
32.723213846507406 25.774762040870804 168.83683126307633 147.0 150.0 75.0
32.72321194373503 26.231730562704087 168.8408196423713 145.0 148.0 81.0
33.180212884503895 22.57598048526544 168.80934863647198 100.0 101.0 62.0
33.18021098173151 23.032949007098722 168.81333701576693 157.0 162.0 83.0
33.18020907895914 23.489917528932008 168.81732539506189 149.0 155.0 69.0
33.18020717618676 23.94688605076529 168.8213137743568 165.0 169.0 67.0
33.18020527341438 24.403854572598576 168.82530215365176 172.0 173.0 64.0
33.180203370642005 24.860823094431858 168.8292905329467 161.0 163.0 54.0
33.18020146786963 25.317791616265144 168.83327891224164 159.0 162.0 59.0
33.18019956509725 25.774760138098426 168.83726729153656 173.0 175.0 78.0
33.18019766232487 26.23172865993171 168.84125567083152 165.0 166.0 84.0
33.63719860309374 22.57597858249306 168.8097846649322 143.0 147.0 78.0
33.63719670032136 23.032947104326347 168.81377304422716 142.0 148.0 65.0
33.637194797548986 23.48991562615963 168.81776142352211 142.0 149.0 56.0
33.63719289477661 23.946884147992915 168.82174980281707 151.0 158.0 52.0
33.63719099200423 24.403852669826197 168.825738182112 155.0 162.0 46.0
33.63718908923185 24.860821191659483 168.82972656140691 174.0 179.0 53.0
33.63718718645948 25.317789713492765 168.83371494070187 186.0 188.0 67.0
33.637185283687096 25.77475823532605 168.83770331999682 185.0 188.0 82.0
33.63718338091472 26.231726757159333 168.84169169929177 180.0 181.0 92.0
34.094184321683585 22.575976679720686 168.81022069339247 128.0 131.0 70.0
34.09418241891121 23.032945201553968 168.81420907268742 144.0 151.0 68.0
34.094180516138834 23.48991372338725 168.81819745198234 143.0 149.0 50.0
34.09417861336646 23.946882245220536 168.8221858312773 127.0 132.0 32.0
34.09417671059408 24.403850767053818 168.82617421057225 155.0 163.0 47.0
34.0941748078217 24.860819288887104 168.83016258986717 153.0 162.0 48.0
34.09417290504933 25.317787810720386 168.8341509691621 150.0 158.0 55.0
34.094171002276944 25.77475633255367 168.83813934845705 139.0 143.0 58.0
34.55117004027344 22.57597477694831 168.8106567218527 86.0 91.0 47.0
34.55116813750106 23.032943298781593 168.81464510114765 117.0 122.0 53.0
34.55116623472868 23.489911820614875 168.8186334804426 117.0 123.0 38.0
34.55116433195631 23.94688034244816 168.82262185973755 114.0 119.0 36.0
34.551162429183925 24.403848864281443 168.82661023903248 118.0 124.0 39.0
32.265801613319205 23.48593295518182 169.2734216519546 120.0 119.0 77.0
32.26579971054683 23.942901477015106 169.27741003124956 113.0 113.0 71.0
32.26579780777445 24.399869998848388 169.28139841054448 119.0 120.0 73.0
32.26579590500207 24.856838520681674 169.28538678983944 119.0 120.0 71.0
32.2657940022297 25.313807042514956 169.28937516913436 124.0 127.0 73.0
32.265792099457315 25.77077556434824 169.2933635484293 131.0 135.0 76.0
32.26579019668494 26.227744086181524 169.29735192772426 118.0 121.0 73.0
32.72278923468143 23.02896253057616 169.2698693011199 135.0 140.0 76.0
32.72278733190905 23.48593105240944 169.27385768041486 152.0 155.0 80.0
32.72278542913668 23.942899574242727 169.2778460597098 154.0 157.0 76.0
32.722783526364296 24.39986809607601 169.28183443900474 157.0 159.0 74.0
32.72278162359192 24.856836617909295 169.28582281829966 154.0 157.0 69.0
32.722779720819545 25.313805139742577 169.28981119759462 151.0 154.0 71.0
32.72277781804716 25.770773661575863 169.29379957688957 151.0 154.0 76.0
32.72277591527479 26.227742183409145 169.2977879561845 139.0 141.0 78.0
33.17977685604365 22.571992105970498 169.26631695028522 119.0 122.0 70.0
33.17977495327127 23.02896062780378 169.27030532958014 143.0 148.0 76.0
33.179773050498895 23.485929149637066 169.2742937088751 140.0 145.0 66.0
33.17977114772652 23.942897671470348 169.27828208817004 166.0 169.0 73.0
33.17976924495414 24.399866193303634 169.28227046746497 171.0 173.0 65.0
33.17976734218176 24.856834715136916 169.2862588467599 164.0 167.0 58.0
33.17976543940939 25.3138032369702 169.29024722605484 173.0 176.0 70.0
33.179763536637005 25.770771758803484 169.2942356053498 190.0 192.0 91.0
33.17976163386463 26.22774028063677 169.29822398464475 193.0 195.0 105.0
33.6367625746335 22.57199020319812 169.26675297874544 141.0 145.0 81.0
33.63676067186112 23.028958725031405 169.2707413580404 155.0 160.0 74.0
33.63675876908874 23.485927246864687 169.27472973733535 135.0 140.0 51.0
33.63675686631637 23.942895768697973 169.27871811663027 154.0 161.0 55.0
33.636754963543986 24.399864290531255 169.2827064959252 158.0 165.0 51.0
33.63675306077161 24.85683281236454 169.28669487522015 176.0 180.0 57.0
33.636751157999235 25.313801334197823 169.2906832545151 205.0 205.0 86.0
33.63674925522685 25.77076985603111 169.29467163381003 207.0 206.0 100.0
33.63674735245448 26.22773837786439 169.29866001310498 184.0 185.0 94.0
34.09374829322334 22.57198830042574 169.26718900720567 133.0 137.0 79.0
34.09374639045097 23.028956822259026 169.27117738650063 163.0 168.0 79.0
34.09374448767859 23.48592534409231 169.27516576579558 148.0 153.0 58.0
34.09374258490622 23.942893865925594 169.27915414509053 141.0 147.0 50.0
34.093740682133834 24.399862387758876 169.28314252438545 138.0 147.0 42.0
34.09373877936146 24.856830909592162 169.28713090368038 146.0 154.0 45.0
34.093736876589084 25.313799431425444 169.29111928297533 159.0 163.0 63.0
34.0937349738167 25.77076795325873 169.29510766227028 125.0 127.0 56.0
34.550732109040815 23.028954919486647 169.27161341496088 128.0 132.0 64.0
34.55073020626844 23.485923441319933 169.2756017942558 146.0 152.0 60.0
34.550728303496065 23.942891963153215 169.27959017355076 125.0 131.0 41.0
34.55072640072368 24.3998604849865 169.28357855284568 111.0 116.0 34.0
34.55072449795131 24.856829006819783 169.28756693214063 72.0 81.0 16.0
35.00771402208591 23.94289006038084 169.28002620201102 81.0 89.0 21.0
35.00771211931353 24.399858582214122 169.2840145813059 74.0 83.0 19.0
32.265367487631345 23.024976054053596 169.7264015864729 98.0 102.0 54.0
32.26536558485897 23.48194457588688 169.73038996576784 138.0 140.0 81.0
32.265363682086594 23.938913097720167 169.7343783450628 138.0 139.0 82.0
32.26536177931421 24.39588161955345 169.7383667243577 133.0 134.0 79.0
32.26535987654184 24.852850141386735 169.74235510365264 135.0 138.0 78.0
32.26535797376946 25.309818663220017 169.7463434829476 124.0 127.0 71.0
32.26535607099708 25.766787185053303 169.75033186224255 126.0 129.0 73.0
32.265354168224704 26.223755706886585 169.75432024153747 112.0 115.0 67.0
32.72235320622119 23.02497415128122 169.72683761493315 139.0 145.0 75.0
32.72235130344882 23.481942673114503 169.73082599422807 154.0 158.0 79.0
32.72234940067644 23.93891119494779 169.73481437352302 158.0 161.0 79.0
32.72234749790406 24.39587971678107 169.73880275281795 161.0 163.0 79.0
32.722345595131685 24.852848238614357 169.7427911321129 161.0 164.0 76.0
32.72234369235931 25.30981676044764 169.74677951140782 157.0 160.0 77.0
32.72234178958693 25.766785282280924 169.75076789070278 153.0 156.0 78.0
32.72233988681455 26.223753804114207 169.75475626999773 156.0 158.0 86.0
33.17934082758342 22.56800372667556 169.72328526409842 116.0 119.0 66.0
33.179338924811034 23.024972248508842 169.72727364339337 156.0 159.0 82.0
33.17933702203866 23.481940770342128 169.73126202268833 150.0 156.0 70.0
33.179335119266284 23.93890929217541 169.73525040198325 157.0 163.0 66.0
33.1793332164939 24.395877814008696 169.73923878127817 159.0 165.0 59.0
33.179331313721526 24.852846335841978 169.74322716057313 167.0 172.0 63.0
33.17932941094915 25.309814857675264 169.74721553986808 182.0 186.0 78.0
33.17932750817677 25.766783379508546 169.75120391916303 183.0 185.0 85.0
33.179325605404394 26.22375190134183 169.75519229845796 195.0 197.0 104.0
33.636326546173265 22.56800182390318 169.72372129255868 143.0 146.0 81.0
33.63632464340088 23.024970345736467 169.7277096718536 151.0 156.0 70.0
33.63632274062851 23.48193886756975 169.73169805114856 162.0 168.0 70.0
33.63632083785613 23.938907389403035 169.7356864304435 173.0 179.0 69.0
33.63631893508375 24.395875911236317 169.73967480973843 155.0 164.0 50.0
33.636317032311375 24.852844433069603 169.74366318903336 162.0 169.0 52.0
33.636315129539 25.309812954902885 169.7476515683283 195.0 196.0 80.0
33.63631322676662 25.76678147673617 169.75163994762326 202.0 202.0 96.0
33.63631132399424 26.223749998569453 169.75562832691818 176.0 177.0 85.0
34.09331226476311 22.567999921130802 169.7241573210189 113.0 115.0 70.0
34.09331036199073 23.024968442964088 169.72814570031386 147.0 151.0 75.0
34.093308459218356 23.48193696479737 169.7321340796088 153.0 156.0 62.0
34.09330655644598 23.938905486630656 169.73612245890374 142.0 146.0 51.0
34.0933046536736 24.395874008463938 169.74011083819866 135.0 140.0 42.0
34.09330275090122 24.852842530297224 169.7440992174936 142.0 150.0 46.0
34.09330084812885 25.309811052130506 169.74808759678857 158.0 163.0 61.0
34.093298945356466 25.76677957396379 169.7520759760835 147.0 147.0 68.0
34.55029798335296 22.567998018358427 169.72459334947914 96.0 96.0 59.0
34.55029608058058 23.02496654019171 169.7285817287741 133.0 136.0 73.0
34.550294177808205 23.481935062024995 169.73257010806904 146.0 151.0 65.0
34.55029227503583 23.938903583858277 169.736558487364 116.0 120.0 42.0
34.55029037226345 24.395872105691563 169.74054686665892 96.0 102.0 28.0
34.55028846949107 24.852840627524845 169.74453524595384 74.0 81.0 16.0
32.26492955639873 23.477956196591943 170.18735827958105 103.0 104.0 55.0
32.26492765362635 23.93492471842523 170.191346658876 125.0 127.0 70.0
32.26492575085397 24.39189324025851 170.19533503817092 138.0 141.0 77.0
32.264923848081594 24.848861762091797 170.19932341746588 139.0 142.0 77.0
32.26492194530922 25.30583028392508 170.20331179676083 137.0 141.0 77.0
32.264920042536836 25.762798805758365 170.20730017605575 137.0 142.0 77.0
32.26491813976446 26.219767327591647 170.2112885553507 113.0 116.0 67.0
32.721919080533326 22.564017250152997 170.1798175494514 89.0 93.0 52.0
32.72191717776095 23.020985771986282 170.18380592874635 135.0 140.0 74.0
32.721915274988575 23.477954293819565 170.1877943080413 152.0 156.0 79.0
32.7219133722162 23.93492281565285 170.19178268733626 155.0 159.0 75.0
32.72191146944382 24.391891337486133 170.19577106663115 158.0 161.0 74.0
32.72190956667144 24.84885985931942 170.1997594459261 158.0 162.0 73.0
32.72190766389907 25.3058283811527 170.20374782522106 161.0 165.0 79.0
32.721905761126685 25.762796902985986 170.207736204516 162.0 166.0 85.0
32.72190385835431 26.21976542481927 170.21172458381093 174.0 177.0 100.0
33.178904799123174 22.56401534738062 170.18025357791166 100.0 102.0 60.0
33.17890289635079 23.020983869213904 170.1842419572066 152.0 156.0 80.0
33.17890099357842 23.47795239104719 170.18823033650153 155.0 161.0 74.0
33.17889909080604 23.93492091288047 170.19221871579649 159.0 166.0 68.0
33.17889718803366 24.391889434713757 170.1962070950914 159.0 165.0 61.0
33.178895285261284 24.84885795654704 170.20019547438636 168.0 173.0 65.0
33.17889338248891 25.305826478380325 170.2041838536813 188.0 192.0 83.0
33.178891479716526 25.762795000213607 170.20817223297624 199.0 202.0 99.0
33.17888957694415 26.219763522046893 170.21216061227116 203.0 205.0 114.0
33.63589051771302 22.564013444608243 170.18068960637189 140.0 142.0 84.0
33.63588861494064 23.02098196644153 170.18467798566684 159.0 164.0 80.0
33.635886712168265 23.47795048827481 170.1886663649618 159.0 165.0 71.0
33.63588480939589 23.934919010108096 170.1926547442567 172.0 179.0 72.0
33.63588290662351 24.39188753194138 170.19664312355164 156.0 165.0 54.0
33.63588100385113 24.848856053774664 170.2006315028466 167.0 171.0 55.0
33.63587910107876 25.305824575607947 170.20461988214154 200.0 201.0 88.0
33.635877198306375 25.762793097441232 170.2086082614365 210.0 211.0 106.0
33.635875295534 26.219761619274514 170.2125966407314 179.0 181.0 91.0
34.09287623630287 22.564011541835864 170.18112563483214 135.0 139.0 80.0
34.09287433353049 23.02098006366915 170.18511401412707 143.0 150.0 72.0
34.09287243075811 23.477948585502432 170.18910239342202 149.0 154.0 61.0
34.09287052798574 23.934917107335718 170.19309077271697 160.0 164.0 59.0
34.092868625213356 24.391885629169 170.1970791520119 141.0 149.0 49.0
34.09286672244098 24.848854151002286 170.20106753130682 145.0 153.0 51.0
34.092864819668605 25.305822672835568 170.20505591060177 158.0 163.0 64.0
34.09286291689622 25.762791194668853 170.20904428989672 127.0 127.0 60.0
34.54986195489272 22.56400963906349 170.18156166329237 83.0 86.0 38.0
34.54986005212034 23.02097816089677 170.18555004258732 130.0 134.0 66.0
34.54985814934796 23.477946682730057 170.18953842188228 132.0 137.0 50.0
34.54985624657559 23.93491520456334 170.1935268011772 114.0 120.0 44.0
34.549854343803204 24.391883726396625 170.19751518047212 117.0 123.0 42.0
34.54985244103083 24.848852248229907 170.20150355976708 102.0 110.0 29.0
32.26449162516611 23.930936339130287 170.64831497268923 99.0 101.0 53.0
32.264489722393726 24.38790486096357 170.65230335198416 131.0 134.0 69.0
32.26448781962135 24.844873382796855 170.65629173127908 144.0 147.0 76.0
32.264485916848976 25.301841904630137 170.66028011057404 146.0 151.0 79.0
32.264484014076594 25.758810426463423 170.664268489869 147.0 151.0 82.0
32.26448211130422 26.215778948296705 170.6682568691639 136.0 138.0 86.0
32.72148114930071 23.016997392691344 170.6407742425596 118.0 122.0 63.0
32.72147924652833 23.473965914524626 170.6447626218545 145.0 149.0 71.0
32.72147734375596 23.930934436357912 170.64875100114946 150.0 154.0 70.0
32.721475440983575 24.387902958191194 170.6527393804444 152.0 157.0 67.0
32.7214735382112 24.844871480024477 170.65672775973934 156.0 161.0 69.0
32.721471635438824 25.301840001857762 170.6607161390343 166.0 171.0 82.0
32.72146973266644 25.758808523691044 170.66470451832922 179.0 183.0 97.0
32.72146782989407 26.215777045524327 170.66869289762414 195.0 197.0 119.0
33.17846877066293 22.560026968085683 170.63722189172486 103.0 104.0 65.0
33.17846686789055 23.016995489918965 170.64121027101982 168.0 172.0 93.0
33.178464965118174 23.47396401175225 170.64519865031477 155.0 161.0 74.0
33.1784630623458 23.930932533585533 170.64918702960972 162.0 168.0 72.0
33.178461159573416 24.38790105541882 170.65317540890462 159.0 164.0 63.0
33.17845925680104 24.8448695772521 170.65716378819957 169.0 174.0 66.0
33.178457354028666 25.301838099085387 170.66115216749452 198.0 202.0 95.0
33.17845545125629 25.75880662091867 170.66514054678947 217.0 220.0 120.0
33.178453548483915 26.21577514275195 170.6691289260844 215.0 217.0 131.0
33.63545448925278 22.560025065313305 170.63765792018512 157.0 160.0 100.0
33.6354525864804 23.01699358714659 170.64164629948007 180.0 184.0 98.0
33.63545068370802 23.473962108979872 170.645634678775 154.0 160.0 70.0
33.63544878093565 23.930930630813158 170.64962305806995 152.0 160.0 60.0
33.635446878163265 24.38789915264644 170.65361143736487 154.0 162.0 55.0
33.63544497539089 24.844867674479726 170.65759981665983 170.0 175.0 61.0
33.635443072618514 25.30183619631301 170.66158819595475 204.0 206.0 97.0
33.63544116984613 25.758804718146294 170.6655765752497 209.0 212.0 109.0
33.63543926707376 26.215773239979576 170.66956495454463 180.0 182.0 99.0
34.09244020784263 22.560023162540926 170.63809394864535 131.0 135.0 72.0
34.092438305070246 23.01699168437421 170.6420823279403 133.0 138.0 62.0
34.09243640229787 23.473960206207494 170.64607070723525 138.0 144.0 57.0
34.092434499525496 23.93092872804078 170.65005908653018 146.0 153.0 57.0
34.09243259675311 24.38789724987406 170.6540474658251 133.0 140.0 44.0
34.09243069398074 24.844865771707347 170.65803584512005 149.0 157.0 52.0
34.09242879120836 25.30183429354063 170.662024224415 167.0 172.0 72.0
34.09242688843598 25.758802815373915 170.66601260370996 133.0 135.0 65.0
34.549424023660094 23.016989781601833 170.64251835640053 117.0 124.0 55.0
34.54942212088772 23.47395830343512 170.64650673569548 110.0 113.0 43.0
34.549420218115344 23.9309268252684 170.65049511499043 106.0 112.0 40.0
34.54941831534296 24.387895347101686 170.65448349428536 110.0 116.0 36.0
34.54941641257059 24.84486386893497 170.65847187358028 97.0 107.0 27.0
32.26405749947825 23.469979438002063 171.10129490720752 84.0 88.0 42.0
32.26405559670587 23.92694795983535 171.10528328650244 95.0 98.0 47.0
32.26405369393349 24.38391648166863 171.10927166579737 123.0 126.0 61.0
32.264051791161116 24.840885003501917 171.11326004509232 150.0 154.0 74.0
32.26404988838874 25.2978535253352 171.11724842438727 154.0 159.0 82.0
32.26404798561636 25.754822047168485 171.1212368036822 160.0 163.0 92.0
32.26404608284398 26.211790569001767 171.12522518297712 152.0 154.0 101.0
32.72104512084047 23.013009013396402 171.0977425563728 115.0 119.0 62.0
32.7210432180681 23.469977535229685 171.10173093566775 145.0 150.0 71.0
32.72104131529572 23.92694605706297 171.10571931496267 151.0 155.0 69.0
32.72103941252334 24.383914578896253 171.10970769425762 163.0 168.0 70.0
32.721037509750964 24.84088310072954 171.11369607355255 165.0 170.0 72.0
32.72103560697859 25.29785162256282 171.1176844528475 177.0 182.0 90.0
32.72103370420621 25.754820144396106 171.12167283214245 197.0 200.0 112.0
32.72103180143383 26.21178866622939 171.12566121143738 209.0 210.0 137.0
33.178032742202696 22.55603858879074 171.0941902055381 94.0 96.0 59.0
33.17803083943031 23.013007110624024 171.09817858483305 175.0 179.0 100.0
33.17802893665794 23.46997563245731 171.10216696412797 159.0 164.0 76.0
33.17802703388556 23.92694415429059 171.10615534342293 167.0 173.0 76.0
33.17802513111318 24.383912676123877 171.11014372271785 167.0 173.0 68.0
33.178023228340805 24.84088119795716 171.1141321020128 180.0 185.0 74.0
33.17802132556843 25.297849719790445 171.11812048130776 205.0 209.0 103.0
33.17801942279605 25.754818241623727 171.12210886060268 223.0 225.0 130.0
33.17801752002367 26.211786763457013 171.1260972398976 218.0 219.0 137.0
33.635018460792544 22.556036686018363 171.09462623399833 135.0 138.0 85.0
33.63501655802016 23.01300520785165 171.09861461329328 179.0 183.0 98.0
33.63501465524779 23.46997372968493 171.10260299258823 175.0 180.0 85.0
33.63501275247541 23.926942251518216 171.10659137188316 161.0 168.0 66.0
33.63501084970303 24.3839107733515 171.11057975117808 157.0 165.0 55.0
33.635008946930654 24.840879295184784 171.11456813047303 179.0 185.0 68.0
33.63500704415828 25.297847817018067 171.11855650976798 195.0 200.0 89.0
33.635005141385896 25.754816338851352 171.12254488906294 198.0 202.0 101.0
33.63500323861352 26.211784860684634 171.12653326835786 140.0 142.0 74.0
34.09200417938239 22.556034783245988 171.09506226245858 89.0 90.0 43.0
34.09200227661001 23.013003305079273 171.09905064175354 149.0 154.0 73.0
34.092000373837635 23.469971826912555 171.10303902104846 141.0 145.0 59.0
34.09199847106526 23.926940348745838 171.10702740034338 134.0 139.0 50.0
34.09199656829288 24.383908870579123 171.11101577963834 127.0 132.0 39.0
34.0919946655205 24.840877392412406 171.1150041589333 139.0 143.0 43.0
34.09199276274813 25.297845914245688 171.1189925382282 163.0 169.0 68.0
34.091990859975745 25.754814436078973 171.12298091752317 123.0 127.0 58.0
34.54898799519986 23.013001402306895 171.09948667021376 96.0 104.0 41.0
34.548986092427484 23.46996992414018 171.10347504950872 95.0 101.0 38.0
34.54898418965511 23.926938445973462 171.10746342880364 95.0 102.0 36.0
32.263621471018006 23.465991058707125 171.55826322102072 90.0 94.0 48.0
32.26361956824563 23.92295958054041 171.56225160031565 115.0 120.0 58.0
32.26361766547325 24.379928102373693 171.5662399796106 108.0 111.0 49.0
32.26361576270087 24.83689662420698 171.57022835890555 143.0 147.0 65.0
32.2636138599285 25.29386514604026 171.57421673820048 164.0 169.0 86.0
32.263611957156115 25.750833667873547 171.57820511749543 187.0 190.0 116.0
32.26361005438374 26.20780218970683 171.58219349679035 151.0 152.0 103.0
32.72060909238023 23.009020634101464 171.55471087018603 139.0 145.0 77.0
32.720607189607854 23.465989155934746 171.55869924948098 154.0 158.0 83.0
32.72060528683548 23.922957677768032 171.56268762877588 165.0 171.0 79.0
32.7206033840631 24.379926199601314 171.56667600807083 166.0 171.0 70.0
32.72060148129072 24.8368947214346 171.57066438736578 176.0 181.0 78.0
32.720599578518346 25.293863243267882 171.57465276666073 191.0 195.0 98.0
32.720597675745964 25.750831765101168 171.57864114595566 219.0 222.0 138.0
32.72059577297359 26.20780028693445 171.58262952525058 196.0 197.0 141.0
33.17759671374245 22.552050209495803 171.55115851935133 86.0 88.0 50.0
33.17759481097007 23.009018731329085 171.55514689864626 151.0 153.0 85.0
33.177592908197695 23.46598725316237 171.5591352779412 169.0 172.0 90.0
33.17759100542532 23.922955774995653 171.56312365723613 183.0 187.0 86.0
33.17758910265294 24.37992429682894 171.56711203653109 186.0 191.0 80.0
33.17758719988056 24.83689281866222 171.571100415826 191.0 196.0 82.0
33.17758529710819 25.293861340495507 171.57508879512096 210.0 215.0 108.0
33.17758339433581 25.75082986232879 171.57907717441591 229.0 230.0 142.0
33.17758149156344 26.207798384162075 171.58306555371084 206.0 208.0 128.0
33.6345824323323 22.552048306723425 171.55159454781156 86.0 87.0 48.0
33.63458052955992 23.00901682855671 171.5555829271065 160.0 163.0 86.0
33.634578626787544 23.465985350389992 171.55957130640144 205.0 207.0 110.0
33.63457672401517 23.922953872223278 171.56355968569636 178.0 185.0 80.0
33.634574821242786 24.37992239405656 171.5675480649913 181.0 189.0 73.0
33.63457291847041 24.836890915889846 171.57153644428627 191.0 197.0 78.0
33.634571015698036 25.29385943772313 171.57552482358122 201.0 206.0 96.0
33.634569112925654 25.750827959556414 171.57951320287614 179.0 182.0 94.0
34.09156624814977 23.00901492578433 171.55601895556674 161.0 167.0 79.0
34.09156434537739 23.465983447617614 171.5600073348617 153.0 158.0 62.0
34.09156244260502 23.9229519694509 171.56399571415662 139.0 147.0 48.0
34.091560539832635 24.37992049128418 171.56798409345154 143.0 152.0 47.0
34.09155863706026 24.836889013117467 171.5719724727465 138.0 144.0 44.0
34.091556734287884 25.29385753495075 171.57596085204145 102.0 108.0 33.0
34.548551966739616 23.009013023011953 171.556454984027 109.0 115.0 44.0
34.54855006396724 23.46598154484524 171.56044336332192 122.0 129.0 48.0
34.548548161194866 23.92295006667852 171.56443174261685 89.0 101.0 23.0
32.26318544255776 23.462002679412183 172.01523153483396 106.0 110.0 61.0
32.26318353978539 23.91897120124547 172.01921991412888 121.0 125.0 62.0
32.263181637013005 24.37593972307875 172.0232082934238 100.0 103.0 41.0
32.26317973424063 24.832908244912037 172.02719667271876 141.0 144.0 62.0
32.263177831468255 25.28987676674532 172.0311850520137 188.0 191.0 108.0
32.26317592869587 25.746845288578605 172.03517343130864 186.0 188.0 130.0
32.2631740259235 26.203813810411887 172.03916181060356 109.0 110.0 74.0
32.72017306391999 23.005032254806522 172.01167918399923 104.0 109.0 57.0
32.72017116114761 23.462000776639805 172.0156675632942 143.0 146.0 82.0
32.720169258375236 23.91896929847309 172.0196559425891 169.0 174.0 80.0
32.720167355602854 24.375937820306373 172.02364432188406 170.0 174.0 70.0
32.72016545283048 24.83290634213966 172.02763270117902 192.0 196.0 89.0
32.7201635500581 25.28987486397294 172.03162108047394 218.0 221.0 129.0
32.72016164728572 25.746843385806226 172.0356094597689 233.0 234.0 172.0
32.720159744513346 26.20381190763951 172.03959783906382 168.0 169.0 115.0
33.17715878250983 23.005030352034144 172.0121152124595 144.0 147.0 82.0
33.17715687973745 23.46199887386743 172.01610359175444 137.0 137.0 84.0
33.17715497696508 23.91896739570071 172.02009197104934 199.0 202.0 103.0
33.1771530741927 24.375935917533997 172.0240803503443 189.0 193.0 81.0
33.17715117142033 24.83290443936728 172.02806872963924 203.0 208.0 94.0
33.17714926864795 25.289872961200565 172.0320571089342 217.0 221.0 118.0
33.17714736587557 25.746841483033847 172.03604548822912 227.0 228.0 144.0
33.177145463103194 26.203810004867133 172.04003386752404 105.0 106.0 64.0
33.63414450109968 23.00502844926177 172.01255124091972 167.0 171.0 91.0
33.6341425983273 23.46199697109505 172.01653962021467 172.0 174.0 87.0
33.634140695554926 23.918965492928336 172.0205279995096 162.0 168.0 64.0
33.634138792782544 24.37593401476162 172.02451637880455 160.0 169.0 56.0
33.63413689001017 24.832902536594904 172.02850475809947 176.0 184.0 68.0
33.63413498723779 25.289871058428187 172.03249313739443 191.0 197.0 90.0
33.63413308446541 25.746839580261472 172.03648151668935 101.0 102.0 55.0
34.091130219689525 23.00502654648939 172.01298726937998 139.0 142.0 63.0
34.09112831691715 23.461995068322672 172.0169756486749 161.0 165.0 68.0
34.091126414144775 23.918963590155958 172.02096402796982 133.0 138.0 47.0
34.09112451137239 24.37593211198924 172.02495240726478 116.0 124.0 31.0
34.09112260860002 24.832900633822526 172.02894078655973 81.0 92.0 19.0
34.54811593827937 23.00502464371701 172.0134232978402 106.0 110.0 42.0
34.548114035507 23.461993165550297 172.01741167713516 132.0 139.0 49.0
34.54811213273462 23.91896168738358 172.02140005643008 96.0 109.0 30.0
32.26274751132515 23.91498282195053 172.4761882279421 78.0 82.0 38.0
32.26274560855277 24.371951343783813 172.48017660723704 125.0 130.0 57.0
32.262743705780395 24.8289198656171 172.484164986532 157.0 160.0 82.0
32.26274180300802 25.28588838745038 172.48815336582692 173.0 175.0 111.0
32.26273990023564 25.742856909283667 172.49214174512184 143.0 144.0 104.0
32.719733229915 23.914980919178152 172.47662425640235 107.0 109.0 57.0
32.71973132714262 24.371949441011434 172.48061263569727 165.0 170.0 80.0
32.71972942437024 24.82891796284472 172.48460101499222 201.0 205.0 106.0
32.71972752159787 25.285886484678002 172.48858939428717 219.0 222.0 142.0
32.719725618825485 25.742855006511288 172.4925777735821 202.0 204.0 140.0
33.17672275404959 23.001041972739205 172.4690835262727 108.0 111.0 67.0
33.17672085127722 23.45801049457249 172.47307190556765 175.0 177.0 113.0
33.17671894850484 23.914979016405773 172.47706028486257 190.0 193.0 106.0
33.17671704573247 24.37194753823906 172.48104866415753 168.0 175.0 76.0
33.17671514296009 24.82891606007234 172.48503704345248 181.0 187.0 84.0
33.176713240187716 25.285884581905627 172.4890254227474 203.0 207.0 117.0
33.176711337415334 25.74285310373891 172.49301380204233 169.0 171.0 99.0
33.63370847263944 23.00104006996683 172.46951955473295 106.0 109.0 57.0
33.633706569867066 23.458008591800112 172.4735079340279 134.0 137.0 67.0
33.63370466709469 23.914977113633398 172.4774963133228 177.0 182.0 87.0
33.63370276432231 24.37194563546668 172.48148469261776 142.0 146.0 53.0
33.63370086154993 24.828914157299966 172.4854730719127 113.0 120.0 39.0
33.63369895877756 25.28588267913325 172.48946145120766 107.0 111.0 43.0
34.09069419122929 23.00103816719445 172.46995558319318 84.0 85.0 27.0
34.090692288456914 23.458006689027734 172.47394396248814 133.0 140.0 61.0
34.09069038568454 23.91497521086102 172.47793234178306 133.0 139.0 55.0
34.09068848291216 24.3719437326943 172.481920721078 107.0 114.0 38.0
34.09068658013978 24.828912254527587 172.48590910037294 87.0 95.0 30.0
34.090684677367406 25.28588077636087 172.4898974796679 82.0 92.0 31.0
34.54767990981914 23.001036264422073 172.47039161165344 105.0 108.0 42.0
34.54767800704676 23.45800478625536 172.47437999094836 117.0 125.0 37.0
34.54767610427439 23.91497330808864 172.4783683702433 114.0 123.0 35.0
34.54767420150201 24.371941829921926 172.48235674953824 74.0 85.0 20.0
32.26230767732015 24.824931486322157 172.9411333003452 148.0 152.0 76.0
32.26230577454778 25.28190000815544 172.94512167964015 135.0 137.0 82.0
32.719295298682376 24.367961061716496 172.9375809495105 154.0 160.0 78.0
32.71929339591 24.824929583549782 172.94156932880546 184.0 189.0 98.0
32.719291493137625 25.281898105383064 172.94555770810038 172.0 176.0 103.0
32.71928959036524 25.73886662721635 172.9495460873953 79.0 80.0 53.0
33.176282920044606 23.910990637110835 172.9340285986758 111.0 114.0 60.0
33.176281017272224 24.36795915894412 172.93801697797073 154.0 159.0 77.0
33.17627911449985 24.824927680777403 172.94200535726569 141.0 146.0 64.0
33.176277211727474 25.28189620261069 172.94599373656064 119.0 122.0 59.0
33.17627530895509 25.73886472444397 172.94998211585556 81.0 84.0 50.0
33.63326863863445 23.91098873433846 172.93446462713604 106.0 109.0 51.0
33.633266735862065 24.367957256171742 172.938453006431 113.0 118.0 50.0
33.63326483308969 24.824925778005028 172.94244138572594 121.0 127.0 53.0
33.633262930317315 25.28189429983831 172.94642976502087 114.0 117.0 57.0
34.090254357224296 23.91098683156608 172.93490065559627 135.0 144.0 59.0
34.090252454451914 24.367955353399363 172.93888903489122 123.0 130.0 50.0
34.09025055167954 24.82492387523265 172.94287741418617 118.0 124.0 49.0
32.26187164885991 24.82094310702722 173.39810161415843 86.0 88.0 52.0
32.71885927022213 24.363972682421554 173.39454926332374 113.0 116.0 63.0
32.71885736744976 24.82094120425484 173.39853764261866 166.0 171.0 92.0
32.71885546467738 25.277909726088122 173.40252602191362 137.0 139.0 84.0
33.17584498881198 24.36397077964918 173.39498529178397 116.0 122.0 56.0
33.175843086039606 24.82093930148246 173.39897367107892 123.0 128.0 56.0
33.17584118326723 25.277907823315747 173.40296205037384 127.0 130.0 68.0
33.17583928049485 25.73487634514903 173.40695042966877 100.0 101.0 65.0
33.63283070740182 24.3639688768768 173.3954213202442 122.0 128.0 54.0
33.63282880462945 24.820937398710086 173.39940969953915 112.0 117.0 50.0
33.63282690185707 25.27790592054337 173.4033980788341 124.0 126.0 64.0
33.175408960351746 24.35998240035424 173.8519536055972 79.0 83.0 37.0
33.17540705757937 24.816950922187523 173.85594198489213 100.0 104.0 50.0
33.175405154806995 25.27391944402081 173.85993036418708 91.0 93.0 51.0
34.09767064659313 23.064852235913484 165.15846256218165 75.0 86.0 33.0
34.553348279802265 23.052885195256287 166.52980353208153 79.0 82.0 42.0
34.55247812565416 22.587939914833125 167.43975178041308 76.0 84.0 38.0
34.093733071044326 26.227736475092012 169.29909604156524 97.0 98.0 45.0
32.72233798404218 26.680722325947492 169.75874464929265 90.0 91.0 57.0
33.17932370263202 26.680720423175114 169.75918067775288 127.0 129.0 75.0
32.721901955581934 26.676733946652554 170.21571296310586 104.0 106.0 69.0
33.178887674171776 26.676732043880175 170.21614899156612 122.0 123.0 76.0
32.72146592712169 26.672745567357612 170.6726812769191 82.0 83.0 57.0
