17.17716638853296 32.171782467443784 70.49728765957524 110.0 123.0 41.0
17.71098379658596 31.638311831015344 70.49182286927805 117.0 135.0 28.0
18.24480120463896 31.104841194586914 70.48635807898089 97.0 115.0 22.0
17.146103669685072 32.13525495829872 71.02878719210167 125.0 140.0 44.0
17.145038434103775 32.667660359145856 71.06531470124672 74.0 81.0 33.0
17.679921077738072 31.60178432187028 71.02332240180449 124.0 143.0 29.0
17.678855842156775 32.134189722717416 71.05984991094955 122.0 139.0 35.0
18.213738485791072 31.06831368544185 71.01785761150732 132.0 148.0 38.0
18.212673250209775 31.600719086288983 71.05438512065238 114.0 131.0 29.0
18.746490658262775 31.067248449860553 71.0489203303552 103.0 120.0 26.0
17.11504095083718 32.09872744915366 71.5602867246281 125.0 139.0 44.0
17.113975715255883 32.631132850000796 71.59681423377317 98.0 107.0 42.0
17.64885835889018 31.565256812725217 71.55482193433093 124.0 142.0 32.0
17.647793123308887 32.097662213572356 71.591349443476 127.0 143.0 39.0
17.64672788772759 32.630067614419495 71.62787695262107 116.0 129.0 40.0
18.182675766943184 31.03178617629679 71.54935714403375 132.0 147.0 44.0
18.181610531361887 31.564191577143923 71.58588465317881 114.0 131.0 28.0
18.18054529578059 32.09659697799106 71.62241216232388 118.0 133.0 34.0
18.179480060199293 32.6290023788382 71.65893967146894 110.0 124.0 37.0
18.715427939414887 31.030720940715494 71.58041986288164 91.0 104.0 26.0
18.71436270383359 31.563126341562626 71.61694737202671 100.0 117.0 23.0
18.713297468252293 32.09553174240976 71.65347488117177 103.0 120.0 25.0
17.083978231989292 32.06219994000859 72.09178625715454 128.0 140.0 54.0
17.082912996407995 32.59460534085573 72.12831376629961 107.0 116.0 51.0
17.61886087562359 30.99632390273302 72.04979395771231 123.0 139.0 39.0
17.617795640042292 31.528729303580153 72.08632146685737 132.0 149.0 39.0
17.616730404460995 32.061134704427296 72.12284897600244 128.0 144.0 41.0
17.6156651688797 32.593540105274435 72.15937648514749 117.0 131.0 41.0
18.151613048095292 30.995258667151724 72.08085667656019 116.0 131.0 36.0
18.150547812514 31.527664067998856 72.11738418570526 119.0 137.0 30.0
18.1494825769327 32.060069468845995 72.15391169485032 124.0 140.0 35.0
18.148417341351404 32.592474869693135 72.19043920399538 118.0 133.0 38.0
18.147352105770107 33.12488027054027 72.22696671314046 74.0 80.0 36.0
18.684365220567 30.994193431570427 72.1119193954081 90.0 107.0 23.0
18.6832999849857 31.52659883241756 72.14844690455315 101.0 119.0 24.0
18.682234749404405 32.0590042332647 72.1849744136982 114.0 131.0 28.0
18.681169513823107 32.59140963411184 72.22150192284327 110.0 126.0 28.0
19.216052157457405 31.52553359683626 72.17950962340103 90.0 105.0 22.0
19.214986921876108 32.0579389976834 72.21603713254609 107.0 122.0 31.0
19.213921686294814 32.59034439853054 72.25256464169117 111.0 124.0 40.0
17.0539807487227 31.493267030016387 72.58675828053592 123.0 134.0 57.0
17.052915513141404 32.02567243086353 72.62328578968098 130.0 142.0 57.0
17.05185027756011 32.55807783171067 72.65981329882605 109.0 118.0 50.0
17.587798156775705 30.95979639358796 72.58129349023875 77.0 90.0 25.0
17.586732921194407 31.492201794435093 72.6178209993838 130.0 146.0 44.0
17.58566768561311 32.02460719528223 72.65434850852887 131.0 146.0 45.0
17.584602450031813 32.55701259612937 72.69087601767393 108.0 121.0 36.0
18.120550329247408 30.958731158006664 72.61235620908663 88.0 100.0 29.0
18.11948509366611 31.491136558853796 72.6488837182317 122.0 139.0 32.0
18.118419858084817 32.023541959700935 72.68541122737676 123.0 139.0 34.0
18.11735462250352 32.555947360548075 72.72193873652182 124.0 138.0 40.0
18.116289386922222 33.08835276139521 72.7584662456669 76.0 83.0 36.0
18.653302501719114 30.957665922425367 72.64341892793453 88.0 103.0 26.0
18.652237266137817 31.4900713232725 72.67994643707958 121.0 139.0 28.0
18.65117203055652 32.02247672411964 72.71647394622464 120.0 138.0 28.0
18.650106794975223 32.55488212496678 72.75300145536971 115.0 132.0 29.0
18.649041559393925 33.08728752581391 72.78952896451477 97.0 110.0 35.0
19.18498943860952 31.4890060876912 72.71100915592747 98.0 113.0 28.0
19.183924203028223 32.02141148853834 72.74753666507254 119.0 134.0 36.0
19.182858967446926 32.55381688938548 72.7840641742176 115.0 130.0 35.0
19.181793731865632 33.08622229023261 72.82059168336265 78.0 91.0 30.0
19.71667637549993 32.02034625295705 72.77859938392042 96.0 108.0 33.0
19.715611139918632 32.55275165380419 72.81512689306548 108.0 120.0 40.0
20.248363312390335 32.551686418222886 72.84618961191336 70.0 82.0 27.0
17.022918029874813 31.456739520871324 73.11825781306236 106.0 119.0 42.0
17.021852794293515 31.989144921718463 73.15478532220742 128.0 140.0 56.0
17.020787558712218 32.5215503225656 73.19131283135249 107.0 116.0 49.0
17.55567020234652 31.455674285290026 73.14932053191023 118.0 132.0 41.0
17.554604966765222 31.988079686137166 73.18584804105531 127.0 142.0 43.0
17.553539731183925 32.52048508698431 73.22237555020037 122.0 137.0 41.0
17.552474495602628 33.05289048783144 73.25890305934543 71.0 80.0 30.0
18.08948761039952 30.922203648861597 73.14385574161307 105.0 117.0 40.0
18.088422374818222 31.45460904970873 73.18038325075814 114.0 130.0 33.0
18.087357139236925 31.98701445055587 73.2169107599032 118.0 134.0 35.0
18.08629190365563 32.51941985140301 73.25343826904825 119.0 134.0 36.0
18.085226668074334 33.05182525225014 73.28996577819332 109.0 119.0 48.0
18.622239782871223 30.9211384132803 73.17491846046096 107.0 120.0 41.0
18.62117454728993 31.453543814127432 73.21144596960602 118.0 136.0 30.0
18.62010931170863 31.985949214974575 73.24797347875108 114.0 132.0 27.0
18.619044076127334 32.518354615821714 73.28450098789615 121.0 136.0 36.0
18.617978840546037 33.050760016668846 73.32102849704121 116.0 128.0 51.0
19.153926719761632 31.45247857854614 73.24250868845391 96.0 110.0 31.0
19.152861484180335 31.984883979393278 73.27903619759897 120.0 135.0 39.0
19.151796248599037 32.51728938024041 73.31556370674403 114.0 130.0 34.0
19.15073101301774 33.049694781087545 73.35209121588909 79.0 95.0 27.0
19.685613656652038 31.98381874381198 73.31009891644686 98.0 111.0 33.0
19.684548421070744 32.51622414465912 73.34662642559192 117.0 130.0 42.0
20.218365829123744 31.982753508230683 73.34116163529474 91.0 101.0 40.0
20.217300593542447 32.515158909077826 73.37768914443981 100.0 113.0 38.0
20.751118001595447 31.981688272649386 73.37222435414265 84.0 93.0 44.0
16.990790075445627 31.952617412573403 73.68628485473384 132.0 143.0 64.0
16.989724839864333 32.48502281342054 73.72281236387892 132.0 142.0 68.0
17.525672719079925 30.886741375297834 73.64429255529161 65.0 83.0 19.0
17.52460748349863 31.419146776144967 73.68082006443667 98.0 115.0 31.0
17.523542247917334 31.951552176992106 73.71734757358175 127.0 142.0 45.0
17.522477012336036 32.48395757783925 73.75387508272681 125.0 140.0 41.0
17.52141177675474 33.01636297868638 73.79040259187187 107.0 117.0 49.0
18.05842489155163 30.885676139716537 73.6753552741395 130.0 141.0 56.0
18.057359655970334 31.41808154056367 73.71188278328458 119.0 134.0 40.0
18.056294420389037 31.95048694141081 73.74841029242963 127.0 142.0 42.0
18.05522918480774 32.48289234225795 73.78493780157469 118.0 133.0 38.0
18.054163949226442 33.01529774310508 73.82146531071976 111.0 122.0 45.0
18.591177064023334 30.88461090413524 73.7064179929874 154.0 166.0 73.0
18.590111828442037 31.417016304982372 73.74294550213246 141.0 157.0 51.0
18.58904659286074 31.94942170582951 73.77947301127752 123.0 138.0 38.0
18.587981357279446 32.481827106676654 73.81600052042259 114.0 128.0 37.0
18.58691612169815 33.014232507523786 73.85252802956765 100.0 110.0 42.0
19.123929236495037 30.883545668553943 73.73748071183529 75.0 82.0 39.0
19.122864000913744 31.415951069401075 73.77400822098033 94.0 106.0 35.0
19.121798765332446 31.948356470248214 73.81053573012541 115.0 129.0 37.0
19.12073352975115 32.48076187109535 73.84706323927047 114.0 129.0 35.0
19.119668294169852 33.013167271942486 73.88359074841553 96.0 110.0 36.0
19.655616173385447 31.414885833819778 73.80507093982824 72.0 82.0 31.0
19.65455093780415 31.94729123466692 73.8415984489733 106.0 119.0 37.0
19.653485702222852 32.47969663551406 73.87812595811836 122.0 136.0 40.0
19.652420466641555 33.01210203636119 73.91465346726342 104.0 115.0 41.0
20.187303110275852 31.946225999085623 73.87266116782118 97.0 108.0 39.0
20.18623787469456 32.47863139993276 73.90918867696625 107.0 119.0 40.0
20.72005528274756 31.945160763504326 73.90372388666908 78.0 88.0 37.0
20.718990047166262 32.477566164351465 73.94025139581413 85.0 97.0 37.0
16.95972735659774 31.916089903428336 74.2177843872603 88.0 103.0 33.0
16.95866212101644 32.448495304275475 74.25431189640535 128.0 138.0 67.0
17.494610000232036 30.850213866152767 74.17579208781805 71.0 89.0 21.0
17.49354476465074 31.3826192669999 74.21231959696311 67.0 86.0 20.0
17.492479529069445 31.91502466784704 74.24884710610819 114.0 129.0 39.0
17.49141429348815 32.44743006869418 74.28537461525325 134.0 148.0 53.0
17.49034905790685 32.979835469541314 74.32190212439829 80.0 87.0 41.0
18.027362172703743 30.849148630571474 74.20685480666593 104.0 115.0 45.0
18.026296937122446 31.381554031418606 74.243382315811 88.0 104.0 31.0
18.02523170154115 31.913959432265745 74.27990982495606 114.0 127.0 41.0
18.02416646595985 32.44636483311288 74.31643733410112 121.0 136.0 42.0
18.023101230378554 32.97877023396001 74.3529648432462 92.0 106.0 35.0
18.560114345175446 30.848083394990176 74.23791752551384 101.0 110.0 49.0
18.55904910959415 31.38048879583731 74.2744450346589 119.0 131.0 49.0
18.55798387401285 31.912894196684448 74.31097254380396 115.0 129.0 42.0
18.556918638431554 32.44529959753159 74.34750005294902 121.0 134.0 48.0
18.55585340285026 32.97770499837872 74.38402756209408 110.0 121.0 46.0
19.09286651764715 30.84701815940888 74.26898024436171 78.0 87.0 39.0
19.091801282065852 31.37942356025601 74.30550775350677 108.0 119.0 50.0
19.090736046484558 31.91182896110315 74.34203526265185 115.0 127.0 46.0
19.08967081090326 32.44423436195029 74.37856277179691 122.0 135.0 45.0
19.088605575321964 32.976639762797426 74.41509028094197 108.0 120.0 42.0
19.62455345453756 31.378358324674714 74.33657047235468 93.0 101.0 44.0
19.62348821895626 31.910763725521853 74.37309798149974 105.0 118.0 38.0
19.622422983374964 32.44316912636899 74.40962549064479 118.0 133.0 37.0
19.621357747793667 32.975574527216125 74.44615299978986 96.0 112.0 31.0
19.62029251221237 33.507979928063264 74.48268050893492 75.0 89.0 30.0
20.15730562700926 31.377293089093417 74.36763319120256 80.0 83.0 45.0
20.156240391427964 31.909698489940556 74.40416070034762 93.0 104.0 38.0
20.155175155846667 32.4421038907877 74.44068820949269 105.0 117.0 39.0
20.154109920265373 32.97450929163483 74.47721571863775 89.0 97.0 46.0
20.68899256389967 31.90863325435926 74.43522341919551 73.0 84.0 33.0
20.687927328318374 32.4410386552064 74.47175092834057 90.0 105.0 32.0
16.927599402168557 32.411967795130415 74.7858114289318 94.0 99.0 62.0
17.46248204580285 31.34609175785484 74.74381912948957 76.0 95.0 23.0
17.461416810221554 31.87849715870198 74.78034663863463 103.0 118.0 37.0
17.460351574640256 32.41090255954912 74.81687414777967 132.0 143.0 68.0
17.459286339058963 32.943307960396254 74.85340165692475 106.0 113.0 62.0
17.99629945385585 30.81262112142641 74.73835433919237 91.0 102.0 35.0
17.995234218274554 31.345026522273542 74.77488184833744 81.0 95.0 29.0
17.99416898269326 31.87743192312068 74.8114093574825 106.0 118.0 40.0
17.993103747111963 32.40983732396782 74.84793686662758 114.0 127.0 45.0
17.992038511530666 32.94224272481495 74.88446437577264 104.0 115.0 43.0
18.529051626327558 30.811555885845113 74.76941705804028 82.0 92.0 36.0
18.52798639074626 31.343961286692245 74.80594456718534 84.0 93.0 36.0
18.526921155164963 31.876366687539385 74.84247207633038 96.0 108.0 34.0
18.525855919583666 32.40877208838653 74.87899958547546 103.0 116.0 37.0
18.52479068400237 32.94117748923366 74.91552709462051 112.0 124.0 44.0
19.06180379879926 30.810490650263816 74.80047977688815 67.0 80.0 28.0
19.060738563217964 31.342896051110948 74.83700728603321 80.0 88.0 35.0
19.059673327636666 31.87530145195809 74.87353479517829 101.0 113.0 39.0
19.05860809205537 32.40770685280523 74.91006230432335 107.0 119.0 39.0
19.057542856474075 32.94011225365236 74.94658981346842 109.0 121.0 44.0
19.056477620892778 33.4725176544995 74.98311732261347 95.0 103.0 47.0
19.594555971270964 30.809425414682522 74.83154249573604 89.0 95.0 45.0
19.593490735689667 31.341830815529654 74.8680700048811 91.0 102.0 38.0
19.592425500108373 31.874236216376794 74.90459751402616 103.0 115.0 39.0
19.591360264527076 32.40664161722393 74.94112502317122 119.0 131.0 49.0
19.59029502894578 32.939047018071065 74.9776525323163 95.0 108.0 37.0
19.58922979336448 33.471452418918204 75.01418004146136 76.0 91.0 29.0
20.126242908161373 31.340765579948357 74.899132723729 96.0 104.0 50.0
20.125177672580076 31.873170980795496 74.93566023287406 106.0 116.0 46.0
20.12411243699878 32.40557638164264 74.97218774201913 117.0 129.0 49.0
20.12304720141748 32.93798178248977 75.00871525116418 114.0 125.0 53.0
20.65792984505178 31.8721057452142 74.96672295172195 79.0 92.0 31.0
20.65686460947048 32.40451114606134 75.00325046086701 94.0 107.0 34.0
20.655799373889188 32.93691654690847 75.03977797001207 74.0 85.0 30.0
21.18961678194219 32.403445910480045 75.0343131797149 83.0 92.0 40.0
17.43035409137367 31.841969649556916 75.31184617116105 87.0 104.0 32.0
17.42928885579237 32.374375050404055 75.34837368030611 119.0 128.0 63.0
17.428223620211075 32.90678045125119 75.38490118945118 110.0 116.0 71.0
17.965236735007966 30.776093612281347 75.26985387171882 85.0 97.0 29.0
17.96417149942667 31.30849901312848 75.30638138086388 81.0 94.0 29.0
17.963106263845372 31.84090441397562 75.34290889000894 98.0 110.0 37.0
17.96204102826408 32.373309814822754 75.37943639915402 117.0 129.0 48.0
17.96097579268278 32.905715215669886 75.41596390829908 116.0 128.0 49.0
18.49798890747967 30.77502837670005 75.3009165905667 71.0 81.0 28.0
18.49585843631708 31.83983917839432 75.37397160885683 92.0 104.0 34.0
18.49479320073578 32.37224457924146 75.4104991180019 108.0 122.0 39.0
18.493727965154484 32.90464998008859 75.44702662714695 119.0 132.0 48.0
18.492662729573187 33.43705538093573 75.48355413629203 93.0 102.0 37.0
19.02967584437008 31.306368541965885 75.36850681855967 88.0 98.0 38.0
19.02861060878878 31.838773942813024 75.40503432770473 97.0 110.0 35.0
19.027545373207484 32.37117934366017 75.44156183684979 108.0 121.0 38.0
19.026480137626187 32.9035847445073 75.47808934599485 119.0 132.0 47.0
19.025414902044893 33.43599014535444 75.5146168551399 108.0 117.0 55.0
19.56349325242308 30.772897905537455 75.36304202826247 73.0 83.0 33.0
19.562428016841782 31.305303306384587 75.39956953740754 104.0 115.0 40.0
19.561362781260485 31.837708707231727 75.4360970465526 114.0 128.0 38.0
19.56029754567919 32.370114108078866 75.47262455569768 116.0 129.0 41.0
19.559232310097894 32.902519508926 75.50915206484274 110.0 122.0 41.0
19.558167074516597 33.43492490977314 75.5456795739878 91.0 107.0 34.0
20.09518018931349 31.30423807080329 75.43063225625544 94.0 101.0 48.0
20.09411495373219 31.836643471650433 75.46715976540051 95.0 106.0 39.0
20.093049718150894 32.36904887249757 75.50368727454556 109.0 121.0 42.0
20.091984482569597 32.901454273344704 75.54021478369062 108.0 119.0 46.0
20.625801890622597 32.36798363691627 75.53474999339345 90.0 101.0 35.0
20.6247366550413 32.900389037763404 75.5712775025385 93.0 101.0 43.0
21.158554063094304 32.36691840133498 75.56581271224132 85.0 95.0 40.0
17.398226136944483 32.337847541258995 75.87987321283255 69.0 81.0 31.0
17.397160901363186 32.87025294210613 75.91640072197762 119.0 124.0 78.0
17.93310878057878 31.271971503983416 75.83788091339032 81.0 97.0 24.0
17.932043544997484 31.804376904830555 75.87440842253538 78.0 95.0 26.0
17.930978309416187 32.336782305677694 75.91093593168044 109.0 120.0 47.0
17.929913073834893 32.869187706524826 75.9474634408255 122.0 132.0 58.0
17.928847838253596 33.401593107371966 75.98399094997056 76.0 81.0 47.0
18.46692618863178 30.73850086755499 75.83241612309314 71.0 81.0 27.0
18.465860953050484 31.270906268402122 75.8689436322382 78.0 91.0 26.0
18.46479571746919 31.80331166924926 75.90547114138327 93.0 105.0 32.0
18.463730481887893 32.3357170700964 75.94199865052833 111.0 124.0 40.0
18.462665246306596 32.86812247094353 75.9785261596734 118.0 131.0 46.0
18.4616000107253 33.40052787179067 76.01505366881847 82.0 90.0 37.0
18.99861312552219 31.269841032820825 75.9000063510861 95.0 106.0 36.0
18.997547889940893 31.802246433667964 75.93653386023115 103.0 116.0 36.0
18.996482654359596 32.3346518345151 75.97306136937621 112.0 126.0 35.0
18.9954174187783 32.86705723536223 76.00958887852128 124.0 137.0 49.0
18.994352183197 33.39946263620938 76.04611638766634 128.0 140.0 56.0
19.531365297993894 31.268775797239527 75.93106906993398 98.0 108.0 45.0
19.530300062412596 31.801181198086667 75.96759657907904 111.0 125.0 37.0
19.5292348268313 32.333586598933806 76.00412408822412 119.0 133.0 37.0
19.528169591250006 32.86599199978094 76.04065159736918 117.0 131.0 42.0
19.52710435566871 33.39839740062808 76.07717910651424 110.0 122.0 44.0
20.064117470465597 31.26771056165823 75.96213178878186 91.0 98.0 49.0
20.063052234884303 31.80011596250537 75.99865929792693 80.0 93.0 29.0
20.061986999303006 32.33252136335251 76.035186807072 102.0 115.0 34.0
20.06092176372171 32.864926764199645 76.07171431621705 108.0 120.0 42.0
20.05985652814041 33.397332165046784 76.10824182536213 81.0 95.0 30.0
20.59473917177471 32.33145612777121 76.06624952591989 82.0 91.0 35.0
20.59367393619341 32.863861528618344 76.10277703506496 106.0 116.0 53.0
20.592608700612114 33.39626692946548 76.13930454421 103.0 111.0 53.0
21.127491344246412 32.33039089218992 76.09731224476776 78.0 90.0 36.0
21.126426108665118 32.86279629303705 76.13383975391284 76.0 83.0 40.0
17.900980826149596 31.76784939568549 76.4059079550618 79.0 97.0 23.0
17.8999155905683 32.300254796532634 76.44243546420688 86.0 101.0 32.0
17.898850354987 32.83266019737977 76.47896297335194 120.0 128.0 67.0
18.434798234202596 31.234378759257055 76.40044316476464 79.0 96.0 21.0
18.4337329986213 31.766784160104194 76.43697067390971 86.0 100.0 27.0
18.432667763040005 32.29918956095133 76.47349818305477 100.0 112.0 37.0
18.431602527458708 32.831594961798466 76.51002569219983 119.0 131.0 51.0
18.43053729187741 33.364000362645605 76.54655320134489 80.0 86.0 44.0
18.967550406674302 31.233313523675758 76.43150588361253 91.0 103.0 32.0
18.966485171093005 31.765718924522897 76.46803339275759 109.0 121.0 41.0
18.965419935511708 32.29812432537004 76.50456090190265 119.0 132.0 44.0
18.96435469993041 32.83052972621717 76.54108841104772 127.0 139.0 54.0
18.963289464349113 33.36293512706431 76.57761592019278 130.0 141.0 65.0
19.500302579146005 31.23224828809446 76.46256860246042 97.0 107.0 42.0
19.499237343564708 31.764653688941603 76.49909611160548 109.0 123.0 37.0
19.49817210798341 32.29705908978874 76.53562362075056 123.0 137.0 44.0
19.497106872402114 32.82946449063587 76.5721511298956 124.0 137.0 49.0
19.49604163682082 33.36186989148301 76.60867863904066 121.0 132.0 55.0
20.03305475161771 31.231183052513167 76.4936313213083 87.0 95.0 43.0
20.03198951603641 31.763588453360306 76.53015883045337 89.0 99.0 37.0
20.030924280455118 32.295993854207445 76.56668633959843 103.0 115.0 42.0
20.02985904487382 32.82839925505458 76.6032138487435 118.0 129.0 53.0
20.028793809292523 33.36080465590172 76.63974135788857 116.0 127.0 53.0
20.56367645292682 32.29492861862615 76.59774905844631 67.0 80.0 28.0
20.562611217345523 32.827334019473284 76.63427656759139 103.0 113.0 49.0
20.561545981764226 33.35973942032042 76.67080407673645 112.0 121.0 55.0
21.095363389817226 32.82626878389198 76.66533928643928 83.0 89.0 48.0
17.86885287172041 32.26372728738757 76.97393499673332 78.0 93.0 31.0
18.40267027977341 31.730256650959134 76.96847020643615 75.0 95.0 18.0
18.401605044192113 32.262662051806274 77.0049977155812 85.0 99.0 31.0
18.400539808610816 32.795067452653406 77.04152522472626 122.0 132.0 63.0
18.399474573029522 33.327472853500545 77.07805273387133 151.0 161.0 97.0
18.93648768782641 31.196786014530698 76.96300541613897 96.0 110.0 32.0
18.935422452245113 31.729191415377837 76.99953292528403 103.0 116.0 37.0
18.93435721666382 32.26159681622498 77.03606043442909 113.0 126.0 45.0
18.933291981082522 32.79400221707211 77.07258794357416 129.0 141.0 58.0
18.932226745501225 33.32640761791925 77.10911545271922 125.0 133.0 74.0
19.469239860298117 31.1957207789494 76.99406813498686 150.0 154.0 67.0
19.46817462471682 31.72812617979654 77.0305956441319 129.0 141.0 55.0
19.467109389135523 32.26053158064368 77.06712315327698 135.0 148.0 56.0
19.466044153554225 32.79293698149081 77.10365066242204 136.0 149.0 57.0
19.46497891797293 33.32534238233795 77.1401781715671 133.0 144.0 65.0
20.00199203276982 31.194655543368103 77.02513085383474 76.0 83.0 37.0
20.000926797188523 31.727060944215243 77.06165836297981 75.0 82.0 36.0
19.999861561607226 32.259466345062386 77.09818587212487 94.0 105.0 40.0
19.99879632602593 32.79187174590952 77.13471338126993 119.0 131.0 51.0
19.997731090444635 33.32427714675666 77.171240890415 125.0 137.0 56.0
20.531548498497635 32.79080651032822 77.16577610011782 92.0 102.0 44.0
20.530483262916338 33.323211911175356 77.20230360926288 112.0 121.0 58.0
18.369477089762928 32.75853994350834 77.57302475725271 76.0 89.0 35.0
18.36841185418163 33.29094534435548 77.60955226639777 78.0 81.0 54.0
18.903294497815928 32.22506930707991 77.56755996695553 81.0 90.0 34.0
18.902229262234634 32.757474707927045 77.6040874761006 122.0 132.0 63.0
18.901164026653337 33.289880108774184 77.64061498524565 136.0 145.0 84.0
19.43711190586893 31.691598670651477 77.56209517665835 74.0 83.0 26.0
19.436046670287634 32.22400407149861 77.59862268580342 84.0 94.0 34.0
19.434981434706337 32.756409472345744 77.63515019494848 137.0 151.0 67.0
19.43391619912504 33.28881487319289 77.67167770409354 141.0 149.0 75.0
19.969864078340635 31.69053343507018 77.59315789550625 78.0 88.0 31.0
19.968798842759337 32.22293883591732 77.62968540465131 91.0 101.0 38.0
19.96773360717804 32.75534423676445 77.66621291379636 111.0 122.0 52.0
19.966668371596743 33.28774963761159 77.70274042294143 129.0 139.0 65.0
20.502616250812338 31.689468199488882 77.62422061435413 74.0 87.0 30.0
18.871166543386746 32.720947198781985 78.13558700862703 85.0 94.0 41.0
18.870101307805452 33.253352599629125 78.17211451777209 88.0 90.0 55.0
19.403918715858453 32.719881963200685 78.16664972747492 157.0 159.0 80.0
19.402853480277155 33.252287364047824 78.20317723662 191.0 192.0 110.0
19.937736123911453 32.18641132677226 78.16118493717774 88.0 98.0 36.0
19.936670888330156 32.71881672761939 78.1977124463228 100.0 111.0 42.0
19.93560565274886 33.25122212846653 78.23423995546787 113.0 123.0 54.0
20.471553531964453 31.652940690343822 78.15572014688057 79.0 94.0 28.0
20.470488296383156 32.18534609119096 78.19224765602563 93.0 107.0 33.0
20.46942306080186 32.71775149203809 78.2287751651707 69.0 87.0 22.0
19.907738640644858 31.617478416780052 78.65615696055912 70.0 89.0 19.0
19.906673405063565 32.14988381762719 78.69268446970418 82.0 98.0 26.0
