9.117 2.142 59.820 95.000 110.000 29.000
9.649 2.673 59.887 72.000 90.000 22.000
8.555 1.042 60.247 102.000 117.000 31.000
8.554 1.574 60.284 104.000 119.000 33.000
8.553 2.107 60.320 107.000 121.000 34.000
9.087 1.573 60.315 108.000 123.000 33.000
9.086 2.105 60.351 99.000 113.000 33.000
9.085 2.638 60.388 97.000 111.000 33.000
9.619 2.104 60.382 94.000 108.000 31.000
9.618 2.637 60.419 75.000 92.000 23.000
8.524 1.005 60.779 100.000 113.000 33.000
8.523 1.538 60.815 103.000 117.000 33.000
8.522 2.070 60.852 107.000 122.000 34.000
8.521 2.602 60.888 119.000 133.000 43.000
8.520 3.135 60.925 127.000 141.000 50.000
9.057 1.004 60.810 122.000 137.000 41.000
9.056 1.537 60.846 109.000 123.000 33.000
9.055 2.069 60.883 107.000 121.000 38.000
9.054 2.601 60.919 109.000 122.000 41.000
9.053 3.134 60.956 108.000 119.000 45.000
9.589 1.535 60.877 117.000 132.000 34.000
9.588 2.068 60.914 95.000 109.000 32.000
9.586 2.600 60.950 79.000 92.000 28.000
6.358 3.103 61.332 138.000 141.000 94.000
6.891 3.102 61.363 140.000 150.000 75.000
7.424 2.568 61.358 127.000 139.000 53.000
7.423 3.100 61.394 143.000 155.000 62.000
7.422 3.633 61.431 105.000 112.000 59.000
7.960 0.970 61.279 94.000 102.000 44.000
7.959 1.502 61.316 84.000 95.000 36.000
7.958 2.035 61.352 87.000 100.000 32.000
7.957 2.567 61.389 121.000 134.000 47.000
7.956 3.099 61.425 132.000 145.000 55.000
7.955 3.632 61.462 121.000 129.000 64.000
8.493 0.969 61.310 91.000 102.000 37.000
8.492 1.501 61.347 96.000 108.000 37.000
8.491 2.034 61.383 96.000 109.000 33.000
8.490 2.566 61.420 105.000 118.000 37.000
8.489 3.098 61.456 112.000 125.000 43.000
8.488 3.631 61.493 121.000 129.000 68.000
9.027 0.435 61.305 96.000 108.000 37.000
9.026 0.968 61.341 105.000 117.000 40.000
9.025 1.500 61.378 102.000 114.000 37.000
9.024 2.032 61.414 102.000 115.000 36.000
9.023 2.565 61.451 109.000 122.000 41.000
9.022 3.097 61.487 104.000 115.000 44.000
9.560 0.434 61.336 109.000 122.000 36.000
9.559 0.967 61.372 106.000 120.000 34.000
9.558 1.499 61.409 108.000 123.000 34.000
9.556 2.031 61.445 102.000 115.000 35.000
9.555 2.564 61.482 97.000 109.000 36.000
9.554 3.096 61.518 86.000 98.000 35.000
10.091 0.965 61.403 103.000 116.000 35.000
10.090 1.498 61.440 97.000 110.000 33.000
6.327 3.066 61.864 118.000 123.000 84.000
6.861 2.533 61.858 133.000 139.000 79.000
6.860 3.065 61.895 171.000 180.000 103.000
7.395 1.467 61.816 67.000 80.000 30.000
7.393 2.532 61.889 125.000 135.000 60.000
7.392 3.064 61.926 150.000 164.000 77.000
7.391 3.596 61.962 128.000 136.000 76.000
7.929 0.933 61.811 69.000 80.000 33.000
7.928 1.466 61.847 94.000 101.000 45.000
7.927 1.998 61.884 72.000 85.000 29.000
7.926 2.530 61.920 109.000 121.000 45.000
7.925 3.063 61.957 129.000 141.000 56.000
7.924 3.595 61.993 119.000 127.000 67.000
8.461 1.465 61.878 99.000 109.000 43.000
8.460 1.997 61.915 86.000 98.000 32.000
8.459 2.529 61.951 83.000 96.000 29.000
8.458 3.062 61.988 99.000 110.000 40.000
8.457 3.594 62.024 87.000 92.000 52.000
8.996 0.399 61.836 85.000 95.000 37.000
8.994 1.464 61.909 95.000 106.000 37.000
8.993 1.996 61.946 103.000 116.000 36.000
8.992 2.528 61.982 101.000 113.000 38.000
8.991 3.061 62.019 84.000 99.000 30.000
9.529 0.398 61.867 87.000 97.000 34.000
9.528 0.930 61.904 95.000 108.000 31.000
9.526 1.462 61.940 99.000 109.000 35.000
9.525 1.995 61.977 112.000 125.000 41.000
9.524 2.527 62.013 104.000 117.000 36.000
9.523 3.060 62.050 101.000 112.000 43.000
10.061 0.397 61.898 104.000 116.000 40.000
10.060 0.929 61.935 108.000 121.000 37.000
10.059 1.461 61.971 90.000 101.000 34.000
10.058 1.994 62.008 94.000 108.000 33.000
10.057 2.526 62.044 66.000 82.000 23.000
10.593 0.928 61.966 120.000 116.000 43.000
10.592 1.460 62.002 97.000 107.000 41.000
7.364 1.430 62.348 83.000 89.000 43.000
7.362 2.495 62.421 116.000 125.000 60.000
7.361 3.027 62.457 161.000 171.000 94.000
7.360 3.560 62.494 116.000 123.000 69.000
7.898 0.897 62.342 89.000 91.000 52.000
7.897 1.429 62.379 91.000 97.000 45.000
7.896 1.962 62.415 90.000 97.000 44.000
7.895 2.494 62.452 141.000 150.000 76.000
7.894 3.026 62.488 146.000 155.000 74.000
7.893 3.559 62.525 123.000 130.000 71.000
8.431 0.896 62.373 95.000 101.000 52.000
8.430 1.428 62.410 104.000 114.000 48.000
8.429 1.960 62.446 110.000 121.000 48.000
8.428 2.493 62.483 107.000 117.000 48.000
8.427 3.025 62.519 85.000 98.000 36.000
8.965 0.362 62.368 89.000 97.000 47.000
8.964 0.895 62.404 97.000 106.000 49.000
8.963 1.427 62.441 115.000 127.000 48.000
8.962 1.959 62.477 114.000 126.000 45.000
8.961 2.492 62.514 84.000 96.000 33.000
8.959 3.024 62.550 74.000 89.000 28.000
9.498 0.361 62.399 98.000 106.000 50.000
9.496 0.894 62.435 97.000 108.000 40.000
9.495 1.426 62.472 118.000 131.000 43.000
9.494 1.958 62.508 109.000 122.000 37.000
9.493 2.491 62.545 101.000 113.000 40.000
9.492 3.023 62.581 77.000 86.000 37.000
10.031 -0.172 62.393 105.000 112.000 48.000
10.030 0.360 62.430 110.000 123.000 41.000
10.029 0.892 62.466 112.000 111.000 39.000
10.028 1.425 62.503 116.000 129.000 42.000
10.027 1.957 62.539 110.000 124.000 37.000
10.564 -0.173 62.424 117.000 129.000 50.000
10.563 0.359 62.461 113.000 120.000 43.000
10.562 0.891 62.497 112.000 118.000 42.000
10.561 1.424 62.534 104.000 117.000 36.000
10.560 1.956 62.571 102.000 114.000 36.000
7.333 1.394 62.879 85.000 92.000 43.000
7.332 1.926 62.916 71.000 83.000 32.000
7.331 2.458 62.952 78.000 92.000 31.000
7.330 2.991 62.989 135.000 142.000 72.000
7.867 0.860 62.874 95.000 97.000 55.000
7.866 1.393 62.910 96.000 102.000 52.000
7.865 1.925 62.947 86.000 97.000 38.000
7.864 2.457 62.983 99.000 110.000 42.000
7.863 2.990 63.020 112.000 122.000 53.000
8.400 0.859 62.905 93.000 98.000 49.000
8.399 1.392 62.941 102.000 111.000 49.000
8.398 1.924 62.978 124.000 134.000 63.000
8.397 2.456 63.014 127.000 137.000 61.000
8.396 2.989 63.051 113.000 122.000 56.000
8.934 0.326 62.899 101.000 110.000 52.000
8.933 0.858 62.936 108.000 117.000 54.000
8.932 1.390 62.972 110.000 122.000 44.000
8.931 1.923 63.009 132.000 142.000 61.000
8.929 2.455 63.045 99.000 110.000 44.000
8.928 2.988 63.082 84.000 95.000 38.000
9.465 0.857 62.967 109.000 119.000 47.000
9.464 1.389 63.003 119.000 132.000 44.000
9.463 1.922 63.040 128.000 141.000 48.000
9.462 2.454 63.076 99.000 110.000 40.000
9.999 0.324 62.961 109.000 121.000 43.000
9.998 0.856 62.998 112.000 119.000 43.000
9.997 1.388 63.034 114.000 128.000 40.000
9.996 1.921 63.071 115.000 129.000 40.000
9.995 2.453 63.107 93.000 103.000 39.000
10.533 -0.210 62.956 128.000 140.000 57.000
10.532 0.322 62.992 119.000 132.000 49.000
10.531 0.855 63.029 115.000 126.000 45.000
10.530 1.387 63.065 118.000 132.000 38.000
10.529 1.920 63.102 111.000 125.000 34.000
10.528 2.452 63.139 77.000 86.000 34.000
11.066 -0.211 62.987 80.000 87.000 40.000
11.065 0.321 63.024 109.000 115.000 56.000
11.064 0.854 63.060 102.000 99.000 48.000
7.302 1.357 63.411 72.000 84.000 32.000
7.301 1.890 63.447 68.000 84.000 25.000
7.300 2.422 63.484 87.000 101.000 32.000
7.299 2.954 63.520 114.000 126.000 47.000
7.836 0.824 63.405 98.000 101.000 53.000
7.835 1.356 63.442 96.000 102.000 46.000
7.834 1.888 63.478 101.000 111.000 43.000
7.833 2.421 63.515 105.000 117.000 40.000
7.832 2.953 63.551 99.000 114.000 34.000
8.369 0.823 63.436 84.000 94.000 40.000
8.368 1.355 63.473 104.000 115.000 46.000
8.367 1.887 63.509 121.000 134.000 49.000
8.366 2.420 63.546 115.000 127.000 45.000
8.365 2.952 63.582 94.000 104.000 38.000
8.903 0.289 63.431 81.000 90.000 41.000
8.902 0.822 63.467 91.000 99.000 44.000
8.901 1.354 63.504 107.000 120.000 40.000
8.899 1.886 63.540 114.000 128.000 40.000
8.898 2.419 63.577 113.000 126.000 42.000
8.897 2.951 63.613 89.000 102.000 34.000
9.434 0.820 63.498 85.000 94.000 37.000
9.433 1.353 63.535 105.000 118.000 36.000
9.432 1.885 63.571 111.000 125.000 37.000
9.431 2.418 63.608 93.000 105.000 34.000
9.430 2.950 63.644 64.000 81.000 22.000
9.968 0.287 63.493 76.000 85.000 34.000
9.967 0.819 63.529 109.000 122.000 40.000
9.966 1.352 63.566 114.000 128.000 38.000
9.965 1.884 63.602 112.000 125.000 40.000
9.964 2.417 63.639 101.000 112.000 43.000
9.963 2.949 63.676 77.000 83.000 41.000
10.502 -0.246 63.487 117.000 129.000 50.000
10.501 0.286 63.524 121.000 134.000 46.000
10.500 0.818 63.560 114.000 126.000 44.000
10.499 1.351 63.597 112.000 126.000 36.000
10.498 1.883 63.634 109.000 123.000 38.000
10.497 2.416 63.670 91.000 99.000 43.000
11.035 -0.248 63.518 136.000 146.000 74.000
11.034 0.285 63.555 124.000 135.000 55.000
11.033 0.817 63.592 125.000 136.000 59.000
11.032 1.350 63.628 106.000 116.000 49.000
7.271 1.321 63.942 69.000 83.000 30.000
7.270 1.853 63.979 71.000 84.000 28.000
7.805 0.787 63.937 96.000 100.000 55.000
7.804 1.320 63.973 103.000 111.000 52.000
7.803 1.852 64.010 111.000 121.000 54.000
7.802 2.384 64.046 110.000 122.000 43.000
7.801 2.917 64.083 104.000 116.000 37.000
8.338 0.786 63.968 92.000 99.000 46.000
8.337 1.318 64.004 115.000 125.000 54.000
8.336 1.851 64.041 118.000 130.000 49.000
8.335 2.383 64.077 109.000 122.000 40.000
8.334 2.916 64.114 89.000 106.000 27.000
8.869 1.317 64.035 102.000 113.000 43.000
8.868 1.850 64.072 110.000 123.000 39.000
8.867 2.382 64.108 103.000 117.000 34.000
8.866 2.915 64.145 86.000 102.000 27.000
9.402 1.316 64.066 94.000 106.000 36.000
9.401 1.849 64.103 98.000 111.000 34.000
9.400 2.381 64.139 86.000 99.000 29.000
9.399 2.914 64.176 73.000 89.000 25.000
9.937 0.250 64.024 89.000 99.000 40.000
9.936 0.783 64.061 97.000 110.000 34.000
9.935 1.315 64.097 109.000 123.000 36.000
9.934 1.848 64.134 106.000 119.000 39.000
9.933 2.380 64.170 95.000 106.000 40.000
9.932 2.912 64.207 81.000 89.000 39.000
10.471 -0.283 64.019 103.000 114.000 45.000
10.470 0.249 64.055 121.000 134.000 48.000
10.469 0.782 64.092 124.000 138.000 45.000
10.468 1.314 64.128 121.000 134.000 44.000
10.467 1.847 64.165 117.000 130.000 44.000
10.466 2.379 64.202 103.000 113.000 48.000
11.004 -0.284 64.050 140.000 149.000 79.000
11.003 0.248 64.087 130.000 142.000 57.000
11.002 0.781 64.123 128.000 141.000 52.000
11.000 1.313 64.160 113.000 124.000 50.000
11.534 0.780 64.154 91.000 97.000 44.000
7.240 1.284 64.474 72.000 83.000 34.000
7.773 1.283 64.505 99.000 104.000 54.000
8.306 1.282 64.536 99.000 106.000 53.000
8.305 1.814 64.572 107.000 117.000 48.000
8.839 0.748 64.530 70.000 81.000 33.000
8.838 1.281 64.567 79.000 85.000 42.000
8.837 1.813 64.603 93.000 103.000 40.000
8.836 2.346 64.640 106.000 119.000 39.000
8.835 2.878 64.676 105.000 118.000 35.000
9.371 1.280 64.598 72.000 81.000 31.000
9.370 1.812 64.634 87.000 98.000 34.000
9.369 2.345 64.671 96.000 108.000 34.000
9.368 2.877 64.707 82.000 99.000 24.000
9.905 0.746 64.592 85.000 101.000 27.000
9.904 1.279 64.629 107.000 120.000 39.000
9.903 1.811 64.665 104.000 117.000 37.000
9.902 2.344 64.702 85.000 99.000 29.000
10.439 0.213 64.587 113.000 126.000 46.000
10.438 0.745 64.623 133.000 148.000 50.000
10.437 1.278 64.660 120.000 134.000 42.000
10.436 1.810 64.697 122.000 136.000 45.000
10.435 2.342 64.733 99.000 110.000 40.000
10.973 -0.321 64.581 99.000 106.000 57.000
10.972 0.212 64.618 140.000 150.000 66.000
10.970 0.744 64.655 134.000 147.000 53.000
10.969 1.277 64.691 120.000 132.000 47.000
10.968 1.809 64.728 94.000 103.000 40.000
11.504 0.211 64.649 113.000 122.000 65.000
11.503 0.743 64.686 108.000 116.000 50.000
8.276 0.713 65.031 70.000 81.000 32.000
8.275 1.245 65.067 94.000 103.000 47.000
8.807 1.244 65.098 88.000 96.000 41.000
9.341 0.711 65.093 79.000 89.000 34.000
9.340 1.243 65.129 80.000 90.000 31.000
9.339 1.776 65.166 84.000 95.000 32.000
9.338 2.308 65.202 99.000 114.000 29.000
9.337 2.840 65.239 101.000 114.000 34.000
9.874 0.710 65.124 84.000 95.000 32.000
9.873 1.242 65.160 96.000 108.000 34.000
9.872 1.775 65.197 90.000 102.000 32.000
9.871 2.307 65.233 76.000 92.000 24.000
9.870 2.839 65.270 67.000 82.000 22.000
10.407 0.709 65.155 119.000 132.000 48.000
10.406 1.241 65.191 120.000 133.000 44.000
10.405 1.774 65.228 112.000 126.000 37.000
10.403 2.306 65.265 73.000 87.000 25.000
10.940 0.175 65.150 127.000 137.000 63.000
10.939 0.708 65.186 141.000 152.000 62.000
10.938 1.240 65.223 126.000 138.000 53.000
10.937 1.772 65.259 106.000 117.000 44.000
11.473 0.174 65.181 158.000 170.000 96.000
11.472 0.707 65.217 132.000 144.000 67.000
11.471 1.239 65.254 79.000 86.000 34.000
9.309 1.207 65.661 90.000 102.000 30.000
9.843 0.673 65.655 71.000 80.000 27.000
9.842 1.206 65.692 93.000 106.000 30.000
9.841 1.738 65.728 96.000 109.000 32.000
10.376 0.672 65.686 81.000 91.000 34.000
10.375 1.205 65.723 92.000 104.000 33.000
10.373 1.737 65.760 77.000 91.000 23.000
10.909 0.139 65.681 141.000 146.000 85.000
10.908 0.671 65.718 146.000 156.000 78.000
10.907 1.204 65.754 120.000 130.000 57.000
10.906 1.736 65.791 72.000 80.000 31.000
11.442 0.138 65.712 187.000 194.000 127.000
11.441 0.670 65.749 174.000 185.000 100.000
11.440 1.202 65.785 127.000 136.000 76.000
9.812 0.637 66.187 67.000 81.000 24.000
10.343 1.168 66.254 80.000 96.000 25.000
11.410 0.634 66.280 168.000 174.000 105.000
11.409 1.166 66.317 137.000 140.000 86.000
11.943 0.632 66.311 112.000 117.000 77.000
11.378 1.129 66.848 130.000 137.000 80.000
11.911 1.128 66.879 113.000 115.000 72.000
8.525 0.473 60.742 85.000 98.000 27.000
