-4.341 1.368 94.274 115.000 123.000 34.000
-3.884 1.368 94.274 134.000 139.000 45.000
-4.798 0.907 94.726 93.000 107.000 30.000
-4.798 1.364 94.730 115.000 126.000 43.000
-4.798 1.821 94.734 118.000 127.000 54.000
-4.341 0.907 94.727 121.000 127.000 45.000
-4.341 1.364 94.731 133.000 141.000 51.000
-4.341 1.821 94.735 131.000 140.000 53.000
-3.884 0.907 94.727 152.000 151.000 64.000
-3.884 1.364 94.731 162.000 167.000 71.000
-3.884 1.821 94.735 154.000 161.000 64.000
-3.427 1.364 94.732 162.000 168.000 76.000
-3.427 1.821 94.736 162.000 170.000 75.000
-3.427 2.278 94.740 113.000 119.000 50.000
-2.970 1.364 94.732 171.000 176.000 91.000
-2.970 1.821 94.736 189.000 196.000 96.000
-2.970 2.278 94.740 90.000 95.000 40.000
-2.513 1.821 94.737 117.000 120.000 62.000
-5.255 1.817 95.191 87.000 99.000 39.000
-4.798 0.446 95.179 85.000 93.000 22.000
-4.798 0.903 95.183 88.000 101.000 24.000
-4.798 1.360 95.187 113.000 123.000 39.000
-4.799 1.817 95.191 133.000 142.000 68.000
-4.342 0.446 95.180 125.000 128.000 45.000
-4.342 0.903 95.184 140.000 148.000 60.000
-4.342 1.360 95.188 149.000 158.000 67.000
-4.342 1.817 95.192 155.000 164.000 73.000
-4.342 2.274 95.196 132.000 141.000 62.000
-3.885 0.446 95.180 163.000 167.000 82.000
-3.885 0.903 95.184 162.000 167.000 80.000
-3.885 1.360 95.188 164.000 172.000 80.000
-3.885 1.817 95.192 168.000 175.000 75.000
-3.885 2.274 95.196 158.000 166.000 71.000
-3.428 0.903 95.185 163.000 165.000 73.000
-3.428 1.360 95.189 172.000 178.000 82.000
-3.428 1.817 95.193 178.000 183.000 85.000
-3.428 2.274 95.197 163.000 169.000 79.000
-2.971 0.903 95.185 168.000 170.000 77.000
-2.971 1.360 95.189 189.000 193.000 94.000
-2.971 1.817 95.193 203.000 208.000 108.000
-2.971 2.274 95.197 94.000 98.000 46.000
-2.514 0.903 95.186 157.000 160.000 92.000
-2.514 1.360 95.190 192.000 198.000 112.000
-2.514 1.817 95.194 194.000 199.000 118.000
-5.256 0.899 95.640 65.000 81.000 12.000
-5.256 1.356 95.644 70.000 84.000 20.000
-5.256 1.813 95.648 88.000 99.000 37.000
-4.799 0.442 95.636 114.000 99.000 25.000
-4.799 0.899 95.640 106.000 117.000 29.000
-4.799 1.356 95.644 113.000 122.000 43.000
-4.799 1.813 95.648 138.000 147.000 63.000
-4.799 2.270 95.652 136.000 147.000 69.000
-4.342 -0.015 95.633 137.000 139.000 68.000
-4.342 0.442 95.637 160.000 165.000 71.000
-4.342 0.899 95.641 158.000 165.000 65.000
-4.342 1.356 95.645 166.000 174.000 77.000
-4.342 1.813 95.649 178.000 184.000 86.000
-4.342 2.270 95.653 171.000 178.000 84.000
-3.885 -0.015 95.633 150.000 156.000 84.000
-3.885 0.442 95.637 172.000 176.000 81.000
-3.885 0.899 95.641 174.000 177.000 75.000
-3.885 1.356 95.645 180.000 185.000 79.000
-3.885 1.813 95.649 193.000 199.000 94.000
-3.885 2.270 95.653 195.000 201.000 99.000
-3.428 -0.015 95.634 144.000 148.000 81.000
-3.428 0.442 95.638 168.000 170.000 80.000
-3.428 0.899 95.642 175.000 178.000 77.000
-3.428 1.356 95.646 192.000 196.000 89.000
-3.428 1.813 95.650 200.000 206.000 101.000
-3.428 2.270 95.654 187.000 192.000 94.000
-2.971 0.442 95.638 146.000 147.000 63.000
-2.971 0.899 95.642 174.000 177.000 79.000
-2.971 1.356 95.646 198.000 203.000 97.000
-2.971 1.813 95.650 202.000 207.000 102.000
-2.971 2.270 95.654 149.000 153.000 78.000
-2.514 0.442 95.639 100.000 100.000 42.000
-2.514 0.899 95.643 176.000 179.000 87.000
-2.514 1.356 95.646 195.000 200.000 101.000
-2.514 1.813 95.650 203.000 209.000 113.000
-2.514 2.270 95.654 136.000 141.000 80.000
-2.057 0.899 95.643 85.000 86.000 52.000
-2.057 1.356 95.647 99.000 102.000 59.000
-2.057 1.813 95.651 83.000 85.000 48.000
-5.713 1.809 96.104 87.000 98.000 36.000
-5.256 0.895 96.097 72.000 88.000 15.000
-5.256 1.352 96.101 102.000 115.000 35.000
-5.256 1.809 96.105 117.000 127.000 51.000
-4.799 0.438 96.093 111.000 119.000 33.000
-4.799 0.895 96.097 127.000 136.000 40.000
-4.799 1.352 96.101 143.000 154.000 59.000
-4.799 1.809 96.105 153.000 163.000 74.000
-4.799 2.266 96.109 144.000 152.000 70.000
-4.342 -0.019 96.090 136.000 137.000 63.000
-4.342 0.438 96.094 167.000 172.000 71.000
-4.342 0.895 96.098 171.000 177.000 69.000
-4.342 1.352 96.102 169.000 177.000 79.000
-4.342 1.809 96.106 176.000 181.000 88.000
-4.342 2.266 96.110 189.000 192.000 102.000
-3.885 -0.019 96.090 147.000 149.000 75.000
-3.885 0.438 96.094 177.000 179.000 76.000
-3.885 0.895 96.098 178.000 180.000 74.000
-3.885 1.352 96.102 185.000 191.000 84.000
-3.885 1.809 96.106 194.000 198.000 95.000
-3.885 2.266 96.110 193.000 196.000 102.000
-3.428 -0.019 96.091 142.000 143.000 79.000
-3.428 0.438 96.095 164.000 169.000 84.000
-3.428 0.895 96.099 172.000 178.000 73.000
-3.428 1.352 96.103 194.000 200.000 90.000
-3.428 1.809 96.107 204.000 209.000 103.000
-3.428 2.266 96.111 191.000 196.000 98.000
-2.971 -0.019 96.091 135.000 127.000 63.000
-2.971 0.438 96.095 155.000 155.000 65.000
-2.971 0.895 96.099 184.000 188.000 78.000
-2.971 1.352 96.103 208.000 213.000 102.000
-2.971 1.809 96.107 207.000 212.000 103.000
-2.971 2.266 96.111 101.000 105.000 48.000
-2.514 0.438 96.095 156.000 157.000 81.000
-2.514 0.895 96.099 184.000 188.000 90.000
-2.514 1.352 96.103 208.000 211.000 105.000
-2.514 1.809 96.107 212.000 214.000 117.000
-2.057 0.895 96.100 155.000 160.000 86.000
-2.057 1.352 96.104 178.000 183.000 100.000
-2.057 1.809 96.108 134.000 137.000 80.000
-5.714 0.891 96.553 88.000 98.000 24.000
-5.714 1.348 96.557 122.000 131.000 42.000
-5.714 1.805 96.561 132.000 144.000 53.000
-5.257 0.891 96.554 92.000 105.000 26.000
-5.257 1.348 96.558 127.000 139.000 46.000
-5.257 1.805 96.562 148.000 160.000 64.000
-4.800 -0.023 96.546 105.000 97.000 33.000
-4.800 0.434 96.550 145.000 153.000 56.000
-4.800 0.891 96.554 132.000 143.000 47.000
-4.800 1.348 96.558 159.000 171.000 70.000
-4.800 1.805 96.562 167.000 176.000 78.000
-4.800 2.262 96.566 160.000 170.000 78.000
-4.343 -0.023 96.547 144.000 142.000 62.000
-4.343 0.434 96.551 166.000 170.000 70.000
-4.343 0.891 96.555 167.000 174.000 71.000
-4.343 1.348 96.559 173.000 182.000 81.000
-4.343 1.805 96.563 182.000 188.000 87.000
-4.343 2.262 96.567 184.000 189.000 94.000
-3.886 -0.023 96.547 158.000 160.000 79.000
-3.886 0.434 96.551 171.000 173.000 77.000
-3.886 0.891 96.555 173.000 177.000 72.000
-3.886 1.348 96.559 185.000 190.000 86.000
-3.886 1.805 96.563 194.000 199.000 98.000
-3.886 2.262 96.567 185.000 190.000 99.000
-3.429 -0.023 96.548 153.000 154.000 86.000
-3.429 0.434 96.552 167.000 169.000 79.000
-3.429 0.891 96.556 181.000 185.000 77.000
-3.429 1.348 96.560 197.000 202.000 93.000
-3.429 1.805 96.564 201.000 206.000 103.000
-3.429 2.262 96.568 189.000 193.000 101.000
-2.972 -0.023 96.548 148.000 147.000 83.000
-2.972 0.434 96.552 154.000 156.000 68.000
-2.972 0.891 96.556 181.000 186.000 74.000
-2.972 1.348 96.560 203.000 207.000 94.000
-2.972 1.805 96.564 200.000 206.000 99.000
-2.972 2.262 96.568 180.000 186.000 95.000
-2.515 -0.023 96.548 106.000 105.000 62.000
-2.515 0.434 96.552 158.000 161.000 85.000
-2.515 0.891 96.556 180.000 186.000 86.000
-2.515 1.348 96.560 203.000 209.000 106.000
-2.515 1.805 96.564 208.000 214.000 118.000
-2.058 0.434 96.553 106.000 110.000 69.000
-2.058 0.891 96.557 171.000 177.000 99.000
-2.058 1.348 96.561 192.000 198.000 113.000
-2.058 1.805 96.565 183.000 187.000 106.000
-5.714 -0.027 97.002 81.000 85.000 35.000
-5.714 0.430 97.006 90.000 101.000 30.000
-5.714 0.887 97.010 75.000 90.000 20.000
-5.714 1.344 97.014 101.000 113.000 31.000
-5.714 1.801 97.018 126.000 135.000 42.000
-5.257 0.430 97.007 68.000 81.000 20.000
-5.257 0.887 97.011 109.000 124.000 33.000
-5.257 1.344 97.015 160.000 172.000 62.000
-5.257 1.801 97.019 160.000 169.000 63.000
-4.800 -0.027 97.003 109.000 112.000 42.000
-4.800 0.430 97.007 153.000 161.000 62.000
-4.800 0.887 97.011 160.000 171.000 70.000
-4.800 1.344 97.015 171.000 181.000 79.000
-4.800 1.801 97.019 172.000 181.000 77.000
-4.800 2.258 97.023 158.000 167.000 73.000
-4.343 -0.484 97.000 88.000 92.000 53.000
-4.343 -0.027 97.004 152.000 154.000 69.000
-4.343 0.430 97.008 167.000 171.000 69.000
-4.343 0.887 97.012 169.000 177.000 81.000
-4.343 1.344 97.016 175.000 182.000 84.000
-4.343 1.801 97.020 187.000 193.000 93.000
-4.343 2.258 97.024 172.000 179.000 86.000
-3.886 -0.484 97.000 87.000 89.000 55.000
-3.886 -0.027 97.004 163.000 166.000 85.000
-3.886 0.430 97.008 171.000 175.000 79.000
-3.886 0.887 97.012 176.000 181.000 78.000
-3.886 1.344 97.016 185.000 191.000 90.000
-3.886 1.801 97.020 189.000 194.000 99.000
-3.886 2.258 97.024 157.000 161.000 87.000
-3.429 -0.027 97.005 164.000 165.000 88.000
-3.429 0.430 97.009 177.000 180.000 84.000
-3.429 0.887 97.013 189.000 193.000 83.000
-3.429 1.344 97.017 195.000 200.000 95.000
-3.429 1.801 97.021 199.000 204.000 106.000
-3.429 2.258 97.025 177.000 182.000 98.000
-2.972 -0.027 97.005 150.000 150.000 78.000
-2.972 0.430 97.009 158.000 160.000 67.000
-2.972 0.887 97.013 176.000 182.000 68.000
-2.972 1.344 97.017 198.000 204.000 94.000
-2.972 1.801 97.021 200.000 206.000 103.000
-2.972 2.258 97.025 178.000 184.000 99.000
-2.515 -0.027 97.005 139.000 140.000 79.000
-2.515 0.430 97.009 159.000 164.000 80.000
-2.515 0.887 97.013 181.000 186.000 82.000
-2.515 1.344 97.017 200.000 206.000 100.000
-2.515 1.801 97.021 202.000 209.000 112.000
-2.515 2.258 97.025 88.000 93.000 45.000
-2.058 0.430 97.010 133.000 138.000 82.000
-2.058 0.887 97.014 172.000 178.000 96.000
-2.058 1.344 97.018 195.000 202.000 114.000
-2.058 1.801 97.022 128.000 133.000 71.000
-6.172 1.340 97.471 78.000 90.000 25.000
-6.172 1.797 97.475 110.000 120.000 40.000
-5.715 0.426 97.463 78.000 90.000 25.000
-5.715 0.883 97.467 78.000 93.000 19.000
-5.715 1.340 97.471 103.000 118.000 28.000
-5.715 1.797 97.475 121.000 131.000 40.000
-5.258 0.426 97.464 107.000 120.000 39.000
-5.258 0.883 97.468 149.000 162.000 53.000
-5.258 1.340 97.472 160.000 172.000 64.000
-5.258 1.797 97.476 148.000 159.000 57.000
-4.801 -0.031 97.460 102.000 106.000 46.000
-4.801 0.426 97.464 161.000 170.000 79.000
-4.801 0.883 97.468 176.000 186.000 84.000
-4.801 1.340 97.472 179.000 188.000 83.000
-4.801 1.797 97.476 172.000 181.000 79.000
-4.801 2.254 97.480 155.000 165.000 72.000
-4.344 -0.488 97.457 82.000 84.000 46.000
-4.344 -0.031 97.461 153.000 158.000 74.000
-4.344 0.426 97.465 166.000 172.000 80.000
-4.344 0.883 97.469 175.000 181.000 88.000
-4.344 1.340 97.473 183.000 189.000 91.000
-4.344 1.797 97.477 185.000 191.000 93.000
-4.344 2.254 97.481 171.000 178.000 85.000
-3.887 -0.488 97.457 99.000 102.000 62.000
-3.887 -0.031 97.461 170.000 174.000 89.000
-3.887 0.426 97.465 167.000 172.000 80.000
-3.887 0.883 97.469 176.000 180.000 83.000
-3.887 1.340 97.473 181.000 186.000 91.000
-3.887 1.797 97.477 184.000 189.000 96.000
-3.887 2.254 97.481 170.000 175.000 93.000
-3.430 -0.488 97.458 94.000 96.000 62.000
-3.430 -0.031 97.462 168.000 171.000 88.000
-3.430 0.426 97.466 170.000 175.000 80.000
-3.430 0.883 97.470 186.000 190.000 83.000
-3.430 1.340 97.473 193.000 197.000 95.000
-3.430 1.797 97.477 196.000 200.000 105.000
-3.430 2.254 97.481 139.000 142.000 78.000
-2.973 -0.488 97.458 93.000 94.000 59.000
-2.973 -0.031 97.462 151.000 153.000 76.000
-2.973 0.426 97.466 160.000 161.000 67.000
-2.973 0.883 97.470 176.000 181.000 69.000
-2.973 1.340 97.474 196.000 201.000 94.000
-2.973 1.797 97.478 190.000 195.000 97.000
-2.973 2.254 97.482 90.000 92.000 50.000
-2.516 -0.031 97.462 139.000 141.000 74.000
-2.516 0.426 97.466 162.000 167.000 79.000
-2.516 0.883 97.470 181.000 188.000 82.000
-2.516 1.340 97.474 197.000 204.000 97.000
-2.516 1.797 97.478 203.000 209.000 111.000
-2.516 2.254 97.482 125.000 131.000 66.000
-2.059 0.426 97.467 144.000 149.000 88.000
-2.059 0.883 97.471 174.000 179.000 96.000
-2.059 1.340 97.475 190.000 197.000 109.000
-2.059 1.797 97.479 124.000 129.000 69.000
-1.602 0.883 97.471 79.000 82.000 47.000
-6.172 1.336 97.928 88.000 99.000 29.000
-6.172 1.793 97.932 124.000 132.000 57.000
-5.715 0.422 97.920 81.000 91.000 25.000
-5.715 0.879 97.924 90.000 103.000 24.000
-5.715 1.336 97.928 108.000 123.000 34.000
-5.715 1.793 97.932 131.000 142.000 54.000
-5.258 0.422 97.921 136.000 146.000 56.000
-5.258 0.879 97.925 157.000 169.000 61.000
-5.258 1.336 97.929 149.000 159.000 60.000
-5.258 1.793 97.933 139.000 150.000 56.000
-4.801 -0.035 97.917 106.000 111.000 51.000
-4.801 0.422 97.921 157.000 167.000 77.000
-4.801 0.879 97.925 178.000 187.000 86.000
-4.801 1.336 97.929 179.000 188.000 85.000
-4.801 1.793 97.933 172.000 181.000 82.000
-4.801 2.250 97.937 153.000 164.000 75.000
-4.344 -0.035 97.918 149.000 155.000 73.000
-4.344 0.422 97.922 166.000 175.000 86.000
-4.344 0.879 97.926 178.000 186.000 90.000
-4.344 1.336 97.930 186.000 193.000 93.000
-4.344 1.793 97.934 182.000 189.000 92.000
-4.344 2.250 97.938 170.000 178.000 85.000
-3.887 -0.492 97.914 104.000 107.000 65.000
-3.887 -0.035 97.918 166.000 173.000 89.000
-3.887 0.422 97.922 171.000 178.000 87.000
-3.887 0.879 97.926 181.000 186.000 89.000
-3.887 1.336 97.930 178.000 183.000 88.000
-3.887 1.793 97.934 177.000 182.000 90.000
-3.887 2.250 97.938 178.000 183.000 93.000
-3.430 -0.492 97.915 127.000 129.000 82.000
-3.430 -0.035 97.918 167.000 173.000 90.000
-3.430 0.422 97.922 172.000 178.000 85.000
-3.430 0.879 97.926 185.000 189.000 85.000
-3.430 1.336 97.930 192.000 196.000 95.000
-3.430 1.793 97.934 196.000 199.000 102.000
-3.430 2.250 97.938 142.000 144.000 75.000
-2.973 -0.492 97.915 91.000 92.000 57.000
-2.973 -0.035 97.919 153.000 157.000 78.000
-2.973 0.422 97.923 164.000 168.000 73.000
-2.973 0.879 97.927 176.000 181.000 74.000
-2.973 1.336 97.931 197.000 201.000 96.000
-2.973 1.793 97.935 193.000 195.000 100.000
-2.516 -0.035 97.919 150.000 153.000 81.000
-2.516 0.422 97.923 163.000 168.000 80.000
-2.516 0.879 97.927 178.000 183.000 78.000
-2.516 1.336 97.931 192.000 198.000 93.000
-2.516 1.793 97.935 194.000 199.000 103.000
-2.516 2.250 97.939 84.000 87.000 42.000
-2.059 -0.035 97.920 80.000 82.000 55.000
-2.059 0.422 97.924 152.000 158.000 92.000
-2.059 0.879 97.928 177.000 183.000 98.000
-2.059 1.336 97.932 187.000 193.000 106.000
-2.059 1.793 97.936 156.000 160.000 89.000
-1.602 0.879 97.928 92.000 97.000 57.000
-1.602 1.336 97.932 84.000 89.000 50.000
-6.173 0.875 98.381 80.000 88.000 28.000
-6.173 1.332 98.385 114.000 123.000 54.000
-5.716 0.418 98.377 77.000 85.000 25.000
-5.716 0.875 98.381 96.000 110.000 32.000
-5.716 1.332 98.385 124.000 135.000 48.000
-5.716 1.789 98.389 133.000 144.000 61.000
-5.259 0.418 98.378 141.000 150.000 63.000
-5.259 0.875 98.382 141.000 151.000 53.000
-5.259 1.332 98.386 146.000 156.000 62.000
-5.259 1.789 98.390 143.000 154.000 64.000
-4.802 -0.039 98.374 129.000 136.000 72.000
-4.802 0.418 98.378 160.000 170.000 81.000
-4.802 0.875 98.382 178.000 187.000 85.000
-4.802 1.332 98.386 183.000 192.000 91.000
-4.802 1.789 98.390 172.000 181.000 86.000
-4.345 -0.039 98.375 153.000 161.000 84.000
-4.345 0.418 98.379 169.000 178.000 88.000
-4.345 0.875 98.383 191.000 198.000 98.000
-4.345 1.332 98.387 188.000 195.000 95.000
-4.345 1.789 98.391 176.000 183.000 87.000
-4.345 2.246 98.395 157.000 166.000 80.000
-3.888 -0.496 98.371 114.000 118.000 72.000
-3.888 -0.039 98.375 163.000 170.000 88.000
-3.888 0.418 98.379 176.000 183.000 90.000
-3.888 0.875 98.383 192.000 197.000 98.000
-3.888 1.332 98.387 178.000 184.000 87.000
-3.888 1.789 98.391 174.000 179.000 86.000
-3.888 2.246 98.395 167.000 172.000 84.000
-3.431 -0.496 98.371 143.000 145.000 93.000
-3.431 -0.039 98.375 166.000 172.000 90.000
-3.431 0.418 98.379 175.000 180.000 85.000
-3.431 0.875 98.383 188.000 193.000 90.000
-3.431 1.332 98.387 191.000 196.000 94.000
-3.431 1.789 98.391 189.000 192.000 95.000
-3.431 2.246 98.395 151.000 155.000 75.000
-2.974 -0.496 98.372 109.000 112.000 68.000
-2.974 -0.039 98.376 160.000 165.000 84.000
-2.974 0.418 98.380 161.000 166.000 71.000
-2.974 0.875 98.384 176.000 180.000 77.000
-2.974 1.332 98.388 193.000 196.000 94.000
-2.974 1.789 98.392 194.000 196.000 97.000
-2.974 2.246 98.396 93.000 93.000 52.000
-2.517 -0.039 98.376 154.000 159.000 85.000
-2.517 0.418 98.380 165.000 170.000 81.000
-2.517 0.875 98.384 180.000 186.000 83.000
-2.517 1.332 98.388 193.000 198.000 96.000
-2.517 1.789 98.392 194.000 198.000 105.000
-2.060 -0.039 98.377 88.000 92.000 58.000
-2.060 0.418 98.381 159.000 165.000 95.000
-2.060 0.875 98.385 178.000 185.000 97.000
-2.060 1.332 98.389 187.000 193.000 105.000
-2.060 1.789 98.393 155.000 158.000 89.000
-1.603 0.875 98.385 122.000 129.000 78.000
-1.603 1.332 98.389 110.000 115.000 69.000
-6.173 0.414 98.834 84.000 91.000 31.000
-6.173 0.871 98.838 107.000 113.000 38.000
-6.173 1.328 98.842 108.000 117.000 45.000
-5.716 0.414 98.834 76.000 84.000 23.000
-5.716 0.871 98.838 98.000 108.000 30.000
-5.716 1.328 98.842 123.000 133.000 49.000
-5.259 -0.043 98.831 111.000 115.000 62.000
-5.259 0.414 98.835 154.000 163.000 74.000
-5.259 0.871 98.839 154.000 166.000 66.000
-5.259 1.328 98.843 149.000 160.000 69.000
-5.259 1.785 98.847 139.000 149.000 71.000
-4.802 -0.043 98.831 145.000 152.000 81.000
-4.802 0.414 98.835 167.000 176.000 86.000
-4.802 0.871 98.839 185.000 193.000 89.000
-4.802 1.328 98.843 190.000 198.000 99.000
-4.802 1.785 98.847 165.000 173.000 87.000
-4.345 -0.500 98.828 78.000 81.000 41.000
-4.345 -0.043 98.832 159.000 167.000 85.000
-4.345 0.414 98.836 175.000 182.000 89.000
-4.345 0.871 98.840 202.000 207.000 106.000
-4.345 1.328 98.844 199.000 205.000 106.000
-4.345 1.785 98.848 168.000 175.000 87.000
-3.888 -0.500 98.828 126.000 132.000 77.000
-3.888 -0.043 98.832 166.000 174.000 88.000
-3.888 0.414 98.836 178.000 185.000 87.000
-3.888 0.871 98.840 186.000 191.000 90.000
-3.888 1.328 98.844 178.000 184.000 89.000
-3.888 1.785 98.848 165.000 172.000 81.000
-3.888 2.242 98.852 144.000 152.000 75.000
-3.431 -0.500 98.828 160.000 162.000 102.000
-3.431 -0.043 98.832 169.000 175.000 90.000
-3.431 0.414 98.836 180.000 185.000 85.000
-3.431 0.871 98.840 191.000 195.000 89.000
-3.431 1.328 98.844 197.000 201.000 101.000
-3.431 1.785 98.848 182.000 186.000 94.000
-3.431 2.242 98.852 116.000 120.000 58.000
-2.974 -0.500 98.829 158.000 160.000 99.000
-2.974 -0.043 98.833 167.000 169.000 89.000
-2.974 0.414 98.837 168.000 171.000 80.000
-2.974 0.871 98.841 186.000 189.000 85.000
-2.974 1.328 98.845 196.000 200.000 100.000
-2.974 1.785 98.849 186.000 189.000 97.000
-2.517 -0.043 98.833 155.000 159.000 89.000
-2.517 0.414 98.837 170.000 175.000 84.000
-2.517 0.871 98.841 185.000 190.000 87.000
-2.517 1.328 98.845 199.000 204.000 105.000
-2.517 1.785 98.849 186.000 190.000 104.000
-2.060 -0.043 98.834 103.000 106.000 68.000
-2.060 0.414 98.838 162.000 168.000 97.000
-2.060 0.871 98.842 184.000 190.000 100.000
-2.060 1.328 98.846 191.000 196.000 110.000
-2.060 1.785 98.850 122.000 126.000 71.000
-1.603 0.871 98.842 135.000 141.000 85.000
-1.603 1.328 98.846 113.000 118.000 70.000
-6.173 0.410 99.291 108.000 93.000 36.000
-6.173 0.867 99.295 119.000 123.000 45.000
-6.173 1.324 99.299 106.000 115.000 37.000
-5.716 -0.047 99.287 96.000 96.000 44.000
-5.716 0.410 99.291 111.000 114.000 37.000
-5.716 0.867 99.295 121.000 125.000 36.000
-5.716 1.324 99.299 118.000 128.000 44.000
-5.259 -0.047 99.288 115.000 119.000 60.000
-5.259 0.410 99.292 151.000 159.000 72.000
-5.259 0.867 99.296 163.000 174.000 73.000
-5.259 1.324 99.300 140.000 150.000 64.000
-4.802 -0.047 99.288 158.000 164.000 87.000
-4.802 0.410 99.292 179.000 186.000 92.000
-4.802 0.867 99.296 187.000 195.000 90.000
-4.802 1.324 99.300 173.000 182.000 86.000
-4.802 1.781 99.304 143.000 154.000 75.000
-4.345 -0.504 99.285 110.000 113.000 65.000
-4.345 -0.047 99.289 167.000 174.000 88.000
-4.345 0.410 99.293 191.000 198.000 96.000
-4.345 0.867 99.297 198.000 203.000 97.000
-4.345 1.324 99.300 178.000 185.000 86.000
-4.345 1.781 99.304 154.000 165.000 81.000
-3.888 -0.504 99.285 149.000 153.000 88.000
-3.888 -0.047 99.289 166.000 173.000 86.000
-3.888 0.410 99.293 189.000 195.000 91.000
-3.888 0.867 99.297 195.000 200.000 90.000
-3.888 1.324 99.301 178.000 184.000 85.000
-3.888 1.781 99.305 164.000 172.000 84.000
-3.431 -0.504 99.285 169.000 172.000 106.000
-3.431 -0.047 99.289 175.000 180.000 92.000
-3.431 0.410 99.293 187.000 193.000 89.000
-3.431 0.867 99.297 197.000 202.000 89.000
-3.431 1.324 99.301 191.000 196.000 92.000
-3.431 1.781 99.305 180.000 186.000 93.000
-2.974 -0.504 99.286 183.000 185.000 117.000
-2.974 -0.047 99.290 178.000 180.000 95.000
-2.974 0.410 99.294 177.000 182.000 87.000
-2.974 0.867 99.298 195.000 199.000 89.000
-2.974 1.324 99.302 201.000 205.000 105.000
-2.974 1.781 99.306 173.000 177.000 97.000
-2.517 -0.504 99.286 105.000 107.000 71.000
-2.517 -0.047 99.290 172.000 175.000 98.000
-2.517 0.410 99.294 178.000 181.000 92.000
-2.517 0.867 99.298 195.000 199.000 99.000
-2.517 1.324 99.302 202.000 206.000 112.000
-2.517 1.781 99.306 182.000 186.000 107.000
-2.061 -0.047 99.291 124.000 126.000 80.000
-2.061 0.410 99.295 169.000 173.000 99.000
-2.061 0.867 99.299 191.000 195.000 104.000
-2.061 1.324 99.303 200.000 205.000 118.000
-2.061 1.781 99.307 94.000 97.000 56.000
-1.604 0.867 99.299 131.000 136.000 81.000
-1.604 1.324 99.303 101.000 105.000 61.000
-5.717 0.406 99.748 115.000 121.000 42.000
-5.717 0.863 99.752 136.000 143.000 52.000
-5.717 1.320 99.756 124.000 132.000 48.000
-5.260 -0.051 99.745 122.000 126.000 59.000
-5.260 0.406 99.749 152.000 161.000 73.000
-5.260 0.863 99.753 158.000 168.000 70.000
-5.260 1.320 99.757 131.000 139.000 60.000
-4.803 -0.051 99.745 155.000 161.000 84.000
-4.803 0.406 99.749 169.000 177.000 87.000
-4.803 0.863 99.753 180.000 187.000 90.000
-4.803 1.320 99.757 162.000 172.000 80.000
-4.346 -0.508 99.742 109.000 111.000 63.000
-4.346 -0.051 99.745 163.000 169.000 87.000
-4.346 0.406 99.749 172.000 179.000 88.000
-4.346 0.863 99.753 181.000 186.000 88.000
-4.346 1.320 99.757 175.000 183.000 89.000
-4.346 1.777 99.761 118.000 126.000 61.000
-3.889 -0.508 99.742 148.000 149.000 79.000
-3.889 -0.051 99.746 170.000 177.000 89.000
-3.889 0.406 99.750 170.000 176.000 85.000
-3.889 0.863 99.754 179.000 184.000 85.000
-3.889 1.320 99.758 178.000 184.000 90.000
-3.889 1.777 99.762 120.000 126.000 62.000
-3.432 -0.508 99.742 166.000 168.000 100.000
-3.432 -0.051 99.746 175.000 180.000 88.000
-3.432 0.406 99.750 174.000 180.000 85.000
-3.432 0.863 99.754 183.000 188.000 83.000
-3.432 1.320 99.758 186.000 191.000 94.000
-3.432 1.777 99.762 178.000 183.000 99.000
-2.975 -0.508 99.743 179.000 180.000 112.000
-2.975 -0.051 99.747 183.000 186.000 97.000
-2.975 0.406 99.751 173.000 179.000 84.000
-2.975 0.863 99.755 187.000 193.000 82.000
-2.975 1.320 99.759 205.000 209.000 110.000
-2.975 1.777 99.763 207.000 210.000 126.000
-2.518 -0.508 99.743 100.000 101.000 68.000
-2.518 -0.051 99.747 187.000 191.000 109.000
-2.518 0.406 99.751 186.000 190.000 98.000
-2.518 0.863 99.755 194.000 198.000 98.000
-2.518 1.320 99.759 204.000 209.000 118.000
-2.518 1.777 99.763 136.000 139.000 85.000
-2.061 -0.051 99.748 126.000 128.000 82.000
-2.061 0.406 99.752 179.000 182.000 108.000
-2.061 0.863 99.756 197.000 201.000 109.000
-2.061 1.320 99.760 201.000 207.000 121.000
-2.061 1.777 99.764 101.000 105.000 60.000
-1.604 0.863 99.756 133.000 137.000 80.000
-5.717 -0.055 100.201 94.000 84.000 33.000
-5.717 0.402 100.205 100.000 106.000 32.000
-5.717 0.859 100.209 99.000 110.000 27.000
-5.717 1.316 100.213 100.000 112.000 34.000
-5.260 -0.055 100.202 99.000 96.000 35.000
-5.260 0.402 100.206 146.000 156.000 67.000
-5.260 0.859 100.210 120.000 131.000 47.000
-5.260 1.316 100.214 99.000 110.000 42.000
-4.803 -0.055 100.202 165.000 170.000 85.000
-4.803 0.402 100.206 169.000 177.000 88.000
-4.803 0.859 100.210 176.000 183.000 90.000
-4.803 1.316 100.214 146.000 156.000 74.000
-4.803 1.773 100.218 99.000 106.000 47.000
-4.346 -0.512 100.198 135.000 133.000 74.000
-4.346 -0.055 100.202 168.000 174.000 87.000
-4.346 0.402 100.206 176.000 182.000 93.000
-4.346 0.859 100.210 191.000 196.000 103.000
-4.346 1.316 100.214 173.000 180.000 95.000
-4.346 1.773 100.218 93.000 100.000 48.000
-3.889 -0.512 100.199 158.000 157.000 87.000
-3.889 -0.055 100.203 171.000 176.000 87.000
-3.889 0.402 100.207 178.000 183.000 89.000
-3.889 0.859 100.211 192.000 197.000 102.000
-3.889 1.316 100.215 182.000 187.000 101.000
-3.889 1.773 100.219 110.000 115.000 61.000
-3.432 -0.512 100.199 166.000 165.000 96.000
-3.432 -0.055 100.203 179.000 183.000 92.000
-3.432 0.402 100.207 191.000 196.000 97.000
-3.432 0.859 100.211 203.000 208.000 106.000
-3.432 1.316 100.215 197.000 202.000 111.000
-3.432 1.773 100.219 142.000 146.000 85.000
-2.975 -0.512 100.200 163.000 165.000 106.000
-2.975 -0.055 100.204 184.000 189.000 99.000
-2.975 0.402 100.208 186.000 191.000 91.000
-2.975 0.859 100.212 203.000 208.000 99.000
-2.975 1.316 100.216 209.000 213.000 120.000
-2.975 1.773 100.220 196.000 199.000 125.000
-2.518 -0.512 100.200 86.000 87.000 59.000
-2.518 -0.055 100.204 171.000 174.000 103.000
-2.518 0.402 100.208 197.000 201.000 109.000
-2.518 0.859 100.212 208.000 212.000 112.000
-2.518 1.316 100.216 216.000 219.000 132.000
-2.518 1.773 100.220 99.000 101.000 62.000
-2.061 -0.055 100.205 130.000 130.000 90.000
-2.061 0.402 100.209 197.000 200.000 124.000
-2.061 0.859 100.213 202.000 205.000 119.000
-2.061 1.316 100.217 199.000 203.000 123.000
-1.604 0.859 100.213 139.000 141.000 92.000
-1.604 1.316 100.217 93.000 97.000 56.000
-5.261 -0.059 100.659 115.000 119.000 54.000
-5.261 0.398 100.663 104.000 110.000 43.000
-5.261 0.855 100.667 78.000 90.000 24.000
-5.261 1.312 100.671 71.000 82.000 26.000
-4.804 -0.516 100.655 102.000 95.000 49.000
-4.804 -0.059 100.659 175.000 179.000 88.000
-4.804 0.398 100.663 181.000 188.000 97.000
-4.804 0.855 100.667 168.000 174.000 86.000
-4.804 1.312 100.671 105.000 112.000 48.000
-4.347 -0.516 100.655 145.000 129.000 69.000
-4.347 -0.059 100.659 173.000 176.000 86.000
-4.347 0.398 100.663 191.000 196.000 107.000
-4.347 0.855 100.667 198.000 202.000 119.000
-4.347 1.312 100.671 158.000 163.000 93.000
-3.890 -0.516 100.656 159.000 143.000 78.000
-3.890 -0.059 100.660 168.000 169.000 82.000
-3.890 0.398 100.664 183.000 187.000 97.000
-3.890 0.855 100.668 202.000 206.000 119.000
-3.890 1.312 100.672 182.000 186.000 110.000
-3.433 -0.516 100.656 166.000 151.000 83.000
-3.433 -0.059 100.660 171.000 173.000 78.000
-3.433 0.398 100.664 183.000 188.000 96.000
-3.433 0.855 100.668 203.000 207.000 112.000
-3.433 1.312 100.672 199.000 204.000 119.000
-3.433 1.769 100.676 80.000 83.000 48.000
-2.976 -0.516 100.657 146.000 140.000 86.000
-2.976 -0.059 100.661 198.000 201.000 104.000
-2.976 0.398 100.665 202.000 205.000 100.000
-2.976 0.855 100.669 206.000 211.000 109.000
-2.976 1.312 100.673 209.000 214.000 126.000
-2.976 1.769 100.677 88.000 90.000 58.000
-2.519 -0.059 100.661 200.000 202.000 125.000
-2.519 0.398 100.665 215.000 217.000 133.000
-2.519 0.855 100.669 215.000 219.000 129.000
-2.519 1.312 100.673 211.000 214.000 135.000
-2.062 -0.059 100.662 146.000 145.000 104.000
-2.062 0.398 100.666 210.000 210.000 142.000
-2.062 0.855 100.670 210.000 212.000 135.000
-2.062 1.312 100.674 144.000 146.000 93.000
-1.605 0.855 100.670 103.000 105.000 69.000
-4.804 -0.063 101.116 180.000 183.000 101.000
-4.804 0.394 101.120 138.000 142.000 75.000
-4.804 0.851 101.124 83.000 87.000 33.000
-4.804 1.308 101.128 80.000 86.000 33.000
-4.347 -0.520 101.112 141.000 141.000 87.000
-4.347 -0.063 101.116 196.000 199.000 115.000
-4.347 0.394 101.120 202.000 206.000 122.000
-4.347 0.851 101.124 171.000 175.000 101.000
-4.347 1.308 101.128 102.000 107.000 54.000
-3.890 -0.520 101.113 149.000 143.000 89.000
-3.890 -0.063 101.117 192.000 195.000 110.000
-3.890 0.394 101.121 207.000 210.000 125.000
-3.890 0.851 101.125 203.000 207.000 126.000
-3.890 1.308 101.129 118.000 121.000 68.000
-3.433 -0.520 101.113 133.000 120.000 68.000
-3.433 -0.063 101.117 180.000 183.000 97.000
-3.433 0.394 101.121 206.000 209.000 121.000
-3.433 0.851 101.125 215.000 218.000 134.000
-3.433 1.308 101.129 164.000 168.000 103.000
-2.976 -0.520 101.114 104.000 86.000 46.000
-2.976 -0.063 101.118 196.000 198.000 104.000
-2.976 0.394 101.122 216.000 217.000 117.000
-2.976 0.851 101.126 219.000 223.000 135.000
-2.976 1.308 101.130 206.000 208.000 141.000
-2.519 -0.063 101.118 206.000 206.000 130.000
-2.519 0.394 101.122 216.000 217.000 139.000
-2.519 0.851 101.126 216.000 219.000 139.000
-2.519 1.308 101.130 175.000 177.000 121.000
-2.062 -0.063 101.119 104.000 103.000 70.000
-2.062 0.394 101.123 189.000 189.000 133.000
-2.062 0.851 101.127 188.000 189.000 130.000
-4.348 -0.524 101.569 119.000 119.000 85.000
-4.348 -0.067 101.573 191.000 192.000 126.000
-4.348 0.390 101.577 143.000 145.000 86.000
-3.891 -0.524 101.570 139.000 137.000 100.000
-3.891 -0.067 101.574 214.000 214.000 144.000
-3.891 0.390 101.578 210.000 211.000 134.000
-3.891 0.847 101.582 128.000 132.000 73.000
-3.434 -0.524 101.570 108.000 96.000 60.000
-3.434 -0.067 101.574 205.000 205.000 125.000
-3.434 0.390 101.578 215.000 216.000 139.000
-3.434 0.847 101.582 204.000 207.000 128.000
-3.434 1.304 101.586 86.000 89.000 54.000
-2.977 -0.067 101.575 213.000 209.000 122.000
-2.977 0.390 101.579 224.000 223.000 139.000
-2.977 0.847 101.583 215.000 218.000 144.000
-2.977 1.304 101.587 83.000 85.000 58.000
-2.520 -0.067 101.575 197.000 189.000 114.000
-2.520 0.390 101.579 216.000 216.000 142.000
-2.520 0.847 101.583 216.000 217.000 152.000
-3.891 -0.071 102.031 120.000 119.000 81.000
-3.891 0.386 102.035 93.000 92.000 47.000
-3.434 -0.071 102.031 198.000 197.000 129.000
-3.434 0.386 102.035 165.000 166.000 101.000
-2.977 -0.071 102.032 225.000 224.000 151.000
-2.977 0.386 102.036 217.000 218.000 145.000
-2.977 0.843 102.040 123.000 126.000 81.000
-2.520 -0.071 102.032 208.000 206.000 134.000
-2.520 0.386 102.036 212.000 213.000 145.000
-2.520 0.843 102.040 109.000 111.000 75.000
-2.978 -0.075 102.489 208.000 206.000 148.000
-2.978 0.382 102.493 90.000 91.000 60.000
-2.521 -0.075 102.489 174.000 171.000 121.000
-2.521 0.382 102.493 134.000 134.000 88.000
