-3.055 -6.451 154.599 102.000 123.000 60.000
-3.055 -6.051 154.597 111.000 130.000 71.000
-3.055 -5.651 154.596 80.000 96.000 48.000
-2.655 -5.651 154.588 118.000 138.000 76.000
-2.655 -5.250 154.587 94.000 109.000 60.000
-3.048 -6.850 155.001 91.000 109.000 50.000
-3.048 -6.449 155.000 84.000 105.000 45.000
-3.048 -6.049 154.998 76.000 93.000 45.000
-2.648 -6.449 154.992 114.000 136.000 67.000
-2.648 -6.049 154.991 118.000 139.000 77.000
-2.648 -5.649 154.989 107.000 124.000 71.000
-2.648 -5.248 154.987 110.000 124.000 73.000
-2.248 -6.049 154.983 110.000 134.000 57.000
-2.248 -5.649 154.982 111.000 129.000 61.000
-2.248 -5.248 154.980 132.000 149.000 81.000
-1.847 -5.649 154.974 141.000 162.000 75.000
-1.847 -5.248 154.973 141.000 159.000 79.000
-1.847 -4.848 154.971 103.000 113.000 67.000
-1.447 -5.248 154.966 154.000 174.000 85.000
-1.447 -4.848 154.964 151.000 165.000 101.000
-1.047 -4.848 154.957 180.000 194.000 128.000
-3.041 -6.448 155.400 76.000 98.000 39.000
-3.041 -6.047 155.398 71.000 86.000 43.000
-2.641 -7.649 155.398 149.000 162.000 106.000
-2.641 -7.248 155.396 139.000 158.000 84.000
-2.641 -6.848 155.395 115.000 137.000 60.000
-2.641 -6.448 155.393 109.000 131.000 61.000
-2.641 -6.047 155.391 98.000 115.000 63.000
-2.641 -5.647 155.389 82.000 91.000 58.000
-2.641 -5.246 155.387 86.000 95.000 62.000
-2.240 -6.848 155.387 121.000 145.000 59.000
-2.240 -6.448 155.386 105.000 130.000 50.000
-2.240 -6.047 155.384 113.000 132.000 65.000
-2.240 -5.647 155.382 117.000 130.000 77.000
-2.240 -5.246 155.380 134.000 148.000 90.000
-1.840 -6.448 155.378 130.000 154.000 62.000
-1.840 -6.047 155.377 163.000 183.000 92.000
-1.840 -5.647 155.375 182.000 200.000 117.000
-1.840 -5.247 155.373 176.000 192.000 115.000
-1.840 -4.846 155.371 122.000 133.000 80.000
-1.440 -6.047 155.370 187.000 205.000 112.000
-1.440 -5.647 155.368 188.000 206.000 114.000
-1.440 -5.247 155.366 182.000 200.000 110.000
-1.440 -4.846 155.364 164.000 178.000 106.000
-1.040 -5.647 155.361 182.000 201.000 106.000
-1.040 -5.247 155.359 190.000 208.000 120.000
-1.040 -4.846 155.357 191.000 207.000 133.000
-1.040 -4.446 155.355 99.000 110.000 66.000
-0.639 -5.247 155.352 197.000 214.000 128.000
-0.639 -4.846 155.350 200.000 215.000 145.000
-0.639 -4.446 155.348 124.000 135.000 85.000
-0.239 -5.247 155.344 205.000 220.000 138.000
-0.239 -4.846 155.343 208.000 221.000 156.000
-0.239 -4.446 155.341 149.000 158.000 112.000
0.161 -4.846 155.336 193.000 202.000 155.000
-3.034 -6.846 155.802 64.000 81.000 33.000
-3.034 -6.446 155.800 63.000 82.000 32.000
-2.634 -7.647 155.799 117.000 129.000 78.000
-2.634 -7.246 155.797 120.000 140.000 69.000
-2.634 -6.846 155.795 105.000 129.000 53.000
-2.634 -6.446 155.793 104.000 126.000 56.000
-2.634 -6.045 155.791 95.000 107.000 64.000
-2.233 -7.647 155.791 142.000 162.000 83.000
-2.233 -7.246 155.790 139.000 161.000 74.000
-2.233 -6.846 155.788 115.000 139.000 56.000
-2.233 -6.446 155.786 107.000 131.000 54.000
-2.233 -6.045 155.784 125.000 141.000 76.000
-2.233 -5.645 155.782 106.000 115.000 72.000
-2.233 -5.245 155.780 92.000 100.000 63.000
-1.833 -7.246 155.782 152.000 174.000 79.000
-1.833 -6.846 155.781 141.000 163.000 70.000
-1.833 -6.446 155.779 136.000 158.000 69.000
-1.833 -6.045 155.777 177.000 195.000 110.000
-1.833 -5.645 155.775 183.000 197.000 127.000
-1.833 -5.245 155.773 177.000 190.000 123.000
-1.833 -4.844 155.771 82.000 91.000 51.000
-1.433 -6.846 155.773 171.000 190.000 92.000
-1.433 -6.446 155.772 177.000 194.000 106.000
-1.433 -6.045 155.770 198.000 214.000 131.000
-1.433 -5.645 155.768 203.000 218.000 137.000
-1.433 -5.245 155.766 187.000 203.000 121.000
-1.433 -4.844 155.764 159.000 174.000 104.000
-1.032 -6.446 155.765 178.000 196.000 101.000
-1.032 -6.045 155.763 190.000 208.000 116.000
-1.032 -5.645 155.761 191.000 209.000 117.000
-1.033 -5.245 155.759 163.000 180.000 92.000
-1.033 -4.844 155.757 183.000 200.000 119.000
-1.033 -4.444 155.755 114.000 127.000 73.000
-0.632 -6.045 155.756 182.000 201.000 103.000
-0.632 -5.645 155.754 185.000 204.000 105.000
-0.632 -5.245 155.752 182.000 201.000 103.000
-0.632 -4.844 155.750 186.000 203.000 118.000
-0.632 -4.444 155.748 150.000 167.000 96.000
-0.232 -5.645 155.747 198.000 216.000 122.000
-0.232 -5.245 155.745 194.000 213.000 113.000
-0.232 -4.844 155.743 196.000 212.000 129.000
-0.232 -4.444 155.741 171.000 187.000 112.000
0.168 -5.645 155.740 212.000 226.000 144.000
0.168 -5.245 155.738 210.000 225.000 138.000
0.168 -4.844 155.736 211.000 224.000 157.000
0.168 -4.444 155.734 147.000 156.000 111.000
0.569 -5.645 155.732 135.000 143.000 94.000
0.569 -5.245 155.731 183.000 193.000 129.000
0.569 -4.844 155.729 171.000 177.000 139.000
-2.626 -7.645 156.199 73.000 81.000 46.000
-2.626 -7.245 156.197 108.000 128.000 60.000
-2.626 -6.844 156.195 101.000 124.000 50.000
-2.627 -6.444 156.193 107.000 129.000 58.000
-2.627 -6.043 156.191 92.000 104.000 61.000
-2.226 -8.045 156.194 118.000 133.000 74.000
-2.226 -7.645 156.192 135.000 156.000 75.000
-2.226 -7.245 156.190 131.000 155.000 65.000
-2.226 -6.844 156.188 111.000 135.000 52.000
-2.226 -6.444 156.186 116.000 138.000 60.000
-2.226 -6.043 156.184 143.000 162.000 89.000
-2.226 -5.643 156.182 110.000 121.000 74.000
-1.826 -8.045 156.186 148.000 168.000 87.000
-1.826 -7.645 156.185 150.000 171.000 78.000
-1.826 -7.245 156.183 145.000 169.000 71.000
-1.826 -6.844 156.181 137.000 160.000 66.000
-1.826 -6.444 156.179 139.000 161.000 71.000
-1.826 -6.044 156.177 180.000 196.000 117.000
-1.826 -5.643 156.175 183.000 197.000 128.000
-1.826 -5.243 156.173 128.000 138.000 89.000
-1.426 -7.645 156.177 173.000 192.000 94.000
-1.426 -7.245 156.176 155.000 176.000 77.000
-1.426 -6.844 156.174 152.000 173.000 74.000
-1.426 -6.444 156.172 165.000 184.000 88.000
-1.426 -6.044 156.170 204.000 218.000 137.000
-1.426 -5.643 156.168 206.000 220.000 145.000
-1.426 -5.243 156.166 198.000 213.000 139.000
-1.426 -4.842 156.165 171.000 186.000 115.000
-1.025 -7.245 156.169 177.000 194.000 98.000
-1.025 -6.844 156.167 179.000 197.000 97.000
-1.025 -6.444 156.165 181.000 199.000 100.000
-1.025 -6.044 156.163 193.000 209.000 119.000
-1.025 -5.643 156.161 198.000 214.000 128.000
-1.025 -5.243 156.159 180.000 195.000 112.000
-1.025 -4.843 156.157 177.000 194.000 111.000
-1.025 -4.442 156.156 112.000 126.000 69.000
-0.625 -6.844 156.160 186.000 203.000 104.000
-0.625 -6.444 156.158 187.000 204.000 105.000
-0.625 -6.044 156.156 186.000 203.000 108.000
-0.625 -5.643 156.154 194.000 212.000 118.000
-0.625 -5.243 156.152 187.000 205.000 109.000
-0.625 -4.843 156.150 180.000 199.000 106.000
-0.625 -4.442 156.148 150.000 169.000 89.000
-0.225 -6.444 156.151 183.000 201.000 103.000
-0.225 -6.044 156.149 179.000 199.000 96.000
-0.225 -5.643 156.147 187.000 207.000 100.000
-0.225 -5.243 156.145 193.000 213.000 105.000
-0.225 -4.843 156.143 179.000 199.000 99.000
-0.225 -4.442 156.141 150.000 172.000 83.000
0.176 -6.444 156.144 193.000 210.000 113.000
0.176 -6.044 156.142 203.000 219.000 127.000
0.175 -5.643 156.140 207.000 223.000 130.000
0.175 -5.243 156.138 210.000 225.000 136.000
0.175 -4.843 156.136 201.000 217.000 130.000
0.175 -4.442 156.134 164.000 179.000 104.000
0.576 -6.044 156.135 152.000 162.000 102.000
0.576 -5.643 156.133 186.000 197.000 130.000
0.576 -5.243 156.131 205.000 217.000 145.000
0.576 -4.843 156.129 202.000 213.000 149.000
0.576 -4.442 156.127 113.000 120.000 84.000
0.976 -6.044 156.127 85.000 91.000 59.000
0.976 -5.643 156.126 77.000 84.000 50.000
0.976 -5.243 156.124 102.000 109.000 71.000
0.976 -4.843 156.122 136.000 143.000 102.000
-2.619 -7.243 156.597 76.000 96.000 37.000
-2.619 -6.842 156.595 105.000 126.000 56.000
-2.619 -6.442 156.594 110.000 127.000 65.000
-2.619 -6.042 156.592 86.000 95.000 58.000
-2.219 -8.444 156.596 80.000 90.000 51.000
-2.219 -8.043 156.594 117.000 131.000 72.000
-2.219 -7.643 156.592 126.000 147.000 68.000
-2.219 -7.243 156.590 109.000 133.000 52.000
-2.219 -6.842 156.588 110.000 133.000 55.000
-2.219 -6.442 156.586 123.000 142.000 68.000
-2.219 -6.042 156.585 134.000 147.000 89.000
-2.219 -5.641 156.583 79.000 87.000 53.000
-1.819 -8.844 156.590 79.000 87.000 53.000
-1.819 -8.444 156.589 137.000 153.000 87.000
-1.819 -8.043 156.587 166.000 185.000 100.000
-1.819 -7.643 156.585 151.000 173.000 79.000
-1.819 -7.243 156.583 112.000 137.000 51.000
-1.819 -6.842 156.581 119.000 142.000 57.000
-1.819 -6.442 156.579 144.000 164.000 79.000
-1.819 -6.042 156.577 179.000 193.000 121.000
-1.819 -5.641 156.576 144.000 155.000 100.000
-1.819 -5.241 156.574 90.000 98.000 61.000
-1.418 -8.444 156.581 139.000 157.000 82.000
-1.418 -8.043 156.580 167.000 185.000 97.000
-1.418 -7.643 156.578 163.000 182.000 87.000
-1.418 -7.243 156.576 139.000 160.000 67.000
-1.419 -6.842 156.574 144.000 165.000 71.000
-1.419 -6.442 156.572 164.000 183.000 91.000
-1.419 -6.042 156.570 194.000 209.000 125.000
-1.419 -5.641 156.569 203.000 217.000 141.000
-1.419 -5.241 156.567 198.000 213.000 137.000
-1.419 -4.841 156.565 135.000 149.000 88.000
-1.018 -8.043 156.572 149.000 167.000 82.000
-1.018 -7.643 156.571 162.000 181.000 88.000
-1.018 -7.243 156.569 157.000 177.000 80.000
-1.018 -6.842 156.567 171.000 190.000 90.000
-1.018 -6.442 156.565 189.000 206.000 112.000
-1.018 -6.042 156.563 197.000 212.000 119.000
-1.018 -5.641 156.561 197.000 214.000 123.000
-1.018 -5.241 156.560 182.000 199.000 110.000
-1.018 -4.841 156.558 169.000 186.000 104.000
-1.018 -4.440 156.556 90.000 102.000 57.000
-0.618 -7.643 156.564 172.000 190.000 97.000
-0.618 -7.243 156.562 172.000 190.000 90.000
-0.618 -6.842 156.560 192.000 208.000 109.000
-0.618 -6.442 156.558 201.000 217.000 120.000
-0.618 -6.042 156.556 200.000 216.000 120.000
-0.618 -5.641 156.554 193.000 211.000 111.000
-0.618 -5.241 156.552 184.000 204.000 105.000
-0.618 -4.841 156.551 184.000 202.000 118.000
-0.618 -4.440 156.549 151.000 168.000 98.000
-0.218 -7.243 156.555 187.000 204.000 101.000
-0.218 -6.842 156.553 197.000 213.000 108.000
-0.218 -6.442 156.551 208.000 223.000 123.000
-0.218 -6.042 156.549 200.000 218.000 119.000
-0.218 -5.641 156.547 187.000 207.000 101.000
-0.218 -5.241 156.545 183.000 203.000 100.000
-0.218 -4.841 156.544 182.000 201.000 110.000
-0.218 -4.440 156.542 160.000 180.000 98.000
0.183 -6.842 156.546 195.000 212.000 110.000
0.183 -6.442 156.544 208.000 223.000 129.000
0.183 -6.042 156.542 198.000 215.000 118.000
0.183 -5.641 156.540 201.000 217.000 123.000
0.183 -5.241 156.538 194.000 212.000 113.000
0.183 -4.841 156.536 196.000 212.000 129.000
0.183 -4.440 156.535 169.000 186.000 109.000
0.583 -6.842 156.539 164.000 181.000 82.000
0.583 -6.442 156.537 199.000 214.000 123.000
0.583 -6.042 156.535 200.000 215.000 125.000
0.583 -5.641 156.533 203.000 218.000 130.000
0.583 -5.241 156.531 207.000 221.000 138.000
0.583 -4.841 156.529 203.000 217.000 143.000
0.583 -4.440 156.527 180.000 192.000 133.000
0.983 -6.042 156.528 122.000 131.000 79.000
0.983 -5.641 156.526 137.000 147.000 90.000
0.983 -5.241 156.524 170.000 181.000 118.000
0.983 -4.841 156.522 172.000 182.000 126.000
-2.612 -7.641 156.999 71.000 83.000 40.000
-2.612 -7.241 156.998 82.000 100.000 43.000
-2.612 -6.840 156.996 112.000 131.000 64.000
-2.612 -6.440 156.994 106.000 120.000 69.000
-2.612 -6.040 156.992 77.000 84.000 53.000
-2.212 -8.442 156.996 101.000 111.000 66.000
-2.212 -8.042 156.994 144.000 159.000 94.000
-2.212 -7.641 156.992 146.000 165.000 88.000
-2.212 -7.241 156.990 109.000 130.000 58.000
-2.212 -6.840 156.989 118.000 137.000 64.000
-2.212 -6.440 156.987 124.000 140.000 74.000
-2.212 -6.040 156.985 82.000 90.000 54.000
-1.812 -8.842 156.991 83.000 91.000 54.000
-1.812 -8.442 156.989 145.000 159.000 95.000
-1.812 -8.042 156.987 167.000 184.000 106.000
-1.812 -7.641 156.985 153.000 172.000 87.000
-1.812 -7.241 156.983 119.000 139.000 64.000
-1.812 -6.841 156.981 126.000 145.000 68.000
-1.812 -6.440 156.980 147.000 164.000 87.000
-1.812 -6.040 156.978 121.000 132.000 79.000
-1.812 -5.639 156.976 90.000 98.000 60.000
-1.812 -5.239 156.974 77.000 85.000 52.000
-1.411 -8.842 156.984 109.000 121.000 67.000
-1.411 -8.442 156.982 148.000 165.000 91.000
-1.411 -8.042 156.980 163.000 179.000 99.000
-1.411 -7.641 156.978 153.000 170.000 86.000
-1.411 -7.241 156.976 133.000 151.000 72.000
-1.411 -6.841 156.974 142.000 161.000 76.000
-1.411 -6.440 156.973 171.000 188.000 102.000
-1.411 -6.040 156.971 196.000 211.000 130.000
-1.411 -5.639 156.969 200.000 215.000 139.000
-1.411 -5.239 156.967 177.000 190.000 125.000
-1.011 -8.842 156.976 96.000 110.000 57.000
-1.011 -8.442 156.975 137.000 155.000 79.000
-1.011 -8.042 156.973 150.000 169.000 82.000
-1.011 -7.641 156.971 153.000 172.000 78.000
-1.011 -7.241 156.969 147.000 169.000 72.000
-1.011 -6.841 156.967 167.000 186.000 87.000
-1.011 -6.440 156.965 192.000 208.000 116.000
-1.011 -6.040 156.964 204.000 219.000 130.000
-1.011 -5.640 156.962 198.000 214.000 124.000
-1.011 -5.239 156.960 190.000 208.000 120.000
-1.011 -4.839 156.958 132.000 145.000 85.000
-0.611 -8.442 156.968 145.000 163.000 82.000
-0.611 -8.042 156.966 152.000 172.000 80.000
-0.611 -7.641 156.964 158.000 179.000 79.000
-0.611 -7.241 156.962 159.000 181.000 75.000
-0.611 -6.841 156.960 187.000 205.000 100.000
-0.611 -6.440 156.958 201.000 217.000 119.000
-0.611 -6.040 156.956 199.000 216.000 116.000
-0.611 -5.640 156.955 196.000 214.000 115.000
-0.611 -5.239 156.953 183.000 202.000 106.000
-0.611 -4.839 156.951 172.000 190.000 108.000
-0.611 -4.438 156.949 105.000 117.000 70.000
-0.210 -8.042 156.959 174.000 191.000 98.000
-0.211 -7.641 156.957 170.000 189.000 90.000
-0.211 -7.241 156.955 179.000 198.000 91.000
-0.211 -6.841 156.953 199.000 216.000 111.000
-0.211 -6.440 156.951 208.000 224.000 124.000
-0.211 -6.040 156.949 197.000 215.000 110.000
-0.211 -5.640 156.947 186.000 206.000 102.000
-0.211 -5.239 156.946 178.000 198.000 96.000
-0.211 -4.839 156.944 183.000 202.000 117.000
-0.211 -4.438 156.942 140.000 158.000 87.000
0.190 -7.641 156.950 168.000 186.000 90.000
0.190 -7.241 156.948 186.000 204.000 101.000
0.190 -6.841 156.946 199.000 215.000 112.000
0.190 -6.440 156.944 204.000 219.000 120.000
0.190 -6.040 156.942 196.000 213.000 113.000
0.190 -5.640 156.940 193.000 211.000 112.000
0.190 -5.239 156.939 194.000 212.000 115.000
0.190 -4.839 156.937 188.000 205.000 122.000
0.190 -4.439 156.935 164.000 180.000 110.000
0.590 -7.241 156.941 190.000 207.000 106.000
0.590 -6.841 156.939 199.000 214.000 115.000
0.590 -6.440 156.937 201.000 216.000 123.000
0.590 -6.040 156.935 198.000 213.000 119.000
0.590 -5.640 156.933 201.000 216.000 124.000
0.590 -5.239 156.931 210.000 224.000 138.000
0.590 -4.839 156.930 192.000 206.000 126.000
0.590 -4.439 156.928 168.000 181.000 118.000
0.990 -7.241 156.934 161.000 177.000 89.000
0.990 -6.841 156.932 182.000 195.000 114.000
0.990 -6.440 156.930 194.000 205.000 139.000
0.990 -6.040 156.928 199.000 213.000 129.000
0.990 -5.640 156.926 201.000 215.000 133.000
0.990 -5.239 156.924 207.000 219.000 144.000
0.990 -4.839 156.922 200.000 213.000 143.000
0.990 -4.439 156.921 120.000 128.000 88.000
1.391 -6.040 156.921 69.000 80.000 34.000
1.391 -5.640 156.919 102.000 112.000 62.000
1.391 -5.239 156.917 117.000 125.000 81.000
-2.605 -7.639 157.400 73.000 84.000 42.000
-2.605 -6.839 157.396 97.000 110.000 60.000
-2.205 -8.440 157.396 99.000 109.000 66.000
-2.205 -8.040 157.394 147.000 161.000 102.000
-2.205 -7.639 157.393 152.000 169.000 99.000
-2.205 -7.239 157.391 124.000 140.000 76.000
-2.205 -6.839 157.389 135.000 151.000 84.000
-2.205 -6.438 157.387 100.000 110.000 65.000
-1.805 -8.840 157.391 90.000 99.000 59.000
-1.805 -8.440 157.389 140.000 152.000 96.000
-1.805 -8.040 157.387 163.000 178.000 109.000
-1.805 -7.639 157.385 154.000 170.000 101.000
-1.805 -7.239 157.384 130.000 146.000 81.000
-1.805 -6.839 157.382 142.000 158.000 88.000
-1.805 -6.438 157.380 136.000 149.000 86.000
-1.404 -8.840 157.384 109.000 120.000 69.000
-1.404 -8.440 157.382 157.000 171.000 107.000
-1.404 -8.040 157.380 162.000 177.000 106.000
-1.404 -7.639 157.378 148.000 163.000 93.000
-1.404 -7.239 157.376 133.000 149.000 80.000
-1.404 -6.839 157.375 146.000 163.000 87.000
-1.404 -6.438 157.373 175.000 191.000 112.000
-1.404 -6.038 157.371 192.000 208.000 126.000
-1.404 -5.638 157.369 190.000 204.000 131.000
-1.404 -5.237 157.367 93.000 99.000 68.000
-1.004 -8.840 157.377 121.000 135.000 74.000
-1.004 -8.440 157.375 144.000 161.000 85.000
-1.004 -8.040 157.373 152.000 171.000 83.000
-1.004 -7.639 157.371 149.000 170.000 75.000
-1.004 -7.239 157.369 142.000 163.000 68.000
-1.004 -6.839 157.368 163.000 182.000 85.000
-1.004 -6.438 157.366 189.000 205.000 115.000
-1.004 -6.038 157.364 202.000 217.000 128.000
-1.004 -5.638 157.362 199.000 215.000 128.000
-1.004 -5.237 157.360 195.000 212.000 133.000
-0.604 -8.840 157.370 133.000 149.000 80.000
-0.604 -8.440 157.368 143.000 161.000 80.000
-0.604 -8.040 157.366 150.000 171.000 74.000
-0.604 -7.639 157.364 151.000 174.000 67.000
-0.604 -7.239 157.362 153.000 177.000 66.000
-0.604 -6.839 157.360 177.000 196.000 87.000
-0.604 -6.438 157.359 198.000 213.000 116.000
-0.604 -6.038 157.357 200.000 217.000 118.000
-0.604 -5.638 157.355 195.000 214.000 117.000
-0.604 -5.237 157.353 184.000 203.000 109.000
-0.604 -4.837 157.351 117.000 132.000 66.000
-0.203 -8.840 157.363 144.000 159.000 86.000
-0.203 -8.440 157.361 156.000 175.000 85.000
-0.203 -8.040 157.359 149.000 170.000 75.000
-0.203 -7.639 157.357 151.000 173.000 71.000
-0.203 -7.239 157.355 171.000 192.000 82.000
-0.203 -6.839 157.353 193.000 210.000 103.000
-0.203 -6.438 157.351 199.000 216.000 115.000
-0.203 -6.038 157.350 194.000 213.000 111.000
-0.203 -5.638 157.348 189.000 209.000 111.000
-0.203 -5.237 157.346 183.000 203.000 106.000
-0.204 -4.837 157.344 179.000 198.000 116.000
-0.204 -4.437 157.342 111.000 125.000 73.000
0.197 -8.440 157.354 164.000 181.000 93.000
0.197 -8.040 157.352 153.000 173.000 78.000
0.197 -7.639 157.350 155.000 175.000 76.000
0.197 -7.239 157.348 195.000 212.000 110.000
0.197 -6.839 157.346 203.000 219.000 117.000
0.197 -6.438 157.344 201.000 218.000 117.000
0.197 -6.038 157.343 203.000 219.000 122.000
0.197 -5.638 157.341 196.000 213.000 113.000
0.197 -5.237 157.339 197.000 215.000 117.000
0.197 -4.837 157.337 191.000 207.000 127.000
0.197 -4.437 157.335 160.000 176.000 110.000
0.597 -8.040 157.345 158.000 175.000 88.000
0.597 -7.639 157.343 165.000 183.000 88.000
0.597 -7.239 157.341 201.000 217.000 117.000
0.597 -6.839 157.339 201.000 217.000 112.000
0.597 -6.438 157.337 202.000 217.000 117.000
0.597 -6.038 157.335 206.000 220.000 127.000
0.597 -5.638 157.334 207.000 222.000 131.000
0.597 -5.237 157.332 209.000 224.000 133.000
0.597 -4.837 157.330 193.000 208.000 126.000
0.597 -4.437 157.328 162.000 177.000 110.000
0.997 -7.639 157.336 121.000 131.000 78.000
0.997 -7.239 157.334 193.000 208.000 120.000
0.997 -6.839 157.332 204.000 217.000 131.000
0.997 -6.438 157.330 215.000 226.000 151.000
0.997 -6.038 157.328 205.000 219.000 131.000
0.997 -5.638 157.326 214.000 226.000 145.000
0.997 -5.237 157.325 220.000 232.000 156.000
0.997 -4.837 157.323 202.000 216.000 137.000
0.997 -4.437 157.321 131.000 142.000 87.000
1.398 -6.839 157.325 143.000 153.000 97.000
1.398 -6.438 157.323 165.000 175.000 118.000
1.398 -6.038 157.321 174.000 189.000 110.000
1.398 -5.638 157.319 167.000 181.000 105.000
1.398 -5.237 157.317 157.000 169.000 105.000
1.398 -4.837 157.316 79.000 89.000 45.000
-2.598 -7.637 157.800 79.000 90.000 48.000
-2.198 -8.438 157.797 103.000 112.000 70.000
-2.198 -8.038 157.795 146.000 159.000 102.000
-2.198 -7.638 157.793 145.000 161.000 94.000
-2.198 -7.237 157.791 127.000 143.000 77.000
-2.198 -6.837 157.789 124.000 139.000 75.000
-2.198 -6.436 157.787 79.000 88.000 51.000
-1.797 -8.839 157.791 93.000 101.000 64.000
-1.797 -8.438 157.789 167.000 180.000 123.000
-1.797 -8.038 157.788 169.000 182.000 118.000
-1.797 -7.638 157.786 149.000 164.000 97.000
-1.797 -7.237 157.784 132.000 148.000 81.000
-1.797 -6.837 157.782 134.000 150.000 79.000
-1.797 -6.436 157.780 111.000 125.000 67.000
-1.397 -8.839 157.784 119.000 130.000 82.000
-1.397 -8.438 157.782 166.000 179.000 120.000
-1.397 -8.038 157.780 161.000 174.000 112.000
-1.397 -7.638 157.779 146.000 159.000 95.000
-1.397 -7.237 157.777 133.000 149.000 79.000
-1.397 -6.837 157.775 134.000 152.000 74.000
-1.397 -6.436 157.773 144.000 162.000 81.000
-1.397 -6.036 157.771 186.000 202.000 118.000
-1.397 -5.636 157.769 175.000 188.000 122.000
-1.397 -5.235 157.768 90.000 96.000 65.000
-0.997 -8.839 157.777 119.000 135.000 72.000
-0.997 -8.438 157.775 149.000 165.000 93.000
-0.997 -8.038 157.773 148.000 164.000 88.000
-0.997 -7.638 157.772 142.000 159.000 81.000
-0.997 -7.237 157.770 133.000 151.000 71.000
-0.997 -6.837 157.768 148.000 166.000 81.000
-0.997 -6.437 157.766 176.000 192.000 105.000
-0.997 -6.036 157.764 198.000 213.000 124.000
-0.997 -5.636 157.762 203.000 219.000 135.000
-0.997 -5.235 157.760 196.000 212.000 133.000
-0.597 -8.839 157.770 135.000 153.000 78.000
-0.597 -8.438 157.768 144.000 163.000 80.000
-0.597 -8.038 157.766 149.000 169.000 79.000
-0.597 -7.638 157.764 148.000 168.000 74.000
-0.597 -7.237 157.763 145.000 166.000 71.000
-0.597 -6.837 157.761 164.000 183.000 86.000
-0.597 -6.437 157.759 190.000 205.000 115.000
-0.597 -6.036 157.757 199.000 215.000 117.000
-0.597 -5.636 157.755 197.000 214.000 118.000
-0.597 -5.235 157.753 192.000 209.000 118.000
-0.597 -4.835 157.751 106.000 119.000 62.000
-0.196 -9.239 157.765 111.000 123.000 71.000
-0.196 -8.839 157.763 155.000 174.000 85.000
-0.196 -8.438 157.761 152.000 172.000 77.000
-0.196 -8.038 157.759 152.000 173.000 73.000
-0.196 -7.638 157.757 156.000 177.000 72.000
-0.196 -7.237 157.755 175.000 196.000 83.000
-0.196 -6.837 157.754 192.000 209.000 103.000
-0.196 -6.437 157.752 197.000 214.000 115.000
-0.196 -6.036 157.750 197.000 215.000 112.000
-0.196 -5.636 157.748 186.000 206.000 103.000
-0.196 -5.235 157.746 184.000 203.000 107.000
-0.196 -4.835 157.744 161.000 181.000 100.000
0.204 -9.239 157.758 83.000 90.000 57.000
0.204 -8.839 157.756 177.000 192.000 114.000
0.204 -8.438 157.754 164.000 182.000 88.000
0.204 -8.038 157.752 161.000 181.000 81.000
0.204 -7.638 157.750 162.000 181.000 79.000
0.204 -7.237 157.748 187.000 205.000 99.000
0.204 -6.837 157.746 200.000 215.000 110.000
0.204 -6.437 157.745 202.000 219.000 113.000
0.204 -6.036 157.743 201.000 219.000 107.000
0.204 -5.636 157.741 197.000 215.000 107.000
0.204 -5.236 157.739 198.000 216.000 116.000
0.204 -4.835 157.737 189.000 206.000 124.000
0.204 -4.435 157.735 132.000 149.000 88.000
0.604 -8.839 157.749 96.000 102.000 68.000
0.604 -8.438 157.747 170.000 186.000 101.000
0.604 -8.038 157.745 168.000 186.000 93.000
0.604 -7.638 157.743 169.000 187.000 90.000
0.604 -7.237 157.741 191.000 207.000 105.000
0.604 -6.837 157.739 200.000 216.000 108.000
0.604 -6.437 157.738 204.000 220.000 111.000
0.604 -6.036 157.736 203.000 220.000 106.000
0.604 -5.636 157.734 208.000 224.000 120.000
0.604 -5.236 157.732 213.000 228.000 134.000
0.604 -4.835 157.730 196.000 212.000 129.000
0.604 -4.435 157.728 165.000 180.000 114.000
1.005 -8.438 157.740 92.000 99.000 64.000
1.005 -8.038 157.738 138.000 148.000 91.000
1.005 -7.638 157.736 170.000 183.000 110.000
1.005 -7.237 157.734 194.000 209.000 117.000
1.005 -6.837 157.732 203.000 217.000 123.000
1.005 -6.437 157.730 204.000 218.000 123.000
1.005 -6.036 157.729 208.000 221.000 134.000
1.004 -5.636 157.727 209.000 223.000 136.000
1.004 -5.236 157.725 214.000 227.000 143.000
1.004 -4.835 157.723 201.000 216.000 136.000
1.004 -4.435 157.721 153.000 166.000 106.000
1.405 -7.237 157.727 105.000 111.000 73.000
1.405 -6.837 157.725 200.000 213.000 134.000
1.405 -6.437 157.723 207.000 220.000 141.000
1.405 -6.036 157.721 195.000 209.000 126.000
1.405 -5.636 157.720 171.000 184.000 113.000
1.405 -5.236 157.718 131.000 140.000 91.000
1.405 -4.835 157.716 141.000 154.000 90.000
1.805 -6.437 157.716 123.000 131.000 85.000
-2.591 -7.636 158.200 77.000 90.000 46.000
-2.191 -8.436 158.197 88.000 99.000 56.000
-2.191 -8.036 158.195 121.000 136.000 77.000
-2.191 -7.636 158.193 123.000 141.000 73.000
-2.191 -7.235 158.191 116.000 135.000 64.000
-2.191 -6.835 158.189 119.000 135.000 73.000
-2.191 -6.435 158.188 76.000 84.000 52.000
-1.790 -8.837 158.192 79.000 90.000 50.000
-1.790 -8.436 158.190 141.000 156.000 92.000
-1.790 -8.036 158.188 141.000 158.000 86.000
-1.790 -7.636 158.186 133.000 151.000 77.000
-1.790 -7.235 158.184 126.000 145.000 70.000
-1.790 -6.835 158.182 126.000 143.000 72.000
-1.790 -6.435 158.180 97.000 109.000 58.000
-1.390 -8.837 158.184 98.000 110.000 62.000
-1.390 -8.436 158.183 144.000 160.000 90.000
-1.390 -8.036 158.181 140.000 156.000 83.000
-1.390 -7.636 158.179 135.000 152.000 77.000
-1.390 -7.235 158.177 132.000 150.000 74.000
-1.390 -6.835 158.175 128.000 147.000 67.000
-1.390 -6.435 158.173 124.000 143.000 65.000
-1.390 -6.034 158.172 132.000 147.000 77.000
-1.390 -5.634 158.170 102.000 111.000 64.000
-0.990 -8.837 158.177 119.000 135.000 72.000
-0.990 -8.436 158.175 143.000 160.000 86.000
-0.990 -8.036 158.174 147.000 164.000 86.000
-0.990 -7.636 158.172 141.000 159.000 78.000
-0.990 -7.235 158.170 133.000 152.000 70.000
-0.990 -6.835 158.168 143.000 162.000 74.000
-0.990 -6.435 158.166 159.000 177.000 88.000
-0.990 -6.034 158.164 193.000 209.000 125.000
-0.990 -5.634 158.163 197.000 212.000 133.000
-0.990 -5.234 158.161 164.000 177.000 116.000
-0.589 -9.237 158.172 87.000 98.000 54.000
-0.589 -8.837 158.170 142.000 160.000 82.000
-0.589 -8.436 158.168 148.000 165.000 85.000
-0.589 -8.036 158.167 150.000 169.000 82.000
-0.589 -7.636 158.165 146.000 166.000 77.000
-0.589 -7.235 158.163 144.000 164.000 72.000
-0.590 -6.835 158.161 156.000 175.000 79.000
-0.590 -6.435 158.159 178.000 195.000 101.000
-0.590 -6.034 158.157 193.000 210.000 115.000
-0.590 -5.634 158.155 195.000 212.000 123.000
-0.590 -5.234 158.154 185.000 201.000 125.000
-0.189 -9.237 158.165 133.000 147.000 83.000
-0.189 -8.837 158.163 152.000 173.000 81.000
-0.189 -8.436 158.161 150.000 170.000 77.000
-0.189 -8.036 158.159 144.000 165.000 69.000
-0.189 -7.636 158.158 146.000 167.000 69.000
-0.189 -7.235 158.156 159.000 179.000 77.000
-0.189 -6.835 158.154 173.000 192.000 87.000
-0.189 -6.435 158.152 189.000 206.000 107.000
-0.189 -6.034 158.150 188.000 207.000 104.000
-0.189 -5.634 158.148 180.000 199.000 103.000
-0.189 -5.234 158.146 161.000 179.000 98.000
-0.189 -4.833 158.145 98.000 111.000 61.000
0.211 -9.237 158.158 130.000 141.000 92.000
0.211 -8.837 158.156 175.000 190.000 108.000
0.211 -8.436 158.154 170.000 188.000 94.000
0.211 -8.036 158.152 159.000 179.000 79.000
0.211 -7.636 158.150 158.000 178.000 77.000
0.211 -7.235 158.149 172.000 191.000 84.000
0.211 -6.835 158.147 182.000 201.000 88.000
0.211 -6.435 158.145 191.000 209.000 98.000
0.211 -6.034 158.143 192.000 210.000 99.000
0.211 -5.634 158.141 183.000 202.000 97.000
0.211 -5.234 158.139 187.000 204.000 114.000
0.211 -4.833 158.138 163.000 180.000 107.000
0.611 -8.837 158.149 143.000 153.000 102.000
0.611 -8.436 158.147 187.000 202.000 114.000
0.611 -8.036 158.145 180.000 197.000 102.000
0.611 -7.636 158.143 176.000 193.000 95.000
0.611 -7.235 158.142 186.000 203.000 96.000
0.611 -6.835 158.140 189.000 208.000 92.000
0.611 -6.435 158.138 191.000 210.000 93.000
0.611 -6.034 158.136 194.000 212.000 97.000
0.611 -5.634 158.134 190.000 208.000 102.000
0.611 -5.234 158.132 189.000 206.000 111.000
0.611 -4.833 158.130 176.000 192.000 112.000
0.611 -4.433 158.129 140.000 152.000 101.000
1.012 -8.436 158.140 153.000 164.000 107.000
1.012 -8.036 158.138 173.000 187.000 109.000
1.012 -7.636 158.136 176.000 191.000 103.000
1.012 -7.235 158.134 194.000 209.000 115.000
1.012 -6.835 158.133 196.000 211.000 112.000
1.012 -6.435 158.131 197.000 212.000 114.000
1.012 -6.034 158.129 194.000 209.000 111.000
1.012 -5.634 158.127 190.000 205.000 110.000
1.012 -5.234 158.125 198.000 213.000 130.000
1.012 -4.833 158.123 195.000 208.000 141.000
1.012 -4.433 158.121 182.000 191.000 146.000
1.412 -7.636 158.129 98.000 106.000 62.000
1.412 -7.235 158.127 151.000 162.000 97.000
1.412 -6.835 158.125 196.000 208.000 126.000
1.412 -6.435 158.124 196.000 209.000 125.000
1.412 -6.034 158.122 186.000 201.000 113.000
1.412 -5.634 158.120 192.000 206.000 122.000
1.412 -5.234 158.118 195.000 210.000 132.000
1.412 -4.833 158.116 205.000 218.000 155.000
1.412 -4.433 158.114 197.000 206.000 157.000
1.812 -6.835 158.118 107.000 113.000 76.000
1.812 -6.435 158.116 156.000 167.000 108.000
1.812 -6.034 158.115 125.000 138.000 75.000
1.812 -5.634 158.113 99.000 109.000 59.000
1.812 -5.234 158.111 128.000 138.000 89.000
1.812 -4.833 158.109 172.000 184.000 122.000
1.812 -4.433 158.107 172.000 184.000 126.000
1.812 -4.033 158.105 166.000 174.000 138.000
2.212 -4.833 158.102 146.000 157.000 105.000
2.212 -4.433 158.100 168.000 180.000 131.000
2.212 -4.033 158.098 126.000 145.000 108.000
2.613 -4.833 158.095 83.000 96.000 62.000
2.613 -4.433 158.093 105.000 122.000 87.000
-2.183 -8.435 158.597 86.000 101.000 51.000
-2.184 -8.034 158.595 116.000 135.000 70.000
-2.184 -7.634 158.593 121.000 140.000 69.000
-2.184 -7.233 158.592 111.000 130.000 59.000
-2.184 -6.833 158.590 111.000 126.000 65.000
-1.783 -8.835 158.592 72.000 84.000 43.000
-1.783 -8.435 158.590 108.000 124.000 61.000
-1.783 -8.034 158.588 122.000 143.000 66.000
-1.783 -7.634 158.586 115.000 136.000 59.000
-1.783 -7.233 158.584 118.000 138.000 60.000
-1.783 -6.833 158.583 119.000 137.000 66.000
-1.783 -6.433 158.581 110.000 124.000 68.000
-1.383 -8.835 158.585 81.000 93.000 45.000
-1.383 -8.435 158.583 115.000 134.000 61.000
-1.383 -8.034 158.581 116.000 138.000 58.000
-1.383 -7.634 158.579 121.000 143.000 59.000
-1.383 -7.233 158.577 135.000 155.000 71.000
-1.383 -6.833 158.575 130.000 150.000 68.000
-1.383 -6.433 158.574 111.000 130.000 57.000
-0.983 -8.835 158.578 136.000 153.000 81.000
-0.983 -8.435 158.576 135.000 154.000 77.000
-0.983 -8.034 158.574 141.000 161.000 77.000
-0.983 -7.634 158.572 141.000 160.000 73.000
-0.983 -7.234 158.570 138.000 158.000 70.000
-0.983 -6.833 158.568 137.000 157.000 68.000
-0.983 -6.433 158.567 138.000 157.000 70.000
-0.983 -6.032 158.565 163.000 177.000 99.000
-0.983 -5.632 158.563 139.000 151.000 94.000
-0.983 -5.232 158.561 86.000 93.000 61.000
-0.582 -9.235 158.572 95.000 106.000 57.000
-0.582 -8.835 158.571 145.000 165.000 81.000
-0.582 -8.435 158.569 142.000 161.000 80.000
-0.582 -8.034 158.567 146.000 165.000 79.000
-0.582 -7.634 158.565 144.000 163.000 75.000
-0.582 -7.234 158.563 140.000 160.000 69.000
-0.582 -6.833 158.561 148.000 167.000 71.000
-0.582 -6.433 158.559 164.000 182.000 87.000
-0.582 -6.032 158.558 192.000 207.000 120.000
-0.582 -5.632 158.556 188.000 203.000 131.000
-0.582 -5.232 158.554 100.000 106.000 74.000
-0.182 -9.235 158.565 143.000 159.000 89.000
-0.182 -8.835 158.563 147.000 169.000 78.000
-0.182 -8.435 158.562 147.000 167.000 77.000
-0.182 -8.034 158.560 143.000 164.000 72.000
-0.182 -7.634 158.558 138.000 158.000 68.000
-0.182 -7.234 158.556 145.000 164.000 71.000
-0.182 -6.833 158.554 160.000 179.000 80.000
-0.182 -6.433 158.552 185.000 201.000 107.000
-0.182 -6.032 158.550 185.000 204.000 107.000
-0.182 -5.632 158.549 161.000 178.000 98.000
0.218 -9.235 158.558 141.000 152.000 99.000
0.218 -8.835 158.556 176.000 192.000 107.000
0.218 -8.435 158.554 164.000 182.000 88.000
0.218 -8.034 158.553 156.000 176.000 79.000
0.218 -7.634 158.551 155.000 174.000 77.000
0.218 -7.234 158.549 164.000 183.000 79.000
0.218 -6.833 158.547 168.000 188.000 76.000
0.218 -6.433 158.545 177.000 196.000 86.000
0.218 -6.033 158.543 190.000 207.000 106.000
0.218 -5.632 158.542 175.000 193.000 101.000
0.218 -5.232 158.540 160.000 178.000 102.000
0.218 -4.831 158.538 107.000 120.000 73.000
0.619 -8.835 158.549 198.000 211.000 142.000
0.619 -8.435 158.547 188.000 203.000 114.000
0.619 -8.034 158.545 181.000 198.000 103.000
0.619 -7.634 158.544 176.000 193.000 93.000
0.618 -7.234 158.542 182.000 201.000 91.000
0.618 -6.833 158.540 179.000 199.000 80.000
0.618 -6.433 158.538 176.000 197.000 79.000
0.618 -6.033 158.536 182.000 200.000 92.000
0.618 -5.632 158.534 178.000 195.000 100.000
0.618 -5.232 158.533 171.000 187.000 106.000
0.618 -4.831 158.531 159.000 175.000 109.000
1.019 -8.435 158.540 185.000 197.000 130.000
1.019 -8.034 158.538 189.000 203.000 119.000
1.019 -7.634 158.537 167.000 184.000 87.000
1.019 -7.234 158.535 179.000 196.000 93.000
1.019 -6.833 158.533 188.000 204.000 102.000
1.019 -6.433 158.531 190.000 205.000 108.000
1.019 -6.033 158.529 186.000 202.000 104.000
1.019 -5.632 158.527 182.000 198.000 107.000
1.019 -5.232 158.525 186.000 199.000 127.000
1.019 -4.832 158.524 187.000 198.000 141.000
1.419 -8.034 158.531 95.000 101.000 64.000
1.419 -7.634 158.529 148.000 160.000 93.000
1.419 -7.234 158.528 185.000 197.000 119.000
1.419 -6.833 158.526 199.000 211.000 131.000
1.419 -6.433 158.524 196.000 209.000 128.000
1.419 -6.033 158.522 187.000 201.000 114.000
1.419 -5.632 158.520 193.000 207.000 126.000
1.419 -5.232 158.518 196.000 210.000 140.000
1.419 -4.832 158.517 212.000 221.000 173.000
1.419 -4.431 158.515 234.000 238.000 211.000
1.819 -6.833 158.519 167.000 177.000 116.000
1.819 -6.433 158.517 176.000 188.000 115.000
1.819 -6.033 158.515 189.000 202.000 129.000
1.819 -5.632 158.513 197.000 211.000 138.000
1.819 -5.232 158.511 205.000 219.000 151.000
1.819 -4.832 158.509 216.000 226.000 172.000
1.819 -4.431 158.508 234.000 240.000 207.000
2.220 -6.033 158.508 113.000 123.000 75.000
2.220 -5.632 158.506 120.000 131.000 77.000
2.220 -5.232 158.504 131.000 143.000 88.000
2.220 -4.832 158.502 210.000 222.000 168.000
2.220 -4.431 158.500 230.000 237.000 205.000
2.620 -4.832 158.495 180.000 192.000 139.000
2.620 -4.431 158.493 190.000 202.000 158.000
-1.776 -8.833 158.992 66.000 80.000 39.000
-1.776 -8.433 158.990 131.000 150.000 77.000
-1.776 -8.032 158.988 140.000 161.000 76.000
-1.776 -7.632 158.987 139.000 161.000 70.000
-1.776 -7.232 158.985 118.000 139.000 58.000
-1.776 -6.831 158.983 119.000 138.000 64.000
-1.776 -6.431 158.981 111.000 126.000 69.000
-1.376 -8.433 158.983 107.000 127.000 57.000
-1.376 -8.032 158.981 131.000 153.000 65.000
-1.376 -7.632 158.979 138.000 161.000 64.000
-1.376 -7.232 158.978 132.000 154.000 64.000
-1.376 -6.831 158.976 122.000 142.000 61.000
-1.376 -6.431 158.974 115.000 133.000 63.000
-0.975 -8.833 158.978 88.000 106.000 42.000
-0.976 -8.433 158.976 118.000 140.000 58.000
-0.976 -8.032 158.974 130.000 151.000 65.000
-0.976 -7.632 158.972 139.000 159.000 70.000
-0.976 -7.232 158.971 136.000 155.000 70.000
-0.976 -6.831 158.969 129.000 149.000 65.000
-0.976 -6.431 158.967 126.000 145.000 68.000
-0.976 -6.031 158.965 121.000 133.000 77.000
-0.575 -8.833 158.971 127.000 149.000 60.000
-0.575 -8.433 158.969 137.000 159.000 68.000
-0.575 -8.032 158.967 145.000 165.000 75.000
-0.575 -7.632 158.965 144.000 162.000 75.000
-0.575 -7.232 158.963 140.000 158.000 71.000
-0.575 -6.831 158.962 141.000 160.000 71.000
-0.575 -6.431 158.960 146.000 164.000 80.000
-0.575 -6.031 158.958 185.000 200.000 124.000
-0.575 -5.630 158.956 155.000 165.000 118.000
-0.175 -9.233 158.966 82.000 94.000 44.000
-0.175 -8.833 158.964 148.000 170.000 76.000
-0.175 -8.433 158.962 149.000 168.000 80.000
-0.175 -8.032 158.960 156.000 174.000 83.000
-0.175 -7.632 158.958 152.000 169.000 79.000
-0.175 -7.232 158.956 139.000 158.000 65.000
-0.175 -6.831 158.954 153.000 172.000 76.000
-0.175 -6.431 158.953 181.000 196.000 114.000
-0.175 -6.031 158.951 193.000 210.000 128.000
-0.175 -5.630 158.949 165.000 180.000 113.000
-0.175 -5.230 158.947 87.000 97.000 62.000
0.225 -9.233 158.958 145.000 157.000 98.000
0.225 -8.833 158.957 168.000 185.000 98.000
0.225 -8.433 158.955 161.000 179.000 91.000
0.225 -8.032 158.953 162.000 179.000 86.000
0.225 -7.632 158.951 163.000 180.000 84.000
0.225 -7.232 158.949 155.000 174.000 71.000
0.225 -6.831 158.947 168.000 187.000 83.000
0.225 -6.431 158.945 186.000 202.000 110.000
0.225 -6.031 158.944 190.000 205.000 117.000
0.225 -5.630 158.942 174.000 190.000 109.000
0.225 -5.230 158.940 146.000 161.000 101.000
0.626 -9.233 158.951 163.000 173.000 120.000
0.626 -8.833 158.949 193.000 207.000 130.000
0.626 -8.433 158.948 180.000 195.000 107.000
0.626 -8.032 158.946 173.000 189.000 96.000
0.626 -7.632 158.944 172.000 188.000 91.000
0.626 -7.232 158.942 182.000 199.000 94.000
0.626 -6.831 158.940 182.000 200.000 92.000
0.626 -6.431 158.938 186.000 203.000 103.000
0.626 -6.031 158.937 184.000 200.000 105.000
0.626 -5.630 158.935 175.000 191.000 106.000
0.626 -5.230 158.933 166.000 182.000 109.000
1.026 -8.833 158.942 132.000 139.000 94.000
1.026 -8.433 158.941 181.000 192.000 117.000
1.026 -8.032 158.939 184.000 198.000 110.000
1.026 -7.632 158.937 176.000 192.000 98.000
1.026 -7.232 158.935 191.000 206.000 110.000
1.026 -6.831 158.933 191.000 206.000 107.000
1.026 -6.431 158.931 191.000 206.000 115.000
1.026 -6.031 158.929 178.000 191.000 106.000
1.026 -5.630 158.928 181.000 193.000 118.000
1.026 -5.230 158.926 177.000 190.000 119.000
1.026 -4.830 158.924 171.000 182.000 127.000
1.426 -8.032 158.932 89.000 96.000 57.000
1.426 -7.632 158.930 156.000 169.000 97.000
1.426 -7.232 158.928 192.000 206.000 119.000
1.426 -6.831 158.926 196.000 210.000 125.000
1.426 -6.431 158.924 195.000 208.000 129.000
1.426 -6.031 158.922 193.000 204.000 134.000
1.426 -5.630 158.920 199.000 210.000 144.000
1.426 -5.230 158.919 191.000 204.000 137.000
1.426 -4.830 158.917 203.000 214.000 166.000
1.826 -6.831 158.919 187.000 199.000 129.000
1.826 -6.431 158.917 199.000 210.000 144.000
1.826 -6.031 158.915 212.000 221.000 164.000
1.826 -5.630 158.913 213.000 223.000 162.000
1.826 -5.230 158.912 204.000 216.000 153.000
1.826 -4.830 158.910 218.000 227.000 186.000
2.227 -6.431 158.910 106.000 112.000 79.000
2.227 -6.031 158.908 224.000 228.000 193.000
2.227 -5.630 158.906 219.000 225.000 185.000
2.227 -5.230 158.904 211.000 220.000 167.000
2.227 -4.830 158.903 227.000 235.000 192.000
2.227 -4.429 158.901 238.000 243.000 216.000
2.227 -3.629 158.897 195.000 174.000 160.000
2.627 -5.230 158.897 86.000 95.000 58.000
2.627 -4.830 158.895 187.000 200.000 139.000
2.627 -4.429 158.894 192.000 204.000 151.000
-1.369 -8.831 159.385 110.000 127.000 64.000
-1.369 -8.431 159.383 133.000 154.000 70.000
-1.369 -8.030 159.382 143.000 165.000 69.000
-1.369 -7.630 159.380 154.000 177.000 73.000
-1.369 -7.230 159.378 146.000 166.000 74.000
-1.369 -6.829 159.376 137.000 156.000 73.000
-1.369 -6.429 159.374 124.000 140.000 72.000
-0.968 -8.831 159.378 119.000 139.000 61.000
-0.968 -8.431 159.376 122.000 145.000 58.000
-0.968 -8.031 159.374 143.000 164.000 72.000
-0.968 -7.630 159.373 150.000 169.000 77.000
-0.968 -7.230 159.371 157.000 175.000 85.000
-0.968 -6.829 159.369 148.000 166.000 80.000
-0.968 -6.429 159.367 131.000 148.000 74.000
-0.568 -8.831 159.371 127.000 148.000 61.000
-0.568 -8.431 159.369 135.000 157.000 65.000
-0.568 -8.031 159.367 145.000 164.000 74.000
-0.568 -7.630 159.366 148.000 166.000 78.000
-0.568 -7.230 159.364 155.000 173.000 84.000
-0.568 -6.829 159.362 152.000 169.000 81.000
-0.568 -6.429 159.360 153.000 170.000 90.000
-0.568 -6.029 159.358 183.000 197.000 127.000
-0.568 -5.628 159.356 127.000 135.000 97.000
-0.168 -9.232 159.366 78.000 88.000 45.000
-0.168 -8.831 159.364 146.000 167.000 75.000
-0.168 -8.431 159.362 153.000 171.000 82.000
-0.168 -8.031 159.360 157.000 175.000 82.000
-0.168 -7.630 159.358 154.000 172.000 78.000
-0.168 -7.230 159.357 144.000 163.000 71.000
-0.168 -6.829 159.355 160.000 177.000 86.000
-0.168 -6.429 159.353 186.000 201.000 119.000
-0.168 -6.029 159.351 199.000 214.000 137.000
-0.168 -5.628 159.349 144.000 156.000 103.000
0.232 -9.232 159.359 94.000 101.000 63.000
0.232 -8.831 159.357 170.000 186.000 101.000
0.232 -8.431 159.355 171.000 187.000 99.000
0.232 -8.031 159.353 169.000 186.000 92.000
0.232 -7.630 159.351 167.000 184.000 85.000
0.232 -7.230 159.349 167.000 185.000 83.000
0.232 -6.830 159.348 185.000 201.000 104.000
0.232 -6.429 159.346 193.000 208.000 120.000
0.232 -6.029 159.344 192.000 206.000 124.000
0.232 -5.628 159.342 165.000 179.000 106.000
0.232 -5.228 159.340 93.000 101.000 65.000
0.633 -9.232 159.352 102.000 108.000 78.000
0.633 -8.831 159.350 191.000 204.000 130.000
0.633 -8.431 159.348 187.000 202.000 116.000
0.633 -8.031 159.346 178.000 193.000 99.000
0.633 -7.630 159.344 181.000 197.000 99.000
0.633 -7.230 159.342 199.000 213.000 115.000
0.633 -6.830 159.341 197.000 212.000 111.000
0.633 -6.429 159.339 194.000 208.000 112.000
0.633 -6.029 159.337 186.000 200.000 113.000
0.633 -5.628 159.335 176.000 191.000 110.000
0.633 -5.228 159.333 167.000 180.000 115.000
1.033 -8.831 159.343 149.000 156.000 109.000
1.033 -8.431 159.341 193.000 205.000 125.000
1.033 -8.031 159.339 199.000 211.000 130.000
1.033 -7.630 159.337 194.000 207.000 120.000
1.033 -7.230 159.335 196.000 209.000 117.000
1.033 -6.830 159.333 196.000 210.000 113.000
1.033 -6.429 159.332 194.000 208.000 112.000
1.033 -6.029 159.330 190.000 203.000 117.000
1.033 -5.629 159.328 189.000 201.000 126.000
1.033 -5.228 159.326 194.000 205.000 142.000
1.033 -4.828 159.324 183.000 192.000 150.000
1.433 -8.431 159.334 91.000 95.000 69.000
1.433 -8.031 159.332 152.000 159.000 111.000
1.433 -7.630 159.330 177.000 188.000 118.000
1.433 -7.230 159.328 193.000 206.000 122.000
1.433 -6.830 159.326 200.000 213.000 125.000
1.433 -6.429 159.324 202.000 214.000 132.000
1.433 -6.029 159.323 202.000 214.000 140.000
1.433 -5.629 159.321 202.000 214.000 144.000
1.433 -5.228 159.319 202.000 213.000 154.000
1.433 -4.828 159.317 213.000 221.000 180.000
1.834 -7.630 159.323 85.000 92.000 56.000
1.834 -7.230 159.321 154.000 165.000 99.000
1.834 -6.830 159.319 203.000 215.000 140.000
1.834 -6.429 159.317 211.000 221.000 157.000
1.834 -6.029 159.316 229.000 236.000 188.000
1.834 -5.629 159.314 229.000 237.000 189.000
1.833 -5.228 159.312 214.000 224.000 169.000
1.833 -4.828 159.310 223.000 231.000 190.000
2.234 -7.230 159.314 88.000 95.000 57.000
2.234 -6.830 159.312 159.000 169.000 112.000
2.234 -6.429 159.310 213.000 221.000 174.000
2.234 -6.029 159.308 235.000 239.000 202.000
2.234 -5.629 159.307 229.000 236.000 193.000
2.234 -5.228 159.305 184.000 194.000 136.000
2.234 -4.828 159.303 227.000 234.000 189.000
2.234 -3.627 159.297 148.000 123.000 110.000
2.634 -5.629 159.299 231.000 235.000 206.000
2.634 -5.228 159.298 184.000 194.000 139.000
2.634 -4.828 159.296 202.000 215.000 150.000
2.634 -4.428 159.294 200.000 211.000 161.000
-0.961 -8.829 159.778 128.000 149.000 64.000
-0.961 -8.429 159.777 142.000 164.000 68.000
-0.961 -8.029 159.775 152.000 173.000 74.000
-0.961 -7.628 159.773 161.000 181.000 81.000
-0.961 -7.228 159.771 166.000 185.000 91.000
-0.961 -6.828 159.769 157.000 174.000 86.000
-0.961 -6.427 159.767 141.000 156.000 81.000
-0.561 -8.829 159.771 131.000 152.000 62.000
-0.561 -8.429 159.770 139.000 161.000 66.000
-0.561 -8.029 159.768 150.000 170.000 74.000
-0.561 -7.628 159.766 157.000 177.000 81.000
-0.561 -7.228 159.764 165.000 183.000 90.000
-0.561 -6.828 159.762 162.000 179.000 90.000
-0.561 -6.427 159.760 157.000 173.000 93.000
-0.561 -6.027 159.758 126.000 137.000 85.000
-0.161 -9.230 159.766 78.000 87.000 45.000
-0.161 -8.829 159.764 144.000 163.000 73.000
-0.161 -8.429 159.762 151.000 169.000 80.000
-0.161 -8.029 159.761 157.000 176.000 80.000
-0.161 -7.628 159.759 156.000 176.000 77.000
-0.161 -7.228 159.757 155.000 174.000 83.000
-0.161 -6.828 159.755 177.000 193.000 107.000
-0.161 -6.427 159.753 194.000 208.000 132.000
-0.161 -6.027 159.751 209.000 222.000 159.000
0.240 -9.230 159.759 78.000 83.000 52.000
0.240 -8.829 159.757 167.000 183.000 101.000
0.240 -8.429 159.755 173.000 188.000 101.000
0.240 -8.029 159.753 175.000 191.000 99.000
0.240 -7.628 159.752 176.000 193.000 96.000
0.240 -7.228 159.750 187.000 203.000 109.000
0.240 -6.828 159.748 195.000 209.000 120.000
0.239 -6.427 159.746 199.000 212.000 130.000
0.239 -6.027 159.744 201.000 215.000 141.000
0.239 -5.627 159.742 138.000 147.000 99.000
0.640 -8.829 159.750 190.000 201.000 132.000
0.640 -8.429 159.748 192.000 205.000 122.000
0.640 -8.029 159.746 193.000 207.000 121.000
0.640 -7.628 159.744 195.000 209.000 119.000
0.640 -7.228 159.743 205.000 218.000 126.000
0.640 -6.828 159.741 204.000 218.000 124.000
0.640 -6.427 159.739 201.000 215.000 126.000
0.640 -6.027 159.737 189.000 203.000 121.000
0.640 -5.627 159.735 174.000 188.000 115.000
0.640 -5.226 159.733 103.000 109.000 73.000
1.040 -8.829 159.743 159.000 166.000 123.000
1.040 -8.429 159.741 203.000 215.000 139.000
1.040 -8.029 159.739 203.000 214.000 136.000
1.040 -7.628 159.737 203.000 215.000 131.000
1.040 -7.228 159.736 200.000 212.000 125.000
1.040 -6.828 159.734 200.000 213.000 121.000
1.040 -6.427 159.732 196.000 210.000 115.000
1.040 -6.027 159.730 193.000 206.000 122.000
1.040 -5.627 159.728 194.000 206.000 135.000
1.040 -5.226 159.726 215.000 223.000 174.000
1.040 -4.826 159.724 177.000 184.000 150.000
1.440 -8.429 159.734 147.000 154.000 109.000
1.440 -8.029 159.732 172.000 181.000 122.000
1.440 -7.628 159.730 187.000 197.000 129.000
1.440 -7.228 159.728 205.000 217.000 136.000
1.440 -6.828 159.727 203.000 215.000 130.000
1.440 -6.427 159.725 206.000 218.000 137.000
1.440 -6.027 159.723 210.000 221.000 149.000
1.440 -5.627 159.721 213.000 223.000 163.000
1.440 -5.226 159.719 222.000 230.000 182.000
1.440 -4.826 159.717 226.000 232.000 193.000
1.841 -7.628 159.723 165.000 173.000 121.000
1.841 -7.228 159.721 203.000 215.000 141.000
1.841 -6.828 159.719 211.000 221.000 149.000
1.841 -6.427 159.718 222.000 230.000 171.000
1.841 -6.027 159.716 234.000 240.000 196.000
1.841 -5.627 159.714 231.000 238.000 192.000
1.841 -5.226 159.712 220.000 229.000 176.000
1.841 -4.826 159.710 235.000 240.000 204.000
2.241 -7.228 159.714 175.000 185.000 126.000
2.241 -6.828 159.712 210.000 221.000 158.000
2.241 -6.427 159.711 216.000 224.000 174.000
2.241 -6.027 159.709 236.000 240.000 208.000
2.241 -5.627 159.707 231.000 236.000 195.000
2.241 -5.226 159.705 212.000 223.000 160.000
2.241 -4.826 159.703 237.000 242.000 204.000
2.241 -3.625 159.698 104.000 81.000 76.000
2.641 -6.427 159.703 222.000 225.000 198.000
2.641 -5.627 159.700 234.000 239.000 207.000
2.641 -5.226 159.698 216.000 226.000 165.000
2.641 -4.826 159.696 210.000 221.000 160.000
2.641 -4.426 159.694 210.000 219.000 172.000
3.041 -5.226 159.691 220.000 229.000 187.000
3.041 -4.826 159.689 160.000 177.000 123.000
-0.554 -7.226 160.164 171.000 191.000 88.000
-0.554 -6.826 160.162 168.000 186.000 91.000
-0.554 -6.425 160.161 157.000 173.000 92.000
-0.154 -8.828 160.165 135.000 156.000 66.000
-0.154 -8.427 160.163 151.000 169.000 78.000
-0.154 -8.027 160.161 156.000 177.000 77.000
-0.154 -7.627 160.159 161.000 182.000 78.000
-0.154 -7.226 160.157 180.000 198.000 103.000
-0.154 -6.826 160.155 192.000 208.000 127.000
-0.154 -6.425 160.153 198.000 212.000 144.000
-0.154 -6.025 160.152 163.000 172.000 126.000
0.247 -8.828 160.157 162.000 177.000 97.000
0.247 -8.427 160.156 168.000 183.000 98.000
0.247 -8.027 160.154 182.000 197.000 111.000
0.247 -7.627 160.152 186.000 202.000 110.000
0.247 -7.226 160.150 196.000 211.000 123.000
0.247 -6.826 160.148 204.000 217.000 138.000
0.247 -6.425 160.146 217.000 227.000 165.000
0.247 -6.025 160.145 203.000 213.000 158.000
0.647 -8.828 160.150 174.000 183.000 118.000
0.647 -8.427 160.148 191.000 203.000 124.000
0.647 -8.027 160.147 201.000 212.000 134.000
0.647 -7.627 160.145 205.000 215.000 136.000
0.647 -7.226 160.143 208.000 219.000 139.000
0.647 -6.826 160.141 211.000 223.000 141.000
0.647 -6.425 160.139 219.000 229.000 162.000
0.647 -6.025 160.137 206.000 218.000 146.000
0.647 -5.625 160.136 149.000 156.000 109.000
1.047 -8.427 160.141 215.000 225.000 154.000
1.047 -8.027 160.140 210.000 222.000 143.000
1.047 -7.627 160.138 205.000 217.000 128.000
1.047 -7.226 160.136 207.000 219.000 129.000
1.047 -6.826 160.134 205.000 217.000 132.000
1.047 -6.426 160.132 203.000 215.000 135.000
1.047 -6.025 160.130 195.000 208.000 130.000
1.047 -5.625 160.128 215.000 225.000 169.000
1.448 -8.427 160.134 118.000 122.000 92.000
1.448 -8.027 160.132 148.000 154.000 112.000
1.448 -7.627 160.131 182.000 189.000 133.000
1.447 -7.226 160.129 223.000 232.000 162.000
1.447 -6.826 160.127 213.000 224.000 148.000
1.447 -6.426 160.125 209.000 219.000 146.000
1.447 -6.025 160.123 204.000 216.000 150.000
1.447 -5.625 160.121 218.000 227.000 174.000
1.447 -5.224 160.119 226.000 231.000 189.000
1.447 -4.824 160.118 238.000 242.000 205.000
1.848 -7.627 160.123 137.000 139.000 108.000
1.848 -7.226 160.122 228.000 235.000 181.000
1.848 -6.826 160.120 223.000 232.000 172.000
1.848 -6.426 160.118 222.000 230.000 174.000
1.848 -6.025 160.116 228.000 234.000 190.000
1.848 -5.625 160.114 223.000 230.000 181.000
1.848 -5.224 160.112 210.000 220.000 156.000
1.848 -4.824 160.111 237.000 242.000 203.000
2.248 -7.627 160.116 107.000 111.000 85.000
2.248 -7.226 160.115 204.000 212.000 161.000
2.248 -6.826 160.113 224.000 231.000 177.000
2.248 -6.426 160.111 225.000 232.000 185.000
2.248 -6.025 160.109 240.000 243.000 216.000
2.248 -5.625 160.107 232.000 237.000 199.000
2.248 -5.225 160.105 222.000 231.000 174.000
2.648 -7.226 160.107 108.000 115.000 76.000
2.648 -6.826 160.106 199.000 206.000 161.000
2.648 -6.426 160.104 237.000 241.000 210.000
2.648 -5.625 160.100 238.000 242.000 210.000
2.648 -5.225 160.098 223.000 231.000 179.000
2.648 -4.824 160.096 236.000 242.000 204.000
2.648 -4.424 160.094 229.000 234.000 196.000
2.648 -4.023 160.093 209.000 181.000 162.000
3.049 -4.824 160.089 216.000 225.000 182.000
3.049 -4.424 160.087 162.000 176.000 134.000
3.449 -4.824 160.082 121.000 147.000 129.000
-0.147 -6.824 160.556 181.000 198.000 108.000
-0.147 -6.424 160.554 181.000 195.000 128.000
0.254 -8.425 160.556 167.000 183.000 96.000
0.254 -8.025 160.554 177.000 193.000 104.000
0.254 -7.625 160.552 188.000 203.000 114.000
0.254 -7.224 160.550 198.000 212.000 126.000
0.254 -6.824 160.548 203.000 217.000 136.000
0.254 -6.424 160.547 203.000 214.000 151.000
0.254 -6.023 160.545 168.000 175.000 134.000
0.654 -8.826 160.551 110.000 117.000 74.000
0.654 -8.425 160.549 192.000 206.000 124.000
0.654 -8.025 160.547 197.000 209.000 130.000
0.654 -7.625 160.545 204.000 215.000 139.000
0.654 -7.224 160.543 214.000 225.000 154.000
0.654 -6.824 160.541 223.000 232.000 169.000
0.654 -6.424 160.540 223.000 232.000 173.000
0.654 -6.023 160.538 213.000 224.000 159.000
0.654 -5.623 160.536 144.000 151.000 112.000
1.054 -8.425 160.542 205.000 211.000 159.000
1.054 -8.025 160.540 212.000 216.000 167.000
1.054 -7.625 160.538 236.000 239.000 187.000
1.054 -7.224 160.536 232.000 238.000 182.000
1.054 -6.824 160.534 227.000 235.000 174.000
1.054 -6.424 160.532 224.000 233.000 175.000
1.054 -6.023 160.531 217.000 228.000 167.000
1.054 -5.623 160.529 214.000 222.000 173.000
1.455 -8.425 160.535 173.000 176.000 138.000
1.455 -8.025 160.533 191.000 193.000 156.000
1.455 -7.625 160.531 212.000 214.000 180.000
1.455 -7.224 160.529 238.000 242.000 192.000
1.455 -6.824 160.527 236.000 242.000 192.000
1.455 -6.424 160.525 229.000 236.000 187.000
1.455 -6.023 160.523 227.000 235.000 187.000
1.455 -5.623 160.522 228.000 235.000 192.000
1.455 -5.223 160.520 184.000 188.000 161.000
1.455 -4.822 160.518 232.000 236.000 207.000
1.855 -8.025 160.526 163.000 166.000 127.000
1.855 -7.625 160.524 220.000 223.000 174.000
1.855 -7.224 160.522 212.000 216.000 172.000
1.855 -6.824 160.520 239.000 244.000 200.000
1.855 -6.424 160.518 236.000 241.000 200.000
1.855 -6.023 160.516 236.000 241.000 206.000
1.855 -5.623 160.515 228.000 234.000 196.000
1.855 -5.223 160.513 177.000 184.000 147.000
2.255 -7.625 160.517 132.000 134.000 106.000
2.255 -7.224 160.515 228.000 234.000 189.000
2.255 -6.824 160.513 234.000 239.000 198.000
2.255 -6.424 160.511 235.000 239.000 203.000
2.255 -6.023 160.509 240.000 243.000 217.000
2.255 -5.623 160.507 239.000 243.000 214.000
2.255 -5.223 160.506 215.000 223.000 178.000
2.255 -4.822 160.504 243.000 246.000 218.000
2.655 -7.224 160.508 124.000 131.000 94.000
2.655 -6.824 160.506 223.000 230.000 190.000
2.655 -6.424 160.504 236.000 241.000 212.000
2.655 -5.623 160.500 241.000 244.000 217.000
2.655 -5.223 160.498 229.000 235.000 194.000
2.655 -4.822 160.497 236.000 241.000 204.000
2.655 -4.422 160.495 233.000 238.000 210.000
3.056 -4.822 160.489 217.000 225.000 191.000
3.456 -4.822 160.482 98.000 129.000 119.000
0.261 -6.422 160.947 199.000 209.000 152.000
0.661 -8.023 160.947 192.000 205.000 125.000
0.661 -7.623 160.945 197.000 209.000 130.000
0.661 -7.222 160.944 204.000 215.000 142.000
0.661 -6.822 160.942 217.000 228.000 163.000
0.661 -6.422 160.940 221.000 231.000 172.000
0.661 -6.021 160.938 180.000 187.000 145.000
1.061 -7.623 160.938 228.000 235.000 182.000
1.061 -7.223 160.936 229.000 236.000 184.000
1.061 -6.822 160.935 224.000 232.000 178.000
1.061 -6.422 160.933 219.000 228.000 171.000
1.061 -6.021 160.931 223.000 231.000 179.000
1.061 -5.621 160.929 114.000 118.000 91.000
1.462 -8.023 160.933 155.000 158.000 127.000
1.462 -7.623 160.931 216.000 220.000 177.000
1.462 -7.223 160.929 237.000 243.000 196.000
1.462 -6.822 160.927 235.000 240.000 196.000
1.462 -6.422 160.926 235.000 240.000 199.000
1.462 -6.021 160.924 235.000 240.000 200.000
1.462 -5.621 160.922 204.000 210.000 177.000
1.862 -8.023 160.926 140.000 145.000 107.000
1.862 -7.623 160.924 214.000 219.000 176.000
1.862 -7.223 160.922 239.000 242.000 213.000
1.862 -6.422 160.918 244.000 246.000 219.000
1.862 -6.021 160.917 232.000 237.000 200.000
1.862 -5.621 160.915 209.000 217.000 184.000
2.262 -7.223 160.915 198.000 201.000 172.000
2.262 -6.822 160.913 230.000 235.000 199.000
2.262 -6.422 160.911 234.000 239.000 212.000
2.663 -6.822 160.906 226.000 231.000 201.000
2.663 -6.422 160.904 230.000 236.000 209.000
1.069 -7.621 161.339 199.000 212.000 133.000
1.069 -7.221 161.337 184.000 197.000 121.000
1.069 -6.820 161.335 189.000 200.000 139.000
1.068 -6.420 161.333 211.000 220.000 168.000
1.068 -6.020 161.331 224.000 230.000 189.000
1.469 -7.621 161.331 205.000 217.000 146.000
1.469 -7.221 161.330 207.000 218.000 154.000
1.469 -6.820 161.328 223.000 230.000 185.000
1.469 -6.420 161.326 228.000 233.000 193.000
1.469 -6.020 161.324 224.000 231.000 190.000
1.869 -7.621 161.324 150.000 157.000 114.000
1.869 -7.221 161.322 233.000 238.000 196.000
1.869 -6.420 161.319 241.000 244.000 218.000
1.869 -6.020 161.317 202.000 212.000 171.000
2.269 -7.621 161.317 91.000 95.000 69.000
2.269 -6.820 161.314 211.000 217.000 189.000
2.269 -6.020 161.310 202.000 212.000 180.000
2.670 -6.420 161.305 203.000 214.000 187.000
2.670 -6.020 161.303 215.000 225.000 190.000
1.476 -7.219 161.730 176.000 192.000 109.000
1.476 -6.818 161.728 187.000 198.000 136.000
1.476 -6.418 161.726 209.000 218.000 172.000
1.476 -6.018 161.724 150.000 155.000 126.000
1.876 -7.619 161.725 162.000 178.000 97.000
1.876 -7.219 161.723 173.000 189.000 115.000
1.876 -6.818 161.721 187.000 197.000 147.000
1.876 -6.418 161.719 189.000 199.000 164.000
2.277 -7.219 161.716 153.000 162.000 110.000
2.276 -6.819 161.714 138.000 158.000 128.000
2.276 -6.418 161.712 67.000 96.000 83.000
2.677 -6.418 161.705 137.000 166.000 131.000
2.677 -6.018 161.703 201.000 212.000 173.000
3.477 -6.018 161.689 211.000 220.000 194.000
3.477 -5.618 161.687 124.000 154.000 153.000
1.883 -6.817 162.121 63.000 87.000 44.000
2.684 -6.416 162.105 72.000 104.000 58.000
2.684 -6.016 162.103 132.000 163.000 126.000
2.684 -5.616 162.101 102.000 139.000 134.000
3.084 -6.416 162.098 213.000 223.000 187.000
3.084 -5.616 162.094 129.000 162.000 160.000
3.484 -6.016 162.089 110.000 148.000 150.000
3.091 -6.415 162.498 57.000 81.000 48.000
0.254 -8.826 160.558 148.000 161.000 87.000
0.661 -8.824 160.951 79.000 83.000 54.000
0.661 -8.424 160.949 158.000 169.000 101.000
1.069 -8.021 161.340 134.000 140.000 101.000
1.476 -8.020 161.734 139.000 152.000 84.000
1.476 -7.619 161.732 177.000 195.000 101.000
1.883 -8.018 162.127 87.000 100.000 45.000
1.883 -7.617 162.125 146.000 166.000 80.000
1.883 -7.217 162.123 126.000 147.000 74.000
