19.094 -3.474 227.730 152.000 163.000 74.000
20.159 -2.944 227.829 97.000 114.000 28.000
18.531 -3.510 228.231 82.000 81.000 41.000
19.063 -3.511 228.262 165.000 168.000 79.000
19.062 -2.978 228.298 162.000 175.000 67.000
19.595 -2.979 228.329 119.000 134.000 37.000
20.127 -2.448 228.397 125.000 138.000 51.000
20.659 -2.449 228.428 117.000 126.000 59.000
18.499 -3.546 228.762 101.000 93.000 58.000
18.498 -3.014 228.799 135.000 138.000 60.000
19.031 -3.015 228.830 168.000 186.000 73.000
19.030 -2.482 228.866 138.000 151.000 54.000
19.563 -2.483 228.897 125.000 138.000 51.000
20.095 -1.952 228.965 93.000 98.000 54.000
18.467 -3.050 229.330 164.000 168.000 80.000
18.466 -2.518 229.367 120.000 132.000 50.000
18.999 -2.519 229.398 124.000 136.000 50.000
18.998 -1.986 229.434 173.000 184.000 105.000
19.531 -1.987 229.465 98.000 107.000 48.000
17.902 -2.553 229.867 81.000 82.000 42.000
18.436 -3.087 229.862 129.000 119.000 73.000
18.435 -2.554 229.898 108.000 104.000 61.000
18.434 -2.022 229.935 146.000 154.000 87.000
18.967 -2.023 229.966 152.000 163.000 88.000
18.966 -1.491 230.002 93.000 99.000 56.000
18.404 -4.098 221.217 96.000 100.000 57.000
18.373 -4.135 221.749 102.000 105.000 65.000
18.905 -4.136 221.780 97.000 103.000 56.000
18.904 -3.604 221.816 109.000 121.000 45.000
19.437 -3.605 221.847 105.000 117.000 43.000
17.275 -3.637 222.255 83.000 90.000 42.000
17.808 -3.638 222.286 116.000 125.000 57.000
18.342 -4.171 222.280 92.000 93.000 59.000
18.341 -3.639 222.317 111.000 122.000 48.000
18.874 -4.173 222.311 97.000 103.000 56.000
18.873 -3.640 222.348 105.000 117.000 40.000
19.406 -3.641 222.379 102.000 113.000 41.000
19.939 -3.642 222.410 80.000 87.000 39.000
16.710 -3.140 222.792 91.000 88.000 53.000
17.244 -3.673 222.786 141.000 143.000 91.000
17.243 -3.141 222.823 133.000 143.000 66.000
17.777 -3.675 222.817 150.000 161.000 82.000
17.776 -3.142 222.854 149.000 163.000 66.000
18.311 -4.208 222.812 139.000 135.000 101.000
18.309 -3.676 222.848 124.000 136.000 51.000
18.308 -3.143 222.885 129.000 145.000 41.000
18.843 -4.209 222.843 98.000 103.000 58.000
18.842 -3.677 222.879 115.000 128.000 43.000
18.841 -3.144 222.916 120.000 136.000 36.000
19.376 -4.210 222.874 78.000 87.000 42.000
19.375 -3.678 222.910 103.000 114.000 40.000
19.374 -3.145 222.947 108.000 122.000 34.000
19.908 -3.679 222.941 85.000 94.000 38.000
19.907 -3.146 222.978 102.000 115.000 40.000
17.213 -3.710 223.318 129.000 128.000 83.000
17.212 -3.178 223.354 154.000 162.000 88.000
17.211 -2.645 223.391 82.000 89.000 40.000
17.746 -3.711 223.349 177.000 184.000 103.000
17.745 -3.179 223.385 143.000 156.000 58.000
17.744 -2.646 223.422 119.000 133.000 44.000
18.278 -3.712 223.380 173.000 185.000 92.000
18.277 -3.180 223.416 132.000 149.000 39.000
18.276 -2.647 223.453 131.000 146.000 44.000
18.812 -4.246 223.374 119.000 121.000 81.000
18.811 -3.713 223.411 128.000 141.000 51.000
18.810 -3.181 223.447 133.000 149.000 41.000
18.809 -2.648 223.484 133.000 149.000 45.000
19.344 -3.714 223.442 108.000 120.000 42.000
19.343 -3.182 223.478 123.000 138.000 41.000
19.342 -2.649 223.515 125.000 138.000 49.000
19.877 -3.715 223.473 104.000 114.000 47.000
19.876 -3.183 223.509 115.000 128.000 44.000
17.182 -3.746 223.849 100.000 98.000 67.000
17.181 -3.214 223.886 165.000 174.000 96.000
17.180 -2.682 223.922 129.000 139.000 67.000
17.715 -3.748 223.880 206.000 203.000 129.000
17.714 -3.215 223.917 144.000 162.000 58.000
17.712 -2.683 223.953 113.000 129.000 35.000
17.711 -2.150 223.990 98.000 107.000 51.000
18.248 -4.281 223.875 121.000 112.000 90.000
18.247 -3.749 223.911 200.000 202.000 113.000
18.246 -3.216 223.948 145.000 161.000 44.000
18.245 -2.684 223.984 123.000 140.000 33.000
16.617 -3.250 224.386 105.000 98.000 74.000
17.151 -3.783 224.381 129.000 126.000 99.000
19.875 -2.650 223.546 125.000 137.000 55.000
20.408 -3.184 223.540 86.000 96.000 39.000
20.407 -2.652 223.577 78.000 85.000 37.000
18.780 -3.750 223.942 146.000 157.000 64.000
18.779 -3.217 223.979 132.000 149.000 37.000
18.778 -2.685 224.015 135.000 150.000 43.000
19.313 -3.751 223.973 103.000 115.000 40.000
19.312 -3.218 224.010 123.000 138.000 41.000
19.311 -2.686 224.046 126.000 140.000 44.000
19.846 -3.752 224.004 105.000 116.000 43.000
19.845 -3.219 224.041 115.000 129.000 40.000
19.843 -2.687 224.077 118.000 131.000 45.000
20.377 -3.220 224.072 107.000 119.000 42.000
20.376 -2.688 224.108 88.000 100.000 32.000
17.150 -3.251 224.417 180.000 185.000 105.000
17.149 -2.718 224.454 134.000 146.000 63.000
17.684 -3.784 224.412 206.000 198.000 148.000
17.682 -3.252 224.448 172.000 186.000 81.000
17.681 -2.719 224.485 119.000 136.000 34.000
17.680 -2.187 224.521 101.000 110.000 48.000
18.216 -3.785 224.443 185.000 184.000 117.000
18.215 -3.253 224.479 160.000 178.000 58.000
18.214 -2.720 224.516 130.000 147.000 36.000
18.213 -2.188 224.552 105.000 117.000 42.000
18.749 -3.786 224.474 155.000 166.000 79.000
18.748 -3.254 224.510 140.000 156.000 42.000
18.747 -2.721 224.547 129.000 147.000 32.000
18.746 -2.189 224.583 107.000 119.000 41.000
19.282 -3.787 224.505 97.000 108.000 42.000
19.281 -3.255 224.541 131.000 146.000 44.000
19.280 -2.722 224.578 125.000 142.000 35.000
19.279 -2.190 224.614 87.000 101.000 33.000
19.815 -3.788 224.536 97.000 108.000 44.000
19.814 -3.256 224.572 127.000 139.000 51.000
19.812 -2.724 224.609 131.000 146.000 44.000
19.811 -2.191 224.645 78.000 85.000 38.000
20.346 -3.257 224.603 106.000 117.000 42.000
20.345 -2.725 224.640 105.000 118.000 39.000
16.586 -3.286 224.918 110.000 102.000 79.000
16.585 -2.754 224.954 129.000 123.000 80.000
17.119 -3.287 224.949 201.000 202.000 120.000
17.118 -2.755 224.985 141.000 157.000 63.000
17.117 -2.222 225.022 102.000 110.000 53.000
17.652 -3.821 224.943 211.000 198.000 166.000
17.651 -3.288 224.980 194.000 198.000 96.000
17.650 -2.756 225.016 126.000 143.000 35.000
17.649 -2.223 225.053 99.000 112.000 40.000
18.185 -3.822 224.974 176.000 174.000 127.000
18.184 -3.289 225.011 178.000 191.000 76.000
18.183 -2.757 225.047 127.000 146.000 32.000
18.182 -2.224 225.084 111.000 125.000 41.000
18.718 -3.823 225.005 156.000 163.000 94.000
18.717 -3.290 225.042 151.000 167.000 49.000
18.716 -2.758 225.078 130.000 149.000 28.000
18.715 -2.226 225.115 117.000 131.000 41.000
19.251 -3.824 225.036 91.000 103.000 41.000
19.250 -3.291 225.073 133.000 148.000 44.000
19.249 -2.759 225.109 135.000 153.000 37.000
19.248 -2.227 225.146 98.000 113.000 33.000
19.784 -3.825 225.067 76.000 87.000 34.000
19.782 -3.292 225.104 121.000 134.000 45.000
19.781 -2.760 225.140 136.000 151.000 49.000
19.780 -2.228 225.177 97.000 106.000 40.000
20.315 -3.294 225.135 94.000 103.000 40.000
20.314 -2.761 225.171 111.000 124.000 41.000
20.847 -2.762 225.203 87.000 95.000 45.000
16.554 -2.790 225.486 158.000 152.000 99.000
17.088 -3.324 225.480 207.000 204.000 128.000
17.087 -2.791 225.517 164.000 181.000 82.000
17.085 -2.259 225.553 126.000 136.000 64.000
17.621 -3.857 225.475 140.000 126.000 109.000
17.620 -3.325 225.511 213.000 211.000 120.000
17.619 -2.792 225.548 140.000 156.000 43.000
17.618 -2.260 225.584 104.000 118.000 38.000
18.154 -3.858 225.506 129.000 123.000 97.000
18.153 -3.326 225.542 200.000 202.000 97.000
18.152 -2.793 225.579 137.000 155.000 36.000
18.151 -2.261 225.615 115.000 129.000 40.000
18.150 -1.729 225.652 81.000 88.000 40.000
18.687 -3.859 225.537 173.000 168.000 121.000
18.686 -3.327 225.573 170.000 187.000 75.000
18.685 -2.794 225.610 139.000 158.000 31.000
18.684 -2.262 225.646 120.000 135.000 37.000
18.683 -1.730 225.683 88.000 96.000 44.000
19.220 -3.860 225.568 91.000 94.000 54.000
19.219 -3.328 225.604 141.000 154.000 50.000
19.218 -2.796 225.641 139.000 157.000 35.000
19.216 -2.263 225.677 122.000 137.000 40.000
19.752 -3.861 225.599 69.000 80.000 34.000
19.751 -3.329 225.635 121.000 134.000 48.000
19.750 -2.797 225.672 134.000 149.000 44.000
19.749 -2.264 225.708 119.000 131.000 47.000
20.284 -3.330 225.666 86.000 96.000 36.000
20.283 -2.798 225.703 111.000 125.000 40.000
20.816 -2.799 225.734 93.000 101.000 46.000
16.523 -2.827 226.017 166.000 159.000 105.000
16.522 -2.294 226.054 134.000 132.000 93.000
17.057 -3.360 226.012 213.000 205.000 142.000
17.055 -2.828 226.048 192.000 191.000 93.000
17.054 -2.295 226.085 150.000 164.000 87.000
17.053 -1.763 226.121 80.000 85.000 46.000
17.589 -3.361 226.043 221.000 213.000 139.000
17.588 -2.829 226.079 176.000 184.000 66.000
17.587 -2.296 226.116 115.000 129.000 40.000
17.586 -1.764 226.152 100.000 110.000 45.000
18.122 -3.362 226.074 202.000 198.000 102.000
18.121 -2.830 226.110 146.000 165.000 41.000
18.120 -2.298 226.147 117.000 133.000 35.000
18.119 -1.765 226.183 107.000 119.000 40.000
18.655 -3.363 226.105 171.000 185.000 77.000
18.654 -2.831 226.141 143.000 163.000 30.000
18.653 -2.299 226.178 123.000 140.000 34.000
18.652 -1.766 226.214 108.000 121.000 39.000
19.189 -3.897 226.099 111.000 109.000 83.000
19.188 -3.364 226.136 137.000 150.000 53.000
19.186 -2.832 226.172 151.000 168.000 41.000
19.185 -2.300 226.209 129.000 144.000 39.000
19.184 -1.767 226.245 83.000 95.000 29.000
19.720 -3.366 226.167 106.000 119.000 40.000
19.719 -2.833 226.203 143.000 158.000 49.000
19.718 -2.301 226.240 143.000 157.000 51.000
20.252 -2.834 226.234 116.000 129.000 43.000
20.251 -2.302 226.271 113.000 124.000 51.000
20.785 -2.835 226.266 105.000 114.000 52.000
20.784 -2.303 226.302 74.000 82.000 39.000
16.492 -2.863 226.549 102.000 91.000 64.000
17.025 -3.397 226.543 152.000 143.000 101.000
17.024 -2.864 226.580 197.000 198.000 101.000
17.023 -2.332 226.616 171.000 180.000 105.000
17.022 -1.800 226.653 94.000 101.000 53.000
17.558 -3.398 226.574 216.000 202.000 140.000
17.557 -2.865 226.611 210.000 206.000 102.000
17.556 -2.333 226.647 129.000 143.000 51.000
17.555 -1.801 226.684 104.000 116.000 42.000
18.091 -3.399 226.605 212.000 204.000 121.000
18.090 -2.866 226.642 179.000 189.000 65.000
18.089 -2.334 226.678 119.000 135.000 34.000
18.088 -1.802 226.715 113.000 126.000 39.000
18.087 -1.269 226.751 74.000 80.000 37.000
18.624 -3.400 226.636 190.000 194.000 96.000
18.623 -2.868 226.673 149.000 166.000 48.000
18.622 -2.335 226.709 129.000 146.000 35.000
18.621 -1.803 226.746 116.000 130.000 41.000
19.156 -3.401 226.667 155.000 168.000 78.000
19.155 -2.869 226.704 147.000 165.000 50.000
19.154 -2.336 226.740 142.000 156.000 49.000
19.153 -1.804 226.777 112.000 125.000 41.000
19.689 -3.402 226.698 75.000 97.000 21.000
19.688 -2.870 226.735 139.000 154.000 48.000
19.687 -2.337 226.771 142.000 158.000 48.000
20.222 -3.403 226.729 71.000 91.000 20.000
20.221 -2.871 226.766 115.000 128.000 42.000
20.220 -2.338 226.802 115.000 126.000 48.000
20.754 -2.872 226.797 95.000 102.000 50.000
20.753 -2.339 226.834 98.000 105.000 55.000
16.460 -2.367 227.117 110.000 106.000 78.000
16.994 -3.433 227.075 113.000 102.000 73.000
16.993 -2.901 227.111 211.000 203.000 121.000
16.992 -2.368 227.148 184.000 187.000 112.000
16.991 -1.836 227.184 136.000 146.000 87.000
17.527 -3.434 227.106 162.000 145.000 93.000
17.526 -2.902 227.142 219.000 213.000 122.000
17.525 -2.370 227.179 144.000 160.000 62.000
17.524 -1.837 227.215 120.000 132.000 49.000
18.060 -3.435 227.137 116.000 107.000 54.000
18.059 -2.903 227.173 199.000 200.000 94.000
18.058 -2.371 227.210 134.000 149.000 44.000
18.057 -1.838 227.246 118.000 132.000 39.000
18.056 -1.306 227.283 102.000 113.000 44.000
18.593 -3.436 227.168 130.000 132.000 67.000
18.592 -2.904 227.204 161.000 179.000 65.000
18.591 -2.372 227.241 139.000 154.000 46.000
18.589 -1.839 227.277 121.000 136.000 39.000
18.588 -1.307 227.314 71.000 83.000 25.000
19.127 -3.970 227.162 103.000 98.000 74.000
19.125 -3.438 227.199 162.000 178.000 81.000
19.124 -2.905 227.235 147.000 165.000 53.000
19.123 -2.373 227.272 146.000 160.000 51.000
19.122 -1.840 227.308 128.000 142.000 43.000
19.658 -3.439 227.230 116.000 130.000 40.000
19.657 -2.906 227.266 136.000 151.000 48.000
19.656 -2.374 227.303 142.000 154.000 60.000
19.655 -1.841 227.339 131.000 142.000 55.000
20.190 -2.907 227.297 110.000 123.000 40.000
20.189 -2.375 227.334 117.000 129.000 50.000
20.188 -1.842 227.371 103.000 114.000 44.000
20.722 -2.376 227.365 111.000 118.000 65.000
16.428 -2.404 227.648 95.000 90.000 68.000
16.962 -2.937 227.643 176.000 165.000 103.000
16.961 -2.405 227.679 185.000 187.000 118.000
16.960 -1.873 227.716 137.000 144.000 95.000
17.495 -2.938 227.674 219.000 209.000 142.000
17.494 -2.406 227.710 172.000 182.000 91.000
17.493 -1.874 227.747 135.000 146.000 65.000
17.492 -1.341 227.783 85.000 91.000 49.000
18.028 -2.940 227.705 194.000 194.000 111.000
18.027 -2.407 227.741 153.000 171.000 70.000
18.026 -1.875 227.778 128.000 142.000 45.000
18.025 -1.342 227.814 111.000 121.000 50.000
18.562 -3.473 227.699 89.000 90.000 47.000
18.561 -2.941 227.736 163.000 174.000 76.000
18.559 -2.408 227.772 146.000 164.000 52.000
18.558 -1.876 227.809 128.000 143.000 43.000
18.557 -1.343 227.845 100.000 111.000 41.000
19.093 -2.942 227.767 144.000 160.000 46.000
19.092 -2.409 227.803 148.000 164.000 52.000
19.091 -1.877 227.840 136.000 149.000 50.000
19.090 -1.344 227.876 74.000 82.000 31.000
19.626 -2.943 227.798 118.000 134.000 34.000
19.625 -2.410 227.834 140.000 153.000 56.000
19.624 -1.878 227.871 141.000 155.000 48.000
20.158 -2.411 227.865 126.000 138.000 53.000
20.157 -1.879 227.902 104.000 114.000 45.000
20.690 -2.412 227.897 113.000 122.000 59.000
16.930 -2.442 228.211 151.000 150.000 99.000
16.929 -1.909 228.247 109.000 111.000 80.000
17.463 -2.443 228.242 199.000 203.000 120.000
17.462 -1.910 228.278 162.000 174.000 91.000
17.461 -1.378 228.315 83.000 87.000 56.000
17.997 -2.976 228.236 95.000 90.000 65.000
17.996 -2.444 228.273 178.000 183.000 96.000
17.995 -1.911 228.309 145.000 157.000 58.000
17.994 -1.379 228.346 129.000 138.000 68.000
18.529 -2.977 228.267 139.000 136.000 72.000
18.528 -2.445 228.304 152.000 168.000 67.000
18.527 -1.912 228.340 137.000 151.000 49.000
18.526 -1.380 228.377 117.000 128.000 53.000
19.061 -2.446 228.335 148.000 163.000 58.000
19.060 -1.913 228.371 143.000 156.000 54.000
19.059 -1.381 228.408 77.000 84.000 34.000
19.594 -2.447 228.366 131.000 144.000 53.000
19.593 -1.914 228.402 131.000 143.000 56.000
20.126 -1.915 228.434 118.000 128.000 58.000
17.432 -2.479 228.773 175.000 177.000 110.000
17.431 -1.947 228.810 196.000 205.000 126.000
17.430 -1.414 228.846 111.000 114.000 82.000
17.965 -2.480 228.804 163.000 171.000 84.000
17.964 -1.948 228.841 163.000 176.000 86.000
17.962 -1.415 228.877 155.000 162.000 94.000
18.497 -2.481 228.835 94.000 104.000 41.000
18.496 -1.949 228.872 142.000 158.000 61.000
18.495 -1.416 228.908 124.000 135.000 69.000
19.029 -1.950 228.903 139.000 154.000 63.000
19.028 -1.417 228.939 123.000 131.000 75.000
19.562 -1.951 228.934 133.000 143.000 68.000
17.400 -1.983 229.341 146.000 148.000 98.000
17.934 -2.517 229.336 101.000 108.000 54.000
17.932 -1.984 229.372 178.000 189.000 106.000
17.931 -1.452 229.409 172.000 178.000 115.000
18.465 -1.985 229.403 180.000 191.000 103.000
18.464 -1.453 229.440 165.000 173.000 104.000
18.997 -1.454 229.471 158.000 165.000 110.000
17.369 -2.020 229.873 86.000 86.000 55.000
17.901 -2.021 229.904 170.000 177.000 104.000
17.900 -1.488 229.940 194.000 198.000 143.000
18.433 -1.489 229.971 171.000 178.000 114.000
